X1	X2	X3	X4	X5	X6	X7	X8	X9	X10	X11	X12	X13	X14	X15	X16	X17	X18	X19	X20	X21	X22	X23	X24	X25	X26	X27	X28	X29	X30	X31	X32	X33	X34	X35	X36	X37	X38	X39	X40	X41	X42	X43	X44	X45	X46	X47	X48	X49	X50	X51	X52	X53	X54	X55
0.006767	-0.218985	-0.023593	-0.075694	-0.081328	-0.014419	-0.135484	0.042292	-0.151098	0.067598	-0.121641	0.073820	-0.162950	0.018611	0.141417	0.013012	-0.123739	-0.267735	-0.047870	-0.028774	-0.131504	-0.095010	-0.119345	-0.084193	0.167257	-0.098446	0.103162	-0.061028	-0.068180	-0.156080	0.088060	-0.183170	0.111519	0.001155	0.059745	-0.046476	-0.150688	0.185580	-0.025252	-0.085834	-0.111673	-0.121993	-0.151075	0.025122	-0.159802	-0.215530	-0.081476	-0.138240	-0.074725	0.060138	-0.096106	0.062388	-0.022403	0.031267	0.257519
-1.472967	-0.756847	-1.893991	-1.560346	-1.284093	-2.308101	-1.535258	-0.761663	-1.012200	-0.647781	-0.442414	-0.893499	-0.522673	-0.305283	-1.005315	0.212738	-2.002180	-2.160954	-1.697883	-1.615815	-1.707686	-1.925414	-1.579491	-0.837354	-1.173994	-1.294369	-0.475863	-1.564881	-1.249187	0.092942	-0.597556	-0.243138	-1.710517	-0.849901	-1.151519	-0.406293	0.595820	-1.173894	-0.712567	-0.380017	-1.356866	-0.868494	-0.466684	-0.124671	-1.007072	-0.222521	-0.299006	-0.768041	-1.940199	-2.031920	-1.890252	-0.795346	-0.155093	-0.473689	0.028978
-1.761098	-0.915744	-2.604250	-1.660232	-1.817804	-2.549154	-2.122569	-1.395333	-1.615406	-0.579567	-1.279123	-1.343664	-0.854422	-0.713041	-1.364704	-0.451839	-2.258824	-2.188647	-2.020911	-1.658978	-1.484049	-2.337032	-1.825158	-1.303070	-1.628242	-2.061831	-0.852674	-2.029229	-1.618609	0.235690	-0.826004	-0.830399	-2.229574	-0.891718	-1.076350	-0.841091	0.077268	-1.658373	-0.664757	-0.468433	-1.547568	-1.052197	-0.773231	-0.037881	-1.440679	-0.622352	-0.796127	-1.161385	-1.441314	-1.984553	-2.159063	-1.507625	-0.265309	-0.445662	-0.431166
-1.000232	-0.748275	-1.869113	-0.672559	-1.393488	-0.863389	-1.465022	-1.478749	-1.477339	0.130415	-1.974889	-1.177664	-1.014381	-0.928235	-0.897491	-1.439939	-0.945491	-0.518830	-1.148684	-0.507978	-0.058230	-1.261968	-0.702897	-0.966245	-1.155940	-1.792158	-0.971082	-1.445040	-1.062323	0.162697	-0.727552	-1.264059	-1.346929	-0.255694	0.012520	-0.783790	-1.160362	-1.039617	0.091037	-0.243397	-0.685078	-0.695742	-0.886168	0.196686	-1.306095	-1.148221	-0.960208	-0.964540	0.813008	-0.231707	-0.932912	-1.748497	-0.388185	0.143866	-0.907309
-0.277773	-0.527011	-0.313114	0.066743	-0.279654	0.886694	0.107568	-0.704579	-0.367549	0.662013	-1.307483	-0.716584	-0.810327	-0.567957	-0.223205	-1.460274	0.526231	1.092059	-0.231367	0.251281	0.583641	0.202134	0.808931	0.403322	-0.296316	-0.292140	-0.793930	-0.507797	-0.093835	-0.050838	-0.650852	-0.455412	0.012484	0.313149	0.877166	0.300720	-1.448058	0.131427	0.790662	0.218599	0.328079	-0.228318	-0.599667	0.209251	-0.740597	-1.194929	0.014874	-0.099419	2.255822	1.065966	0.534971	-1.127535	-0.471055	0.814177	-0.876362
-0.182424	-0.343148	1.136453	0.013889	0.831857	1.318093	1.515337	0.613908	1.080855	0.451539	0.770086	-0.276238	-0.265850	0.351579	0.116501	-0.258277	1.028237	1.378514	0.081515	-0.038031	-0.109460	1.014249	1.575311	2.018909	0.538306	1.561034	-0.240467	0.359036	0.706846	-0.202075	-0.602939	1.325078	0.985394	0.473393	0.853316	1.770783	-0.256075	0.988957	0.783831	0.668858	0.730247	0.009405	-0.062994	-0.169691	-0.100087	-0.663907	1.694032	0.871739	1.517144	0.858470	1.244279	0.237169	-0.353509	0.986780	-0.103649
-0.192783	-0.138950	1.873943	-0.074283	1.323298	0.776834	1.734694	1.569476	1.759157	-0.362385	2.664837	0.225082	0.297008	1.346981	0.193193	0.999107	0.677556	0.696881	0.215716	-0.375467	-0.605388	1.034933	1.310034	2.459693	1.166740	2.361686	0.568100	1.211777	1.041537	-0.277870	-0.387758	2.387983	1.398233	0.527865	0.204178	2.120402	1.054991	1.020548	0.255703	0.873997	0.546677	-0.089967	0.220624	-0.594835	0.214808	-0.106024	2.464661	1.186428	-0.429808	0.168180	1.159030	1.408829	-0.043251	0.354707	0.985365
0.503278	0.066933	1.902854	0.681024	1.182625	0.528113	0.800806	1.528832	1.273350	-1.229604	2.869745	1.094485	0.601354	1.867122	0.523894	1.230714	0.328341	0.240049	0.850904	0.398570	0.516127	0.894249	0.588244	1.200062	1.476556	1.589841	1.201519	2.045141	0.886524	-0.395142	0.024617	1.584914	1.549129	0.743133	-0.474185	0.730427	1.024914	0.413183	-0.108329	0.798604	0.259268	-0.442051	-0.023424	-0.668935	0.132222	0.022459	1.369452	0.710732	-1.710863	0.320540	0.744512	1.454608	0.216978	-0.950499	1.587002
1.824910	0.218764	1.600378	2.017176	0.891947	1.133459	-0.263243	0.827964	0.361246	-1.697704	1.740716	2.214852	0.694480	1.699328	1.413154	0.694019	0.434322	0.541782	1.890119	1.948060	2.603963	1.148817	0.045025	-0.635605	1.549069	0.146886	1.282374	2.490026	0.388843	-0.462795	0.470291	-0.336769	1.701886	0.936782	-0.602609	-1.251086	0.007989	-0.173123	-0.067307	0.528018	0.137206	-0.730050	-0.447027	-0.601295	0.086372	-0.090726	-0.682195	0.033796	-1.371902	1.150491	0.321614	0.600542	0.341226	-2.302799	1.181668
2.638423	0.397108	1.210710	2.644645	0.744514	1.876804	-0.593277	0.314163	-0.097072	-1.687964	0.894575	2.790301	0.716296	1.062697	2.458851	0.368209	0.623322	0.993875	2.444810	2.725708	3.619335	1.561528	-0.149843	-1.511413	1.578684	-0.664080	0.835818	2.128372	-0.186396	-0.318499	0.700151	-1.705296	1.799214	0.850429	0.142231	-2.169099	-0.353505	-0.178372	-0.008202	0.109270	0.105203	-0.524493	-0.483123	-0.905603	0.567132	0.053200	-1.987319	-0.255396	-0.046485	1.455399	-0.004344	0.020432	0.564499	-2.834776	-0.024694
1.977772	0.778606	0.772569	1.748633	0.628571	1.839483	-0.180915	0.356770	-0.053724	-1.339041	1.050391	2.124481	0.672947	0.396362	2.820093	0.573561	0.466549	0.878348	1.922551	1.849831	2.478688	1.459426	-0.029587	-1.133224	1.409693	-0.383689	0.165205	1.021177	-0.474246	-0.134449	0.531484	-1.718505	1.575891	0.545497	1.366076	-1.565315	0.658975	0.455349	-0.107236	-0.328474	0.148673	0.337280	0.049061	-1.416453	1.520784	0.667477	-1.900221	-0.070367	0.862047	0.826959	-0.024773	0.407347	0.960238	-2.087186	-1.208721
0.368376	1.369387	0.485410	0.185281	0.561113	1.215255	0.564407	0.641314	0.046287	-0.657439	1.298896	0.651014	0.702579	0.050472	2.126830	0.806797	0.312873	0.523173	0.926204	0.253236	0.261406	0.836543	0.534594	-0.368965	0.640771	0.461914	-0.432770	-0.121437	-0.148404	-0.226868	0.139633	-0.854471	0.951524	0.249223	2.040329	-0.251543	1.905252	1.344940	0.135392	-0.416992	0.473311	1.485919	0.904019	-1.258042	2.378670	1.570120	-1.087505	0.379021	0.799579	0.259624	0.561775	1.249109	1.105082	-0.449514	-1.515018
-0.551230	1.820750	0.603783	-0.404811	0.850383	1.009809	1.306018	0.748586	0.108122	0.373423	0.620575	-0.292634	1.154837	0.099975	1.010103	0.755985	0.792893	0.860641	0.621342	-0.408074	-1.079690	0.496666	1.545611	0.127040	-0.579156	1.075904	-0.749445	-0.490681	0.703776	-0.518520	0.031177	0.061082	0.234885	0.068634	1.501970	0.842235	1.855483	1.970461	1.064735	0.108537	1.085459	2.167409	1.687931	-0.129749	2.561484	2.356103	-0.294151	0.893230	0.573083	0.636485	1.574340	1.599306	0.573022	1.133656	-0.790040
-0.006175	1.673156	0.790892	0.250379	1.405241	1.470709	1.624184	0.511701	0.342418	1.227137	-0.665129	0.023635	1.923516	0.366104	0.428069	0.785630	1.618514	1.890308	1.200301	0.213412	-0.925920	0.787885	2.359529	0.511796	-1.468412	1.028944	-0.746801	-0.091463	1.356970	-0.633942	0.410075	0.641752	-0.182292	0.038985	0.220559	1.351358	0.434967	1.909757	1.947685	0.877704	1.504829	1.760687	1.974014	0.948937	1.805812	2.474183	0.412110	1.240929	0.854357	1.223978	2.085645	1.108695	-0.421358	1.835763	0.110825
0.818795	0.922736	0.217847	0.603626	1.449138	1.577161	1.036291	-0.049835	0.650232	0.928478	-1.377625	0.834974	2.075850	0.598184	0.481597	1.219509	1.665848	2.365378	1.576614	0.799022	-0.401373	0.917220	1.989722	1.037043	-1.600478	0.438766	-0.691220	0.122774	0.988213	-0.456708	0.796613	0.915625	-0.262527	0.269893	-0.692659	1.299757	-0.993454	1.058861	1.597512	1.084248	1.232772	0.376889	1.464398	0.782721	0.261858	1.504468	1.128748	1.124447	0.912983	0.524790	1.302751	0.153520	-1.156817	1.413665	-0.015136
0.276157	0.177208	-1.213052	-0.522289	0.473867	0.496736	-0.334121	-0.674915	0.649766	-0.722854	-0.909276	0.907315	0.861188	0.683826	0.324365	1.645332	0.489106	1.378205	0.872383	0.164827	-0.554554	0.173427	0.234948	1.394043	-1.311901	-0.228730	-0.878285	-0.597659	-0.330158	-0.160567	0.657139	0.959516	-0.280751	0.815533	-0.609602	0.837337	-1.174586	-0.122877	-0.049286	0.402658	0.396577	-1.020197	0.354148	-0.410509	-1.415016	-0.251035	1.489694	0.448103	-0.133206	-1.454438	-0.287774	-0.663231	-1.094899	0.307144	-1.410602
-1.435599	-0.012583	-2.247869	-2.060953	-0.863008	-1.037323	-1.481880	-0.822317	0.286522	-2.349039	0.252290	0.132568	-1.022066	0.690462	-0.568641	1.360614	-0.914320	-0.345539	-0.368072	-1.162577	-0.893969	-0.777180	-1.742642	1.077831	-0.849567	-0.563695	-1.061170	-1.676983	-1.467032	0.199442	0.165253	0.753387	-0.378199	1.427192	0.120254	0.204349	-0.084573	-0.783489	-1.598235	-0.544023	-0.362115	-1.361618	-0.638909	-1.205456	-2.260612	-1.667561	1.007706	-0.452426	-1.421632	-2.750734	-1.231348	-0.896396	-0.323294	-0.657131	-2.801833
-2.336543	0.162817	-1.604884	-1.984442	-1.391752	-1.518165	-1.428697	-0.186416	-0.044249	-2.185505	1.161929	-0.492649	-1.901262	0.652178	-1.521254	0.334377	-1.278207	-1.302338	-0.963578	-1.665045	-0.357589	-0.744706	-2.358645	0.136457	0.052354	-0.499591	-0.587750	-1.791820	-1.389574	0.636655	-0.144508	0.336231	-0.390952	1.596771	0.627950	-0.340534	1.299536	-0.491446	-1.706580	-0.833050	-0.595967	-0.506645	-0.877742	-0.689369	-1.716177	-1.717629	-0.107991	-0.996338	-1.218577	-1.760142	-0.770809	-0.449860	0.544780	-0.882268	-2.565559
-1.227712	0.096333	0.255048	-0.138599	-0.855043	-0.645408	-0.320103	0.722456	-0.050715	-0.144549	1.209483	-0.381887	-1.046283	0.358699	-1.527528	-0.674496	-0.565506	-1.013102	-0.703165	-0.834246	0.780665	0.147523	-1.191137	-0.747604	1.249640	-0.227309	0.572908	-0.607764	-0.327114	0.866879	-0.278352	-0.054371	-0.222256	0.954910	0.341499	-0.642428	1.917870	0.148156	-0.539612	-0.226568	-0.421735	0.619364	-0.391915	0.611535	-0.231457	-0.515393	-0.925582	-0.813638	0.415439	0.610039	0.271033	0.246007	0.849248	-0.413929	-0.552519
0.642166	-0.321730	1.442654	1.382554	-0.124144	0.270857	0.726680	0.975981	0.120813	1.928032	0.446186	-0.133153	0.446705	-0.451841	-0.693369	-0.992195	0.179706	-0.349990	-0.469220	0.221068	1.046176	0.534037	0.570909	-0.930677	1.700386	0.065373	1.399755	0.669395	0.549876	0.551249	-0.718949	-0.162796	-0.149380	-0.314002	-0.520558	-0.646200	1.344293	0.092592	0.583786	0.648739	-0.213184	1.020522	0.243267	1.574900	1.054989	0.783705	-0.775920	-0.056013	1.435217	1.888974	0.592326	0.412734	0.421943	0.284681	1.603336
1.150672	-0.556042	0.888011	0.978506	0.029701	0.107503	0.859704	0.331537	0.197767	2.293384	-0.519441	-0.499320	1.001611	-1.564755	-0.119765	-0.730157	0.221933	-0.173030	-0.812984	0.305425	-0.091334	-0.219255	1.373632	-0.430639	0.731989	0.268165	0.970789	0.789589	0.516232	-0.076808	-1.460251	-0.028137	-0.456898	-1.453423	-1.167128	-0.362250	0.006545	-0.829274	0.746391	1.025205	-0.144962	0.595654	0.501871	1.690485	1.329997	1.140051	-0.018435	0.695121	0.677213	0.990289	0.003767	-0.264106	-0.291178	0.801187	2.192122
0.051289	-0.256595	-0.385967	-0.395461	-0.176765	-0.584502	0.311805	-0.448022	0.147000	1.139226	-0.970124	-1.160058	0.386627	-2.149496	-0.363214	-0.462738	-0.135586	-0.305398	-1.142732	-0.328594	-1.246440	-1.104125	0.868712	0.160517	-0.740368	0.289321	-0.229858	0.000403	-0.026426	-0.362840	-1.751769	0.067245	-0.864463	-1.679937	-1.036729	0.054439	-1.114465	-1.604615	0.257383	0.738083	-0.111696	0.011413	0.305685	1.211105	0.736751	0.553784	0.450016	0.890488	-0.538907	-0.604311	-0.556640	-1.056132	-0.715285	0.904761	1.174554
-0.856102	0.198565	-0.698685	-0.725494	-0.133039	-0.541663	-0.078787	-0.558006	0.091777	0.031083	-0.683082	-1.139840	-0.270577	-1.533737	-0.737008	-0.414967	-0.204186	-0.123941	-0.700168	-0.522105	-0.949132	-0.945056	0.056367	0.311945	-1.159935	0.127767	-0.813781	-0.453594	-0.279805	-0.116854	-1.102040	0.001215	-0.768401	-0.930154	-0.400732	0.288991	-1.219222	-1.284890	-0.042781	0.246148	0.009994	-0.156102	-0.018303	0.577174	0.045839	-0.127609	0.284067	0.501054	-0.484041	-0.890546	-0.390586	-0.971345	-0.673058	0.534698	-0.024080
-0.313985	0.260560	0.074085	0.206444	0.158931	0.232686	0.078424	-0.096667	0.086642	-0.050133	-0.119675	-0.242957	-0.096564	-0.171630	-0.431145	-0.266239	0.158420	0.334758	0.176810	0.034692	0.270727	-0.007020	-0.058497	0.039569	-0.277613	-0.034390	-0.250627	-0.082878	-0.054628	0.141420	-0.090959	-0.050694	-0.158837	-0.001077	-0.027942	0.106009	-0.360562	-0.229973	0.079705	0.065371	0.148521	0.093760	-0.056379	0.115081	-0.116339	-0.144494	-0.065554	0.059038	0.483940	0.144753	0.178339	-0.146819	-0.341414	-0.005070	-0.241395
0.766317	0.043152	0.527473	0.743934	0.219393	0.503651	0.402325	0.219527	0.159123	0.417023	0.139916	0.627434	0.526822	0.616840	0.289170	0.262992	0.529332	0.448466	0.467301	0.440425	0.659212	0.546123	0.420050	-0.211253	0.634749	-0.012573	0.535331	0.325271	0.177966	0.004789	0.279764	0.035166	0.203647	0.295221	-0.261424	-0.385817	0.628023	0.309194	0.100396	0.310668	0.159075	0.445138	0.325279	0.092964	0.307356	0.502443	-0.108306	0.148617	0.681122	0.788383	0.483027	0.223584	0.080917	-0.105522	0.283789
0.873366	0.195621	-0.140073	0.046241	0.019251	-0.170097	0.391761	0.029246	0.406215	0.456717	0.089022	0.715584	0.766500	0.175674	0.534726	0.955930	0.601089	0.065061	0.007254	0.112113	-0.173843	0.354475	0.678458	-0.103481	0.516744	0.092206	0.529965	0.007866	-0.012734	-0.217435	-0.144315	0.084886	-0.180476	0.082864	-0.662016	-0.822163	0.952797	-0.243035	-0.385557	0.744607	0.084260	0.691080	0.835258	0.608711	0.900859	1.205287	0.096886	0.829849	-0.328972	0.008994	0.405654	-0.421411	0.419271	0.452037	0.494208
0.145782	0.921183	-1.003926	-0.606654	0.051323	-0.666150	0.050301	-0.332668	0.806811	-0.142935	0.175401	0.357935	0.561159	-0.634813	0.080499	1.368743	0.497428	-0.186884	-0.211945	-0.237189	-0.694550	0.209393	0.338706	0.190612	-0.202662	-0.028251	0.004113	-0.649633	-0.541600	-0.042722	-0.543768	-0.106200	-0.816198	0.169033	-0.637478	-0.951482	0.572825	-1.070624	-1.022216	1.086797	0.083095	0.793980	1.014797	1.326136	1.123904	1.405880	0.156798	1.558472	-1.235229	-1.382522	0.207790	-1.130239	0.465711	1.040004	-0.123367
-0.031769	1.507590	-0.817774	0.135025	0.368976	-0.094601	-0.279326	-0.359849	1.054533	-0.733805	0.540771	0.321790	0.490987	-0.595726	-0.384407	1.314451	0.400561	0.118641	0.449700	0.249285	0.222242	0.709653	-0.200049	0.170261	-0.314023	-0.440363	0.014361	-0.700840	-0.931430	0.394369	-0.267894	-0.429592	-0.903355	0.793750	-0.173033	-0.800073	0.076574	-0.969440	-1.122842	1.174768	0.102845	0.723647	0.692368	1.601750	0.735756	1.039205	-0.156316	1.660479	-0.934450	-2.032584	-0.103283	-0.716911	0.222993	0.894960	-0.983465
0.769727	1.156568	0.280204	1.528577	0.326058	0.743372	-0.393442	0.067275	0.882075	-0.632101	0.767766	0.682218	0.748802	0.208981	-0.200927	0.903050	0.235557	0.477036	1.247413	1.139741	1.578077	1.299186	-0.401775	-0.332047	0.547584	-0.733600	0.793992	0.080318	-0.714848	0.560037	0.394855	-0.543984	-0.328535	1.161343	0.249156	-0.451318	-0.041465	0.202751	-0.511108	0.933811	-0.050555	0.458055	0.169670	1.089105	0.089541	0.453723	-0.672338	0.929912	0.134654	-1.527627	-0.607236	0.651299	0.064764	0.147596	-1.105624
1.398910	0.078129	1.139915	1.779122	-0.327726	0.608348	-0.288900	0.609850	0.475444	0.203498	0.511970	0.852130	0.904896	0.576506	0.496120	0.284109	-0.097913	0.179725	1.098813	1.274685	1.678748	1.016101	-0.175118	-0.778004	1.363400	-0.414736	1.294676	0.989665	0.181574	0.364405	0.754474	-0.228512	0.414422	0.534185	0.278551	0.120452	0.123488	1.332405	0.316439	0.367115	-0.243420	0.106269	-0.089695	0.126058	-0.132580	0.050989	-0.914289	-0.175620	0.874633	-0.259586	-0.867748	1.670129	0.301234	-0.386505	-0.200616
0.753212	-0.720186	1.088150	0.529567	-0.816812	-0.316232	-0.015776	0.736530	0.186741	1.116404	0.010226	0.443075	0.616541	-0.044803	0.963820	-0.427015	-0.465865	-0.617157	0.072647	0.371938	0.438539	-0.229111	0.167821	-0.495928	0.879891	0.420826	0.524699	1.258573	1.237379	0.251603	0.559673	0.387770	0.842469	-0.673387	-0.016605	0.804462	0.115480	1.238378	0.748034	-0.360143	-0.063101	-0.177070	0.014754	-0.653920	0.246673	-0.044033	-0.489789	-0.940927	0.904525	1.238194	-0.293650	1.330247	0.659781	-0.374345	0.989977
-0.831671	-0.736899	0.288569	-0.943271	-0.444879	-0.903679	0.223089	0.145557	-0.106895	1.218836	-0.325071	-0.369678	-0.016114	-0.709693	0.583896	-1.017231	-0.694756	-1.123109	-0.887845	-0.753263	-0.786036	-1.588196	0.254342	0.383938	-0.863753	0.969729	-1.101703	0.730920	1.606771	0.401375	0.014617	0.876700	0.653396	-1.374766	-0.408688	1.143316	-0.237764	-0.112823	0.571603	-0.885512	0.446440	-0.416542	0.081008	-1.009603	0.465159	-0.086091	0.431239	-1.027046	0.568274	2.246047	0.776119	-0.227388	0.546779	-0.291314	1.443877
-2.060836	-0.533891	-0.913230	-1.658727	0.247472	-0.848352	0.072855	-0.863954	-0.823731	0.183136	-0.543167	-1.162999	-0.794846	-0.269398	-0.514641	-1.174472	-0.803436	-1.002732	-1.314658	-1.382696	-1.191201	-2.261555	-0.051334	0.955651	-2.396728	0.511912	-2.158558	-0.194797	0.877664	0.388507	-0.632605	0.831478	-0.219404	-1.086850	-0.747701	0.758067	-0.583007	-1.587195	0.035030	-0.842749	0.569210	-0.738836	-0.282161	-1.155952	-0.334231	-0.418684	1.141481	-0.684116	0.141465	1.976852	1.126299	-1.899462	-0.153390	-0.476400	0.914622
-2.040046	-0.777332	-2.103836	-1.795139	0.237756	-0.800039	-0.507691	-1.532991	-1.765061	-1.213483	-0.978143	-1.554166	-1.569954	0.915623	-1.459745	-0.767844	-0.844460	-0.653059	-1.496313	-1.558311	-1.233136	-2.121517	-0.520441	0.628404	-2.355418	-0.654428	-1.810621	-0.941321	-0.381927	-0.092630	-1.145881	0.260633	-1.288097	-0.267577	-0.900573	-0.034908	-0.568048	-2.017424	-0.401825	-0.267105	-0.159042	-1.031303	-0.872644	-1.218328	-1.794215	-0.978624	1.086946	-0.369225	-0.343666	0.526776	0.190482	-2.382030	-0.853469	-0.539870	0.075514
-0.990372	-1.221246	-2.500220	-1.663710	-0.414858	-0.997447	-0.979855	-1.325491	-2.013433	-1.622236	-1.523583	-1.322456	-1.988242	1.205464	-1.456782	-0.140234	-0.749135	-0.468207	-1.617569	-1.575554	-1.417808	-1.514615	-0.772479	-0.178933	-1.026072	-1.356665	-0.681138	-1.113710	-1.073765	-0.621742	-1.243440	-0.372307	-1.669792	0.385699	-0.744781	-0.445709	-0.416775	-1.317934	-0.407250	0.192732	-1.139199	-0.960766	-1.085359	-1.010969	-2.427169	-1.259756	0.450848	-0.307967	-0.730834	-0.815589	-1.094606	-1.189763	-0.956987	-0.093718	-0.424251
0.052887	-1.109960	-1.496552	-1.051365	-0.646235	-0.867772	-0.821816	-0.371101	-1.143112	-0.543406	-1.547058	-0.637317	-1.650436	-0.253630	-0.694182	0.035899	-0.547680	-0.401740	-1.418255	-1.456881	-1.431971	-0.903228	-0.719440	-0.637832	-0.030621	-0.823664	-0.100986	-0.776609	-0.701874	-0.612853	-0.868675	-0.610236	-1.002810	0.503497	-0.348162	-0.173245	-0.620719	-0.395541	-0.010057	-0.253478	-1.307139	-0.491780	-0.724433	-0.478049	-1.353663	-0.961462	-0.090379	-0.500380	-0.784817	-0.928704	-1.461403	0.748996	-0.551781	0.441433	-0.693646
0.134624	-0.341540	0.344379	-0.015789	0.016160	-0.105625	-0.259086	0.805869	-0.064842	0.964239	-0.724866	-0.132526	-0.743359	-2.210194	-0.170255	-0.619379	-0.510061	-0.334533	-0.804507	-1.111943	-0.873351	-0.679845	-0.651164	-0.488107	-0.432395	0.412865	-0.701367	-0.423885	0.102848	-0.225754	-0.385088	-0.447770	0.065314	0.049985	0.051435	0.206592	-1.076020	0.004238	0.494304	-1.637962	-0.426475	-0.134010	-0.314012	0.004635	0.434620	-0.487672	-0.103304	-0.943744	-0.616517	-0.169936	-0.856903	1.833623	-0.239231	0.313958	-1.128521
-0.785071	0.308117	1.545379	0.544045	0.750374	0.663205	0.016878	1.695378	-0.051365	1.370901	0.326128	-0.419405	-0.106449	-2.568185	-0.511446	-1.729432	-0.781601	-0.356845	-0.210684	-0.653350	-0.194764	-0.924150	-0.748865	-0.146695	-1.534739	1.165263	-1.806929	-0.513000	0.344732	-0.224980	-0.230140	-0.211201	0.606777	-0.766523	0.341084	0.016221	-0.997949	0.062397	0.866633	-2.982461	0.641946	-0.394150	-0.399186	0.056535	1.092641	-0.495001	0.253955	-1.578609	-0.643941	0.270637	-0.213597	1.361142	-0.402416	-0.488047	-1.557832
-1.745821	0.174111	1.264546	-0.140803	0.603346	0.644236	-0.182920	1.841789	-1.089928	0.397641	0.578033	-1.409385	-0.351706	-0.825101	-1.237204	-2.462700	-1.013775	-0.450460	-0.079438	-0.319687	-0.268748	-1.215704	-0.736639	-0.025098	-1.811578	0.932031	-2.120758	-0.959248	-0.183036	-0.932872	-0.405096	-0.076349	0.406607	-1.535244	0.596621	-0.633727	0.029982	0.342175	1.045391	-3.210312	0.976810	-1.080196	-0.778585	-0.177329	0.091329	-1.017736	0.571904	-2.072864	-0.979446	-0.002572	0.002140	0.103358	-0.838803	-1.155336	-1.339388
-1.630053	-0.484578	0.200553	-1.469361	-0.225580	-0.112427	-0.293113	0.947545	-1.852311	-0.740368	-0.268099	-2.251719	-1.116463	1.314960	-1.348821	-2.311818	-0.662401	-0.278061	-0.278530	-0.174517	-1.091735	-0.952414	-0.261453	-0.032695	-0.741970	0.224951	-1.007226	-1.164656	-0.739068	-1.715384	-0.443067	0.117590	0.021360	-1.858255	0.754098	-1.000290	1.259419	0.826851	0.950150	-2.220619	0.547977	-1.424600	-0.766733	-0.240648	-1.187827	-1.362456	0.699843	-1.973558	-1.122831	-0.267401	0.256584	-0.737601	-1.102671	-1.064219	-0.215583
-0.230281	-0.886707	-0.311359	-1.880939	-0.743037	-0.795003	0.158620	-0.657979	-1.395130	-0.839348	-1.376340	-2.048874	-1.466956	1.901585	-0.444209	-1.489473	0.322267	0.358854	-0.312861	-0.019316	-1.449596	-0.038941	0.526433	0.185939	0.669207	-0.306524	0.803884	-0.643212	-0.604573	-1.689396	0.088532	0.534613	0.049387	-1.589106	0.479112	-0.625285	1.467162	0.928600	0.410390	-0.831188	-0.005152	-0.946805	-0.169385	-0.039750	-1.176662	-0.953217	0.787181	-1.204082	-0.531867	0.132029	0.906737	-0.746186	-1.028872	-0.480281	1.286793
1.450127	-0.742791	0.149839	-0.633761	-0.560099	-0.807657	0.789346	-1.924044	-0.281922	-0.042908	-1.577707	-0.673454	-0.981181	0.816181	0.892718	-0.610498	1.282876	1.026623	-0.023806	0.326352	-0.218387	0.871108	1.026225	0.640270	1.125356	-0.596223	1.814717	0.369119	0.037630	-0.737890	1.049816	0.939240	0.514048	-0.816145	-0.380693	0.161238	0.335015	0.371019	-0.522273	0.196164	-0.295166	-0.036911	0.329424	0.010027	0.004387	-0.089124	0.860553	-0.253557	0.575023	0.875853	1.354630	-0.331181	-0.783252	-0.101310	2.301526
1.994577	-0.585672	0.732089	1.220710	-0.416342	-0.458163	0.717826	-1.970727	0.293245	0.512087	-0.520748	1.041947	-0.236090	-0.432753	1.670771	-0.159103	1.387843	0.952808	0.166578	0.670954	2.121240	0.985888	0.756060	0.791035	0.447885	-0.927116	1.225005	1.027592	0.327304	0.378862	1.715687	0.772451	0.847730	0.225510	-1.322777	0.652159	-1.249568	-0.351195	-1.348338	0.698274	-0.603784	0.396092	-0.105952	-0.443710	0.748561	0.269954	0.582913	0.235798	1.283963	1.066696	0.672053	0.018737	-0.466534	-0.178510	2.263110
0.833806	-1.064569	0.418863	1.922107	-1.166791	-0.601093	-0.417345	-1.102299	-0.021570	0.057312	0.981990	1.885530	-0.191252	-0.582991	1.342512	-0.278531	0.342233	-0.161761	-0.204220	0.533255	3.636603	0.180604	-0.274977	0.094029	-0.347253	-1.370774	-0.155086	0.711026	-0.285446	0.822853	1.431391	-0.287643	0.435070	1.096218	-1.479372	0.483427	-2.241225	-0.535596	-1.487818	0.732074	-1.348653	-0.177278	-1.489897	-1.237789	-0.135065	-0.541246	-0.369501	-0.000697	0.975527	0.226558	-1.163694	0.172686	0.075228	-0.393994	1.221792
-1.137065	-2.064247	-0.763764	0.923833	-2.529848	-1.585171	-1.965911	-0.537472	-0.615260	-1.070740	1.698710	1.207319	-1.130055	0.257187	0.192186	-0.822069	-1.315372	-1.732789	-0.971195	-0.234108	2.833227	-0.903239	-1.589342	-1.290559	-0.208721	-1.691934	-0.650079	-0.276292	-1.407715	0.412441	0.379131	-1.855328	-0.658568	1.245306	-0.512636	-0.120373	-2.366803	-0.076409	-0.877364	0.223022	-2.312335	-1.332497	-2.877908	-1.916544	-2.058045	-2.135780	-1.745394	-0.711749	0.057972	-1.170253	-3.001087	0.227232	0.881337	-0.486457	-0.172483
-2.248975	-2.650257	-1.768667	-0.548642	-3.198778	-2.653979	-2.776304	-0.986269	-0.873316	-1.853864	1.065750	-0.465014	-2.203969	1.198062	-0.968902	-1.364408	-2.483205	-2.672470	-1.387759	-0.972613	0.304021	-1.467147	-2.416696	-2.508827	0.842594	-1.643576	0.460902	-0.939187	-2.038818	-0.349104	-0.418026	-3.005383	-1.516899	0.481223	0.929402	-0.664779	-1.912118	0.482119	0.005151	-0.657572	-2.632288	-1.963075	-3.159168	-2.168192	-3.241989	-3.241646	-2.756474	-1.345985	-0.483821	-2.004079	-3.468552	0.239813	1.525905	-0.572228	-1.009402
-1.558668	-1.972341	-1.671516	-0.899199	-2.299082	-2.624378	-2.176508	-1.814765	-0.661065	-1.501096	-0.364994	-1.748070	-2.121733	1.626003	-1.465955	-1.286096	-2.234814	-2.212906	-0.906241	-0.703657	-1.745887	-1.115241	-2.086583	-2.788108	1.769121	-1.191640	2.048680	-0.573539	-1.493954	-0.724579	-0.042611	-2.981619	-1.246840	-0.671286	1.851768	-0.797976	-1.059108	0.634868	0.700820	-1.156644	-1.704880	-1.239315	-2.005180	-1.882578	-2.521953	-2.753309	-2.788605	-1.387490	-0.173548	-1.464110	-2.129405	0.129362	1.527725	-0.704732	-0.756047
0.258692	-0.243065	-0.596981	0.140328	-0.467291	-1.197903	-0.542134	-1.867529	-0.049049	-0.094021	-1.420930	-1.583409	-0.478741	1.438159	-1.171134	-0.246942	-0.624961	-0.565230	0.199682	0.744570	-1.693550	0.069410	-0.680281	-2.069781	1.664316	-0.508539	2.388756	0.534701	-0.034028	-0.200343	1.355520	-1.778214	-0.081496	-1.304096	1.967615	-0.454818	0.129867	0.482371	1.097834	-0.592187	-0.020467	0.533899	-0.151817	-1.012241	-0.464500	-0.795552	-1.982854	-0.703286	0.567146	0.068362	0.143033	-0.213029	1.116082	-0.514928	0.271167
1.600503	1.347208	0.594618	1.429490	0.868298	0.696251	1.063550	-0.854185	0.824899	1.408472	-1.251667	-0.220779	1.640923	0.691480	-0.369627	1.255469	1.218485	1.153738	1.158319	2.359731	-0.031984	1.648354	0.761710	-0.826034	0.740736	0.183781	1.209008	1.442942	1.394829	1.204421	2.667322	-0.059907	0.802954	-0.914946	1.857689	0.229364	1.275126	0.524485	1.177088	0.669528	1.192961	2.073019	1.256194	0.316408	1.306403	1.307300	-0.981284	0.304289	1.098474	1.213924	1.834684	-0.676968	1.090168	0.276354	1.164963
1.561550	1.862856	1.337068	1.865921	1.188917	1.980070	1.845773	0.463315	1.598950	1.907296	-0.014996	1.080020	2.661026	-0.459562	0.570552	2.098971	2.066729	1.841420	1.612238	2.990319	1.412580	2.902883	1.126015	0.534943	-0.007690	0.795239	-0.065691	1.547438	2.062398	2.812043	2.921321	1.432051	0.749549	0.130218	2.000278	1.031171	1.764612	0.964328	0.784278	1.420355	1.314186	2.318193	1.703121	1.597546	1.776213	2.285110	-0.151052	1.013161	1.293258	0.950310	2.027488	-0.855209	1.633487	1.138628	1.255739
0.776175	1.602797	1.763755	1.513324	1.359561	2.469284	1.848039	1.319274	1.864377	1.176866	1.184216	1.377641	2.145968	-1.502653	1.299755	1.662836	1.720337	1.396485	1.949486	2.592372	1.530661	3.130973	0.410680	1.839817	-0.042475	1.380584	-0.230234	1.157702	2.065378	3.581098	2.178107	2.358765	0.426137	0.903324	1.992055	1.684577	1.403328	1.377194	-0.114433	0.997297	1.056205	1.445357	1.650958	2.149825	1.342626	2.067579	0.700594	1.172676	1.396544	-0.292516	1.146777	-0.437059	1.761433	1.088366	0.679312
0.583090	1.558222	2.136070	1.169726	2.236796	2.584365	1.576299	1.674880	1.607259	0.109052	1.203145	0.952340	1.139886	-1.666073	1.504560	0.657038	1.010139	0.695489	2.590516	2.052784	0.803605	2.238589	-0.315198	2.816029	0.201566	1.902578	0.254154	1.064413	2.006663	2.885075	1.290656	2.739566	0.821012	0.729665	1.110705	1.912748	0.666929	1.172965	-1.144866	0.087360	1.516146	0.496188	1.765779	1.698220	0.973288	1.502472	1.741840	1.103142	1.413366	-1.127452	0.414247	0.277819	0.563122	-0.047829	0.137573
1.455203	2.031978	2.255679	1.150308	3.357155	2.470647	1.276488	1.818106	1.173061	-0.288633	-0.011520	0.802099	0.806096	-0.572357	1.143985	0.456320	0.723181	0.551984	3.194724	1.866085	0.221735	0.935904	-0.212426	2.977731	0.107991	2.044744	0.229162	1.607125	2.156998	1.127389	0.871585	2.613956	1.873972	-0.181009	-0.497305	1.541453	0.166091	0.337135	-1.736655	-0.149034	2.645076	0.108586	1.985851	0.667171	0.939086	1.140080	2.540953	1.211908	0.979584	-0.719968	0.524699	0.542108	-1.279518	-1.191415	0.152826
2.429941	2.252801	1.665019	0.904695	3.543557	1.968949	0.815514	1.730592	0.740285	-0.062005	-1.264240	1.373950	1.118964	1.219602	0.614460	1.512755	0.818001	0.886430	2.922747	1.515497	-0.057436	0.044857	0.419057	2.119877	-0.274934	1.469803	-0.373419	2.224080	2.113895	-0.595615	0.663257	1.938021	2.635896	-0.870488	-1.679867	0.691669	0.056955	-0.453296	-1.581522	0.487130	3.149310	-0.021154	1.678521	-0.229192	0.723772	0.753296	2.448290	1.415210	-0.139489	0.461756	1.024980	0.023131	-2.033673	-1.229468	0.558821
2.167736	1.468482	0.295922	-0.121038	2.519552	1.238292	0.161344	1.226989	0.139824	-0.128767	-1.332608	2.015011	1.160307	2.468127	0.380157	2.725553	0.753647	1.016845	1.469753	0.356791	-0.576512	-0.329042	0.670374	0.788326	-0.492757	0.349683	-0.592141	1.959510	1.368567	-1.503239	0.019503	0.846699	2.516812	-0.470904	-1.482684	-0.159154	0.072949	-0.567388	-0.794484	1.061301	2.060487	-0.369051	0.656631	-0.620122	0.007239	0.069980	1.497501	1.223001	-1.599153	1.351485	1.053092	-0.707854	-1.065484	-0.367398	0.693230
0.467142	0.037077	-1.266421	-1.566296	1.230710	0.727974	-0.377587	0.524069	-0.667471	-0.922005	-0.280945	1.748780	0.392565	2.200987	0.415281	2.601388	0.268445	0.535026	-0.466659	-1.314407	-1.446862	-0.655336	0.133405	-0.091283	-0.450999	-0.559530	-0.054270	0.479634	0.066924	-1.639432	-1.124352	-0.183088	1.770622	0.988902	-0.205803	-0.510256	-0.044290	-0.171883	0.235604	0.726907	0.018396	-0.732374	-0.399379	-0.586778	-0.776079	-0.561023	0.529571	0.397426	-2.624342	1.387187	0.429016	-0.798666	0.342832	0.248506	0.115343
-1.444362	-0.901344	-2.172820	-2.376307	0.524611	0.470654	-0.515762	0.260630	-1.207128	-1.683935	0.780185	0.474815	-0.761877	0.588017	0.299910	0.904984	-0.399647	-0.338247	-1.839874	-2.473145	-1.964651	-1.089956	-0.762664	-0.171699	-0.448159	-0.598663	0.438046	-1.413330	-1.018621	-1.413026	-2.037359	-0.680162	0.823786	2.567742	0.929329	-0.397598	-0.248658	-0.011911	0.986229	-0.276752	-1.373244	-0.528643	-0.721601	-0.291159	-1.010285	-0.582132	0.257166	-0.647063	-2.628902	0.802048	-0.225651	-0.106182	0.722069	0.123675	-0.868181
-2.138163	-0.739558	-1.927300	-1.885509	0.167030	0.004139	-0.354257	0.814031	-0.888606	-1.380881	1.199498	-0.753309	-1.480958	-1.088075	-0.066625	-1.030856	-0.875442	-1.112512	-2.152278	-2.479336	-1.463260	-1.139110	-1.312226	-0.049237	-0.533231	0.080590	0.158556	-2.413037	-1.306115	-0.983602	-2.011949	-0.696697	-0.237261	3.226207	1.009525	-0.475446	-0.227003	-0.421912	0.943809	-1.032456	-1.331195	0.240073	-0.343248	0.193298	-0.641161	-0.028909	0.456276	-1.190424	-1.704039	0.154983	-0.299366	0.725949	0.294191	0.007440	-1.514600
-1.337655	-0.083792	-0.734480	-0.486099	-0.493267	-0.789035	-0.184630	1.737371	0.221513	-0.008229	1.481041	-0.724621	-1.311511	-1.514500	-0.195683	-1.610249	-0.932414	-1.416879	-1.633673	-1.644379	-0.152153	-0.355341	-1.140852	-0.468871	-0.318767	0.671801	-0.490287	-1.974634	-1.012122	-0.318933	-1.154675	-0.753709	-1.320767	2.691402	0.158828	-1.260926	0.270632	-0.862668	-0.024729	-1.037441	-0.638966	0.797047	0.084100	0.662977	-0.064672	0.483130	0.319219	-0.865946	-0.531195	-0.131480	0.181571	1.146642	0.400774	0.707666	-1.510833
0.014555	-0.002874	0.604517	0.783262	-1.361280	-1.291543	-0.068881	2.054070	1.237863	1.355422	2.209106	0.655101	-0.409334	-0.563328	0.327855	-0.497218	-0.484145	-1.072094	-0.830789	-0.745746	1.108835	0.929027	-0.326866	-1.301338	0.398416	0.610728	-0.652641	-0.881171	-0.830489	0.349390	-0.207634	-1.144348	-1.976628	1.549553	-0.841412	-2.337291	1.043628	-0.661953	-1.317700	-0.530447	-0.543664	0.515672	0.175302	0.742576	0.453623	0.537736	-0.492909	0.091556	0.131679	0.044964	0.720422	1.290917	1.394018	1.843140	-1.289663
0.834831	-0.743619	1.210513	1.166447	-1.661588	-0.967906	0.173266	1.201180	1.231521	1.667739	2.871744	2.172038	0.646631	0.647582	1.181536	1.132933	0.379000	-0.161788	-0.235659	-0.285124	1.640984	1.825619	0.770776	-1.602709	1.171131	0.164572	-0.216723	-0.398650	-1.096030	0.506812	0.236213	-1.449350	-1.796296	0.587058	-1.406034	-2.636251	1.467038	0.019788	-1.896941	0.084281	-1.252221	-0.241493	0.177845	0.323713	0.909657	0.388166	-1.372216	1.143804	-0.080917	0.375353	0.893189	1.528464	2.014534	2.287729	-1.328624
0.810418	-1.419118	0.786344	0.702157	-1.055521	-0.211270	0.608582	-0.337138	0.181860	0.865478	2.425892	2.452380	1.218172	0.954751	1.594171	1.764271	1.252840	0.810634	-0.089503	-0.256268	1.374712	1.748662	1.667026	-0.740706	1.340110	0.019951	0.227677	-0.906327	-1.427101	-0.066928	0.152893	-0.992728	-0.997905	0.122375	-1.537616	-1.647372	1.068573	0.352528	-1.246496	0.647640	-1.803641	-0.478325	0.482807	-0.107155	1.275860	0.573568	-1.395129	1.846276	-0.958111	0.262513	0.654679	1.743480	1.087656	1.666633	-1.403932
0.316295	-1.064816	-0.156305	-0.024278	-0.211124	0.049400	0.989488	-1.435896	-0.948716	-0.218118	0.812706	1.226104	1.054575	0.247956	1.158343	0.902340	1.566022	1.115840	-0.266668	-0.369778	0.674687	0.861666	1.909714	0.744793	0.789838	0.370059	0.316843	-1.576086	-1.262326	-0.894439	-0.157161	0.192535	-0.295557	-0.100201	-1.516247	-0.138057	0.042224	-0.049706	0.006033	1.038939	-1.323192	0.265294	1.033396	0.101112	1.418963	1.233001	-0.372218	1.984849	-1.803305	-0.612524	0.239395	1.457129	-0.814027	0.824358	-0.887449
-0.213171	0.174943	-0.830263	-0.510129	-0.095539	-0.555125	0.928530	-1.423845	-1.185221	-0.684394	-0.758334	-0.579385	0.510214	-0.665489	0.170814	-0.665838	1.047455	0.426019	-0.424797	-0.359898	0.015063	-0.251726	1.359437	1.569957	0.034069	0.626253	0.253278	-1.447244	-0.638327	-1.220900	-0.494021	1.120647	-0.172292	-0.476774	-1.404144	0.571223	-0.906555	-0.567814	0.673130	1.014310	-0.092650	1.295906	1.322803	0.984860	1.270530	1.912348	0.802762	1.542310	-1.831822	-1.735646	-0.151968	0.596958	-1.915077	0.674498	0.275600
-0.597816	1.194494	-0.942668	-0.718568	-0.885751	-1.438506	0.247763	-0.674822	-0.530091	-0.333538	-1.122974	-1.781594	0.213649	-1.022908	-0.661880	-1.740112	-0.003117	-0.779660	-0.409860	-0.199534	-0.254508	-1.089761	0.417891	0.997671	-0.382850	0.135320	0.355473	-0.569471	-0.215732	-0.826075	-0.860144	0.851321	-0.440275	-0.998216	-0.965251	0.064510	-1.154845	-0.322594	0.285360	0.534110	0.774469	1.457947	0.944850	1.872219	0.895304	2.016387	0.948097	0.725521	-0.804423	-2.049983	-0.544140	-0.249711	-1.232099	1.081325	1.226590
-0.773583	1.218953	-0.844044	-0.913118	-1.742252	-1.710047	-0.781514	-0.041578	0.142325	0.283609	-0.361658	-1.823299	0.464141	-0.754604	-0.729869	-1.673171	-0.958408	-1.568466	-0.388252	-0.123392	-0.103841	-1.347876	-0.152729	-0.376278	-0.379497	-0.979359	0.694302	0.111204	-0.476063	-0.243764	-1.243377	-0.357113	-0.563641	-1.183042	-0.064835	-0.642993	-0.598644	0.769143	-0.399998	0.070144	0.584599	0.414770	0.119877	2.129685	0.438651	1.384582	-0.207559	-0.010516	0.626700	-1.056376	-1.032662	-0.519097	0.396678	1.226068	1.045954
-0.678002	0.573756	-0.949866	-1.211532	-1.689400	-1.053719	-1.550265	0.083327	0.138250	0.518249	0.434888	-0.959791	0.987110	-0.333705	0.022271	-0.677054	-1.349042	-1.359817	-0.494905	-0.365245	0.108877	-0.875092	0.146886	-1.209873	-0.242507	-1.884339	1.129819	-0.114276	-1.106801	-0.152622	-1.481656	-1.253730	-0.298290	-0.685590	0.948264	-0.250522	0.268374	1.927044	-0.328973	0.291449	-0.244015	-0.925003	-0.437736	1.759859	0.083296	0.401932	-1.687851	-0.189834	1.435290	0.464903	-1.489476	-0.406017	1.289283	0.733742	-0.096835
-0.365119	0.047337	-1.181063	-1.381364	-0.674401	0.001631	-1.591128	-0.092136	-0.310966	0.277867	0.399681	0.116643	1.256740	-0.184323	0.990624	0.477837	-1.165529	-0.405320	-0.567847	-0.813664	-0.103194	0.125162	1.028519	-0.789169	-0.184759	-1.889261	1.440199	-0.911798	-1.358932	-0.655426	-1.438928	-1.027391	0.134603	0.162642	1.401011	1.242932	0.625575	2.320047	0.542270	1.350135	-0.768124	-1.370924	-0.306759	1.160614	-0.077567	-0.401394	-2.191431	0.279298	1.247701	1.110125	-1.586392	-0.666493	0.653341	-0.030738	-0.877849
-0.062863	-0.106046	-1.079743	-1.074098	0.372971	0.621530	-0.988000	-0.323126	-0.428106	-0.006001	-0.237499	0.853639	1.023082	-0.271989	1.434244	1.059741	-0.776061	0.505341	-0.373564	-1.013603	-0.847079	0.981054	1.623764	0.298777	-0.073827	-1.085191	1.458572	-1.273704	-0.890487	-1.158845	-1.192228	-0.170858	0.470427	0.721661	0.947553	2.458302	-0.020663	1.676665	1.181872	2.565272	-0.561757	-0.725067	0.107241	0.561834	-0.188982	-0.770830	-1.312042	0.962818	0.684848	0.340833	-1.171832	-1.625192	-0.761674	-0.607757	-0.153442
0.040913	-0.194061	-0.424154	-0.195889	0.607434	0.528085	-0.239302	-0.568420	0.154917	0.041360	-0.556211	1.154718	0.549402	-0.257796	1.126536	0.940189	-0.532067	0.827364	0.094147	-0.581537	-1.570134	1.082860	1.339414	0.911982	0.390593	-0.165007	1.213813	-0.591144	-0.058910	-0.930787	-0.878968	0.288320	0.725035	0.813583	0.022167	2.251307	-1.213865	0.271179	0.803355	2.947989	0.010862	0.108676	0.068177	-0.045905	-0.467903	-0.773957	0.161346	1.242005	0.568510	-0.864359	-0.479565	-2.521367	-1.588872	-0.866835	1.659297
0.052568	-0.387122	0.430264	0.966391	0.215024	0.285312	0.248592	-0.710328	0.984345	0.353208	-0.204566	1.113283	0.317286	0.015205	0.338685	0.632045	-0.426661	0.736345	0.656338	0.407377	-1.472261	0.597227	0.470696	0.596291	1.207740	0.269350	0.840338	0.738038	0.570284	0.125705	-0.450325	0.092261	0.956190	0.676470	-0.540293	1.024138	-1.790719	-1.255276	-0.076311	2.116034	0.412724	0.254925	-0.533514	-0.569842	-0.821552	-0.601535	1.053696	0.822347	1.010718	-1.077259	0.136572	-2.143211	-1.254196	-0.794950	2.843672
0.266310	-0.461462	0.925251	1.898809	0.061937	0.587690	0.432228	-0.545576	1.279200	0.586694	0.054434	0.601847	0.442883	0.356957	-0.607948	0.625207	-0.198273	0.780988	1.083305	1.432165	-0.400570	0.265647	-0.148569	-0.081877	1.805540	0.220666	0.309303	1.747577	0.796099	1.216051	0.194040	-0.076627	0.969034	0.277880	-0.401238	0.113601	-1.042043	-2.074895	-0.236602	0.667501	0.519556	-0.183070	-1.039804	-0.767955	-0.884946	-0.449507	0.876816	-0.035736	1.411874	-0.064536	0.546073	-0.314679	-0.437682	-0.380646	2.160752
0.685560	-0.263672	0.901855	2.093134	0.530310	1.345247	0.473370	-0.195325	0.699536	0.474548	-0.610222	-0.522152	0.454178	0.561706	-1.400211	0.726602	0.239532	1.139869	1.088125	1.862519	0.761016	0.360751	-0.079533	-0.315166	1.394317	0.173279	-0.541765	1.806238	0.801057	1.344671	0.840924	0.386156	0.565149	-0.652073	-0.016392	0.165796	0.449490	-1.687065	0.728092	-0.404117	0.526722	-0.466209	-0.884465	-0.648547	-0.580376	-0.521646	0.187474	-0.733961	1.133181	0.991799	0.798080	1.507414	-0.199297	0.094900	0.114025
0.764722	-0.083935	0.624838	1.283146	1.074933	1.739510	0.476161	-0.084502	-0.399325	-0.026381	-1.778495	-1.851793	-0.196493	0.626525	-1.585951	0.290936	0.607593	1.396754	0.455765	1.356048	0.902715	0.263295	0.285133	0.071126	-0.207640	0.450833	-1.610873	1.012759	0.734708	0.342384	0.980157	1.164682	-0.048537	-1.798903	0.108900	0.589050	1.355205	-0.510465	1.908590	-0.661082	0.503807	-0.285273	-0.292467	-0.639717	-0.380674	-0.959791	-0.082266	-0.869920	0.089311	1.029850	0.862445	1.616852	-0.776772	0.064638	-1.696067
-0.059213	-0.343890	0.274924	-0.292267	0.979698	1.208746	0.385228	-0.294630	-1.356455	-0.731267	-2.141623	-2.562651	-1.402960	0.504140	-0.969909	-0.856576	0.558965	1.071435	-0.612606	0.118028	-0.065314	-0.621931	0.243406	0.517502	-2.097624	0.754410	-2.378119	-0.127194	0.457816	-0.972578	0.315374	1.314196	-0.425693	-2.179125	0.140379	0.519943	0.946636	0.355648	2.157107	-0.551756	0.266932	-0.108920	0.033970	-1.082153	-0.738396	-1.643448	0.327449	-0.665130	-1.080663	0.407479	0.609040	0.046328	-1.397292	-0.666050	-2.159995
-1.473694	-0.969389	-0.225705	-1.803715	0.216645	0.111164	0.074458	-0.341261	-1.715251	-1.244946	-1.180693	-2.258193	-2.363993	-0.020901	-0.118606	-1.974323	0.088333	0.205193	-1.456234	-1.158643	-1.077727	-1.856395	-0.411326	0.342001	-2.889047	0.510858	-2.344697	-1.130084	-0.190489	-1.687631	-0.806825	0.319186	-0.430200	-1.267887	0.500697	-0.176479	-0.228257	0.257560	1.295036	-0.803097	-0.287397	-0.396078	-0.258099	-1.634832	-1.359872	-2.083349	0.728574	-0.755946	-1.417804	0.210568	0.042600	-1.373145	-1.260179	-1.475708	-1.388887
-2.267703	-1.278898	-0.764528	-2.268416	-0.596371	-0.701239	-0.423180	0.100654	-1.381415	-1.153510	0.174805	-1.311091	-2.351955	-0.881885	0.122161	-2.081416	-0.409733	-0.665081	-1.488980	-1.738635	-1.144370	-2.327148	-1.205158	-0.541234	-1.997392	-0.305863	-1.543758	-1.629410	-0.929853	-1.562151	-1.551154	-1.199314	-0.342297	0.226884	0.974877	-0.983719	-0.928374	-0.329230	0.078284	-1.553754	-0.860813	-0.809790	-0.826530	-1.514206	-1.373447	-1.710293	0.393365	-1.388068	-0.561107	0.602151	-0.566914	-1.158674	-0.445667	-1.539272	-0.241989
-1.575153	-0.724401	-0.841690	-1.393755	-0.871788	-0.773458	-0.788006	0.627209	-0.548267	-0.439885	0.779741	-0.282750	-1.433738	-1.426740	-0.300957	-1.031000	-0.503421	-1.031171	-0.768377	-1.393801	-0.407826	-1.559183	-1.515068	-1.440639	-0.249713	-0.984687	-0.506501	-1.395939	-1.117317	-0.882205	-1.269627	-1.959128	-0.393087	1.106114	0.857532	-1.415914	-0.395499	-0.507073	-0.719638	-2.178595	-0.952286	-0.616650	-1.046498	-0.494234	-0.364159	-0.495337	-0.436923	-1.963370	0.678170	0.680055	-0.851565	0.159153	0.334626	-0.852658	0.451716
-0.014438	0.273234	-0.227216	-0.008524	-0.550949	-0.376078	-0.709459	0.689012	0.310301	0.313075	0.608452	0.549537	-0.378868	-1.041189	-0.578992	0.253469	-0.193298	-0.862979	0.053493	-0.579297	0.253886	-0.301350	-1.175544	-1.549952	0.951025	-0.906400	0.192762	-0.570567	-0.511001	-0.058946	-0.189166	-1.377399	-0.443883	0.959433	0.069532	-1.391437	0.923329	-0.101033	-0.879993	-2.021348	-0.464171	0.177808	-0.679584	0.557822	0.948240	0.760338	-0.838482	-1.735001	1.046838	0.065033	-0.646245	0.965979	0.672518	-0.265577	0.405539
0.889760	0.646126	0.487358	0.649356	-0.059274	-0.060929	-0.331899	0.435695	0.593445	0.404142	0.482297	0.999493	0.092734	0.005191	-0.161393	0.692634	0.040456	-0.563772	0.348474	-0.019893	0.387157	0.327159	-0.548910	-0.880158	1.006347	-0.304637	0.317752	0.264522	0.266112	0.406270	0.630996	-0.308703	-0.225776	0.428849	-0.501447	-1.121671	1.783531	0.310737	-0.574969	-1.213314	0.074745	0.630375	-0.123206	0.549982	1.395431	1.092892	-0.465664	-0.893672	0.301952	-0.285137	-0.112595	0.694090	0.774494	-0.395168	0.027799
0.516529	0.085631	0.581165	0.263439	0.163640	-0.036419	-0.097446	0.419079	0.153460	-0.159425	0.814360	0.880654	-0.040775	0.769443	0.543412	0.159412	-0.144120	-0.455250	0.098928	-0.023514	0.311602	0.082435	-0.049826	-0.252045	0.477043	0.139377	0.054395	0.593940	0.444607	0.142356	0.396034	0.005899	0.250099	0.303275	-0.174867	-0.820478	1.439009	0.345028	-0.047172	-0.555349	0.154283	0.139680	0.064266	-0.406850	0.779292	0.486158	0.035352	-0.410163	-0.473738	0.514787	0.435610	0.255774	0.867476	-0.877307	-0.017381
-0.164900	-0.401586	0.257770	-0.232687	0.117378	-0.039184	-0.097234	0.631880	-0.328623	-0.565686	1.102410	0.372053	-0.192482	0.690995	0.771913	-0.432063	-0.385555	-0.365364	-0.119470	-0.207356	0.398474	-0.263617	0.248246	-0.178582	0.121443	0.223946	-0.232738	0.508993	0.150377	-0.471924	-0.337158	-0.379609	0.609308	0.535900	0.463963	-0.501376	0.493427	0.234589	0.423360	-0.530975	-0.007028	-0.556773	-0.133063	-0.994632	0.170575	-0.042925	0.071777	-0.634559	-0.290458	1.635324	0.740188	0.446149	0.758097	-0.943447	0.339475
-0.077987	0.074908	0.253421	0.034896	0.122037	0.160747	-0.040342	0.477097	-0.042021	-0.228451	0.677266	-0.000257	0.059720	0.081150	0.308108	-0.199074	-0.114369	0.024362	0.171657	-0.024494	0.478794	-0.079880	0.379659	-0.213559	-0.030979	0.223802	-0.433269	0.415658	0.132537	-0.463235	-0.255317	-0.272256	0.414469	0.320928	0.305344	-0.067317	0.151388	0.225087	0.489334	-0.706996	0.153199	-0.366316	-0.209282	-0.453517	0.423214	0.213046	-0.064998	-0.746853	0.428375	1.272346	0.581282	0.782919	0.237916	-0.454383	0.403292
0.397516	0.826860	0.487475	0.639094	0.228901	0.275808	0.038225	-0.298722	0.805697	0.315908	-0.362920	-0.029714	0.399025	-0.405043	-0.428111	0.667388	0.428401	0.450710	0.698777	0.480424	0.207325	0.171874	0.106283	0.177097	-0.413053	0.129869	-0.791801	0.320770	0.492021	0.410081	0.826881	0.679577	-0.384478	-0.701946	-0.701103	0.374143	0.639296	0.067422	-0.011501	-0.349215	0.545301	0.467914	0.069856	0.276127	0.847918	0.630528	0.145681	-0.065607	0.485978	-0.911922	-0.167592	0.346920	-0.423834	-0.017949	-0.245185
0.131020	0.507974	0.088931	0.529103	0.072008	-0.190058	-0.299206	-1.195074	1.071015	0.063810	-1.185934	-0.079781	0.212342	-0.404026	-0.905671	1.127599	0.373901	0.225682	0.713552	0.696644	-0.252030	-0.387228	-0.693530	0.633005	-1.054501	-0.352796	-1.400736	-0.078357	0.481135	1.039838	1.474305	1.244552	-1.238815	-1.610356	-1.463245	0.467034	0.862420	-0.577924	-0.733063	0.555763	0.477959	0.614478	0.290256	-0.086898	0.156853	0.175343	0.546261	0.790664	-0.371170	-2.906103	-1.143992	-0.796336	-0.786721	-0.198938	-0.863402
-0.868725	-0.800168	-1.050135	-0.368210	-0.507592	-1.154988	-1.002354	-1.576780	0.125084	-0.995103	-1.128694	-0.424180	-0.509347	0.034785	-0.886456	0.514635	-0.433138	-0.683696	-0.030922	0.254965	-0.309126	-1.579691	-1.360756	0.480367	-1.442116	-0.991914	-1.782978	-0.611367	-0.225105	0.396408	0.558164	0.469150	-1.413486	-1.197212	-1.299038	0.033998	-0.112474	-1.501782	-1.037723	1.191703	-0.208929	-0.413667	0.029039	-1.187878	-1.477481	-0.960488	0.650055	0.765093	-1.132736	-2.490478	-1.453433	-1.660645	-0.822163	-0.906188	-0.350139
-1.330233	-1.589193	-1.756626	-1.042686	-1.055732	-1.862637	-1.301733	-1.294343	-1.282847	-1.756092	-0.367781	-0.728467	-1.169380	0.561267	-0.468651	-0.758529	-1.110272	-1.383800	-0.918109	-0.501064	0.253432	-2.127277	-1.040358	-0.124997	-1.169311	-1.054548	-1.340787	-0.593817	-0.900300	-0.856449	-1.074168	-0.748399	-0.795516	0.248543	-0.784490	-0.648401	-1.637889	-2.046445	-0.794078	0.769855	-0.800501	-1.593152	-0.548055	-1.521661	-2.368611	-1.519316	0.439355	-0.159193	-0.988373	0.062022	-0.627117	-1.627782	-0.768844	-1.558952	1.122917
-0.539236	-1.087189	-1.095397	-0.779929	-1.077195	-1.732764	-0.824798	-0.621384	-1.970832	-1.481361	0.351457	-0.503083	-1.445002	0.693897	0.074441	-1.759515	-1.086023	-1.276209	-1.229531	-0.954877	0.924768	-1.293748	-0.138393	-0.483114	-0.338783	-0.469427	-0.187794	0.179528	-0.882268	-1.037372	-1.644085	-0.958902	-0.146425	1.019940	-0.703054	-1.196716	-2.068817	-1.796210	-0.739473	-0.668906	-0.801018	-1.913139	-1.059509	-0.715282	-1.559673	-0.998533	0.163434	-1.123354	-0.307752	2.141928	0.499162	-1.069612	-0.550999	-1.648786	1.994745
0.673985	-0.279015	0.324962	0.138425	-0.771010	-1.031360	-0.297862	0.045071	-1.684850	-0.706575	0.493561	0.187388	-1.570462	0.229937	0.475962	-1.945305	-0.918683	-0.922354	-0.936165	-0.850226	1.114738	0.114369	-0.187652	-0.550427	0.660735	-0.204489	0.805066	0.929183	-0.599160	0.385912	-0.650985	-0.314509	-0.295205	0.169359	-0.824082	-1.518761	-0.739331	-0.964473	-1.560353	-2.213747	-0.691217	-1.605006	-1.482913	-0.076018	-0.134387	-0.374786	-0.303484	-1.618921	0.202443	1.760733	0.574932	-0.654784	0.169031	-1.069501	1.125058
1.106043	-0.296643	1.108730	1.069523	-0.767598	-0.509673	-0.536946	0.302683	-0.999729	-0.285632	0.146132	0.780549	-1.600903	-0.393555	0.555527	-1.348915	-1.215702	-1.093771	-0.508136	-0.367299	0.878005	0.804250	-1.650055	-0.942570	1.404055	-0.927385	0.914614	0.819800	-0.776576	2.087448	0.803817	-0.198053	-1.138922	-1.182096	-0.387914	-1.629082	1.115069	-0.100890	-2.647993	-2.762126	-1.058396	-1.332756	-1.896356	-0.568725	0.318812	-0.589345	-1.185416	-1.749753	0.560220	-0.293303	-0.507366	-0.535955	1.315307	-0.072600	-0.771928
0.646271	-0.718005	0.697675	1.603648	-1.180727	-0.551631	-1.195216	-0.089662	-0.236605	-0.150374	-0.236132	0.869829	-1.068295	-0.436388	0.243706	-0.262667	-1.469475	-1.461504	-0.212987	0.192019	0.688857	0.542823	-2.774036	-1.692329	1.442222	-1.827076	0.320886	0.112853	-1.093647	2.500008	1.643299	-0.981196	-1.706030	-1.342036	0.526151	-1.333570	1.704320	0.424405	-2.454330	-1.932117	-1.456599	-0.951394	-1.920802	-1.362266	-0.172519	-1.077364	-2.047455	-1.538065	1.075690	-1.628240	-1.325920	-0.412282	2.200630	0.879622	-1.939645
0.116720	-0.321822	-0.204398	1.510911	-1.334087	-0.841747	-1.195240	-0.887539	0.725782	0.304944	-0.334796	0.567969	0.194468	0.300103	-0.295640	0.879440	-0.769767	-1.007893	0.093361	0.648354	0.710818	0.171573	-1.657450	-1.864465	0.533996	-1.496301	-0.205471	-0.119896	-0.534494	1.587451	1.916722	-1.398704	-1.250416	-0.287743	0.936549	-0.485255	0.737207	0.624170	-0.443565	-0.437143	-0.900268	0.076741	-1.031253	-1.130798	-0.258311	-0.594954	-2.032830	-0.806748	1.426939	-1.050298	-0.687999	-0.080983	2.229023	1.260556	-1.552147
0.079813	0.940956	-0.559527	0.814526	-0.614817	-0.793036	-0.211391	-1.345712	1.615611	0.948519	-0.166581	0.259198	1.384479	1.194223	-0.579377	1.514073	0.703484	0.424844	0.591998	1.010007	0.700266	0.418772	1.062440	-0.791055	-0.877597	0.200281	-0.246070	0.576499	0.967748	0.669049	2.182069	-0.409325	-0.065910	0.473089	0.405653	0.559562	-0.302122	0.744529	1.869237	0.576006	0.590280	1.384892	0.537306	-0.061166	0.621628	0.847433	-0.960976	0.208895	1.038969	0.418234	0.885654	0.295374	1.579673	0.815096	-0.411928
0.326750	1.775524	0.028048	0.074908	0.668146	-0.170458	0.945051	-0.823024	1.674952	0.913916	0.092376	0.184182	1.522921	1.511625	-0.147421	1.291083	1.741415	1.738623	1.188856	1.384841	0.550208	1.179901	2.724779	0.890490	-1.749972	1.860052	-0.076366	1.390200	2.133250	0.753402	2.469435	1.297463	0.913441	0.095148	-0.164831	1.147606	-0.050099	0.990348	2.449039	0.625804	1.738542	1.815247	1.750694	0.486124	1.413281	1.821056	0.367166	0.819615	0.163724	1.074620	1.902757	0.367330	0.948507	-0.035651	0.215952
0.443978	1.435551	1.132262	0.013528	1.603513	0.727954	1.484963	0.531447	0.830777	0.038053	0.284855	0.313568	0.781580	1.174587	0.794943	0.483007	1.667900	1.896136	1.617802	1.767570	0.467508	1.828420	1.833681	1.966802	-1.396080	2.275141	-0.016683	1.293772	1.975257	1.464856	2.314183	2.255712	1.199424	-0.540820	0.272451	1.066597	0.952339	1.292524	1.057945	0.218199	1.657346	1.050713	1.956068	0.117209	1.011172	1.387182	1.183839	0.743499	-0.290043	0.416749	1.782258	-0.000821	0.685989	-0.328657	-0.021256
0.437297	0.847607	1.969842	0.610115	1.761526	1.430979	1.613071	1.837213	0.251273	-0.483569	0.266691	0.483731	0.420387	0.660063	1.311579	-0.168823	1.170328	1.145913	1.722622	1.938317	0.518548	1.853936	-0.235861	2.109665	-0.254759	1.827100	0.175368	0.421462	1.179155	1.677698	1.586824	2.090187	1.222770	-0.277345	1.328131	0.803767	0.886189	1.312795	-0.574974	0.134879	1.112940	0.351005	1.724723	0.064866	-0.095602	0.369849	1.609933	0.595163	-0.067693	-0.617706	1.398351	-0.417097	0.445798	0.578205	-0.479915
0.598974	1.244611	2.000043	0.997644	1.552937	1.701293	2.013476	2.256641	0.998606	0.500547	-0.048904	0.521028	1.239742	0.348662	0.681974	-0.132646	1.300368	0.628489	1.545817	1.670704	0.387367	1.223912	-1.028023	2.025035	0.606167	1.752789	0.885815	-0.083879	1.154275	0.881122	0.802291	1.695834	1.631416	0.595145	1.525113	0.946554	-0.943278	0.821322	-0.822594	0.663283	1.449381	1.040543	2.035751	1.270280	-0.426825	0.220127	2.136243	1.137176	0.079648	-0.859089	1.734895	-0.187428	-0.234417	2.245892	-0.447084
0.954263	2.260291	1.267160	0.512049	1.435177	1.553547	2.708927	1.608506	2.455765	2.386539	-0.513719	0.285055	2.519648	0.229841	-0.640679	0.441906	2.072398	0.994413	1.173545	1.006935	-0.204005	0.368073	0.217860	2.226367	0.685837	2.408858	1.794426	0.429862	2.038251	-0.397384	0.461976	1.791816	2.283909	0.791820	0.224565	1.523808	-2.963276	0.092283	0.238480	1.531064	2.578122	2.670034	2.815973	2.692365	0.498392	1.113380	2.621536	2.233977	-0.379643	-0.096632	2.519251	0.888589	-1.226287	3.419365	0.143465
1.130248	2.308057	0.304407	-0.461794	1.256318	1.091685	2.930026	0.325357	2.880759	3.255236	-0.790991	-0.240385	2.845285	0.126285	-1.403932	0.952485	2.491896	1.742589	0.640281	0.240040	-1.056762	-0.181134	2.094761	2.297431	0.415707	2.860001	1.973949	1.275203	2.500482	-1.385683	0.397608	2.029988	2.296140	-0.115898	-1.440121	2.080620	-3.078632	-0.271481	1.417382	2.250562	2.958879	3.447247	2.938262	2.491975	1.551609	1.864164	2.380619	2.936046	-0.899764	0.833453	2.550729	2.103603	-1.918052	3.126361	0.818560
0.824721	0.816150	-0.304663	-0.975795	0.740424	0.549443	2.132605	-0.874734	1.533521	2.128650	-0.740040	-0.849550	1.782072	-0.091006	-0.993703	0.966816	1.860890	1.917616	0.079895	-0.323363	-1.659424	-0.264497	2.869212	1.624787	0.351144	2.182144	1.018368	1.333242	1.633158	-1.823579	0.072445	1.651778	1.231570	-1.121464	-1.827082	2.232735	-1.224169	0.026688	1.940583	2.356736	1.714193	2.453461	1.798217	0.605043	1.551552	1.577677	1.218029	2.578578	-0.729877	0.989791	1.205700	2.585585	-1.937376	1.531865	1.123158
0.214413	-0.807094	-0.346570	-0.668743	0.231948	0.331093	0.767146	-1.262841	-0.404719	0.201719	-0.601732	-1.227281	0.317252	-0.515755	-0.170931	0.543780	0.639367	1.207954	-0.180824	-0.506671	-1.675756	-0.195483	2.132320	0.415317	0.421187	0.689492	-0.272278	0.476642	0.256498	-1.798436	-0.601572	0.527817	-0.100074	-1.163373	-0.580446	1.959722	0.523379	0.691068	1.914153	1.601003	-0.070426	0.724435	0.285883	-0.912210	0.764428	0.688055	-0.132996	1.460834	-0.088341	0.274022	-0.770439	2.308928	-1.482704	-0.229252	0.967090
-0.227879	-0.868904	-0.031096	-0.114900	0.377292	0.659380	-0.160641	-0.484139	-1.225468	-0.543397	-0.623568	-1.221070	-0.370214	-1.164120	-0.138769	-0.004431	-0.117855	0.212510	0.072497	-0.281979	-1.177774	-0.290857	0.719423	-0.447435	0.227979	-0.383661	-0.642976	-0.330814	-0.152522	-1.271973	-1.105309	-0.697718	-0.450597	-0.402991	1.175719	1.459793	0.440459	1.222815	1.634214	0.238617	-0.661804	-0.094507	-0.245676	-0.351094	0.344410	0.183636	-0.774342	0.385047	0.249103	-0.549810	-2.041108	1.915587	-0.895044	-1.027744	0.547154
-0.228515	0.499751	0.311555	-0.021566	1.138849	1.155489	-0.131127	1.018249	-0.525259	0.398140	-0.642575	-0.899815	-0.187339	-1.803672	-1.074041	-0.470599	0.060481	-0.296668	0.544867	0.162149	-0.525711	-0.386391	-0.397587	-0.447877	-0.142542	-0.243592	0.315164	-0.269518	0.621884	-0.190170	-1.009044	-1.274650	0.361086	0.272948	2.163573	0.918285	-0.897919	1.372437	1.072519	-0.971239	0.192166	0.365264	0.356463	1.623660	0.681444	0.331861	-0.576927	-0.158483	0.226951	-0.651869	-1.990420	1.635318	-0.190720	-0.602037	0.136575
0.060359	1.526519	0.506853	-0.359986	1.637505	1.079990	0.446302	2.149610	0.593044	1.649277	-0.292842	-0.337202	0.021452	-2.001924	-1.907743	-0.773919	0.624898	-0.229947	0.587075	0.380460	-0.114201	-0.047399	-0.881631	-0.020645	-0.027421	0.624459	1.837178	0.388671	1.316457	1.090545	-0.543829	-1.036658	1.188451	0.528330	2.043452	0.405419	-1.578589	1.115348	0.104606	-1.356532	1.045073	1.022662	0.925687	2.886181	0.984962	0.546614	-0.210297	-0.218569	0.509305	0.121379	-1.129549	0.982262	0.747529	0.409454	-0.018000
0.246676	0.895964	0.489251	-0.507873	1.130453	0.163972	0.737692	2.054854	0.768254	1.670633	0.388541	0.410990	-0.384716	-1.524535	-1.582227	-0.825750	0.642921	-0.227949	-0.116642	-0.053669	-0.114881	0.695234	-0.984759	-0.023035	0.938160	0.981101	2.791189	0.676145	0.783870	1.876302	-0.339522	-0.560725	0.887938	0.715376	1.295867	-0.123560	-0.803133	0.456321	-1.119028	-0.979006	0.524195	0.754370	0.442057	2.256405	0.483939	0.260261	-0.394949	-0.098204	1.174014	1.146297	-0.404840	-0.299047	1.643501	1.097349	0.202927
0.063446	-0.863191	0.158096	-0.136318	-0.142788	-0.963662	0.296199	0.883198	-0.440085	0.363106	0.828720	1.005318	-1.190699	-0.664370	-0.258791	-0.623856	-0.260994	-0.864858	-1.132043	-1.033754	-0.335499	1.110178	-1.065441	-0.750877	2.104947	0.144979	2.543067	0.058898	-0.727837	1.706519	-0.719310	-0.620319	-0.428942	0.955034	0.521162	-0.709727	0.324444	-0.473351	-2.167397	-0.516398	-1.162413	-0.435601	-0.833839	0.460909	-0.545313	-0.447173	-1.192594	-0.083921	1.315766	1.516648	-0.322481	-1.495649	1.828678	0.897493	0.655349
-0.352753	-2.140578	-0.463483	0.377751	-1.242624	-1.355798	-0.574367	-0.455438	-2.288425	-1.119113	0.571638	0.876385	-1.723873	-0.073715	0.903664	-0.387389	-1.545725	-1.886360	-1.666665	-1.793085	-0.383112	0.565189	-1.197526	-1.571963	2.342599	-1.267765	1.210132	-0.982420	-1.992516	0.737405	-1.346773	-1.299769	-1.637450	0.861250	0.040666	-1.190343	0.460323	-1.261753	-2.553026	-0.450575	-2.568155	-1.608201	-1.796766	-0.963786	-1.196656	-1.047823	-1.905677	-0.293850	0.393708	0.802053	-0.670986	-1.598746	0.945923	-0.141099	1.011095
-0.549130	-2.037305	-0.994870	0.502630	-1.481381	-0.714394	-1.170061	-1.187447	-3.420311	-1.683715	-0.082382	-0.052372	-1.583193	-0.190415	1.035743	-0.339642	-2.242914	-2.384758	-1.358889	-1.600420	-0.090362	-0.561695	-1.141333	-1.592457	1.335781	-2.029728	-0.494545	-1.496765	-2.148337	-0.426504	-1.579394	-1.772483	-1.849455	0.343371	-0.114315	-1.232899	-0.209536	-1.454988	-1.981756	-0.551953	-2.571848	-1.958933	-1.756818	-1.147232	-1.044469	-1.154198	-1.683331	-0.589667	-0.753091	-0.458517	-0.899293	-0.574886	-0.470488	-1.386807	1.081423
-0.297054	-1.210947	-1.018169	0.168547	-0.993231	0.280703	-1.165004	-1.157445	-2.933612	-1.206926	-0.366413	-0.953429	-0.942448	-0.736299	0.411352	-0.407995	-1.898443	-1.832235	-0.667698	-0.687349	0.211145	-1.199457	-0.664005	-0.699821	0.027204	-1.734578	-1.626065	-1.169344	-1.459375	-1.255474	-1.233857	-1.283776	-1.191205	0.021664	-0.115975	-0.781473	-0.317726	-0.960692	-0.621918	-0.317563	-1.463216	-1.590404	-1.086526	-0.376684	-0.533545	-0.859067	-0.421030	-0.746182	-0.992011	-1.157572	-0.748311	0.454616	-1.337522	-1.986311	0.952737
-0.043291	-1.004660	-0.730092	-0.393437	-0.506336	0.573434	-1.055751	-0.603163	-1.257157	-0.468282	0.056384	-0.898983	-0.354869	-0.803793	0.058604	-0.383253	-1.111274	-0.819955	-0.475466	-0.192929	-0.011124	-0.911472	0.072440	0.208387	-0.482148	-1.256816	-1.621991	-0.774681	-0.915532	-1.699616	-0.925413	-0.228574	-0.419805	0.440979	-0.193020	-0.364853	0.825672	-0.065965	0.815653	0.230647	-0.558211	-1.299083	-0.733266	0.377497	-0.389822	-0.587689	0.946853	-0.815910	-0.561082	-0.783279	-0.544027	0.409611	-1.014250	-1.519990	0.715777
-0.511675	-1.820749	-0.841188	-1.078269	-0.626125	-0.272277	-1.586203	0.149301	0.146743	-0.409932	0.776990	-0.009032	-0.274628	0.282610	0.666863	-0.303048	-0.940014	-0.465802	-1.159524	-0.860807	-0.776092	-0.444146	0.522893	0.227760	-0.282595	-1.547136	-0.836055	-1.267230	-1.182209	-2.014581	-1.324934	0.258316	-0.014977	1.263936	-0.380492	-0.572083	2.255949	0.864134	1.528848	0.515702	-0.774671	-1.633860	-1.183152	0.321939	-0.864710	-0.651326	1.307718	-1.104713	-0.667815	-0.023277	-0.740125	-0.613299	0.129372	-0.415780	0.236191
-1.680717	-2.532089	-1.554065	-1.752266	-1.231700	-1.555413	-2.613113	0.697633	0.266149	-1.215527	1.208192	0.670981	-0.598107	1.999738	1.831476	-0.371772	-1.604153	-1.013366	-2.009508	-1.949042	-1.306766	-0.622674	0.314000	-0.449204	-0.457910	-2.275249	-0.290155	-2.395132	-1.886778	-2.146617	-2.040600	-0.193107	0.159530	1.635914	-0.432237	-1.176469	2.430906	1.496438	1.324536	0.222018	-1.613039	-2.202160	-1.903723	-0.499764	-1.530284	-0.936836	0.565531	-1.599124	-1.505573	0.122923	-1.172979	-1.559581	1.141702	0.448112	-0.599390
-2.467921	-1.809896	-2.043079	-1.913232	-1.578780	-2.032108	-2.942705	0.627930	-0.398344	-1.996736	1.116624	0.484107	-0.733019	2.837224	2.340557	-0.520209	-2.070928	-1.417724	-1.867243	-1.944368	-0.814699	-1.125122	-0.276513	-0.804154	-1.461362	-2.216713	-0.592442	-2.710897	-2.007016	-1.598836	-1.793082	-0.706194	0.333773	1.135103	-0.161852	-1.262707	1.034212	1.445237	0.695222	-0.229739	-1.740461	-2.071973	-1.901139	-1.305662	-1.727305	-1.064600	-0.314228	-1.700078	-1.820779	-0.393724	-1.133268	-1.626298	1.341247	0.596320	-1.490664
-1.849028	0.060585	-1.431943	-1.113903	-1.120526	-1.209413	-1.719465	-0.090390	-0.592601	-1.699510	0.580055	-0.100046	-0.311278	1.907076	1.433522	-0.389548	-1.298376	-0.669248	-0.521124	-0.455591	0.414415	-0.957701	-0.614461	-0.362404	-2.273129	-0.941074	-1.192402	-1.369644	-1.083200	-0.245689	-0.088429	-0.442449	0.350512	0.103982	0.176360	-0.471262	-0.660292	0.521799	0.123633	-0.275338	-0.648816	-0.927339	-0.879983	-1.423313	-1.229441	-0.838293	-0.529402	-0.916471	-0.865554	-0.772106	-0.356346	-1.002043	0.724801	0.257985	-1.832422
-0.198440	1.363352	-0.061046	0.215908	-0.143367	0.104095	0.286500	-0.824121	0.053247	-0.436359	-0.123525	-0.234232	0.303560	0.140136	-0.151901	0.142003	0.359173	0.795741	0.922227	1.169757	1.199165	0.042720	-0.440129	0.239129	-1.727628	0.547690	-1.094714	0.543510	0.154899	1.013394	1.786465	0.240871	0.060202	-0.743435	0.150432	0.372060	-1.266642	-0.732345	-0.350197	0.018273	0.671750	0.440959	0.362555	-0.945044	-0.423532	-0.416055	-0.291055	0.318531	0.323388	-0.531652	0.502635	-0.387085	-0.174686	-0.116971	-1.328200
0.993712	1.156785	0.830948	0.960565	0.590831	0.764481	1.387999	-0.774010	0.706143	0.511891	-0.470737	0.226659	0.508783	-0.702141	-0.803917	0.691889	1.500875	1.578170	1.357917	1.488186	0.938944	0.917688	-0.044383	0.295556	-0.282245	1.106803	-0.255280	1.245345	0.661021	1.076475	2.137482	0.468248	-0.110194	-0.844352	-0.193251	0.335288	-0.750029	-1.216789	-0.719971	0.152826	1.026132	1.014070	0.866778	-0.413766	0.184550	-0.023055	-0.179016	1.002025	0.429296	-0.002026	0.741583	-0.105619	-0.657407	-0.319853	-0.396263
0.866726	0.382422	0.665101	0.629016	0.691695	0.577614	0.945291	0.034284	0.627851	0.282597	-0.076591	0.707630	0.294850	-0.145715	0.034002	0.805059	1.325428	1.085853	0.916309	0.692054	0.351358	0.904222	0.223978	0.047439	0.461446	0.759560	0.330738	0.529235	0.327332	0.101746	0.973136	0.184305	0.311309	-0.195843	-0.346915	-0.311394	-0.116557	-0.505809	-0.698874	0.006938	0.495231	0.654419	0.569081	-0.119647	0.423675	0.262383	-0.170407	0.751317	-0.254164	0.294990	0.506491	0.014340	-0.393452	-0.341819	0.189325
0.095345	0.186150	0.072027	-0.044770	0.355597	0.217539	-0.040112	0.594751	0.089346	-0.469664	0.618210	0.697979	0.132028	0.576575	1.059253	0.476253	0.373240	0.143307	0.407874	0.042613	0.276929	0.335182	0.264692	0.073926	-0.025402	0.233832	0.069170	-0.228798	-0.130741	-0.602277	-0.124646	-0.001344	0.823024	0.518832	-0.116983	-0.539949	0.027084	0.401892	-0.233030	-0.033982	0.011542	0.027370	0.112898	-0.015298	0.322965	0.328361	0.045833	0.170217	-0.516649	0.206894	0.301128	0.085311	0.164038	-0.224126	0.093099
-0.266982	0.220461	-0.247427	-0.219844	-0.086997	0.084033	-0.422368	0.154434	-0.256793	-0.572666	0.624403	0.220367	0.140331	0.357712	0.784221	0.088098	-0.355372	-0.250927	0.079089	0.005959	0.381986	-0.073350	0.088141	0.206524	-0.569244	-0.171555	-0.428637	-0.247756	-0.314066	-0.339633	-0.193428	0.019971	0.427458	0.513951	0.103750	-0.088412	-0.021666	0.303907	0.146012	0.221611	-0.097592	-0.318265	-0.115472	-0.058641	-0.092258	0.000402	0.209129	-0.056656	-0.140374	-0.117278	0.090406	-0.046657	0.229477	-0.074463	-0.273344
-0.182700	-0.279892	-0.374584	-0.072289	-0.401666	-0.057524	-0.223652	-0.686624	-0.256006	-0.010738	-0.203257	-0.283450	0.011116	-0.343136	-0.386238	-0.023965	-0.422110	-0.072451	-0.280576	-0.033956	-0.076847	-0.155965	-0.171982	-0.044692	-0.234084	-0.503674	-0.371618	-0.185276	-0.426590	0.131204	0.097949	-0.142175	-0.642271	-0.097328	0.036964	0.281475	0.065558	-0.465202	0.030737	0.438478	-0.222669	-0.344316	-0.217161	-0.195062	-0.573891	-0.512216	-0.099998	0.077257	0.104921	-0.390290	-0.338116	-0.405706	-0.237673	-0.012843	-0.319721
-0.238670	-0.744265	-0.521685	-0.205772	-0.339868	-0.284731	-0.087773	-0.683655	-0.095697	0.192009	-0.648919	-0.279156	-0.222195	-0.368527	-0.646134	0.164118	-0.037226	0.093744	-0.446204	-0.365058	-0.698711	-0.113579	-0.159534	-0.355573	0.289239	-0.488118	0.072509	-0.547641	-0.518384	-0.095442	-0.132239	-0.374118	-0.821618	-0.268799	-0.069014	0.033551	0.096563	-0.533748	-0.218659	0.328734	-0.381089	-0.194215	-0.214269	-0.178232	-0.596624	-0.540396	-0.434636	0.214441	-0.084712	-0.280586	-0.537079	-0.675119	-0.399693	-0.028636	-0.006529
-0.467788	-0.155855	-0.434737	-0.545167	0.139022	-0.227281	-0.213176	0.376885	0.151473	-0.401838	0.296642	0.382204	-0.093739	0.451238	0.641789	0.381625	0.278080	-0.040926	-0.047622	-0.467849	-0.392831	-0.025753	0.269071	-0.031706	-0.011639	0.043677	0.213152	-0.724854	-0.342043	-0.745441	-0.669101	-0.169644	0.496804	0.553931	-0.067700	-0.498268	-0.002598	0.292285	-0.127908	0.124404	-0.125530	-0.020517	0.034911	0.139073	0.012285	0.177715	-0.017890	0.196593	-0.353934	0.227324	0.036418	-0.571542	0.172566	-0.054867	0.193536
-0.392591	0.926507	-0.040660	-0.562060	0.529974	0.146053	-0.412619	1.319078	0.342342	-1.022948	1.786101	1.115015	0.428890	1.130818	1.926427	0.327107	0.057207	-0.268701	0.479719	-0.113333	0.761701	0.053552	0.628906	0.589441	-0.793289	0.410802	-0.150299	-0.268603	-0.088287	-0.969627	-0.839131	0.306985	1.687155	1.406653	-0.378785	-0.863026	0.201787	0.577949	0.032913	0.174482	0.395649	-0.084374	0.315662	0.448475	0.630798	0.886249	0.782944	0.078660	-0.679469	0.582935	0.803867	-0.217907	0.644089	-0.194043	-0.000332
0.113834	0.927121	0.113985	-0.159401	0.246132	0.250997	-0.625354	0.964173	0.123887	-0.872520	1.939941	1.115674	0.721709	0.785962	1.577236	0.105329	-0.551541	-0.191986	0.350927	0.187517	1.398232	0.043105	0.420778	0.445009	-0.997843	-0.145213	-0.693958	0.129637	-0.378478	-0.661468	-0.534697	0.375103	0.986859	0.938401	-1.303599	-1.073993	0.812900	-0.584402	-0.270422	0.426971	0.350305	-0.496498	0.159198	0.316644	0.515856	0.688065	0.758589	-0.009984	-1.345569	0.195836	0.554154	0.008852	-0.060491	-0.638770	-0.298177
0.703171	-0.323639	-0.278259	0.307854	-0.498407	-0.181938	-0.777119	-0.548447	-0.469507	-0.190921	0.253671	0.409230	0.426566	-0.432562	0.126619	0.262217	-0.662541	0.447878	-0.227817	0.145087	0.769399	0.096449	-0.018635	-0.512900	-0.508801	-1.122604	-1.108732	-0.230407	-1.223270	-0.454735	-0.027296	0.036921	-0.943716	-0.694234	-2.302281	-1.196228	1.061679	-2.133125	-0.869067	0.636592	-0.475089	-0.838983	-0.354600	-0.200389	-0.193422	-0.195651	-0.279534	0.164635	-1.979365	-0.772497	-0.736523	-0.124233	-1.692554	-1.260733	-0.281721
1.068621	-1.222550	-0.647203	0.585068	-0.813764	-0.550987	-0.565101	-1.936226	-0.669645	0.236908	-1.657284	-0.101064	-0.015600	-1.555779	-0.558022	1.052220	0.325134	1.409583	-0.217548	0.166892	-0.286788	0.418569	0.042527	-1.109801	-0.116861	-1.254305	-1.205572	-0.847555	-1.727083	-0.690335	0.538042	-0.045206	-1.858157	-1.900107	-2.519003	-1.075862	0.385310	-2.467120	-1.132353	0.780086	-1.123333	-0.536388	-0.525110	-0.593062	-0.597650	-0.698045	-1.122302	0.739424	-1.667644	-1.460863	-1.594164	-0.538138	-2.747899	-1.506770	0.025122
1.132612	-0.660177	-0.364921	0.657043	-0.288906	-0.220001	0.088886	-2.029825	0.131705	0.172448	-1.928378	0.167467	-0.056966	-1.636852	0.163675	1.840097	1.662299	1.878858	0.655826	0.524213	-0.589321	0.772643	0.571984	-0.717153	-0.106337	-0.325382	-0.803736	-0.733635	-1.216998	-0.989721	0.949754	0.195847	-0.923702	-1.581872	-1.789920	-0.771245	-0.446366	-1.470586	-0.923147	0.903563	-0.709709	0.303968	-0.041534	-0.521366	-0.173510	-0.328640	-0.904332	1.351573	-0.251227	-1.168981	-0.915441	-0.913428	-2.090881	-0.962144	0.272407
0.895746	0.501222	0.310458	0.564205	0.442251	0.529586	0.646704	-0.794804	1.293941	0.021271	-0.446148	0.732550	0.191574	-0.476515	1.078740	1.669140	1.842524	1.162302	1.344065	0.776023	-0.040388	0.685166	0.753701	-0.146499	0.138238	0.489118	0.054570	0.179775	-0.132089	-0.842744	0.782864	0.027087	0.429316	-0.252898	-0.651079	-0.645883	-0.210353	-0.274322	-0.599128	0.779387	0.315626	0.844683	0.454864	-0.190910	0.586068	0.304937	-0.217228	1.264213	1.198684	0.002345	0.606627	-0.825796	-0.136454	0.052131	0.284540
0.407277	0.706876	0.648332	0.358831	0.514984	0.840530	0.489520	0.732155	1.394825	0.026224	1.302821	0.779892	0.207635	1.195870	0.998876	0.381437	0.384067	-0.400610	0.832750	0.432492	0.573899	0.181053	0.174662	-0.311173	0.945974	0.294095	0.881819	0.992601	0.596854	-0.217704	-0.009240	-0.800404	0.694355	0.877729	0.486047	-0.711155	0.941849	0.473023	-0.198590	0.118264	0.703112	0.486035	0.208750	-0.105122	0.799156	0.423928	-0.062867	0.142113	1.518952	1.282960	1.420447	-0.013207	1.663815	0.703030	0.135042
-0.182107	-0.259958	0.447029	0.129283	-0.116604	0.376922	-0.243489	1.425499	-0.038062	-0.102837	1.916622	0.237284	-0.200955	2.259017	0.271753	-1.150099	-1.465751	-1.541901	-0.516612	-0.266268	0.710455	-0.145458	-0.556639	-0.824966	1.548213	-0.366312	1.060459	0.991753	0.668041	0.534326	-0.669726	-1.414354	0.138529	1.302167	1.637387	-0.394264	1.484096	1.152490	0.617599	-0.912715	-0.015851	-0.419011	-0.600259	-0.536720	0.209438	-0.014680	-0.439871	-1.433390	0.742915	1.848019	1.002009	1.220374	2.287546	0.551529	-0.145056
-0.674186	-1.174296	0.138865	-0.047173	-0.736425	-0.294784	-0.728997	1.027780	-1.750450	-0.598275	1.254092	-0.243110	-0.699427	2.115011	0.044164	-1.882870	-2.074755	-1.334892	-1.402578	-0.640084	0.542993	0.082113	-0.630196	-0.638895	1.003451	-0.457672	0.479006	0.382693	0.487647	1.122118	-0.368635	-0.955135	-0.042147	1.343669	2.664232	0.623979	0.537130	2.051326	1.671626	-1.674209	-1.002225	-1.023715	-1.106174	-1.231090	-0.631174	-0.516148	-0.556120	-2.406316	0.000369	1.409323	0.212333	1.949528	1.927735	0.079256	-0.582711
-0.911945	-1.026081	0.079101	-0.119676	-0.796244	-0.426524	-0.427230	0.202479	-2.073889	-1.045961	0.178023	-0.212728	-0.873339	1.128044	0.586581	-1.501309	-1.174332	-0.198725	-1.103541	-0.425072	0.461080	0.474473	-0.122513	0.339825	-0.425152	0.050034	-0.304125	-0.149159	0.366144	1.429580	0.681962	0.158087	0.381856	1.227941	2.889732	1.684851	-0.903271	2.510509	1.982838	-1.638315	-1.193720	-0.945288	-0.895780	-1.609037	-1.057227	-0.762660	-0.073657	-2.190889	0.237533	0.388971	-0.039144	1.373003	1.378266	0.119716	-1.025191
-0.821028	-0.145838	0.164335	-0.053566	-0.443176	0.041927	0.281511	-0.290259	-0.751796	-0.778688	-0.484040	-0.001753	-0.649169	0.129151	0.894378	-0.541039	0.055576	0.604756	-0.157861	0.001160	0.471702	0.313277	0.104790	1.027222	-1.439885	0.296986	-0.691814	-0.239884	0.175435	1.317806	1.335835	0.699040	0.447113	0.596337	1.736547	1.740349	-1.242873	1.635085	0.868284	-0.909682	-0.477223	-0.512512	-0.424032	-1.315309	-0.909503	-0.822951	0.477324	-1.128700	1.189389	-0.468621	0.165224	-0.198784	0.921620	0.764859	-1.168890
-0.426404	0.438779	0.175761	0.121624	-0.107168	0.458159	0.567485	-0.368595	0.907282	0.197562	-0.607248	-0.220306	-0.253471	-0.391397	-0.030531	0.185993	0.447293	0.364872	0.433799	0.190835	0.253149	-0.560993	-0.444074	0.593139	-1.201988	-0.107783	-0.721559	0.017048	-0.121854	0.662226	0.888477	0.225454	-0.497127	-0.792793	-0.341168	0.598174	-0.264818	-0.411598	-0.940447	-0.129694	0.432651	-0.198059	-0.252152	-0.590968	-0.460086	-0.806429	0.523191	-0.059209	1.645547	-0.705629	0.223531	-1.402638	0.166009	1.088453	-0.831938
0.160358	0.291728	0.166594	0.313653	0.100715	0.250327	0.128482	-0.501218	1.541390	1.038808	-0.530213	-0.799400	0.112689	-0.507119	-1.765007	0.319484	-0.024912	-0.457085	0.329008	0.124840	-0.290308	-1.449389	-1.159842	-0.439468	-0.141032	-0.542382	-0.831948	0.477335	-0.117408	-0.294574	-0.063423	-0.390720	-1.738206	-2.193063	-1.971553	-0.746490	0.794505	-2.229782	-1.824978	0.174822	0.936352	-0.129481	-0.294946	-0.035016	0.023447	-0.619605	0.203110	0.487033	0.740198	-0.404104	0.010512	-1.215160	-1.008305	0.211921	-0.070472
0.758004	-0.136112	0.306534	0.463685	0.363342	-0.385244	-0.474497	-0.887281	1.006496	0.991854	-0.441577	-0.888576	0.453811	-0.485611	-2.662416	0.203847	-0.540764	-0.941633	0.005097	0.064331	-0.746620	-1.453299	-0.982916	-0.805996	0.757044	-0.292884	-1.022068	1.034164	0.472447	-0.906091	-0.440716	-0.167405	-1.943931	-2.317103	-2.108675	-1.089759	0.894203	-2.424766	-1.029213	0.140993	0.997618	-0.157759	-0.060855	0.062918	0.463254	-0.126702	0.079339	0.644919	-1.007873	0.049975	-0.070012	-0.131635	-1.825371	-1.440044	0.857569
1.093009	-0.229327	0.505512	0.528976	0.721729	-0.704646	-0.464418	-1.025571	0.169034	0.275377	-0.256874	0.013841	0.807537	-0.471005	-1.679475	0.358930	-0.427414	-0.708309	0.009696	0.127402	-0.647207	-0.448524	0.240216	0.021164	0.975129	0.512134	-0.696576	1.323339	1.175312	-0.714849	-0.052077	0.736344	-0.691180	-0.849325	-1.016269	-0.218506	0.252722	-0.975203	0.470814	0.306535	0.837092	-0.074805	0.606589	0.086220	0.827926	0.599409	0.372862	0.805362	-2.059453	0.310063	0.158575	0.470126	-1.410869	-2.326700	1.521396
0.879618	0.213190	0.489565	0.357622	0.948077	-0.312142	0.288998	-0.299352	-0.150171	-0.197653	0.010513	1.098754	0.974137	-0.492271	0.217122	0.691061	0.303793	-0.098131	0.334230	0.199917	-0.109685	0.671475	1.355182	1.227886	0.651307	1.174395	0.439493	0.900400	1.244133	0.018898	0.302743	1.327560	1.063455	0.932150	0.125012	0.877098	-0.279918	0.707699	1.087252	0.739536	0.633937	0.343680	1.316651	0.639819	1.023723	1.265997	0.765887	0.977098	-1.433501	0.248410	0.361308	0.098204	-0.062506	-1.440553	1.518313
0.144739	1.013877	0.271013	-0.174276	0.841930	0.340387	1.143034	1.102469	0.165549	0.103183	0.135761	1.003933	0.626547	-0.546833	0.978671	0.498561	1.102517	0.343475	0.563024	0.181120	0.263662	0.869384	1.124339	1.537421	0.210066	1.308963	1.713604	-0.010523	0.716170	0.619939	0.001790	1.053370	2.000624	1.452644	0.475991	0.988543	-0.331106	1.165480	0.398670	0.763352	0.556171	1.174561	1.589428	1.703836	0.992622	1.559758	0.851010	0.751930	0.185712	0.016152	0.275395	-0.289541	0.885379	0.476717	0.878651
-0.540337	1.753909	0.233780	-0.775297	0.470503	0.508975	1.393963	2.128923	0.654728	0.779857	0.032233	-0.385729	-0.168124	-0.587388	-0.110913	-0.503770	1.330215	0.325634	0.437815	0.128472	0.173346	0.100486	-0.256563	0.605960	0.075906	1.106892	2.145961	-0.433474	0.421730	0.769339	-0.594186	0.330728	1.675147	0.571146	0.231714	-0.012502	-0.161191	0.342219	-0.544888	-0.100885	0.693221	2.002531	1.320603	2.438579	0.814196	1.370194	0.553419	-0.022109	1.233666	-0.058192	0.156034	0.272978	0.668701	1.721035	0.164766
-0.471998	1.855150	0.569404	-0.783227	0.091606	0.108504	1.014235	1.888962	0.790526	1.111583	-0.111790	-1.540226	-0.723306	-0.534459	-1.547922	-1.456274	0.788168	-0.053521	0.119992	0.146637	-0.023646	-0.616428	-1.271527	-0.562418	0.419882	0.860843	1.602480	0.195922	0.785990	0.725864	-0.659835	-0.129143	0.680854	-0.433465	0.088498	-0.918169	-0.065235	-0.501987	-0.649263	-1.161802	0.833708	2.073507	0.806842	2.057802	0.641033	0.887537	0.130996	-0.761807	1.075537	0.175745	0.333390	1.322391	0.005113	1.518228	-0.048033
0.351638	1.042954	0.892064	0.063657	-0.069841	-0.202191	0.587163	0.602169	0.455918	0.967401	-0.218830	-1.159167	-0.399641	-0.406944	-1.587799	-1.224320	0.018916	-0.351615	-0.056343	0.255901	0.067680	-0.412227	-0.853395	-0.731502	0.888488	0.607121	0.805429	1.134238	1.190801	0.795293	0.045247	-0.105834	-0.171775	-0.594025	0.265827	-0.506103	-0.083167	-0.388587	-0.034013	-1.165654	0.645620	1.180166	0.434404	0.810756	0.558174	0.454037	-0.109928	-0.681075	0.525537	0.422114	0.592153	1.580066	-0.072897	0.657256	0.224445
1.040374	-0.105291	0.715907	1.036845	0.000798	0.021221	0.526315	-0.676254	0.057172	0.800838	-0.509265	0.062114	0.474433	-0.393481	-0.544217	0.023297	-0.170604	-0.114697	0.025159	0.379277	0.226562	0.343092	0.348511	0.102223	0.831344	0.302872	0.280493	1.223630	0.913654	0.885558	0.878638	0.135476	-0.585475	-0.375679	0.327674	0.904939	-0.212884	0.214256	0.404663	0.009860	0.205832	0.134880	0.319296	-0.229792	0.492942	0.223102	-0.097391	0.185152	0.498098	0.235683	0.408208	0.716467	0.228445	0.209129	0.432701
0.763532	-0.576514	0.144702	1.068468	0.083027	0.342688	0.569760	-1.183336	0.060516	0.807704	-1.006519	0.371564	0.803957	-0.635901	-0.156968	0.832120	0.282007	0.541724	0.164759	0.380349	-0.026166	0.537005	0.845274	0.726498	0.104704	0.056737	-0.095712	0.447386	0.214993	0.735861	1.029260	0.295239	-0.719763	-0.676884	-0.034810	1.716596	-0.480936	0.212898	0.276157	0.961257	-0.024384	-0.143940	0.217693	-0.407804	0.261436	0.016514	-0.037145	0.866159	0.814562	-0.373714	-0.258524	-0.273727	-0.047858	0.257680	0.178284
-0.188602	-0.136552	-0.239052	0.124607	-0.024822	0.138053	0.279754	-0.989179	0.367739	0.622057	-1.192872	-0.546841	0.133198	-0.909153	-0.894649	0.349166	0.562331	0.887883	0.132860	0.185238	-0.548226	-0.132329	0.217291	0.340405	-0.588922	0.003174	-0.433597	-0.137603	-0.096265	0.367689	0.414525	0.260781	-0.689186	-1.273511	-0.436954	1.060499	-0.734903	-0.446843	0.001871	0.557908	0.110395	0.196471	-0.089691	-0.121831	-0.151744	-0.314873	-0.121506	0.614665	0.754460	-0.827609	-0.782204	-0.473491	-0.837118	0.240112	-0.279155
-0.653586	0.372867	-0.082951	-0.550954	-0.173350	-0.326187	-0.130483	-0.505445	0.418013	0.112629	-0.661878	-1.150105	-0.604151	-0.768964	-1.276424	-0.555158	0.191896	0.485646	-0.015268	-0.031154	-0.592788	-0.679384	-0.440312	-0.355082	-0.522958	0.118243	-0.428807	0.077877	0.153081	0.086942	-0.212788	0.088543	-0.397495	-1.146559	-0.323376	-0.052596	-0.702227	-0.715630	0.020582	-0.462386	0.247149	0.315154	-0.353230	-0.035377	-0.356075	-0.486962	-0.222323	-0.119775	0.266685	-0.581418	-0.586584	-0.050322	-0.972557	-0.015037	-0.334876
-0.019980	0.236986	0.398592	0.005404	-0.036336	-0.222515	0.002319	-0.022204	0.024070	-0.080411	0.067817	-0.417517	-0.321759	-0.232829	-0.351396	-0.632429	-0.213733	-0.110658	-0.041169	0.046672	0.079946	-0.222448	-0.109909	-0.252401	0.129138	0.284844	0.058302	0.596750	0.446017	0.143233	-0.119367	-0.044355	0.067627	-0.227008	0.210591	-0.120594	-0.384690	-0.073216	0.265028	-0.577725	0.146088	0.040204	-0.131952	-0.126802	0.044271	-0.124546	-0.097989	-0.326679	0.033214	0.203102	0.145396	0.351006	-0.075353	-0.123059	0.150682
0.955726	-0.196597	0.736503	1.085368	0.286688	0.455087	0.710889	0.149247	-0.269392	0.618081	0.000602	0.520191	0.594084	-0.027713	0.550396	-0.032282	0.043577	-0.041816	0.082844	0.410796	0.598517	0.719837	0.723350	0.413600	0.618419	0.402035	0.587893	0.756036	0.526130	0.548016	0.539596	-0.003207	0.179443	0.235599	0.556427	0.822389	-0.142787	0.646469	0.456394	0.232936	0.038644	0.045115	0.433546	0.038537	0.715413	0.490795	0.091044	0.150945	0.511235	0.702792	0.618364	0.519953	0.672315	0.253347	0.586856
1.108980	-0.206888	0.668945	1.222211	0.285785	0.757618	1.185565	-0.247974	0.043801	1.722850	-1.013295	0.075732	0.806893	-0.687037	-0.233682	0.157765	0.628139	0.681969	0.119385	0.628231	0.057387	0.969678	0.836942	0.430139	0.614009	0.389519	0.685382	0.561023	0.643112	1.086626	0.956485	0.127476	-0.437930	-0.570199	0.426391	1.425317	-0.240917	0.485473	0.487129	0.561862	0.137696	0.644945	0.651028	0.468541	0.819158	0.601583	-0.088362	0.509582	1.352464	0.321126	0.305879	0.603741	0.221921	0.979661	0.394942
0.374418	0.173841	0.310219	0.269145	-0.119407	0.282648	0.907266	-0.849385	0.607556	2.141720	-1.906441	-1.275805	0.058425	-1.557638	-1.901277	-0.294454	0.784791	1.204818	-0.028777	0.428799	-1.050169	0.363554	0.103831	-0.363287	0.363680	0.242053	0.416734	0.313999	0.819034	1.334909	0.722986	0.166224	-1.217845	-1.689826	0.128262	1.021175	-0.493251	-0.238245	0.401645	-0.084857	0.268146	1.202310	0.282227	0.726971	0.211407	0.087816	-0.551251	0.292865	1.755733	-0.498342	-0.398207	0.605425	-0.789850	1.483411	-0.182057
-0.265770	0.289221	-0.048170	-0.467343	-0.327356	-0.200292	0.294079	-0.793062	0.587787	1.372761	-1.542356	-1.527125	-0.481201	-1.363452	-1.975103	-0.512723	0.441953	0.870450	-0.145455	0.064962	-1.276577	-0.153454	-0.373552	-0.703201	0.102340	0.073912	0.148554	0.033562	0.606422	0.872867	0.206708	0.082064	-1.061247	-1.493726	0.054068	0.324509	-0.516845	-0.401653	0.245919	-0.538440	0.174187	0.948975	-0.098767	0.557468	-0.282657	-0.285895	-0.606367	-0.019745	1.196773	-0.705697	-0.617059	0.374627	-0.917246	1.177316	-0.375892
-0.286021	-0.109949	-0.274830	-0.282500	-0.007245	-0.114155	-0.155050	0.148083	-0.201445	-0.186552	0.031967	-0.037026	-0.139706	0.125299	0.217397	-0.030921	-0.026478	-0.168367	-0.080686	-0.178599	-0.199355	-0.052962	-0.023487	0.052084	-0.156650	-0.028087	0.030512	-0.369318	-0.153894	-0.239988	-0.193343	-0.040493	0.236969	0.245086	0.239798	-0.001078	-0.228110	0.336864	0.048181	-0.040085	-0.136106	-0.085573	-0.078758	0.096756	-0.166755	-0.075382	0.017418	0.005870	-0.131545	-0.003870	-0.106026	-0.083642	0.158366	0.092052	0.054586
