X1	X2	X3	X4	X5	X6	X7	X8	X9	X10	X11	X12	X13	X14	X15	X16	X17	X18	X19	X20	X21	X22	X23	X24	X25	X26	X27	X28	X29	X30	X31	X32	X33	X34	X35	X36	X37	X38	X39	X40	X41	X42	X43	X44	X45	X46	X47	X48	X49	X50	X51	X52	X53	X54	X55
0.210684	-0.072425	-0.233829	0.205756	-0.099217	-0.052076	-0.287574	0.107650	-0.045909	-0.019331	0.030395	0.307404	0.174862	0.185012	0.014265	0.295793	-0.076487	-0.214488	-0.136575	0.184848	0.240956	0.212261	-0.091630	-0.327159	0.504415	-0.398562	0.225663	0.019528	-0.135396	0.222625	0.166109	-0.273808	0.065952	0.315101	0.122447	-0.197923	0.297565	0.268339	-0.119329	-0.031370	-0.457256	-0.132389	-0.132491	0.026383	-0.002576	-0.186822	-0.227453	0.009479	-0.122976	-0.059822	0.142944	0.053325	0.376402	0.228669	-0.034673
-0.626197	0.204206	-0.719865	-0.181956	0.341046	-0.078164	-1.095576	0.473739	-0.187642	0.063526	-0.370935	-0.335260	-0.133932	-0.361698	-0.045747	-0.852677	-1.053409	-0.888361	-0.133920	-0.346898	-0.490673	-0.497848	0.083839	1.343029	-0.709796	-0.332793	0.221794	0.415419	-0.192083	-1.093040	-0.551043	0.315004	0.600423	1.432431	0.365405	1.293316	0.348502	0.011414	0.401854	0.549964	0.907246	-0.034846	-0.372138	0.923843	0.010775	0.136623	0.032607	0.749365	1.597388	0.727089	1.129852	1.437653	0.638860	1.215460	-0.490191
-0.664122	-0.016362	-0.856982	-0.132716	0.572762	-0.352537	-1.308592	0.349852	0.128745	0.011416	-0.188853	-0.165581	-0.517177	-0.674911	-0.077009	-0.637216	-1.388136	-1.217692	-0.405881	-0.323938	-0.251790	-0.219301	-0.090489	1.745027	-0.962140	-0.495466	0.357227	0.632800	-0.309152	-0.962092	-0.201034	0.663740	0.730690	1.234627	0.652126	1.832246	0.185950	-0.188102	0.490184	0.793471	1.005271	-0.191349	-0.565545	1.090853	-0.127238	0.010966	0.259487	1.035792	1.740227	0.430793	0.823040	1.131444	0.519110	1.205768	-0.449122
0.064456	-0.563219	-0.333300	0.221129	0.554888	-0.685621	-0.773775	-0.069653	0.717211	-0.142626	0.377167	0.426629	-0.735623	-0.716325	-0.068125	0.462322	-0.972585	-1.077289	-0.751312	0.231061	0.622989	0.630028	-0.539196	0.714319	-0.362555	-0.539815	0.442471	0.582829	-0.436741	0.268794	0.664119	0.543735	0.496535	-0.022503	0.674484	0.968604	-0.124070	-0.307972	0.067029	0.469428	0.091857	-0.472389	-0.567954	0.423356	-0.402956	-0.464929	0.353936	0.559872	0.412623	-0.600227	-0.375232	-0.554434	0.036838	0.291117	-0.119471
0.814702	-0.792181	0.712614	0.425900	0.440093	-0.695085	0.076441	-0.278216	0.904489	-0.272815	0.628732	0.468918	-0.482505	-0.561718	-0.005477	0.871666	-0.256647	-0.602716	-0.724692	0.783820	1.062520	0.849050	-0.800519	-0.772603	0.233032	-0.028943	0.162603	0.240155	-0.459031	1.071419	0.715560	-0.109153	0.277085	-0.900572	0.081814	-0.826324	-0.270991	-0.346579	-0.521458	-0.331203	-0.550047	-0.508075	-0.293227	-0.465208	-0.684806	-0.833200	0.211870	-0.418846	-0.798691	-1.042007	-0.903236	-1.664591	-0.380065	-0.546053	-0.011947
1.042478	-0.322663	1.577065	0.378007	0.425368	-0.269326	0.616199	-0.143688	0.388609	-0.230358	0.327064	-0.063314	0.191819	-0.228313	0.140940	0.166332	0.263405	-0.056869	-0.207822	0.958974	0.776894	0.160660	-0.492935	-1.528241	0.385554	0.768427	-0.404757	-0.211848	-0.272960	0.767995	-0.185641	-0.915754	0.341047	-0.553411	-0.872831	-2.275442	-0.026051	-0.258131	-0.800612	-1.075507	-0.244364	-0.149200	0.121353	-0.752442	-0.792620	-0.814048	-0.080148	-1.009474	-0.673965	-0.226328	-0.042631	-0.908293	-0.307851	-0.594696	-0.089448
0.875909	0.515719	1.669753	0.371230	0.524674	0.350212	0.643018	0.061980	-0.291862	0.091766	-0.079276	-0.221581	0.842620	0.212294	0.317305	-0.457427	0.489111	0.330266	0.431211	0.892954	0.451425	-0.471689	0.239275	-1.117613	0.372316	1.112643	-0.785939	-0.326753	0.131570	0.149515	-0.838536	-1.147048	0.522387	0.302184	-1.362202	-2.254399	0.386583	-0.036083	-0.593681	-1.130494	0.460879	0.316928	0.401689	-0.186951	-0.544887	-0.476960	-0.231294	-0.559832	0.323148	1.098045	1.174552	0.804101	0.157006	-0.151429	0.140989
0.571614	0.903219	1.091580	0.471943	0.486409	0.708271	0.471485	0.040811	-0.383048	0.503071	-0.231935	0.325907	0.932913	0.429639	0.293904	-0.087037	0.599280	0.447590	0.641149	0.738921	0.495152	-0.262456	0.749801	-0.137213	0.403043	0.729821	-0.744912	0.031306	0.499632	0.098773	-0.431403	-0.487371	0.330870	0.346905	-0.891489	-0.895554	0.353824	0.099638	-0.199115	-0.447998	0.573981	0.415760	0.320679	0.556367	0.029741	-0.064557	-0.129015	0.417234	0.753308	1.564627	1.201523	1.417120	0.382009	-0.017760	0.705610
0.025954	0.306060	0.306799	0.317807	0.062757	0.389366	0.404893	-0.256453	0.166021	0.527981	-0.328434	0.664572	0.230136	0.080137	-0.128854	0.580480	0.681551	0.328917	0.101624	0.261896	0.436823	0.370474	0.468684	0.342061	0.229059	0.052379	-0.583573	0.235694	0.356332	0.431160	0.447424	0.404648	-0.440274	-0.639908	0.056302	0.456137	-0.396633	-0.144247	-0.123333	0.249400	-0.333630	-0.011906	-0.159782	0.554762	0.552316	0.185158	-0.106311	0.690591	-0.041078	0.586924	-0.182431	0.113877	-0.050040	-0.419391	0.913636
-0.758496	-0.821446	-0.348914	-0.230299	-0.561852	-0.471110	0.387935	-0.583369	0.676623	0.027450	-0.607966	0.067493	-0.856493	-0.669229	-0.759218	0.406594	0.662188	0.114118	-0.899141	-0.585055	-0.125810	0.515503	-0.443490	-0.174417	-0.265636	-0.394235	-0.635060	-0.306993	-0.399474	0.461584	0.757904	0.560615	-1.240709	-1.521613	0.537955	0.623205	-1.257742	-0.688012	-0.535972	0.248199	-1.676083	-0.553901	-0.756519	-0.240119	0.607325	0.164737	-0.494199	-0.151434	-1.220140	-0.947406	-1.593117	-1.765890	-0.725987	-0.785222	0.332228
-1.169100	-1.337552	-0.598056	-0.636878	-0.815495	-1.009453	0.252319	-0.647958	0.539059	-0.448411	-0.829185	-0.776158	-1.394654	-1.106533	-1.038442	-0.449046	0.470715	-0.054058	-1.448211	-1.091487	-0.673621	0.022395	-1.097828	-0.974887	-0.632709	-0.449274	-0.761707	-1.056837	-1.038949	0.116151	0.345880	-0.071220	-1.269187	-1.345888	0.180679	-0.175106	-1.345199	-1.024377	-0.950195	-0.275310	-2.197726	-0.638493	-0.957901	-0.906612	0.205459	-0.027227	-0.958931	-1.054803	-1.486347	-1.445495	-1.629012	-2.267833	-0.925636	-0.681879	-0.397359
-0.590568	-0.664206	-0.249458	-0.293416	-0.428685	-0.489344	0.005654	-0.441627	-0.148366	-0.353706	-0.552321	-0.713589	-0.746505	-0.622465	-0.571584	-0.777152	0.121802	-0.076758	-0.784756	-0.572956	-0.482714	-0.411608	-0.703309	-0.839289	-0.372434	-0.258075	-0.558946	-0.875746	-0.682839	-0.096865	-0.079618	-0.546638	-0.480969	-0.498338	-0.487744	-0.690654	-0.526740	-0.720510	-0.627158	-0.462900	-1.151836	-0.234680	-0.514167	-0.725536	-0.223300	-0.166635	-0.736489	-0.747310	-0.581850	-0.330874	-0.431821	-0.968695	-0.564540	-0.433790	-0.252019
0.596504	0.496788	0.333150	0.592554	0.116237	0.697106	-0.222870	-0.180684	-0.704319	0.038449	0.259935	0.169444	0.644471	0.608595	0.401969	-0.034049	-0.269401	0.140142	0.727787	0.415439	0.149531	-0.256391	0.570708	0.438087	0.339441	-0.077939	0.114633	0.286760	0.496929	0.012674	-0.011830	-0.201830	0.339047	0.103811	-0.651220	-0.174023	0.514116	0.151370	0.523628	0.130388	0.680630	0.136007	0.209808	-0.065923	-0.285356	-0.071074	0.314530	0.608004	0.481878	1.140675	0.598293	0.704708	-0.140073	-0.442226	0.755327
1.181813	0.984982	0.313490	1.057121	0.116475	1.395650	-0.282418	0.034083	-0.579411	0.004706	1.108425	0.609487	1.566083	1.673276	1.165698	0.923114	-0.479056	0.611166	1.794271	0.508106	0.123425	0.166591	1.672120	1.582653	0.747030	-0.086486	0.967752	1.073820	1.284575	-0.018219	0.234388	0.479675	0.531413	0.334829	-0.040707	0.785218	1.082701	1.092549	1.644373	0.962326	1.623654	0.164880	0.625335	0.178157	0.018661	0.305937	1.300913	1.462340	0.612319	1.192185	0.482578	1.185711	0.075359	-0.406363	1.401736
0.432193	0.491521	-0.656773	0.363841	-0.531641	1.037277	-0.012781	0.277410	0.012057	-0.542652	1.380850	-0.148758	1.264353	1.795399	1.172324	0.944464	-0.303794	1.106351	1.584557	-0.644741	-0.944896	0.165293	1.689756	1.273872	0.400110	-0.210363	1.568784	0.395714	0.813267	-0.641186	0.016184	0.623455	0.117611	0.682675	0.805469	1.099281	1.021441	1.576366	1.845655	1.185665	0.971862	0.167963	0.622270	-0.245940	0.362379	0.832663	1.283250	0.661360	-0.260513	-0.397697	-0.322464	0.379961	0.255771	0.169690	0.698228
-1.069842	-0.283914	-1.845135	-1.179012	-1.304844	0.166712	0.600371	0.536635	0.248665	-0.858707	0.843800	-1.412815	0.170844	1.145130	0.468006	-0.039115	0.220083	1.284439	0.639879	-1.724774	-2.020380	-0.372286	0.752048	-0.185821	-0.279551	-0.183549	1.660442	-1.170183	-0.445760	-1.567088	-0.730435	0.232549	-0.620506	1.127768	1.109001	0.597685	0.601538	1.364487	1.276431	0.690054	-0.252216	0.532994	0.637384	-0.758181	0.443198	1.202684	0.470226	-1.154130	-1.279822	-1.959154	-0.690580	-0.594286	0.476690	0.984423	-0.893544
-2.048018	-0.635055	-2.096963	-2.385772	-1.657691	-0.360908	1.200799	0.598927	-0.398353	-0.422374	-0.242417	-1.992665	-0.676320	0.523730	-0.507838	-1.080292	0.741275	1.067281	0.146030	-1.352625	-1.832155	-0.831893	-0.191411	-1.112054	-0.556307	0.133754	1.176160	-2.070823	-1.306827	-1.915225	-1.285806	0.135681	-1.530298	1.004286	0.688073	0.193441	0.165296	0.550212	0.848186	0.165809	-0.679939	1.026088	0.987513	-0.879724	0.191795	1.093063	0.012384	-2.219486	-1.510006	-1.803000	-0.303692	-0.870759	0.417266	1.110100	-2.022187
-1.814463	-0.627961	-1.066870	-2.227093	-1.421581	-0.327747	1.135791	0.274041	-1.517140	0.209820	-1.324643	-1.561769	-0.745152	0.288170	-1.338431	-1.420136	0.740611	0.610935	0.493940	0.147291	-0.445560	-0.730691	-0.477051	-0.396556	-0.294944	0.448379	0.204114	-1.536680	-1.216346	-1.113519	-0.936931	0.685645	-2.310326	0.051058	0.121148	0.593944	-0.099848	-0.527430	0.931843	0.142365	-0.274679	0.914210	1.306406	-0.899429	-0.369967	0.400275	0.550141	-1.624909	-0.666447	-0.137033	0.017369	-0.594559	-0.193146	0.186103	-1.952738
-0.793872	-0.778961	0.285663	-0.835094	-0.804292	-0.221730	-0.023100	-0.327168	-2.136733	0.060373	-1.769659	-0.680455	-0.408508	0.035671	-1.718570	-1.192625	-0.096603	-0.096492	0.857370	1.129935	0.784203	-0.394106	-0.426329	1.161029	0.059055	0.138923	-0.843005	-0.226045	-0.659978	0.428698	0.149413	1.109455	-2.331079	-0.986848	0.027775	1.276274	-0.169737	-1.340534	0.870782	0.299780	-0.106726	-0.186641	0.861966	-1.303100	-1.214837	-0.631823	1.337967	-0.270639	0.626972	1.194392	-0.493946	-0.397992	-1.034011	-1.021813	-1.092004
0.075880	-1.163089	0.604245	0.555551	-0.229606	-0.528329	-1.819459	-0.783400	-1.672105	-0.850898	-1.154835	0.116880	-0.345333	-0.558061	-1.390456	-0.920724	-1.401215	-1.127995	0.265643	0.581933	0.756555	-0.474234	-0.750849	1.792808	0.183537	-1.011692	-1.279677	0.749341	-0.265311	1.617876	1.060007	0.560561	-1.235579	-1.174297	0.367790	1.137689	-0.108903	-1.385300	0.021618	-0.024672	-0.655609	-1.605298	-0.426093	-1.817198	-1.971171	-1.417651	1.173032	0.304639	1.290905	0.871950	-1.420461	-0.626223	-1.383827	-1.449518	-0.181666
0.239461	-1.157998	-0.322392	0.838675	-0.048671	-1.047443	-2.890979	-0.696221	-0.410240	-1.329072	0.237249	0.639749	-0.734304	-1.120292	-0.399078	-0.756974	-2.134366	-2.027451	-1.118790	-0.803168	-0.251148	-0.962678	-1.428447	0.871833	0.058946	-2.127695	-0.787539	0.983194	0.066069	1.645378	1.129877	-0.533479	0.388288	-0.540356	0.614931	0.002024	-0.045930	-0.654989	-1.166348	-0.839199	-1.094954	-1.960197	-1.500670	-1.576600	-1.810260	-1.280004	0.048280	-0.249092	0.844470	-0.378856	-1.618083	-1.137169	-0.908402	-0.874809	0.471290
-0.151216	-0.258162	-1.208026	0.164822	-0.233532	-1.038693	-2.124041	-0.093553	0.807409	-0.522834	1.310067	0.652963	-1.128433	-1.103443	0.603542	-0.503383	-1.523882	-1.967455	-2.107558	-1.551349	-1.078930	-1.127471	-1.622942	-0.389189	-0.332685	-1.844718	0.102159	0.846441	0.745470	0.649221	0.565458	-0.820533	1.366117	0.040048	0.479179	-1.014861	-0.096188	0.176073	-1.593999	-1.372224	-0.581033	-0.583845	-1.182882	-0.325063	-0.309935	-0.077436	-0.679700	-0.824666	-0.029128	-0.779922	-0.687321	-1.492050	-0.042136	-0.002504	0.880360
-0.573468	1.068062	-0.806842	-0.380254	-0.407965	-0.169182	-0.030524	0.548401	1.284186	0.863442	1.071238	-0.051196	-1.063937	-0.542290	0.759575	-0.149572	-0.025964	-0.824320	-1.892811	-1.051589	-1.005249	-0.531249	-0.838978	-0.477523	-0.857842	0.005914	0.583252	0.779431	1.502648	-0.510845	0.023530	0.239178	1.117245	0.093228	0.200948	-0.785893	-0.168649	0.380900	-0.907700	-0.987985	0.412974	1.450931	0.295611	1.062654	1.620794	1.353215	-0.004690	-0.355504	-0.282854	0.214096	0.460138	-1.223412	0.578758	0.468071	1.018149
-0.665720	1.757857	0.468036	-0.179237	-0.255633	0.877655	1.506148	0.764530	0.969759	1.407167	-0.189596	-1.036527	-0.616656	0.062750	-0.046606	-0.021994	1.061555	0.422100	-0.962437	-0.047534	-0.362090	0.265809	0.283735	0.627638	-0.920491	1.817731	0.584467	0.847288	1.526544	-1.047102	-0.174167	1.562394	0.265174	0.156074	0.138685	0.504355	0.031673	0.010389	0.026584	0.022142	0.779634	2.279195	1.368064	1.574165	2.391383	1.822512	1.311694	0.863593	0.257200	1.250367	0.669251	-0.199628	0.861688	0.567496	0.881482
-0.488263	1.419433	1.011911	0.208401	0.151888	1.096606	1.217737	0.544729	0.387105	0.763039	-1.046435	-1.337261	-0.239440	0.382255	-0.901408	-0.350691	1.020270	0.770194	-0.346138	0.371837	0.031622	0.324391	0.690401	1.587675	-0.036978	1.911496	0.771590	0.880741	0.711973	-0.867658	-0.240760	1.692504	-0.084201	0.852750	0.301639	1.566415	0.600730	-0.221063	0.188640	0.702607	0.457925	1.360126	1.008264	1.231225	1.524275	1.085236	1.561880	1.601379	0.825997	0.872578	-0.100200	1.102059	1.138578	0.757333	0.663750
-0.332130	0.786163	0.062008	-0.065103	0.480949	0.436937	-0.171057	0.257374	0.059067	0.001609	-0.480420	-0.572176	-0.151300	0.455485	-0.793035	-0.884227	0.350830	0.323802	-0.250693	-0.006195	-0.205319	-0.504751	0.205154	1.392818	1.190495	0.512145	1.480924	0.749253	0.052583	-0.538861	-0.491693	0.531383	0.471082	1.749753	0.397237	1.407542	1.100222	0.074471	-0.375205	0.433940	0.537273	0.074186	-0.028446	0.869148	0.247154	0.157871	0.203127	1.211517	0.761322	-0.575038	-0.762497	1.849296	1.406905	1.121327	0.598297
-0.297298	0.691895	-1.299349	-0.845025	0.554588	-0.040357	-0.929276	0.191597	0.031219	0.134725	1.003396	0.469866	-0.083531	0.406036	0.290988	-1.048433	-0.091670	-0.043183	0.069228	-0.414937	-0.704513	-1.334207	-0.288074	0.430664	1.385913	-0.625543	2.072153	0.425130	0.336119	-0.642977	-0.899748	-0.596406	1.320941	1.688214	0.204192	0.295865	0.894552	0.464783	-0.674599	-0.375138	1.584844	-0.097080	-0.313062	0.935441	-0.023426	0.062810	-1.394643	0.367193	0.167155	-1.363029	-0.393490	1.561386	1.133033	1.150560	0.710831
-0.134622	0.932394	-1.416710	-1.012030	0.555503	0.489955	-0.380741	0.287704	0.024933	0.852044	2.015294	0.762357	0.337588	0.300167	1.398093	-0.441111	-0.156376	0.106256	1.076289	-0.088768	-0.791958	-1.171096	0.068033	-0.199535	0.088965	-0.446242	1.639504	-0.070753	0.908704	-1.111404	-1.068883	-0.553821	1.583500	0.279584	-0.226520	-0.696603	-0.049787	0.408480	0.007532	-0.619908	2.594642	0.561974	0.316992	0.975764	0.635798	0.545584	-1.514692	0.207345	-0.457568	-0.502950	0.752728	0.545514	0.033435	0.435481	0.827016
0.404648	0.536784	0.003889	0.129930	0.729962	1.406992	0.532194	0.325030	-0.015024	1.007286	1.810329	0.267603	1.068864	0.263416	1.639834	0.831690	-0.315946	0.344181	2.063705	0.855830	-0.134129	0.108437	1.157306	-0.051453	-1.355035	0.274157	0.196912	-0.679380	0.365968	-1.248085	-0.597622	0.332335	0.927502	-1.402884	-0.681574	-0.920010	-0.872662	0.111043	1.316530	0.394676	2.046978	0.523442	0.596142	0.401895	0.915599	0.431474	-0.070769	1.006515	-0.827035	1.116838	1.651547	-0.424304	-1.243411	-0.634311	0.755281
1.089944	-0.891474	1.609443	1.809484	0.942833	1.230079	0.678002	0.246862	0.236852	0.073545	0.896238	-0.228029	1.556915	0.416707	0.977905	2.156341	-0.792191	0.161550	1.874887	1.557178	0.951324	1.725652	2.111220	0.320390	-1.254101	0.249377	-1.201679	-1.286430	-1.601040	-0.553467	0.456901	0.830617	-0.283608	-1.952333	-0.993111	-0.690923	-0.640426	0.211818	2.281155	2.148488	-0.220205	-0.854181	-0.407961	-0.571190	0.006430	-0.809264	1.357808	1.931379	-0.962020	1.854566	1.695421	-0.813432	-1.666934	-1.179679	0.441826
1.246315	-2.474959	1.935779	2.408550	0.719220	-0.542092	0.143273	0.176775	0.929902	-1.248346	0.204080	-0.317363	1.171784	0.609701	0.041900	2.698660	-1.152427	-0.221264	0.371688	1.305230	1.693176	2.715763	2.214177	0.240384	0.261606	-0.520351	-1.586273	-1.757044	-3.596348	0.517830	1.418671	0.373795	-1.375749	-1.204524	-1.139404	-0.621252	0.495612	0.736945	2.314645	3.295397	-2.588219	-2.401278	-1.969069	-1.060667	-1.416476	-2.244396	1.363293	2.029739	-0.987528	1.121024	1.139688	-0.678421	-1.054713	-0.855236	0.011646
0.452750	-2.911272	0.834940	1.149202	-0.147469	-2.571065	-0.146019	0.157395	1.479589	-1.860037	-0.003061	-0.406392	-0.156754	0.482206	-0.577864	1.964130	-0.875773	-0.186639	-1.236454	0.224824	1.447549	2.575364	1.402733	-0.304532	1.344879	-0.910055	-1.020153	-1.965325	-3.950733	0.896148	1.434557	-0.421506	-1.754843	-0.247629	-1.180627	-0.757469	1.311143	0.929460	1.587539	2.900500	-3.210489	-2.526990	-2.494756	-0.552071	-2.046779	-2.460451	0.122512	1.169354	-1.035055	-0.238855	0.483256	-0.414355	-0.302653	-0.229056	-0.341275
-0.784908	-1.846985	-0.614775	-0.990291	-1.094456	-2.943984	0.172196	0.043130	1.005646	-1.402126	-0.195291	-0.839525	-1.647300	-0.081225	-0.726699	0.326880	-0.105941	0.266892	-1.644895	-0.883555	0.271622	1.392480	0.083274	-0.885280	0.805151	-0.297842	-0.302530	-1.725667	-2.397884	0.139253	0.282185	-0.806390	-1.127304	0.028354	-1.101646	-0.699626	0.863018	0.283918	0.566617	1.207255	-1.771875	-1.064514	-1.362978	0.460505	-1.433280	-1.178021	-1.132117	-0.066151	-1.103289	-1.031317	-0.078051	-0.276595	-0.227896	-0.005165	-0.533068
-1.295615	-0.118354	-1.174564	-2.162897	-1.082827	-1.168610	0.531061	-0.251961	-0.433927	-0.376636	-0.683291	-1.131377	-2.132853	-0.750593	-0.483391	-1.111752	0.459712	0.403962	-0.719876	-1.281024	-1.008204	-0.341475	-1.164439	-1.223035	-0.520767	0.761767	-0.056946	-0.828471	-0.075183	-0.894570	-1.238277	-0.851222	0.334285	-0.157932	-0.748585	-0.368753	-0.466528	-0.688727	-0.487320	-0.788518	0.463758	0.673781	0.480420	1.038568	-0.293966	0.474162	-1.542435	-1.095616	-0.829950	-0.777582	-0.417593	-0.143576	-0.586224	-0.156885	-0.673751
-0.393384	1.287620	-0.354884	-1.421508	0.391546	1.300846	0.449855	-0.473474	-1.410735	0.644563	-0.996048	-0.466970	-1.021674	-1.071728	0.188384	-1.384289	0.464520	-0.117105	0.644962	-0.803522	-1.366512	-1.865372	-1.698081	-1.272689	-1.111527	1.459799	-0.342018	0.575271	1.749143	-0.902792	-1.870651	-0.995283	1.964182	-0.054106	-0.020200	-0.184118	-1.433387	-0.988914	-1.466864	-2.246182	2.025761	1.436210	1.697136	0.890205	0.502716	1.302728	-1.150789	-1.677340	0.252279	0.110170	-0.170681	0.325724	-0.485423	-0.030099	-0.983852
1.311814	2.082552	1.258570	0.468724	2.512678	2.485453	0.243149	-0.182528	-0.510641	1.506945	-0.431216	1.191285	1.128726	-0.831185	1.315216	-0.388198	0.366106	-0.512054	1.588472	0.263138	-0.366482	-2.289525	-1.081334	-1.009537	-0.604085	1.595106	-0.852162	1.706219	2.509825	0.402403	-1.008969	-1.126741	2.946826	0.668760	0.810185	-0.407674	-1.171184	-0.199895	-2.130174	-2.823879	2.269035	1.130245	1.858011	0.639399	0.832572	1.249366	-0.384274	-1.730868	1.886071	0.805910	0.864229	1.274570	0.495340	0.819843	-1.517375
2.441190	2.384686	2.399072	1.896861	3.608566	1.715381	0.451052	0.645158	1.812437	2.107536	0.823840	2.788542	2.987756	-0.173222	2.403348	1.131632	0.799918	0.180205	1.853094	1.512698	1.418307	-1.125196	0.391304	-0.467104	0.229012	1.381750	-1.169914	1.763470	2.247514	1.962688	0.706700	-0.688542	2.852479	1.640984	1.088701	-0.659972	0.054873	1.060733	-2.170253	-2.463000	1.414223	0.436688	1.425222	0.935345	1.063618	1.040737	0.397880	-1.267565	2.879109	0.739812	2.078408	2.308230	1.784927	1.962640	-1.839202
2.173943	2.082155	2.171865	1.914995	2.694223	0.072973	0.990505	1.258385	3.305571	2.023034	1.545153	3.075058	3.403133	0.396671	2.449904	2.098181	1.659554	1.629681	1.503776	2.431856	2.709836	1.004894	1.571278	0.133632	0.641044	0.966202	-0.978668	0.941028	1.369480	2.534095	1.932112	0.392517	1.841429	2.079972	0.377439	-0.325879	1.016984	1.581782	-1.598353	-1.332537	0.234816	-0.119501	0.855080	1.523378	1.268128	1.007874	0.853422	-0.586081	2.299046	0.020735	2.228086	2.639361	2.287636	2.263708	-1.224619
0.942684	0.989139	0.895998	0.895667	0.517248	-0.867543	1.196689	0.698043	2.196441	0.946637	0.774364	1.844980	2.142980	0.243004	0.932102	1.726469	2.101192	2.298336	0.601500	2.391368	2.498056	2.469829	1.266322	0.502207	0.430868	0.376891	-0.338677	0.374241	0.571720	1.946695	1.822940	1.306436	0.422047	1.340044	-0.849299	0.616025	0.513235	0.547815	-0.892130	-0.061430	-0.369238	-0.443762	0.153890	1.456429	1.065654	0.722568	0.618358	-0.215437	0.723744	-0.770063	0.603278	1.765005	1.382255	0.950042	0.402656
-0.133684	-0.483719	-0.235160	-0.093640	-1.158996	-0.565101	0.599985	-1.086987	-0.835461	-0.642614	-0.950710	0.225321	0.009158	-0.776140	-1.283471	0.104932	1.488963	1.158343	-0.610269	1.147818	0.972322	1.976076	-0.586573	0.487460	-0.264151	-0.289362	0.245562	0.809277	0.498667	1.064036	0.711011	1.074910	-0.837559	-0.427205	-1.419762	1.353840	-1.412373	-1.577362	-0.632905	0.400685	-0.024681	-0.534799	-0.711074	0.232351	0.237523	-0.189612	-0.377098	-0.446997	-0.303218	-1.178993	-1.973780	0.060751	-0.393895	-1.349244	1.904504
-0.343407	-1.349635	-0.363173	-0.379137	-1.319490	0.299398	-0.464875	-2.885142	-3.328245	-1.684227	-2.088552	-0.423833	-1.671538	-1.885668	-2.518200	-1.667110	0.184355	-0.995600	-1.474678	-0.589422	-0.581552	-0.046759	-2.619599	0.135476	-1.067258	-0.768466	0.241550	1.691784	1.167766	0.644333	-0.416201	-0.346503	-1.463500	-2.127798	-0.716689	1.025824	-3.235698	-3.186461	-0.943922	-0.385561	0.782043	-0.296041	-1.356613	-1.449273	-0.781896	-1.268106	-1.599340	-1.008518	-0.105601	-1.154379	-3.618009	-1.418734	-1.733408	-2.931149	1.943755
0.112308	-1.011916	0.252306	-0.148783	-0.559606	0.876985	-1.065870	-3.264074	-3.580556	-1.539566	-1.814814	0.087862	-1.949979	-1.978439	-1.993207	-2.250365	-0.728463	-2.249536	-1.329093	-1.555439	-1.021539	-1.701247	-3.114738	-0.347588	-1.392120	-0.746535	-0.354829	1.879502	1.835938	0.534450	-0.964640	-1.770770	-1.303807	-2.605856	0.452902	-0.217367	-3.321279	-2.934357	-1.299105	-1.628543	1.214330	0.243326	-1.258065	-2.215283	-1.221030	-1.561760	-2.146288	-1.287351	0.394722	-0.799229	-3.093005	-1.810502	-1.795106	-2.684595	0.644374
0.518245	0.006445	0.643220	0.000779	-0.158290	0.959105	-0.602926	-2.001558	-2.151352	-0.603246	-0.919784	0.657651	-0.998767	-0.858646	-0.701651	-1.301213	-0.553234	-1.567409	-0.277529	-1.198696	-0.463425	-1.513027	-1.570413	-0.660123	-0.930104	-0.204308	-1.014413	0.990185	1.653512	0.096207	-1.084004	-1.805531	-0.760015	-1.824035	0.705216	-1.178518	-1.659805	-1.158830	-1.000869	-1.826412	0.892190	0.736287	-0.449069	-1.392290	-0.770508	-0.724156	-1.515354	-0.845483	0.035396	-0.132020	-1.001740	-1.100021	-1.010440	-1.255842	-0.401199
0.359481	0.580650	0.225134	-0.212379	-0.550003	0.742348	0.452787	-0.314407	-0.804831	0.171190	-0.811323	0.234214	0.034345	0.358132	-0.289210	0.152609	0.250259	0.130660	0.692379	-0.331281	0.010410	0.052832	0.758038	-0.575677	-0.165076	0.370639	-1.264762	-0.287626	0.520508	-0.788204	-1.083157	-0.333111	-0.552461	-0.927487	-0.176683	-0.883727	0.058233	0.379653	0.041863	-0.363354	0.093097	0.737274	0.310293	0.183886	0.039919	0.465554	-0.195197	0.225295	-0.975616	0.765793	0.847107	0.000044	-0.519291	-0.260593	-0.049853
-0.325289	0.174988	-0.634391	-0.565581	-1.020285	0.282971	0.947187	0.453393	-0.423258	0.229250	-1.731969	-0.918054	0.140962	0.490078	-1.140945	0.820414	0.571006	1.017730	0.610753	-0.207319	-0.306678	1.207586	1.984126	-0.179628	0.103650	0.354253	-1.072296	-1.070177	-0.798359	-1.449008	-0.891436	1.206000	-0.983150	-0.909759	-0.863918	0.241291	0.357492	0.415381	1.086339	1.578054	-0.707459	0.135761	0.248023	0.929813	0.363073	0.841464	0.666179	1.316904	-1.387768	1.500449	1.190412	0.659761	-0.812391	-0.428801	1.049347
-1.095998	-0.685495	-1.154091	-0.747461	-0.862039	-0.465375	0.295283	0.244494	-0.348343	-0.184053	-2.293907	-1.536225	-0.536180	-0.184705	-1.916567	0.532268	-0.063344	0.351097	-0.475745	-1.073172	-0.993400	0.868814	1.376458	0.117150	-0.132542	-0.318363	-0.595864	-1.115377	-1.459532	-1.231889	-0.327003	1.280236	-1.503714	-1.405746	-0.142763	0.784192	-0.321376	-0.403631	1.274574	2.137463	-1.262284	-0.667072	-0.568430	0.188031	-0.059167	0.098302	0.375019	1.704106	-0.696685	1.516873	0.326703	0.492044	-1.149122	-0.905777	1.478747
-1.517521	-1.095612	-1.042210	-0.747295	-0.359223	-1.248934	-0.815611	0.122421	0.359193	-0.479266	-1.130688	-0.910652	-0.988928	-0.257974	-1.186504	0.170937	-0.937030	-0.853997	-1.558249	-1.974633	-1.199528	-0.304640	-0.028307	-0.027575	-0.073696	-0.990896	0.059263	-0.795360	-1.316336	-0.339713	0.350877	-0.056646	-1.299939	-1.201396	1.457859	-0.011383	-0.361527	-0.426475	0.563946	0.845221	-1.514046	-1.034832	-1.249962	-1.062808	-0.619964	-0.851427	-0.555872	1.130001	0.121887	0.638073	-0.519951	-0.205367	-0.528140	-0.520596	0.905448
-1.491865	-0.706841	-0.672522	-0.745138	-0.292350	-1.536833	-1.178870	0.731506	1.508776	-0.391974	1.140390	0.204066	-0.647425	0.819176	0.735246	0.295665	-1.039501	-1.165473	-1.750958	-1.988494	-0.773118	-0.963586	-0.704795	-0.453326	0.560120	-0.980846	0.643868	-0.551917	-0.831310	0.362117	0.581324	-1.292046	-0.341560	0.113785	2.234520	-1.295851	0.749872	0.809134	-0.238426	-0.854785	-1.409962	-0.607558	-1.033987	-1.358101	-0.554151	-0.894951	-0.977742	0.076806	-0.035133	-0.619101	-0.581949	-0.675187	0.926236	0.646583	0.172816
-1.242094	0.067103	-0.483651	-0.763588	-0.765211	-1.075803	-0.444264	1.416633	1.955394	-0.112942	2.299653	0.494050	-0.072062	1.831842	2.083539	0.397728	-0.293595	-0.402979	-1.160843	-1.235822	-0.314426	-0.695955	-0.354409	-0.653784	0.904993	-0.342221	0.721184	-0.516069	-0.403885	0.331999	0.228319	-1.276724	0.467546	1.535547	1.345002	-1.566005	1.731933	1.947952	-0.394310	-1.324080	-0.980779	0.369192	-0.099751	-0.404798	0.182699	0.012168	-0.449652	-0.656827	-0.847630	-1.384819	-0.088098	-0.371918	1.968132	1.419839	-0.220892
-0.966919	0.590858	-0.456476	-0.623862	-1.057384	-0.254252	0.522041	1.183535	1.047582	0.108531	1.151844	-0.284255	-0.132822	1.412595	1.758755	-0.239882	0.395761	0.338350	-0.534706	-0.478858	-0.224795	-0.230681	0.015129	-0.453587	0.161689	0.252341	0.167742	-0.507603	-0.048087	-0.118719	-0.206947	-0.463221	0.356720	1.886346	-0.323012	-0.476956	1.365783	1.591248	0.009145	-0.540153	-0.452708	1.191051	0.698542	0.720339	0.870690	0.832632	0.284053	-0.720650	-0.975473	-1.119883	0.422436	0.466944	1.681152	1.102861	-0.787837
-0.595582	0.582192	-0.250630	-0.235558	-0.657003	0.246167	0.686257	0.139562	-0.497063	0.252394	-0.885184	-1.017261	-0.786259	-0.051818	0.528605	-1.417225	0.257549	0.166492	-0.231588	-0.075562	-0.194069	-0.234319	-0.344778	-0.275827	-1.133126	0.323365	-0.513781	-0.312292	0.280138	-0.371366	-0.274154	-0.050741	-0.386349	1.224740	-1.360296	0.697611	0.220453	0.100285	0.326820	0.209191	-0.023249	1.237115	0.807341	0.933652	0.812745	0.687738	0.325161	-0.463041	0.105004	-0.053792	0.829403	1.037319	0.523699	0.335359	-1.939238
0.035478	0.230209	0.259090	0.254589	0.071150	0.139025	-0.002823	-0.550689	-1.329438	0.405733	-1.409241	-0.622194	-1.093196	-0.908255	-0.164775	-2.161399	-0.464294	-0.532833	0.066400	0.253336	0.206804	-0.410761	-0.868289	-0.502410	-1.645083	0.042363	-0.667947	-0.011583	0.365182	-0.296120	-0.127502	-0.329994	-0.815416	0.643929	-1.281549	0.658065	-0.140918	-0.874391	0.221479	0.137357	0.376750	0.504990	0.478986	0.333165	0.072904	-0.171369	-0.186893	-0.348144	1.298607	0.904996	1.221155	0.839640	-0.267585	0.215918	-2.994191
0.855845	-0.042159	0.764821	0.668462	0.513912	-0.209653	-0.651518	-0.063047	-0.857059	0.573231	0.156880	0.698135	-0.419133	-0.357138	0.017366	-1.753425	-0.844480	-0.650368	0.616445	0.767198	0.829750	0.007266	-0.524179	-0.782893	-0.778039	-0.089269	-0.159503	0.053412	0.010955	-0.220916	-0.094083	-0.484353	-0.415362	0.874948	-0.504364	-0.217393	0.746691	-0.353487	0.039758	-0.176756	0.853521	-0.312936	0.342237	-0.093291	-0.558943	-0.751632	-0.311293	-0.291283	1.261659	0.820491	1.361734	0.214878	-0.030152	0.963786	-2.930254
1.521848	0.078706	0.944219	0.978265	0.700144	-0.236496	-0.446919	1.142990	0.307026	0.688638	2.049132	1.789386	0.755145	0.684768	0.278692	-0.331864	-0.347576	0.245376	1.064332	1.266379	1.172862	1.102769	0.656273	-0.405975	0.763110	0.246643	0.550030	-0.207108	-0.508393	-0.278245	-0.029837	0.056300	0.483540	1.469514	0.489763	-0.371843	1.685531	0.992670	0.263381	0.151378	1.186223	-0.409346	0.667017	0.278946	-0.366566	-0.485885	0.371398	0.139830	0.180656	-0.377853	0.894795	-0.107875	0.781092	1.738260	-1.779606
1.674250	0.494005	0.908313	1.148937	1.078214	0.142727	0.499827	1.847247	1.120574	0.670457	2.308485	1.825547	1.351730	0.869361	0.001799	1.246252	0.592604	1.326705	0.909327	1.379110	1.060769	1.931371	1.438404	0.609668	1.806334	0.981991	0.876629	-0.345071	-0.646582	-0.208689	0.379776	0.720245	1.193464	1.433300	1.389393	0.753986	1.359390	1.730564	0.727575	0.929597	0.998658	0.304572	1.105985	0.984386	0.457806	0.189238	1.129133	0.863657	-0.448123	-1.650885	-0.024034	0.101737	1.222259	1.641998	-0.639797
1.248195	0.712323	0.956208	0.981710	1.608373	0.431757	1.286189	1.318455	1.081489	0.448988	0.842077	1.003783	0.850182	-0.018257	-0.596396	1.884890	1.099426	1.407925	0.245712	1.004867	0.749650	1.473985	0.822144	1.244525	1.830952	1.692824	0.621471	0.089663	-0.257977	0.134351	0.848945	0.559076	1.298016	0.460497	1.783957	1.837351	-0.063963	1.120442	0.664950	1.071616	0.322372	1.034636	1.111994	1.045755	0.919788	0.438976	0.958817	1.060166	0.208039	-1.802661	-0.762846	0.354403	0.822067	0.668733	-0.306961
0.629290	0.377239	1.036145	0.393667	1.684204	0.222285	1.157709	-0.031649	0.490240	0.098254	-0.768128	0.142747	-0.173953	-1.000544	-0.975241	1.004687	0.855101	0.340659	-0.275570	0.394682	0.472974	-0.136625	-0.698215	0.632164	1.289277	1.829980	0.110214	0.833842	0.253882	0.466510	0.674045	-0.439677	0.892783	-0.698806	1.335273	1.408458	-1.157000	-0.324569	-0.283036	0.084685	-0.284655	0.981478	0.594682	0.174800	0.378461	0.069530	-0.155176	0.181487	1.238092	-0.705986	-0.903718	0.131080	-0.063269	-0.385794	-0.405334
0.406047	-0.238268	0.845957	-0.222572	1.021672	-0.222027	0.318319	-1.126585	0.022527	-0.100407	-1.106324	-0.176104	-0.623337	-1.093130	-0.831009	-0.686891	0.389399	-0.702503	-0.156975	-0.039127	0.227723	-1.538036	-1.549089	-0.753223	0.934804	1.177179	-0.185877	1.072221	0.476049	0.466334	-0.184797	-1.227261	0.400810	-1.141662	0.244808	-0.183096	-0.879889	-1.414967	-1.310540	-1.112390	-0.385127	0.240815	0.051492	-0.828414	-0.589262	-0.283591	-1.148610	-1.057733	1.197182	0.659922	-0.543141	-0.447248	-0.737137	-0.833974	-0.081147
0.725102	-0.544138	0.395024	-0.281837	0.106845	-0.334045	-0.324100	-1.261364	0.104763	0.028697	-0.279994	-0.094019	0.001912	-0.294105	-0.142670	-1.486180	0.302170	-0.524873	0.452823	0.002754	0.000294	-1.450814	-0.750590	-1.521056	0.884727	0.084533	-0.206835	0.340428	0.309096	0.245956	-0.779711	-0.876673	0.139216	-0.837054	-0.867122	-1.316717	0.308681	-1.336029	-1.185122	-1.172884	-0.287354	-0.486368	-0.104291	-1.034937	-0.883194	-0.100781	-1.031462	-1.278739	-0.079312	1.334046	0.078500	-0.835817	-0.898385	-0.745539	0.776166
0.966799	-0.435621	0.038569	0.248648	-0.424288	-0.048842	-0.271229	-0.675564	0.539553	0.208007	0.467827	-0.194350	1.051697	0.510346	0.821453	-0.421841	0.433799	0.625313	0.952911	0.438007	-0.101158	-0.039915	0.967638	-0.968217	0.484669	-0.905231	-0.330207	-0.911912	-0.215802	0.169981	-0.314522	0.389503	0.034749	-0.517852	-1.577973	-1.245556	1.036555	-0.359186	0.160969	0.061101	-0.652451	-0.884776	-0.158796	-0.549870	-0.321592	0.230791	0.066021	-0.119766	-1.351351	1.216809	0.800842	-0.811897	-0.829469	-0.641196	1.387003
0.417806	-0.396226	-0.071383	0.694904	-0.460784	0.187643	-0.006683	-0.174183	0.690770	0.000317	0.239112	-0.748358	1.388485	0.470713	1.434585	1.386055	0.128904	1.244134	0.884500	0.814253	-0.031742	1.212666	1.868143	0.194005	-0.757306	-1.534469	-0.726745	-1.665329	-0.924773	0.305332	0.729691	1.496410	-0.163093	-0.679625	-1.847045	-0.708703	0.502949	0.397542	1.304348	1.326183	-1.409836	-1.176006	-0.646712	-0.308721	0.193409	0.004081	1.102636	1.186611	-1.477712	0.795830	1.288180	-0.698924	-0.905609	-0.735813	1.106180
-0.713630	-0.679987	-0.189823	0.476920	-0.296182	0.178514	-0.222330	-0.249244	0.169069	-0.510507	-0.610567	-1.328767	0.638381	-0.367939	1.127693	1.821206	-0.731962	0.359540	0.350048	0.758385	0.064232	1.069515	1.043142	0.874854	-2.244478	-1.780897	-0.910230	-1.202312	-1.253949	0.313322	1.092082	1.701726	-0.435154	-0.993439	-1.643030	-0.407537	-0.752209	0.105812	1.002124	1.404997	-1.565938	-1.332081	-1.363456	-0.711233	0.038806	-0.619410	1.284879	1.240827	-0.585426	0.427844	1.049335	-0.791495	-1.064427	-0.727321	0.242104
-1.372204	-0.810538	-0.512672	-0.156457	-0.170226	0.259650	-0.770288	-0.604974	-0.659960	-0.726167	-1.042354	-1.316531	-0.367956	-1.086124	0.130755	0.369532	-1.394031	-1.196971	-0.092475	0.393926	0.011026	-0.170724	-0.579004	0.924345	-2.680289	-1.580178	-0.254218	0.240095	-0.618942	-0.056444	0.289320	1.272539	-0.459503	-0.794449	-0.850838	0.032777	-1.484940	-0.812551	-0.193561	0.503259	-0.477259	-0.865285	-1.397346	-1.018363	-0.264787	-0.665546	0.855123	0.155039	0.331957	0.145630	0.082263	-0.832816	-0.886178	-0.326042	-0.310182
-0.925156	-0.232890	-0.816598	-0.478569	-0.152857	0.701454	-0.854196	-0.551309	-1.040856	-0.388000	-0.583993	-0.720244	-0.520354	-0.817254	-0.559498	-1.123666	-1.142573	-1.655887	0.047626	0.134090	-0.221843	-1.089078	-1.197275	1.015200	-1.524125	-0.922830	1.086340	1.604300	0.718583	-0.561531	-0.770312	0.971273	-0.080785	0.031303	0.293921	1.042718	-1.024787	-1.073827	-0.599118	-0.101815	1.097106	0.283435	-0.355163	-0.455683	0.042829	0.263815	0.664385	-0.643409	0.614720	-0.048889	-0.821394	-0.323770	-0.196454	0.246406	-0.039275
0.006470	0.786105	-0.831076	-0.270488	-0.279742	1.222316	-0.197345	0.179628	-0.731169	-0.006003	0.281298	-0.223654	0.324528	0.373070	-0.281080	-0.738592	-0.245764	-0.351436	0.703529	0.086422	-0.561043	-0.774200	-0.080768	1.455092	0.289252	-0.126372	2.156193	1.892330	1.639515	-0.746951	-0.908928	1.085056	0.382428	0.866480	1.083630	1.910573	0.154927	0.025446	0.464345	0.365989	1.798885	1.243743	0.940930	0.543087	0.736906	1.282597	1.072624	-0.190328	0.404186	-0.087601	-0.873378	0.704943	0.590668	0.478967	0.791421
0.293425	1.354281	-0.772522	-0.112644	-0.567207	1.321585	0.506881	1.095123	-0.269695	-0.089719	0.905654	-0.340877	1.197978	1.605699	0.463366	1.073822	0.393754	1.482898	1.238836	-0.100573	-0.953509	0.187037	1.617955	1.699888	1.369868	0.340363	2.257055	1.033829	1.380870	-0.568767	-0.119739	1.173125	0.460057	1.091808	1.031137	1.579082	1.073886	1.736696	1.874075	1.309594	1.333636	1.199224	1.407327	0.817995	0.973268	1.342469	1.499599	0.896391	0.082290	-0.019657	-0.251924	1.510367	0.912885	0.231256	1.567227
-0.358773	1.031262	-1.063899	-0.569021	-0.910699	0.865046	0.513381	1.454528	-0.205705	-0.338744	1.188184	-0.784477	1.093289	2.072181	0.638046	2.064551	0.373496	2.083874	0.995132	-0.714518	-1.351246	0.470932	2.103864	1.195940	1.329207	0.385811	1.711078	-0.087073	0.450012	-0.460051	0.495438	0.742275	0.066384	0.771002	0.530966	0.307256	1.238681	2.572171	2.197291	1.561694	0.692169	0.557884	1.028435	0.058827	0.601222	0.621616	1.186783	1.252087	-0.226407	0.042282	0.147983	1.391938	0.741127	-0.077483	1.858764
-1.159764	0.294093	-1.517104	-1.314592	-1.118453	0.126811	-0.027525	1.074238	-0.364358	-0.169726	1.330339	-0.882488	0.029347	1.696714	0.007985	1.014872	0.111674	1.039994	-0.047562	-1.473748	-1.575578	-0.331028	0.897166	0.271983	0.916400	0.367224	1.332973	-0.504557	-0.067491	-0.640583	0.219579	-0.062112	-0.442801	0.443421	0.418604	-0.491775	0.957878	1.860092	1.392793	0.818859	0.637832	0.413344	0.664744	-0.758157	0.286097	0.147901	0.224880	0.444311	-0.461409	0.154580	-0.131593	0.487637	0.561580	-0.039741	1.588285
-1.233283	-0.191726	-1.340184	-1.391035	-1.126701	-0.594882	-0.400760	0.538303	-0.189030	0.199641	1.356515	-0.446679	-1.011322	1.079200	-0.563940	-0.796516	0.048982	-0.420016	-1.161808	-1.709548	-1.315485	-1.125497	-0.666905	-0.194171	0.966615	0.468117	1.381813	-0.120251	0.078295	-0.647951	-0.317861	-0.591830	-0.693738	0.428137	0.825017	-0.161322	0.895612	0.489061	0.579540	-0.036080	0.609450	0.890413	0.675270	-0.668524	0.327317	0.258724	-0.475907	-0.523445	-0.449882	0.365366	-0.627247	-0.414414	0.684477	0.213388	0.959834
-0.572418	-0.368796	-0.248220	-0.403963	-1.095203	-1.157885	-0.314755	0.513287	0.372668	-0.044815	1.192684	0.046510	-1.143037	0.864108	-0.265839	-1.289072	0.072029	-0.845476	-1.510891	-1.082977	-0.464860	-0.652786	-0.965381	0.131430	1.508270	0.310227	1.319326	0.236067	0.085090	0.041966	-0.078895	-0.449783	-0.637353	0.570101	0.904624	0.366378	1.349643	-0.065322	0.424508	-0.077477	-0.365084	0.875576	0.463147	0.047531	0.215222	0.247805	-0.273195	-0.451710	-0.259711	0.351210	-0.712568	-0.802041	0.820120	0.260168	0.321417
0.009900	-0.590324	0.839699	0.784427	-1.159251	-1.454726	-0.131633	0.868850	0.716078	-0.997743	0.825074	0.075209	-0.514821	0.978580	0.493407	-0.241770	-0.084708	-0.039557	-0.960155	-0.084206	0.481856	0.759151	0.085007	0.624145	1.752886	-0.477926	0.518982	-0.250308	-0.668533	1.024932	0.767993	0.034443	-0.536996	0.534706	0.013113	0.024633	1.763347	0.501818	0.392074	0.512050	-2.015767	-0.293797	-0.421122	0.293495	-0.395197	-0.370716	0.404545	0.560709	-0.339090	-0.292143	-0.477224	-0.881092	0.444957	-0.024477	-0.074111
-0.246178	-0.929427	0.665117	0.887329	-1.149265	-1.399223	-0.261547	0.729352	0.350535	-1.658956	0.109202	-0.351612	-0.128444	0.573618	0.428529	0.479666	-0.348919	0.817973	-0.247352	0.308348	0.671656	1.349589	0.988000	0.449781	0.889695	-1.535940	-0.946275	-1.402639	-1.686915	1.170075	0.918193	0.145134	-0.729349	0.138001	-1.180158	-0.845793	1.128524	0.906240	-0.275994	0.727844	-2.892368	-1.652412	-1.411373	-0.411962	-1.034440	-1.059612	0.537629	1.197835	-0.892039	-1.321457	-0.533665	-1.030684	-0.502230	-0.383554	-0.256615
-1.157699	-1.047018	-0.862506	-0.247740	-0.732958	-1.042551	-0.713368	-0.398819	-0.421231	-1.136526	-1.094005	-0.717339	-0.658412	-0.874264	-0.969392	-0.547765	-0.527526	0.433526	-0.257706	-0.334851	-0.135872	0.087794	0.464822	-0.451048	-0.892353	-2.044903	-2.194839	-2.101640	-1.932129	0.062715	-0.205543	-0.407793	-1.238095	-0.483176	-1.326485	-1.040337	-0.696786	-0.037637	-1.343248	0.046305	-2.170698	-1.757188	-1.630770	-1.330319	-1.117911	-1.079392	-0.267132	0.541739	-1.358193	-1.835211	-1.040713	-1.140146	-1.377043	-0.561184	-0.375963
-1.561736	-0.662484	-2.298685	-1.252017	0.160621	-0.458084	-1.186677	-1.811748	-0.757378	0.268306	-2.288490	-0.489322	-1.549632	-2.509514	-2.448934	-2.283907	-0.657147	-1.121115	-1.040061	-1.214739	-1.006109	-1.812022	-1.007625	-1.261540	-2.293384	-1.645632	-2.260753	-1.356989	-1.022380	-1.213719	-1.390746	-1.094836	-1.489275	-0.875144	-0.124245	-0.188755	-2.331856	-1.699386	-1.800923	-0.944274	-0.631466	-0.554516	-1.049292	-1.396856	-0.720178	-0.505082	-1.253781	-0.749809	-0.946130	-1.189512	-1.309523	-0.775921	-1.377463	-0.525617	-0.366635
-0.468161	0.058427	-2.001385	-0.723183	1.165324	0.414573	-1.348082	-2.342247	-0.237724	1.413669	-2.468751	0.299946	-1.569196	-2.826083	-2.241987	-2.437567	-0.834515	-2.286477	-1.645259	-1.022842	-0.733516	-2.137586	-1.769880	-1.181116	-2.214315	-0.757671	-1.102695	0.608704	0.397837	-1.225122	-1.058524	-1.134061	-0.743333	-0.642725	1.154371	0.742010	-2.268741	-2.319216	-1.164251	-1.299002	0.486211	0.585864	-0.443360	-0.492422	-0.308761	-0.005302	-1.367654	-1.199737	0.337447	0.247548	-0.651790	0.085024	-0.431132	-0.365676	-0.033586
1.582072	0.567090	0.071655	1.039497	1.713572	1.444916	-1.082043	-1.795375	0.525746	1.439598	-1.383365	0.897442	-0.358515	-1.584575	-0.322448	-0.442682	-0.952573	-1.706255	-1.170558	0.438171	0.620718	-0.334551	-1.028677	-0.345248	-1.051758	-0.045866	0.183330	2.327579	1.277611	0.079231	0.618053	-0.468014	0.859344	-0.001219	1.108903	0.633261	-0.834358	-1.313777	-0.104733	-0.809546	0.892243	0.547990	-0.386621	0.406579	-0.141275	-0.004848	-0.547314	-0.305786	1.495858	1.369656	0.569963	0.797864	0.561451	-0.177552	0.455976
2.716639	0.382957	2.107235	2.235161	1.452399	1.952012	-0.602988	-1.116644	0.500499	0.466339	-0.112385	0.531230	0.915791	-0.277081	1.339875	1.681765	-0.853096	0.044848	0.094689	1.749324	1.610628	1.709828	0.144252	0.293054	-0.195578	0.206117	0.443493	2.343429	1.020851	1.294002	1.787650	0.078555	2.044677	0.275090	-0.201965	-0.499576	0.100563	-0.043282	0.328560	-0.148002	1.014115	-0.356929	-0.667679	0.400722	-0.182916	-0.388087	0.130831	0.834177	1.523181	1.379109	1.205822	0.691942	0.595375	-0.062002	0.525750
1.717686	-0.371742	2.348083	1.623206	0.588561	1.289265	-0.184960	-1.044009	-0.429216	-0.535535	0.257498	-0.562669	0.859983	-0.278003	1.226048	1.777921	-0.546336	1.004212	0.935593	1.492895	1.138953	1.820645	0.200751	0.056870	-0.345533	0.276008	-0.276917	0.707350	-0.025215	1.240126	1.164780	-0.199184	1.723896	-0.274116	-1.463567	-1.547604	-0.495501	0.028454	-0.134482	-0.041919	0.995105	-0.923910	-0.674140	-0.200678	-0.278311	-0.745221	-0.252663	0.841112	0.487060	0.598328	0.747322	-0.130007	-0.314374	-0.070818	-0.099183
-0.474324	-0.946884	1.098948	-0.055390	-0.134315	-0.142839	0.244200	-1.157139	-1.094258	-0.601268	0.050824	-1.177176	-0.394814	-1.137750	0.204013	0.150807	-0.099421	0.203597	0.670859	0.076042	-0.136965	0.040177	-0.859923	-0.673427	-0.892465	0.683255	-0.917260	-0.983083	-0.842846	0.248722	-0.465537	-0.975761	0.346232	-1.112784	-1.665848	-1.493544	-1.588566	-0.790158	-0.800417	-0.487947	0.639210	-0.432086	-0.135559	-0.219438	-0.228249	-0.705611	-1.305922	-0.311301	-0.524503	0.111280	0.032370	-0.820995	-1.096725	-0.095292	-0.913161
-1.795029	-0.733901	0.189596	-1.097515	-0.028488	-1.162850	0.934259	-0.626384	-0.398122	0.218791	0.306020	-0.527234	-1.334422	-1.352784	0.133777	-1.023907	0.500208	-1.179693	-0.136188	-0.820563	-0.682024	-1.573216	-1.553236	-0.967566	-0.953937	1.545727	-0.854658	-1.326851	-0.732761	-0.451303	-1.342315	-1.334084	-0.615834	-1.210475	-1.018936	-0.421192	-1.632576	-1.048176	-0.909136	-0.837813	0.053031	0.627519	0.538461	0.881944	0.044048	-0.256486	-1.817944	-1.360010	-0.559303	0.432876	0.133528	-0.643157	-0.804395	0.081311	-1.212070
-1.432387	-0.020919	0.472607	-0.922183	0.812115	-1.313498	1.664605	0.506953	1.193566	0.838995	1.019210	0.744995	-1.006659	-0.465788	1.083579	-0.574574	1.181850	-1.449415	-0.635226	-0.514760	-0.079408	-1.503842	-0.997408	-0.485835	-0.407600	2.218371	-0.645651	-0.640595	-0.055900	-0.246059	-0.840242	-0.961817	-0.404530	-0.237608	-0.317752	0.678293	-0.593921	-0.263339	-0.514950	-0.624301	-0.337666	1.118393	0.645135	2.185922	0.329365	0.180866	-1.261098	-1.364227	0.258460	0.788339	0.874627	0.315034	0.346928	0.517551	-0.982909
-0.465967	0.357384	0.827243	-0.456431	1.516440	-1.349552	1.712241	1.368863	2.065546	0.451220	1.123460	1.428671	-0.122352	0.441603	1.270629	0.393203	1.637920	-0.534457	-0.776621	-0.033087	0.622944	-0.393359	-0.096987	0.194106	0.294512	1.878443	-1.011286	-0.270858	0.277149	0.387386	0.118724	-0.426626	0.360089	0.993127	0.097641	0.990867	0.300217	0.491694	-0.339727	-0.165497	-0.391380	0.506346	0.002007	2.321897	0.376459	0.223652	-0.329909	-0.754188	1.020020	0.145489	1.087949	1.261398	1.274001	0.951433	-0.835120
-0.076179	0.138068	0.120384	-0.494634	1.317118	-1.796267	0.792918	1.457197	1.357257	-0.378540	0.271862	1.295524	0.175758	0.417069	-0.143427	0.348205	1.556226	0.222345	-0.909667	-0.241069	0.587985	0.199699	-0.138147	0.394028	0.818257	0.612074	-1.569645	-0.628177	0.028475	0.749812	0.549002	-0.194566	0.735470	1.390225	0.396226	0.596023	0.418259	0.233017	-0.802559	-0.167373	-0.367540	-0.526490	-0.671728	1.102564	0.298704	0.074534	0.123222	-0.531770	1.049825	-1.218141	0.307468	1.407037	1.237764	1.023341	-1.106050
-0.010673	-0.035601	-0.825273	-0.554104	0.343762	-1.847426	-0.289561	1.212177	-0.067016	-0.439857	-0.425655	1.112688	-0.028278	-0.022306	-1.599698	-0.497544	1.001409	0.086653	-0.781630	-0.367754	0.332333	-0.044107	-0.861029	0.161676	1.071425	-0.442620	-1.257278	-0.708337	-0.087533	0.718159	0.505567	0.096100	0.566015	0.728815	0.616349	0.118548	0.395866	-0.529440	-1.423877	-0.759971	-0.379061	-0.829061	-0.433875	-0.256930	0.440144	0.279006	0.230069	-0.845460	0.424525	-1.861919	-0.527021	0.584001	0.531599	0.675095	-1.419189
0.562406	0.406665	-0.365019	0.125503	-0.576065	-0.571906	-0.425029	1.209492	-0.764237	0.439001	0.003838	1.233824	0.204233	0.236036	-1.295685	-0.703991	0.421600	-0.204239	0.151586	0.655445	0.697465	-0.102862	-0.840153	0.077756	0.944946	-0.356638	0.090787	0.242632	0.484572	0.528060	0.483745	0.971075	0.284584	-0.212325	0.573080	-0.054334	0.867259	-0.603884	-1.369863	-1.235942	-0.184074	-0.090022	0.733555	-0.597876	0.802474	0.895909	0.753353	-0.906549	-0.352920	-1.036869	-0.403210	-0.613352	-0.022772	0.236438	-1.224563
1.372758	1.071723	1.290308	1.098536	-0.796488	1.320788	0.429937	1.285817	-0.406481	1.115098	0.854970	1.059188	1.001407	1.180523	0.195559	0.206977	0.201322	0.208153	1.486153	2.108871	1.351073	0.565319	0.410352	0.411065	0.413489	0.453422	1.318902	1.410679	1.206117	0.228591	0.424086	2.027835	0.091610	-0.566696	0.372040	-0.008682	1.376846	0.167006	-0.483242	-0.907999	0.307576	0.827593	1.718047	-0.090382	0.931990	1.285382	1.766127	-0.223933	-0.854207	0.273906	0.314007	-1.209921	-0.008632	0.060599	-0.473201
1.308150	1.119386	1.964221	1.149547	-0.380280	2.068631	1.121611	0.898519	0.108626	0.683244	0.694714	0.203050	1.422204	1.650308	0.732182	1.137807	0.251589	0.918301	1.932961	2.110733	1.185377	1.102138	1.686418	0.756839	-0.125728	0.780535	1.372253	1.453013	1.101648	-0.241447	-0.050119	2.112123	-0.153979	-0.240665	0.432736	0.047550	1.091338	0.796587	0.496221	0.020666	0.719638	0.924572	1.463639	0.220452	0.518240	0.917016	2.252831	0.665198	-0.893089	0.620018	0.426338	-0.594828	0.293867	0.121200	0.437265
0.236905	0.441909	0.424071	0.078019	0.137447	1.153355	0.703580	0.105173	0.064351	-0.308127	-0.478077	-0.570717	0.951962	1.018567	-0.327852	1.056343	0.156455	0.891035	0.978037	0.288642	0.020394	0.556873	1.693093	0.524172	-0.015524	0.178622	0.594364	0.401050	0.148638	-0.653542	-0.721435	0.693345	-0.398465	0.181537	0.849170	0.016705	0.123964	0.656453	0.798565	0.683430	0.662244	0.209747	0.217858	-0.137540	-0.138471	0.108660	1.271320	0.894428	-0.531633	-0.069854	-0.351941	0.845458	0.413307	0.065674	1.170530
-0.537355	-0.172760	-1.762521	-0.862676	0.297833	-0.038178	-0.365875	-0.346030	-0.151685	-0.585875	-1.060510	-0.246692	0.309300	0.122172	-1.254264	0.348307	-0.219712	0.101293	-0.297546	-1.461548	-0.960743	-0.569347	0.640582	-0.410491	0.947031	-0.551882	0.173028	-0.361429	-0.573191	-0.597137	-0.824339	-1.338994	-0.293121	0.229891	1.210272	-0.197666	-0.526967	0.287385	0.463302	0.493928	0.235494	-0.379413	-0.704254	-0.535468	-0.430100	-0.295174	-0.784179	0.285171	-0.087422	-0.536479	-0.963140	1.898895	0.286178	-0.290679	1.618414
-0.029083	-0.042669	-2.110809	-0.586810	0.081775	-0.081395	-0.767065	0.020526	0.202905	0.270333	-0.066477	0.989507	0.349881	0.112840	-0.447317	0.107310	-0.430720	-0.292870	-0.582158	-1.351604	-0.689205	-0.834487	-0.223563	-1.533748	2.088787	-0.491213	0.610840	0.020317	-0.208820	0.017894	-0.072238	-2.463479	0.249280	0.044634	1.243796	-0.641808	-0.282180	0.440297	0.123644	-0.348666	-0.137617	-0.083407	-0.371302	-0.204120	-0.077202	0.166843	-2.385040	-0.611895	0.083056	0.067570	-0.473571	1.644624	0.265499	-0.617679	1.631003
1.020800	0.646038	-0.334801	0.421582	-0.136290	0.804388	0.050300	0.731983	0.957639	1.403407	1.344760	1.871450	0.861294	0.907545	1.339509	0.650544	0.006296	0.439492	0.071142	0.105748	0.474588	0.248188	-0.200524	-2.043248	2.348141	0.250326	1.225473	0.815303	0.835676	0.807978	0.853221	-1.930460	0.746156	0.060284	1.150622	-1.015980	0.352709	0.934433	0.135395	-1.150576	-0.212399	0.843446	0.806049	0.682922	0.621687	1.145805	-2.301318	-1.203115	-0.039801	1.118755	0.665294	0.453858	0.576613	-0.380005	0.937813
1.098961	1.140779	1.371968	0.786506	-0.101643	1.339489	1.174488	0.885040	1.087069	1.663422	1.266599	1.510147	0.984280	1.400182	2.086094	1.263482	0.827296	1.478392	0.607283	0.949412	1.217865	1.497029	0.279367	-1.495654	1.253003	0.765731	1.096231	0.768874	1.376096	1.212888	1.000371	-0.322280	0.603052	0.386252	1.012996	-0.830843	0.582622	1.006947	0.238439	-1.300682	-0.124602	1.397176	1.583595	1.188639	1.035713	1.793760	-0.750876	-1.268918	-0.172407	1.367776	1.242544	-0.447911	0.925536	0.461734	-0.418157
-0.140712	0.887872	1.103969	-0.042878	-0.176851	0.849935	1.330052	0.148216	0.061060	0.683980	-0.470308	0.187618	0.395906	0.972156	1.141573	1.147836	1.144753	1.445880	0.485791	0.223027	0.705901	1.466196	0.465482	-0.336637	-0.617740	0.473800	0.115856	-0.341695	0.729886	0.816217	0.065466	1.060011	-0.244952	0.660491	0.394512	-0.131324	0.314752	0.456673	0.077229	-0.692529	-0.181714	0.839726	1.145998	0.732221	0.669376	1.385766	0.825803	-0.872898	-0.214197	0.415824	0.767126	-0.508629	0.790373	1.205603	-1.696984
-1.502162	-0.062160	-0.521620	-1.225619	-0.965928	-0.144069	0.371945	-0.994279	-1.375579	-0.927162	-2.113998	-1.253189	-0.452103	0.089364	-0.225683	0.202324	0.483997	0.211948	0.137624	-1.142137	-0.710663	0.179332	0.176332	0.382633	-2.173098	-0.294141	-1.001718	-1.553243	-0.620044	-0.376968	-1.391226	1.301777	-1.262920	0.461755	-0.915126	0.336253	0.000655	-0.180183	-0.253135	0.184954	-0.478435	-0.550224	-0.175770	-0.279266	-0.417837	-0.113538	1.139051	-0.189000	-0.378388	-0.957415	-0.207087	-0.462750	0.045151	1.043327	-1.903072
-1.719474	-1.151539	-1.338013	-1.590807	-2.251693	-0.741881	-0.667379	-1.865057	-2.076074	-2.173173	-2.272064	-2.241920	-1.024943	-0.602021	-0.716436	-0.992822	-0.610329	-0.923749	0.077298	-1.650902	-1.942324	-0.918314	-0.199332	0.132349	-2.743051	-0.784754	-1.522357	-1.844595	-1.530957	-1.706749	-2.357383	0.584056	-1.813727	-0.236145	-2.111441	0.081332	-0.177162	-0.493309	-0.345592	0.646477	-0.702944	-1.746181	-1.301666	-0.971546	-1.586786	-1.884662	0.272264	0.563258	-0.696235	-1.744088	-0.999267	-1.090356	-0.862793	-0.039122	-0.843443
-0.823169	-1.693342	-0.419449	-0.914043	-2.791227	-0.622943	-0.889532	-2.113827	-1.801796	-2.414050	-1.427585	-2.564931	-1.138854	-1.009118	-0.428544	-1.636711	-1.214815	-0.875677	0.249653	-0.846037	-2.105289	-0.683021	-0.279202	-0.431182	-2.402184	-0.658864	-1.290509	-1.158345	-1.325909	-2.189794	-2.096193	-0.095549	-1.623966	-0.977587	-2.095599	-0.377175	-0.408719	-0.617053	-0.009025	0.490473	-0.438722	-1.990679	-1.433375	-0.908366	-2.127260	-2.791073	-0.515373	1.173302	-0.788591	-1.646667	-1.389200	-1.870729	-1.356315	-1.130130	0.473835
0.131144	-1.305277	0.864412	-0.024539	-1.671528	-0.130358	-0.419039	-1.616238	-1.215719	-1.707052	-0.760454	-2.120348	-0.771729	-1.115244	-0.120457	-1.245957	-1.017609	0.015525	0.424318	0.446753	-1.232897	0.420967	-0.030940	-0.327740	-1.520563	-0.207648	-0.571962	-0.351877	-0.418483	-1.536628	-0.881444	0.023454	-0.787651	-1.134495	-0.946640	-0.235102	-0.602982	-0.666173	0.546335	0.215766	0.320742	-1.409206	-0.680606	-0.329107	-1.785233	-2.266783	-0.246786	1.477397	-0.404299	-1.041540	-1.255075	-1.584428	-1.210803	-1.253135	0.848804
0.427736	-0.148266	0.772182	0.221493	0.390291	0.368923	0.107173	-0.325066	-0.772466	-0.556032	-0.313198	-1.004504	0.117266	-0.473163	0.131220	-0.038175	-0.403913	0.714200	0.754148	1.129582	-0.220370	0.997994	0.404263	0.412418	-0.339830	0.155491	0.435830	-0.214295	0.259328	-0.672444	0.059446	0.741009	0.471919	-0.402555	0.070051	0.425899	-0.213771	-0.307639	1.042719	0.420050	1.141246	-0.573876	0.298023	0.342077	-0.740565	-0.696869	0.721992	1.382692	0.144067	-0.327654	-0.326787	-0.092516	-0.580580	-0.298688	0.217856
0.408994	1.175941	-0.533522	-0.120743	1.652019	0.904736	0.439444	1.417764	-0.254408	0.542052	0.715462	0.286242	1.387859	1.125852	0.811207	1.182327	0.208048	0.920244	1.537269	0.941904	0.072354	0.511775	0.990507	0.862741	0.900923	0.359063	1.648072	-0.593971	0.358096	-0.724600	-0.181864	1.329774	1.793732	0.870421	0.127965	0.837328	0.985842	0.715278	1.459320	1.098646	1.646601	0.199689	1.055230	0.929920	0.683404	0.987041	1.303647	0.993474	0.390642	0.362555	1.240817	1.302672	0.255192	0.948145	-0.383495
0.728142	1.964332	-1.367687	-0.301776	1.219325	1.542925	0.700862	2.667033	0.456053	1.245866	2.180655	1.068570	2.493607	2.753428	1.778620	1.655964	0.687460	1.165722	2.525379	0.585943	-0.286643	-0.109349	1.683305	0.619068	1.747404	0.506721	2.660156	-0.651627	0.336520	-1.541505	-1.012321	1.480113	2.520244	1.858253	-0.227973	0.755387	2.254110	1.891810	1.860108	1.701471	1.804253	0.806774	1.510014	1.387646	1.989111	1.938694	1.079176	0.695392	0.320112	0.854783	2.425169	1.505275	0.994083	1.586105	-0.149955
1.234333	1.799915	-0.886889	0.070659	-0.107181	1.849007	0.747804	2.492602	0.782774	1.289955	2.648519	0.998150	2.679453	2.874570	1.977371	1.218701	0.880464	1.647194	2.824168	0.758202	-0.489449	0.166190	2.077283	0.398916	1.780405	0.465125	2.694058	0.034441	0.588385	-1.790067	-0.978108	1.442062	2.022846	1.881172	-0.123583	0.746422	2.404186	2.220003	1.990126	1.759464	1.674575	0.927952	1.512849	1.491194	2.407473	1.760914	0.635958	0.846880	0.285301	0.774944	2.092816	0.954289	1.263427	1.283853	0.631728
1.101552	0.816292	-0.076331	0.548592	-0.883610	1.159181	0.141222	0.950600	0.170017	0.599859	1.245293	0.340985	1.565953	0.993768	0.643956	0.271600	0.463476	1.671748	1.709331	1.220716	-0.047462	1.021097	1.530746	0.921379	1.057593	-0.043459	1.375006	0.934025	0.813326	-0.643178	0.374572	1.304125	0.494080	0.940712	0.282965	1.161670	1.037357	1.235269	1.367699	1.266096	1.189852	0.256865	0.776534	0.950824	1.396858	0.620143	0.540694	1.278062	0.494911	0.038216	0.278954	0.786928	0.762490	0.303817	1.177750
0.084420	-0.393523	-0.121524	0.580237	-0.539900	-0.527261	-1.105854	-0.840252	-0.920099	-0.485098	-0.905938	-0.285216	-0.393764	-1.617304	-1.541122	-0.627964	-0.601228	0.603817	-0.485759	1.110614	0.661679	1.258984	-0.036041	1.739937	0.110477	-0.926601	-0.570848	1.276651	0.518134	1.165353	1.892591	0.675734	-0.883931	-0.358752	0.089963	1.465078	-0.934043	-0.474603	-0.029117	0.547932	0.364704	-0.847459	-0.573664	-0.149866	-0.602861	-0.826896	0.530852	1.357402	0.794645	-0.712739	-1.668209	1.137434	-0.426332	-0.910818	1.264159
-0.907148	-1.283845	-0.714601	0.382779	0.315235	-2.283993	-2.215109	-1.774481	-1.383106	-1.378749	-1.839419	-0.437548	-2.115586	-3.121773	-2.957118	-1.113166	-1.724713	-1.052863	-2.487642	0.110803	0.984781	0.487179	-1.662470	1.726978	-0.520056	-1.647017	-1.836254	0.950299	-0.230882	2.250217	2.281174	-0.667876	-1.039037	-1.386687	-0.942757	0.918081	-2.142847	-1.881863	-1.393253	-0.027872	-0.502414	-1.509516	-1.801561	-1.290151	-2.298640	-1.812529	0.007855	0.746956	0.843677	-0.645822	-2.399449	1.050038	-1.784254	-2.039257	1.308016
-0.826485	-1.789731	-0.689372	0.668142	0.864717	-3.069999	-2.447836	-1.764207	-0.846167	-1.718617	-1.068647	-0.139243	-2.684359	-2.895007	-2.726280	-1.155468	-2.190176	-2.078491	-3.219172	-1.071482	0.815832	-0.384712	-2.177753	0.514516	-0.641915	-1.840040	-1.834336	0.432566	-0.922369	2.161020	1.649576	-2.218275	-0.213431	-1.919461	-1.859954	-0.422192	-2.105086	-2.479151	-1.780095	-0.277104	-1.077262	-1.331736	-2.269147	-2.047596	-2.686055	-1.986731	-1.045010	-0.131601	0.430710	0.236564	-1.795867	0.042969	-2.682093	-2.835324	1.504835
0.274691	-2.096493	0.259476	1.632856	1.061586	-2.565480	-1.953618	-1.501436	-0.041003	-1.458234	0.029181	0.343686	-2.021236	-1.870534	-1.542159	-0.988130	-1.910696	-1.969761	-2.734053	-1.476900	0.662209	-0.432402	-1.560456	-1.027833	-0.351316	-1.703466	-1.170565	0.168714	-1.194228	1.706744	1.221087	-3.154754	0.378967	-2.050725	-1.516780	-1.714487	-1.545230	-2.482426	-1.176605	-0.332152	-1.311530	-0.782032	-2.085506	-2.466289	-1.859403	-1.559616	-2.017376	-0.634024	-0.229215	1.069874	-0.736531	-1.023107	-2.710294	-2.983459	1.354314
1.411313	-2.057272	1.352255	2.621560	1.486536	-1.141218	-1.384564	-1.381442	0.368701	-0.544205	0.216562	0.906738	-0.796258	-1.215273	-0.627358	-0.795098	-1.343861	-1.412097	-1.904512	-0.846176	1.032463	0.119666	-0.948818	-1.789186	0.167335	-1.504768	-0.736126	0.342430	-0.962947	1.836095	1.749606	-3.113229	0.098272	-1.863650	0.090513	-2.204670	-1.356001	-2.204432	-0.528011	-0.518285	-1.325037	-0.366236	-1.710004	-2.634026	-0.556159	-0.888086	-2.355703	-0.719035	-0.550715	1.282888	0.078593	-1.018337	-1.790254	-2.236546	0.347866
1.776988	-1.265453	1.860436	2.778280	2.268415	0.551684	-0.890201	-1.054532	0.652350	0.996706	-0.073848	1.541202	0.205067	-1.045111	-0.234713	-0.487158	-0.748507	-1.217340	-1.350565	0.231463	1.782836	0.356471	-1.094674	-1.589437	0.661095	-1.049178	-0.685986	0.878223	-0.273701	2.464943	2.551780	-2.299684	-0.462900	-1.322593	1.635010	-1.897826	-1.486628	-1.538212	-0.553253	-0.905529	-1.137324	0.070045	-1.208120	-2.177451	0.709129	-0.114277	-1.981120	-0.891642	-0.218454	1.279687	0.689206	-0.028063	-0.242286	-0.771497	-1.087202
1.278868	0.131826	1.613976	1.763884	2.524256	1.719115	-0.104243	-0.185468	1.243882	2.469403	0.229477	1.863015	0.574696	-0.696249	0.298518	0.046304	-0.010496	-1.321542	-0.976476	0.811170	2.003991	-0.110740	-1.369580	-1.186054	0.772181	-0.114940	-0.567001	1.240397	0.525392	2.506710	2.178149	-1.111519	-0.539616	-0.453573	1.681002	-1.394794	-1.171257	-0.275574	-0.855414	-1.026743	-0.763594	0.795570	-0.395249	-0.734725	1.687305	0.637815	-1.163340	-1.346056	0.306232	1.631182	1.342146	0.729954	1.178583	0.729503	-1.797742
0.257633	1.163638	0.674026	-0.030454	1.373696	1.674729	0.928551	0.729301	1.718865	2.656141	0.960392	1.210921	0.350092	0.011179	1.178487	0.530074	0.773503	-1.135700	-0.488282	0.278101	0.834619	-0.785834	-0.761322	-1.184056	0.238526	0.859302	-0.200856	0.659105	0.750320	1.109154	0.079316	0.054909	-0.298602	0.454479	0.184986	-1.098871	-0.173774	1.174614	-0.512938	-0.324326	-0.408146	1.411764	0.482165	1.111226	1.954890	0.980404	-0.280395	-1.534168	0.376643	2.072245	1.875939	0.335395	1.620958	1.510669	-1.186753
-0.750175	1.023278	-0.553728	-1.622946	-0.593366	0.512536	1.525428	0.798913	1.334021	1.165505	0.923279	-0.363387	-0.116148	0.411701	1.644192	0.501029	1.123609	-0.478848	0.064947	-1.021852	-1.287995	-0.971852	0.581446	-1.182975	-0.737117	1.178129	-0.000210	-0.835517	0.090123	-1.162358	-2.432356	0.827508	-0.376016	0.920554	-1.320044	-0.655859	0.706763	1.806502	0.637793	1.019778	-0.276191	1.274911	0.824044	2.026931	1.152793	0.581537	0.344679	-0.812950	0.209245	1.873069	1.887384	-0.889389	0.857552	1.310481	0.026816
-1.119619	0.072871	-1.056299	-1.973976	-1.635944	-0.710902	1.290200	-0.052742	0.317496	-0.743612	-0.162736	-1.602007	-0.357803	0.092484	1.123790	0.001759	0.848167	0.254272	0.436689	-1.838266	-2.552978	-0.505798	1.464862	-0.312193	-1.437186	0.900229	-0.355604	-1.967734	-0.811125	-2.634617	-3.225249	1.022018	-0.744064	0.671549	-1.254912	0.534363	0.658992	1.076868	1.706184	1.962143	-0.325194	0.523020	0.473570	1.349845	-0.281705	-0.279305	0.609641	0.618307	0.648135	0.936271	1.282375	-1.884187	-0.339417	0.534177	0.573459
-0.662084	-0.605989	-0.094688	-0.925122	-0.973917	-0.991741	0.711829	-0.828633	-0.250277	-1.432946	-1.075760	-1.290045	-0.149459	-0.279999	0.197249	-0.316504	0.434361	0.653897	0.560438	-1.227903	-1.634186	0.146859	1.184340	1.391750	-1.236769	0.776064	-1.047367	-1.554840	-1.027118	-2.236794	-1.625074	0.774047	-0.779509	0.002872	0.329370	2.153113	-0.014727	-0.252791	1.753745	1.593572	-0.425577	0.017993	-0.051761	-0.098929	-1.225748	-0.856614	0.673407	1.693881	1.690392	-0.100447	0.379085	-1.957259	-0.818963	-0.098677	0.000085
-0.068257	-0.530418	1.551368	0.391078	0.143444	-0.474190	0.476180	-0.628620	0.073922	-0.834171	-0.817809	0.078671	0.222705	0.152399	-0.190254	-0.025388	0.397518	0.647592	0.523871	0.212003	0.518188	0.379676	0.318845	2.638448	-0.355319	1.077778	-1.457273	-0.087902	-0.511451	-0.668018	0.673133	0.401413	-0.365321	-0.405310	1.841482	2.818056	-0.296371	-0.785311	0.790497	0.206112	-0.567903	0.182172	-0.249967	-0.949760	-1.029210	-0.751797	0.744921	1.520389	2.036582	-0.793348	-0.452157	-1.213383	-0.177256	-0.119530	-0.979443
-0.204903	-0.207884	2.117515	0.602631	0.108979	-0.103244	0.538303	0.276301	0.477963	-0.358334	0.012003	0.709392	0.233166	1.078576	-0.027181	0.485308	0.539130	0.361340	0.338258	0.897103	1.575046	0.058432	-0.133516	2.293253	0.265255	1.127367	-1.203523	0.818140	-0.059372	0.487116	1.436610	0.187155	-0.164090	-0.161135	1.879610	1.611867	0.200599	-0.043090	-0.352154	-0.913417	-0.678103	0.427547	-0.184851	-0.766372	-0.253507	-0.336188	0.866575	0.362152	0.711751	-1.323029	-1.006424	-0.159923	0.858685	0.352937	-1.407988
-0.894324	-0.232673	0.950488	-0.346384	-0.891835	-0.317415	0.336622	0.831138	0.108517	-0.848069	0.213720	-0.236679	-0.249823	1.298605	-0.068653	0.565299	0.294973	-0.032958	-0.005451	0.196835	0.611297	-0.339597	0.052699	0.788335	0.003975	0.339491	-0.470344	0.482767	-0.145988	0.580958	0.391976	0.266862	-0.576765	0.382263	0.573257	-0.557624	0.785976	1.005609	-0.932740	-0.858542	-0.491592	0.018783	-0.191007	-0.274843	0.042786	-0.225836	0.948683	-0.610686	-1.389843	-1.855919	-1.178369	0.709483	1.218439	0.744805	-1.033759
-1.084854	-0.506267	-0.619911	-1.189167	-1.321849	-0.629393	-0.204582	0.437673	-0.667872	-1.509552	-0.325999	-1.599267	-0.798802	0.331609	-0.577247	0.184625	-0.306186	-0.279409	-0.337239	-0.829106	-0.899403	-0.317166	0.285984	-0.437875	-0.758849	-0.727639	0.157704	-0.198730	-0.384834	0.290445	-0.757666	0.512895	-1.037472	0.461318	-0.821751	-1.813651	0.618819	1.121512	-0.911104	-0.069866	0.031862	-0.830648	-0.327224	-0.277193	-0.423378	-0.514191	0.891032	-0.638843	-2.396528	-2.039744	-1.005446	0.959306	0.534177	0.532456	-0.299204
-0.427653	-0.570172	-0.948216	-1.026959	-0.598011	-0.525814	-0.413274	-0.486162	-0.797017	-1.258623	-0.730892	-1.854164	-0.984714	-0.915515	-0.920807	-0.142974	-0.536425	-0.139375	-0.420458	-0.956046	-1.216666	-0.041625	0.050724	-0.751085	-1.195062	-0.928730	0.185022	-0.309955	-0.290784	0.270402	-0.723197	0.498395	-0.779769	-0.229330	-1.311175	-1.494129	-0.283594	0.216665	-0.765844	0.252672	0.366792	-1.136957	-0.352575	-0.717644	-0.921959	-0.721366	0.571593	-0.222129	-1.765253	-1.564498	-0.788223	0.321424	-0.591830	-0.230849	0.235486
0.093814	-0.313166	-0.076220	-0.450219	0.163107	-0.184789	0.224426	-1.081257	-0.048192	-0.313533	-0.542359	-1.069248	-0.876364	-1.281134	-0.542795	-0.187149	0.077424	0.318093	-0.259477	-0.392452	-0.542061	-0.168498	-0.510022	-0.891538	-1.015479	0.009944	-0.293536	-0.170701	-0.010157	0.205915	-0.163212	-0.123045	0.040155	-1.074546	-0.947396	-0.785148	-1.108981	-0.670067	-0.916227	-0.444505	-0.010522	-0.367638	-0.085495	-0.908588	-0.688901	-0.410237	-0.123341	-0.418003	-0.881789	-0.875680	-0.820039	-0.882704	-1.189121	-0.840058	0.227412
-0.429534	0.056449	0.531703	-0.593907	-0.087721	-0.019005	1.310985	-0.904757	0.704728	0.332310	-0.191732	-0.509717	-0.822603	-0.657682	0.188777	-0.301646	1.147577	0.738270	-0.101496	-0.258386	-0.338098	-0.920494	-0.892922	-1.625316	-0.596805	1.165460	-0.573116	-0.504420	0.116637	-0.419592	-0.429168	-1.032262	0.498050	-1.119509	-0.443819	-0.943521	-1.144308	-0.673293	-1.347892	-1.521593	-0.728818	0.918540	0.436072	-0.402958	0.245157	0.395945	-1.055279	-1.458390	-1.149094	-0.737445	-0.929344	-1.637528	-0.746785	-0.552467	-0.345454
-1.460654	0.551880	-0.051124	-1.545612	-0.833733	0.034394	2.027305	-0.176828	0.760858	0.538775	-0.081032	-0.713237	-0.900027	0.186136	0.474413	-0.779232	2.015352	0.936009	-0.116508	-0.894429	-1.067746	-1.679033	-0.829742	-2.494649	-0.246064	1.633490	0.005307	-1.066443	0.307622	-1.240136	-1.494990	-1.327165	0.132039	-0.120469	-0.294110	-1.558122	-0.418604	0.024914	-1.668406	-1.970700	-0.756458	1.828444	1.086130	0.597575	1.346289	1.407206	-1.706551	-2.442794	-2.183222	-1.139849	-0.643441	-1.026025	0.431920	0.595933	-1.022348
-1.742788	1.413816	-1.184949	-2.283030	-0.872414	0.334416	2.095692	0.637060	0.495537	1.109514	0.057901	-0.860388	-0.796935	0.731684	0.180144	-1.270799	2.506018	1.088921	-0.214961	-1.419142	-1.654593	-1.743626	-0.452354	-2.383660	0.217951	1.533411	1.305469	-0.911971	1.033505	-1.391216	-2.000898	-0.509131	-0.422360	1.191706	-0.332794	-1.241669	0.497496	0.685473	-1.482464	-1.500535	0.263428	2.181956	1.735713	1.568882	2.275286	2.358387	-1.546152	-2.431747	-2.417466	-1.182945	0.102556	0.740061	1.597022	1.719774	-1.044401
-0.992995	2.482284	-1.606419	-2.013386	-0.004644	0.894874	1.817372	1.304840	0.658065	2.280774	0.554891	-0.127772	-0.242989	1.077269	-0.040077	-1.188140	2.674513	1.289165	-0.188211	-0.934015	-1.120396	-1.230457	-0.038631	-1.015008	0.950350	1.494291	2.379028	0.234418	2.063159	-0.737293	-1.187075	0.785401	-0.225081	1.945985	-0.043713	0.271941	1.087684	0.940823	-0.798937	-0.699870	1.434453	2.402489	2.192719	2.100332	2.880865	2.945609	-0.590284	-1.492838	-1.085667	-0.232777	0.798412	2.355972	2.213352	1.986118	-0.178541
-0.090022	3.007027	-0.919745	-1.011101	0.916380	1.355178	1.326749	1.834115	1.233736	3.094413	1.074239	1.082789	0.589777	1.279970	0.280653	-0.507209	2.206690	1.205976	0.082908	0.372263	0.133630	-0.813972	0.234200	0.637235	1.513313	1.558058	2.311707	1.554616	2.453542	-0.034408	0.118119	1.422226	0.796730	1.966577	0.823432	1.644959	1.180309	0.949971	-0.058359	-0.303569	1.730661	2.566930	2.242100	2.020576	2.816813	2.790100	0.532690	-0.465739	0.949943	1.144813	1.036048	2.670617	2.228762	1.466091	0.775997
0.292484	2.426086	0.076864	-0.084810	1.239846	1.485307	0.439611	2.120551	1.496580	2.659696	1.045436	1.677260	1.199859	1.053830	0.829266	0.239973	0.808881	0.577748	0.560962	1.481442	0.966124	-0.700287	0.369496	1.453142	1.294446	1.177555	1.144873	2.059130	1.700012	0.127052	0.719579	1.087904	1.769696	1.622595	1.913708	1.748053	0.872257	0.935136	0.357369	-0.427355	1.247338	2.169906	1.856191	1.413297	1.829561	1.836999	1.171400	0.099191	2.199577	1.704708	0.965323	1.743941	1.804471	0.877875	0.799540
0.433492	1.124778	0.420964	0.349408	1.066811	1.331735	-0.616369	1.851257	1.015786	1.336587	0.568513	1.220283	1.230690	0.381224	1.066833	0.688500	-0.873539	-0.137731	1.080916	1.623425	0.847948	-0.375692	0.513895	1.319322	0.388305	0.254248	-0.112653	1.512405	0.455779	-0.053262	0.545826	0.567272	1.892780	1.126979	2.435598	1.103359	0.406518	0.913595	0.558075	-0.504243	0.841101	0.976056	1.270962	0.651561	0.403778	0.658254	1.252769	0.447102	1.960288	0.917530	0.855597	0.549728	1.017665	0.604353	-0.072087
0.757184	0.051176	0.078485	0.464267	0.698263	0.904483	-1.011017	0.918804	0.139461	0.123979	0.261991	0.273638	0.752340	-0.184960	0.875202	0.863918	-1.563059	-0.166166	1.392805	0.922433	0.186615	0.472029	0.748170	0.958092	-0.412845	-0.471631	-0.475097	0.452814	-0.223063	-0.165625	0.347148	0.619091	1.235844	0.381000	1.777793	0.903796	0.063949	0.753978	0.843855	0.016689	0.864464	-0.412647	0.729740	0.191020	-0.529573	-0.039080	1.179819	1.007325	0.755349	-0.416366	0.574648	-0.131464	-0.049116	0.359134	-0.783475
0.978746	-0.367723	-0.253233	0.540969	0.222223	0.118839	-0.442867	-0.219905	-0.575765	-0.650263	0.265602	-0.445648	0.106414	-0.253997	0.367329	0.698400	-0.960515	0.381235	1.245148	0.093745	-0.387136	1.229706	0.822343	0.833274	-0.529647	-0.449276	0.099680	-0.391530	-0.109314	-0.271877	0.370713	0.982786	0.461220	-0.502621	0.206694	1.207355	0.017002	0.295805	1.062348	0.920449	0.854579	-1.224991	0.194251	0.120670	-0.707535	-0.219278	1.161791	1.575024	-0.334938	-1.095014	-0.116228	-0.272015	-1.049649	-0.096474	-0.631485
0.599556	-0.559657	-0.286883	0.610324	-0.270694	-0.859297	0.007723	-0.849548	-1.018399	-1.364833	0.089057	-0.733882	-0.369827	-0.158740	-0.432512	-0.021239	-0.403360	0.284793	0.562559	-0.292351	-0.598571	1.011560	0.313468	0.708270	-0.082764	-0.263555	0.856692	-0.626660	0.084249	-0.617803	0.160228	0.843585	0.020464	-0.967979	-1.106076	1.054126	0.269374	-0.427317	0.738025	1.368106	0.382789	-1.443535	-0.526179	0.034973	-0.800921	-0.472682	0.951561	1.506083	-0.601642	-0.838845	-0.941141	-0.239528	-1.452418	-0.398785	-0.068012
-0.094729	-0.987068	-0.438329	0.626057	-0.551302	-1.517651	-0.911833	-0.672724	-1.337052	-2.046001	-0.415264	-0.665028	-0.440462	-0.333200	-1.296443	-0.977280	-1.214343	-1.222925	-0.375475	-0.171381	-0.421386	-0.054415	-0.710572	0.418964	0.515436	-0.845666	1.101334	-0.280486	-0.223712	-0.921919	-0.334748	0.091908	-0.162321	-0.626683	-1.069601	0.219743	0.691508	-0.985383	-0.023774	0.929456	-0.316219	-1.581841	-1.311622	-0.455139	-1.305261	-1.080022	0.473767	0.742497	-0.001417	-0.301125	-1.225987	-0.267341	-1.027741	-0.157907	0.135034
-0.228861	-1.401280	-0.791378	0.729017	-0.539635	-1.447432	-2.648468	-0.055012	-1.398295	-2.059650	-0.679226	-0.218199	-0.043583	-0.553000	-1.627922	-1.229427	-2.751225	-2.999659	-1.027584	0.207728	0.154345	-0.694945	-1.401544	0.496736	0.946859	-1.909993	0.688767	0.426105	-0.711352	-0.495811	-0.298757	-0.384083	-0.369475	0.124467	0.218145	-0.198077	1.019518	-0.868805	-0.303858	0.234216	-0.712788	-1.712837	-1.623136	-1.165162	-1.742180	-1.539696	0.329494	0.136931	1.149090	0.118019	-0.699907	-0.342019	-0.177189	0.255300	0.012862
0.391525	-1.258647	-0.610854	1.026013	-0.487310	-0.792619	-3.150113	0.376923	-0.946177	-1.114334	-0.386168	0.468545	0.532386	-0.310556	-1.108681	-0.326702	-3.018954	-3.003233	-1.045587	0.556727	0.942365	0.050488	-0.946593	1.392980	0.905498	-2.088639	-0.112108	1.152437	-0.727499	0.740329	0.768118	0.146677	-0.745129	0.524527	1.489938	0.633344	0.961306	-0.177079	0.501372	0.250123	-0.689640	-1.356738	-1.126273	-1.492168	-1.443650	-1.321163	1.035707	0.394269	2.324178	0.737391	0.129250	-0.371620	0.422154	0.138605	0.126731
0.835326	-0.628253	0.481845	1.204914	-0.643305	-0.115022	-1.516117	0.285311	-0.247736	0.034806	-0.115725	0.838778	0.737493	0.349224	-0.231310	0.888128	-1.275811	-0.894128	-0.627836	0.661391	1.422719	1.535382	0.353526	2.395898	0.212508	-0.875747	-0.837064	1.330611	-0.371708	1.763719	1.920805	1.192659	-1.219233	0.427450	1.489913	1.859513	0.533670	0.322128	1.657609	1.016909	-0.611746	-0.454488	-0.314881	-1.085492	-0.658378	-0.729002	1.897101	1.079002	2.728221	1.610233	0.579083	-0.313218	0.515533	-0.415003	0.462436
0.328080	-0.170220	1.541833	0.842049	-0.773078	0.195411	0.604048	-0.169640	0.040210	0.448274	-0.441121	0.538702	0.351248	0.844811	0.263706	1.207917	0.856352	1.268978	-0.238948	0.566635	1.277109	2.204166	1.282780	2.211582	-0.727513	0.403940	-0.985962	0.533374	-0.436437	1.496020	1.684811	1.576064	-1.465523	0.363470	0.152890	1.885492	0.148407	0.061573	1.817205	1.547457	-0.706096	0.176132	-0.120919	-0.187551	-0.218041	-0.521909	1.512819	1.255137	1.799511	1.904787	0.570891	-0.186671	0.395479	-0.553058	0.431913
-0.433436	-0.232423	1.391092	0.208330	-0.280052	0.280757	0.958499	-0.563759	-0.183684	0.226966	-0.915370	0.173600	-0.089158	0.739218	0.265397	0.614601	1.285797	1.423997	-0.019382	0.691339	0.977708	1.552960	1.102266	0.723254	-1.041039	0.166618	-0.404442	-0.728270	-1.178976	0.279554	0.100051	0.885969	-0.979231	0.530294	-1.306521	0.459159	0.073720	-0.658302	0.710590	1.108094	-0.671949	-0.223837	-0.835190	0.618915	-0.373860	-0.857452	-0.315706	0.882241	0.087156	1.022920	0.528911	-0.049773	0.281978	-0.022081	0.038058
-0.025988	-0.492857	0.262098	0.220154	0.928902	0.489821	-0.596240	-0.667799	-0.281040	0.174167	-0.672335	0.680761	0.153688	0.096667	0.216770	0.246500	-0.172951	-0.110735	0.239882	1.320363	1.236921	0.720855	0.324720	-0.671185	-0.324381	-1.423707	0.396832	-1.144676	-1.751295	-0.326926	-1.020109	-0.142560	0.352525	0.320356	-1.556230	-1.018841	-0.015773	-1.113986	-0.465948	0.182142	-0.186192	-1.323680	-1.761341	0.797576	-0.653443	-1.177585	-1.992377	0.798980	-0.973529	-0.205419	0.603505	0.007141	-0.083770	0.219744	0.176434
1.612293	-0.609568	-0.544399	1.192626	1.876688	0.784221	-2.124156	-0.672606	0.044064	0.402331	0.255927	1.802353	0.971863	-0.646915	0.365536	0.774520	-1.819207	-1.289366	0.549490	1.870437	1.784438	0.824158	-0.101578	-0.839321	0.753979	-2.677604	0.620704	-0.176555	-1.278411	0.501396	-0.300957	-0.747235	1.680254	-0.733128	-0.574646	-1.330997	-0.571781	-1.016006	-0.500929	-0.183911	0.406868	-2.034357	-2.039902	0.135731	-0.723477	-1.092329	-2.018869	1.264635	-0.644836	-0.388920	0.427809	-0.122594	-0.953760	-0.732382	1.308410
2.668689	-0.673006	-0.427545	2.083210	1.378578	0.742489	-1.983225	-0.859780	0.136641	0.179017	0.939725	2.016850	1.357905	-0.959734	0.513931	1.466268	-2.038455	-0.844709	0.581675	1.272182	1.419057	1.370347	0.027148	-0.315152	1.090921	-2.321527	0.014891	0.931899	-0.080992	1.677311	1.373931	-1.033265	1.758539	-1.982113	0.238066	-0.817307	-1.392391	-0.624210	0.445173	0.241074	0.421422	-1.680673	-1.468151	-0.984773	-0.667508	-0.772201	-0.874142	1.360790	0.182000	0.556453	-0.193742	-0.442269	-1.923834	-2.302011	2.452046
1.558237	-0.736052	-0.059611	1.575595	-0.394782	0.210826	-0.379866	-1.091076	-0.557691	-0.672050	0.802099	0.498360	0.638251	-0.602258	0.449215	1.205801	-0.717771	0.606011	0.230318	-0.549967	-0.331396	1.014379	0.165498	-0.374997	0.336834	-0.638605	-0.853365	0.525601	0.744935	1.518313	1.919707	-1.430387	0.428156	-2.240616	-0.301243	-0.568548	-1.747541	-0.212687	1.145239	0.601761	-0.149168	-0.517935	-0.399069	-1.616681	-0.423180	-0.372899	-0.248529	0.282071	0.124091	1.259048	-0.778094	-0.702773	-2.173840	-2.907120	2.181034
-0.949716	-0.422196	-0.203104	-0.246584	-1.796965	-0.369558	1.318500	-0.866718	-1.339275	-1.150045	0.257174	-1.515085	-0.593448	0.082829	0.259507	0.011028	1.055701	1.671851	-0.107730	-2.147749	-2.220196	-0.468843	-0.063034	-1.251590	-0.713763	1.147870	-1.192337	-1.221591	0.745789	-0.099664	0.593874	-1.759533	-0.912511	-1.187968	-1.593585	-0.885332	-1.255771	0.203954	0.693218	0.083078	-0.510942	0.724682	0.738600	-0.994777	0.286072	0.293612	-0.755791	-1.382566	-0.964766	0.643460	-0.736868	-0.519092	-1.336491	-1.744564	0.418698
-2.423624	0.505589	-0.651744	-1.852767	-1.502225	-0.474605	2.079709	0.011583	-0.959736	-0.419226	0.008155	-2.048792	-1.136095	0.486465	0.156047	-0.955679	2.122379	1.655643	-0.064329	-2.056357	-2.551284	-1.781156	-0.386086	-1.959224	-0.950868	2.076231	-0.712111	-2.290533	0.511195	-1.573062	-1.218840	-1.421167	-0.808417	0.305085	-1.900572	-1.147707	-0.268429	0.635807	-0.649709	-1.068678	-0.140175	1.441409	1.558608	0.574822	1.239705	1.198406	-1.289950	-2.256376	-1.910910	-0.817714	-0.196056	0.207313	0.126064	0.364255	-1.341898
-1.521487	1.495936	-0.583871	-1.922918	0.013636	-0.105415	1.842235	1.038179	0.617024	0.882287	0.185765	-0.748961	-0.559466	0.432169	0.198373	-0.781502	2.039604	0.899916	0.230175	-0.471614	-1.111166	-1.698430	-0.327829	-1.670195	-0.123153	2.020187	0.186905	-1.277617	0.652982	-1.523296	-1.759139	-0.367692	0.530929	1.199647	-0.580687	-0.891693	0.614362	0.918573	-1.785386	-1.832120	0.547579	1.388840	1.717965	1.869644	1.602259	1.710546	-0.718496	-1.756393	-1.685862	-1.744005	0.218930	1.052559	1.361822	1.881126	-1.668788
0.561136	1.671412	0.279720	-0.681894	1.158322	0.297879	1.134838	1.459830	1.891028	1.393252	0.407174	0.836062	0.457020	0.327296	0.287046	0.205462	1.180112	0.194021	0.454670	1.082554	0.691087	-0.451771	0.167105	-0.634037	0.935139	1.445554	0.779286	0.758765	0.910558	-0.322581	-0.844341	0.629305	1.524298	1.228165	1.005770	-0.352140	1.090666	0.888742	-1.748600	-1.510714	0.830274	0.728404	1.186700	1.961533	0.931368	1.261010	0.547126	-0.540226	-0.495187	-1.338946	0.283896	1.421985	1.761497	1.976101	-0.680245
1.597077	0.886979	1.104974	0.504596	1.011395	0.375395	0.441845	1.073790	1.539320	0.756619	0.390765	1.241576	1.042674	0.556964	0.317919	0.927128	0.301511	0.016361	0.540749	1.450115	1.404640	0.680685	0.678444	0.292571	1.317196	0.809769	0.640622	1.503191	0.596420	0.560656	0.226153	0.799574	1.126163	0.822047	1.228067	0.059938	1.183472	0.637340	-0.521482	-0.385965	0.528358	-0.045365	0.406765	1.068550	-0.112050	0.187902	1.128999	0.420209	0.611498	-0.091790	0.346694	1.133224	1.303677	1.056372	0.290518
0.812562	-0.069118	0.796557	0.603614	0.017958	0.139417	-0.037854	0.397263	0.021203	-0.084990	0.217467	0.615414	0.965649	0.958908	0.256539	0.740696	-0.054054	0.201907	0.539130	0.707834	0.794356	0.758342	0.750342	0.562716	1.027416	0.265220	0.051211	0.248823	-0.255708	0.336848	0.384128	0.189646	-0.105984	0.464915	0.275451	0.292606	0.982298	0.420278	0.893751	0.593023	-0.012357	-0.403441	-0.061881	0.117000	-0.489842	-0.502018	0.463159	0.659453	0.893622	0.834607	0.557000	0.534983	0.525617	0.142821	0.330987
-0.579832	-0.382724	-0.532930	-0.174855	-0.819473	-0.129371	-0.222541	0.037779	-0.977454	-0.220603	0.081329	0.068226	0.523983	1.023673	0.109590	-0.052817	0.114675	0.285454	0.355871	-0.360905	-0.325298	-0.053095	0.302193	0.249891	0.681209	-0.122689	-0.310098	-1.233313	-0.691594	-0.401412	-0.101291	-0.473837	-0.924778	0.266847	-0.221833	0.484611	0.528819	0.316987	1.324450	0.672413	-0.413560	-0.177063	-0.037813	-0.272592	0.003824	-0.229963	-0.579275	0.229312	0.503222	0.784846	0.476324	0.063912	0.072992	-0.148893	-0.125550
-1.089516	-0.057002	-1.500716	-0.824116	-0.953851	-0.184531	-0.094426	0.075795	-0.576585	0.205767	0.038248	0.127521	0.054387	0.528571	-0.074845	-0.679716	0.393657	0.094082	-0.042132	-1.019062	-1.001431	-0.834642	-0.314765	-0.211217	0.531165	-0.234644	-0.130933	-1.070090	-0.099169	-0.652416	-0.312104	-0.582317	-0.818341	0.066907	0.492023	0.599646	-0.051442	0.161838	0.568969	-0.020700	-0.511739	0.288863	0.197994	-0.189913	0.616980	0.534332	-0.869121	-0.469049	0.053562	0.130131	-0.190337	-0.170185	0.092404	-0.021234	-0.149740
-0.542744	0.254088	-1.176571	-0.677857	-0.529799	-0.054084	0.090962	0.152750	0.354666	0.428118	0.033164	0.346750	-0.227639	-0.150519	-0.172227	-0.635259	0.333083	-0.159588	-0.364596	-0.882022	-0.826721	-0.827593	-0.610502	-0.375587	0.307138	-0.171197	0.251286	0.252733	0.737624	-0.228422	0.003856	-0.165501	-0.216595	-0.194579	1.253990	0.481645	-0.443307	-0.120480	-0.396105	-0.609145	-0.355121	0.414917	0.236332	-0.052371	0.598682	0.829807	-0.310213	-0.777744	-0.114068	-0.347703	-0.869902	-0.320993	0.145331	0.009887	0.321324
0.174308	0.090206	-0.186235	0.010803	-0.001914	0.034824	-0.048103	0.007746	0.501949	0.094385	0.017388	0.189974	-0.218424	-0.451508	-0.074298	-0.050681	-0.157275	-0.270810	-0.295467	-0.090363	-0.096807	-0.094677	-0.394142	-0.103927	-0.124816	-0.265445	0.371211	0.791623	0.578796	0.248803	0.284766	0.304725	0.286384	-0.356081	0.684268	0.138126	-0.385552	-0.336349	-0.557704	-0.426846	-0.134099	-0.035695	-0.059617	-0.094448	-0.021511	0.280451	0.313395	-0.299855	-0.116826	-0.346674	-0.741138	-0.481835	-0.156527	-0.198588	0.528800
0.383294	-0.319442	0.372453	0.507096	0.279591	-0.024179	-0.408689	-0.245979	-0.145817	-0.403147	-0.024675	-0.238749	-0.050925	-0.299128	0.117810	0.471591	-0.641095	-0.240817	0.022116	0.642080	0.490748	0.597669	0.020842	0.253839	-0.493512	-0.517441	0.179641	0.029747	-0.426581	0.306011	0.138037	0.437516	0.430428	-0.311509	-0.738092	-0.224856	-0.056646	-0.319550	-0.053663	0.195336	-0.021457	-0.607415	-0.410253	-0.226715	-0.589732	-0.502597	0.413883	0.466791	-0.170780	-0.157137	0.034314	-0.560854	-0.586464	-0.375486	0.148980
0.141507	-0.426816	0.316324	0.365210	0.224636	-0.103274	-0.370941	-0.343397	-0.471760	-0.493127	-0.094608	-0.461401	-0.047105	-0.133447	0.137855	0.395987	-0.522338	-0.123403	0.117661	0.544745	0.406289	0.543503	0.137885	0.152995	-0.533598	-0.440990	-0.059036	-0.604103	-0.832492	0.095887	-0.163982	0.184088	0.206671	-0.193433	-1.231028	-0.423571	0.044166	-0.178508	0.148202	0.363925	-0.034055	-0.573631	-0.402907	-0.246004	-0.543688	-0.634508	0.081413	0.519748	-0.305421	-0.121348	0.417185	-0.437856	-0.589720	-0.283025	-0.265772
-0.236342	-0.092732	0.067155	-0.275449	-0.047767	-0.093948	0.291682	-0.226288	0.027912	-0.101571	-0.182932	-0.324822	-0.319659	-0.224472	-0.096163	-0.250013	0.251427	0.053620	-0.165978	-0.398322	-0.276333	-0.226591	-0.151217	-0.493717	-0.298956	0.166219	-0.196132	-0.216204	-0.038778	-0.092721	-0.306537	-0.281175	-0.260072	-0.140240	-0.217106	-0.461267	-0.259221	-0.070744	-0.344217	-0.186789	-0.095897	0.178652	0.016819	-0.105922	0.071905	0.013265	-0.368882	-0.372860	-0.450748	-0.274062	-0.023220	-0.140315	-0.055192	0.032993	-0.294084
