X1	X2	X3	X4	X5	X6	X7	X8	X9	X10	X11	X12	X13	X14	X15	X16	X17	X18	X19	X20	X21	X22	X23	X24	X25	X26	X27	X28	X29	X30	X31	X32	X33	X34	X35	X36	X37	X38	X39	X40	X41	X42	X43	X44	X45	X46	X47	X48	X49	X50	X51	X52	X53	X54	X55
0.414383	0.122976	0.256903	0.136376	0.200439	-0.049163	-0.040705	0.269539	0.288125	0.231181	0.237994	0.081234	0.063903	0.373566	0.322164	0.183850	-0.052212	0.022001	0.003593	0.093923	0.099995	0.083538	0.058667	0.047987	0.181196	-0.223392	0.184474	0.231982	0.136371	0.245079	0.182364	-0.017827	0.185694	0.260960	0.193454	0.093563	0.358504	0.105480	0.151327	0.143380	-0.104424	0.006686	-0.014803	-0.032152	-0.047616	-0.104156	0.134696	0.343032	-0.030906	0.162349	-0.036014	0.015353	0.237467	0.046994	0.192594
-0.102914	0.033475	-0.725320	0.613382	0.501855	0.352299	0.640016	0.880026	0.615907	1.161963	-0.364495	0.014871	0.735303	-0.524332	-1.205583	1.259578	1.095718	1.311043	1.018799	-0.133847	0.120800	1.223182	1.114667	0.946831	0.433897	1.435040	1.008532	0.700723	1.294787	1.487068	1.072943	0.808400	0.975977	-1.078926	0.837113	0.850322	-1.386075	-0.196815	0.567791	1.098744	-0.272001	0.881644	1.119078	0.294023	0.359343	1.206468	0.759353	0.875857	-0.135751	0.542365	0.116423	0.337072	-0.623581	0.998212	1.511684
-0.502153	-0.327204	-0.833003	1.062713	1.100145	0.801782	1.474882	1.136122	1.129194	1.934175	0.038788	0.884861	1.060769	-1.352426	-1.604289	1.669094	1.831440	1.485746	0.718464	-0.277724	0.549380	1.560517	1.294584	1.569374	0.571192	1.600824	1.133254	0.685667	0.852838	1.788213	1.486733	1.211227	1.191072	-1.181350	1.408301	1.255551	-1.724051	-0.205968	0.768591	1.280473	-0.934365	1.226301	1.051543	0.900552	0.820848	1.857160	1.173764	0.814535	-0.040320	0.425512	-0.500216	-0.517666	-0.506092	1.339554	0.918922
-0.475260	-0.742836	-0.296838	1.152030	1.517486	0.925992	1.895949	1.003459	1.389374	1.881401	0.913534	1.788610	0.740913	-1.503642	-0.618776	1.129046	1.818436	0.682822	-0.470890	-0.450851	0.857490	1.048308	0.445077	1.363780	0.536558	0.587701	0.625542	0.224259	-0.646675	0.888785	1.157545	1.130458	0.741011	-0.359142	1.660841	0.815729	-0.762643	0.039186	0.477100	0.434534	-1.643381	0.593533	-0.008115	1.212571	0.862737	1.607862	0.896223	0.148244	0.092187	-0.093550	-1.481961	-1.806679	0.295770	0.907936	-0.940352
0.036500	-0.697552	0.026882	0.715248	1.215147	0.491612	1.370743	0.649748	0.887105	0.737698	0.858888	1.220714	-0.070926	-0.642872	0.939536	0.121494	1.114984	-0.008520	-1.004104	-0.750598	0.246612	0.294559	-0.564293	0.334496	0.271362	-0.147639	-0.006066	-0.280917	-1.362812	-0.543897	0.235821	0.906438	0.046243	0.170822	1.252064	-0.368059	0.183380	0.244030	-0.181973	-0.732569	-1.495434	-0.632878	-0.802104	0.694842	0.243505	0.847721	0.002577	-0.430495	0.178278	-0.504501	-1.737687	-1.722024	0.692256	0.056306	-1.965485
0.460542	-0.006931	-0.289981	0.023803	0.455091	-0.057314	0.427042	0.225697	-0.018997	-0.546080	-0.429176	-0.555615	-0.686793	0.408465	1.831583	-0.392851	0.327140	0.118617	-0.292077	-1.047945	-1.077015	-0.127458	-0.550426	-0.578069	-0.210819	0.052842	-0.462877	-0.553030	-0.588606	-1.376510	-0.714526	0.842324	-0.346066	0.062162	0.179045	-1.186247	0.261110	0.285079	-0.446598	-0.992897	-0.371766	-1.129157	-0.533850	0.009222	-0.339207	0.256480	-0.511970	-0.260411	0.454603	-0.559884	-0.836196	0.108229	0.272517	-0.582576	-1.397405
0.176124	0.952651	-1.084711	-0.719958	-0.196811	-0.147308	0.085865	-0.097571	-0.375063	-0.848518	-1.650942	-1.704369	-0.570430	0.517827	1.421178	0.036499	0.107038	0.748201	0.682566	-1.153278	-1.985957	-0.080997	0.661873	-0.685615	-0.621794	0.587926	-0.611043	-0.573677	0.656013	-0.972515	-1.086125	0.808157	-0.140663	0.099175	-0.870396	-0.654158	-0.000492	0.439240	0.324498	0.057337	0.853493	-0.089252	0.423546	0.249742	-0.125289	0.130822	-0.042607	0.379368	0.847966	-0.523632	0.613122	1.895494	-0.311802	-0.504634	-0.279430
-0.552845	1.668637	-1.889682	-1.511424	-0.651421	0.166327	0.436655	-0.129260	0.073373	-0.403803	-1.525356	-1.221993	0.071305	-0.150433	0.251226	0.871789	0.421878	1.159800	0.939418	-0.977381	-1.735214	0.300875	1.897223	-0.420916	-0.534435	0.806036	-0.252571	-0.385867	1.256521	0.195834	-0.686745	0.534788	0.579396	0.718724	-0.950566	0.730200	0.388019	1.005503	1.727418	1.388366	1.384623	1.518839	1.209892	1.231095	0.507520	0.189510	0.601215	0.550302	0.735688	-0.683819	1.727583	1.766774	-0.433977	0.175479	0.350336
-0.757068	1.890611	-1.949634	-1.907733	-1.014050	0.394190	0.555583	0.074949	0.449529	-0.386773	-0.294955	-0.053032	0.607835	-0.277889	-0.524465	1.264531	0.570996	1.018989	0.803792	-0.427844	-0.640595	0.850570	1.919488	-0.383142	0.122250	0.784323	0.547155	-0.044269	1.213886	1.036122	0.172043	0.170869	1.396721	1.167184	0.092526	1.475760	1.367528	1.713580	2.584146	1.721074	1.285168	1.913842	1.401505	1.501512	0.532649	0.100851	0.348480	-0.029792	-0.148275	-0.858648	2.052575	-0.015897	-0.346959	0.645108	0.481707
-0.041917	1.555451	-0.585354	-1.101238	-1.076353	0.296089	-0.089192	0.131268	-0.067020	-1.106407	0.770336	0.346934	0.699210	0.698588	-0.408723	0.909612	0.063072	0.429129	1.079462	0.552019	0.537199	1.285570	0.815767	-0.292600	0.866945	0.793061	1.183820	0.248064	1.037118	0.948611	0.947189	0.126189	1.715522	0.581755	1.201679	0.906810	1.738216	1.781521	2.187557	1.034501	1.025962	0.634709	1.177501	0.233461	-0.201926	-0.040453	-0.476223	-0.528871	-1.075722	-0.618268	1.629785	-1.428792	-0.645309	0.165550	0.434485
0.769466	0.691068	1.848393	0.841231	-0.680385	0.039195	-0.835263	-0.223892	-1.057818	-1.489082	0.932977	-0.252148	0.499834	1.664690	-0.051037	0.076727	-0.726529	-0.368257	1.579551	1.683678	1.353904	1.139984	-0.249569	0.312753	1.098563	0.704038	1.066599	0.197301	0.773754	0.267814	1.136864	0.379959	1.137703	-0.646960	1.108474	-0.145146	0.697915	0.753205	0.966211	0.379252	0.751123	-0.906048	0.923866	-1.583852	-0.703380	0.070955	-0.605321	-0.195790	-1.126040	0.066004	0.845685	-1.043517	-1.265227	-0.979080	0.170131
0.628142	-0.360747	3.748553	2.476398	-0.184874	-0.128860	-0.738152	-0.684152	-1.367044	-0.573257	0.540683	-0.912622	0.331950	1.306505	-0.294662	-0.823096	-0.969160	-1.006637	1.357034	2.376346	1.694478	0.174792	-0.452982	0.955040	0.651760	0.336062	0.362344	-0.249639	0.197863	-0.339005	0.500687	0.412177	-0.085515	-1.265741	-0.222457	-0.538749	-0.924162	-0.864058	-0.130737	0.397008	0.367540	-1.084752	0.880559	-2.228267	-0.186466	0.439555	0.269120	0.504959	-0.315856	0.639019	0.267801	0.535367	-1.474553	-1.633975	-0.368319
-0.398227	-0.934039	3.643291	2.421829	-0.028170	-0.099914	0.164727	-0.652093	-0.599759	1.101274	0.233974	-0.838636	0.359839	-0.074444	-1.043742	-1.409261	-0.341919	-0.977111	0.210734	2.270275	1.494842	-1.078448	-0.053311	0.742064	-0.122773	-0.013919	-0.188939	-0.728679	-0.463118	-0.552568	-0.654755	-0.040379	-1.097800	-0.785385	-1.447767	-0.142719	-1.437871	-2.025298	-0.583812	0.651792	0.024774	0.170092	1.016890	-1.198619	0.886085	0.705693	0.982905	0.516701	0.501739	0.535165	0.257866	1.629116	-0.805342	-1.058328	-0.786972
-1.243638	-0.652865	1.746248	0.979280	-0.106593	0.073231	0.930322	-0.031608	0.388230	2.014225	0.161121	-0.191409	0.491221	-0.928124	-1.487023	-1.376113	0.626072	-0.091614	-0.879383	1.611657	0.802853	-1.565596	0.219361	-0.199257	-0.735653	0.109297	-0.194289	-0.777138	-0.633107	-0.417798	-1.472641	-0.562399	-1.223822	-0.094825	-1.290958	0.307927	-0.278620	-2.171398	-0.515392	0.478916	0.002624	1.465753	1.053750	0.296690	1.403757	0.557858	0.500786	-0.321842	0.667987	-0.188253	0.563337	1.403916	0.319006	0.177924	-0.574781
-1.209214	0.026407	-0.244287	-0.264559	-0.047316	0.189899	0.877101	0.507133	0.548941	1.349696	0.069286	0.285635	0.467577	-0.444869	-1.273851	-0.781398	1.137363	1.002168	-1.013779	0.954286	-0.039117	-0.818611	0.042551	-0.682489	-0.951167	0.585615	-0.012113	-0.356464	-0.216620	-0.085648	-1.227637	-0.637152	-0.713134	-0.247480	0.064687	0.267055	1.230315	-1.622362	-0.281441	-0.080587	0.201815	1.512041	0.651334	0.743796	0.930920	0.069960	-0.646565	-1.054975	0.306361	-0.923229	0.496284	0.547005	0.983253	0.804144	0.169827
-0.678030	0.234211	-0.889403	-0.266507	0.142429	0.052703	0.280792	0.280541	-0.176879	-0.156899	-0.200954	0.169377	0.149524	0.515754	-0.889037	-0.191143	0.889721	1.210607	-0.462165	0.625062	-0.549569	0.386014	-0.396981	-0.013055	-0.861129	0.790510	-0.142106	0.060968	0.149279	0.207767	-0.141671	-0.340404	-0.413080	-1.091447	1.222074	-0.126848	1.355848	-0.976563	-0.154511	-0.499880	0.186947	0.341870	-0.239451	-0.089135	0.091242	-0.354080	-1.032341	-0.899562	-0.005896	-1.159087	-0.287296	0.235407	0.672055	0.230883	0.643270
-0.319519	-0.311897	-0.283889	0.589371	0.175380	-0.242167	-0.134159	-0.517806	-0.905041	-1.038805	-0.523685	-0.195808	-0.199480	0.637298	-0.737442	-0.159781	0.235183	0.181383	-0.124985	0.579980	-0.485217	0.851348	-0.815639	1.017138	-0.667443	0.463928	-0.523828	0.018911	-0.119411	0.163447	0.744323	-0.146980	-0.652795	-1.550870	1.091740	-0.474988	-0.099013	-0.444522	-0.266816	-0.556391	-0.188335	-0.940838	-1.162276	-1.101857	-0.294582	-0.331266	-0.172873	-0.196570	0.121232	-0.909111	-1.284672	0.735573	-0.301663	-0.888745	0.141849
-0.110406	-1.012936	0.381260	1.311009	0.083879	-0.310698	-0.092797	-0.991770	-0.838560	-0.583038	-0.638273	-0.104459	-0.100453	-0.251325	-0.448975	-0.541963	-0.271763	-1.127855	-0.324288	0.605927	0.003291	0.355086	-1.010843	1.060743	-0.462863	0.047180	-0.722001	-0.379531	-0.805919	-0.264404	0.663800	-0.238613	-0.830471	-1.063485	-0.045746	-0.622149	-1.699576	0.044103	-0.547587	-0.475312	-0.551520	-1.374478	-1.471636	-1.216753	-0.151861	0.102457	0.871682	0.175632	0.557668	-0.490390	-1.625026	1.133023	-1.140747	-1.436806	-1.077569
0.366906	-1.215920	0.197992	1.365453	0.200306	0.003131	0.064279	-0.626798	-0.047722	0.582929	-0.356309	0.692609	0.481132	-1.190571	0.409655	-0.650557	-0.362187	-1.399747	-0.641837	0.482618	0.563602	-0.179654	-0.786670	-0.115205	-0.226578	-0.054708	-0.625536	-0.591538	-1.215938	-0.648593	-0.075929	-0.349937	-0.342884	-0.188472	-0.980687	-0.602242	-2.103270	0.368222	-0.707322	-0.399760	-0.581476	-0.981975	-1.024241	-0.489789	-0.084925	0.421544	0.864874	-0.043849	0.782990	-0.074485	-1.056495	0.424102	-1.229703	-0.966675	-1.913010
0.918215	-1.045195	-0.687302	0.792773	0.492527	0.247512	-0.007192	0.106240	0.752031	1.296385	0.275191	1.612307	0.846703	-1.413500	1.286893	-0.191933	-0.141940	-0.421882	-0.768581	0.046744	0.899183	0.051636	-0.085901	-1.305541	0.049295	-0.096184	-0.569237	-0.283801	-1.065833	-0.459898	-0.522745	-0.251277	0.425568	0.264455	-0.904256	-0.366716	-1.447127	0.241885	-0.516035	-0.150526	-0.514328	-0.495719	-0.431588	0.187552	-0.511026	0.130504	-0.084104	-0.312297	0.345521	0.382852	-0.268181	-1.259366	-0.565818	-0.009728	-1.503468
0.700511	-1.085019	-1.503949	-0.198390	0.395340	-0.147003	-0.203834	0.348022	0.994506	1.035412	0.884932	1.738172	0.261082	-1.110973	1.055127	0.297022	0.119300	0.671077	-0.908422	-0.698050	0.826097	0.681620	0.728073	-1.275703	0.285875	-0.492592	-0.776676	0.293232	-0.689958	0.254186	-0.202443	-0.088194	0.491404	0.167809	-0.197912	0.111610	-0.894123	-0.341269	-0.147907	0.350468	-0.754303	-0.438168	-0.408863	0.219392	-1.118005	-0.590501	-0.803553	-0.116271	-0.668210	0.867729	-0.119386	-2.692497	0.273560	0.583545	-0.124527
-0.618423	-1.398579	-1.762464	-1.353747	-0.414700	-1.004292	-0.295087	-0.214099	0.666885	0.174020	0.949612	0.751163	-1.100689	-0.857796	-0.452467	0.165364	0.156026	0.642836	-1.224446	-1.492741	0.250558	0.620597	0.976033	-0.195339	0.324920	-1.050407	-1.075906	0.627252	-0.436380	0.746999	0.367823	-0.184448	-0.460649	-0.134609	0.112149	0.534506	-1.127511	-1.023271	-0.083924	0.702820	-1.122366	-0.641397	-0.955280	-0.129946	-1.284601	-1.033333	-0.672801	0.362342	-1.601289	1.206215	-0.664980	-2.790161	0.601795	0.453319	1.126315
-2.103299	-1.364943	-1.586548	-2.297608	-1.350061	-1.462314	-0.463167	-1.177999	0.023644	-0.697900	0.285068	-0.628438	-2.211961	-0.797759	-1.943298	-0.496139	-0.239953	-0.581697	-1.400446	-1.915378	-0.657643	-0.595965	0.245546	0.596056	0.009363	-1.221775	-1.268857	0.502391	-0.277351	0.343241	0.335305	-0.685835	-1.636463	-0.524854	-0.404548	0.426310	-1.657118	-1.480748	-0.621389	0.350527	-0.913144	-0.676484	-1.434673	-0.232946	-0.886688	-0.888521	-0.343991	0.478310	-1.789777	1.271267	-1.114033	-1.585314	0.251973	-0.055979	1.478092
-2.363287	-0.618457	-1.279285	-2.665678	-1.423204	-1.063183	-1.136740	-1.955868	-0.786593	-1.320592	-0.607949	-1.210185	-2.258101	-0.727981	-2.036298	-1.060246	-1.091774	-1.979918	-1.098144	-1.631905	-1.292720	-2.178297	-1.150006	0.133957	-0.636768	-0.972439	-1.435025	0.149702	-0.113326	-0.732851	-0.472120	-1.454024	-2.036104	-1.102447	-1.129932	-0.297678	-1.629291	-1.646758	-1.591855	-0.750398	0.189413	-0.517205	-1.419609	0.097964	-0.447826	-0.693230	-0.693717	-0.163312	-1.187817	1.104658	-0.752252	-0.012080	-0.236345	-0.325727	1.120327
-1.046890	0.274802	-0.886531	-2.345107	-0.461154	-0.392138	-2.246867	-2.218781	-1.659979	-1.646553	-0.929562	-0.473085	-1.420964	-0.683522	-0.758898	-1.245561	-2.080157	-2.573830	-0.568448	-0.659013	-0.989549	-2.892231	-2.370696	-1.189592	-1.287066	-0.854142	-1.686794	-0.050606	-0.078079	-1.560464	-1.387583	-2.184742	-1.486186	-1.642826	-1.313508	-1.144314	-0.998473	-1.513376	-2.547857	-1.964796	1.541179	-0.537531	-1.151976	0.401637	-0.460376	-1.085167	-1.593746	-1.297312	-0.319753	0.795040	0.244534	0.956507	-0.244486	-0.085608	0.689770
0.766228	0.401408	-0.353128	-1.514148	0.495680	-0.340726	-3.031002	-1.938945	-2.292052	-1.612460	-0.452170	0.832417	-0.559659	-0.926628	0.644785	-1.381545	-2.685426	-2.319457	-0.412465	0.530322	0.183856	-2.353717	-2.746098	-2.229108	-1.483008	-1.163380	-1.871772	0.101445	-0.280774	-1.552712	-1.710288	-2.560419	-0.625761	-1.595449	-1.107785	-1.584488	-0.560470	-1.044797	-3.048698	-2.536286	2.090854	-0.957913	-1.110237	0.076742	-0.815289	-1.894240	-2.156128	-2.192024	0.344416	0.429194	1.020948	0.883763	0.096597	0.299121	0.445191
1.695815	-0.410088	0.122699	-0.500666	0.267239	-1.000038	-2.803432	-1.266389	-2.241993	-1.250087	0.178906	1.344627	-0.323060	-1.327627	1.136658	-1.767703	-2.597934	-1.857383	-0.783557	1.220275	1.239420	-1.293061	-2.278707	-2.334380	-0.994207	-1.464923	-1.718501	0.503233	-0.477937	-0.987651	-1.376506	-2.358274	-0.099362	-0.775492	-1.219965	-1.614162	-0.827647	-0.411923	-2.758536	-2.235740	1.408440	-1.566401	-1.353054	-0.931603	-1.076022	-2.320895	-1.903123	-2.213309	0.723958	0.185877	0.991833	-0.008943	0.005803	0.186855	0.189799
1.312086	-1.337687	0.200953	0.350417	-1.055668	-1.581672	-1.655564	-0.442537	-1.325527	-0.794412	0.196782	0.458697	-0.648941	-1.224549	0.774743	-2.089781	-1.871817	-1.554777	-1.124202	0.936483	1.184267	-0.560742	-1.440602	-1.761959	-0.047403	-1.153064	-1.170624	0.763339	-0.339797	-0.493614	-0.774706	-1.523458	-0.028013	0.275429	-1.677414	-1.562989	-1.244511	0.006646	-1.562544	-1.413726	0.057934	-1.926590	-1.406394	-1.890059	-1.046006	-1.830925	-1.177919	-1.338272	0.848811	0.206169	0.395115	-0.976275	-0.846152	-0.589299	-0.222245
0.160928	-1.365322	-0.179053	0.746326	-2.077189	-1.291761	-0.194511	0.238138	0.057321	-0.493997	-0.394150	-1.048545	-0.956225	-0.233323	0.294831	-1.683462	-0.686471	-1.065174	-0.778067	-0.163459	0.052936	-0.238679	-0.562542	-1.059070	0.721240	-0.242528	-0.477947	0.375583	0.022047	-0.390939	-0.248285	-0.249897	-0.216439	0.854608	-1.627371	-1.461851	-0.855471	0.068204	0.159849	-0.534943	-0.951794	-1.611490	-0.736050	-1.790877	-0.739138	-0.586153	-0.457484	-0.224903	0.635355	0.279058	-0.135176	-1.203132	-1.655270	-1.402860	-0.681662
-1.068354	-0.235089	-0.706900	0.524404	-1.629434	-0.080988	1.073237	0.473282	1.036364	-0.426055	-0.928933	-1.883129	-0.720736	1.005139	0.136241	-0.348162	0.726596	0.010026	0.282181	-1.350274	-1.188219	0.050321	0.346974	-0.429736	0.627964	0.635674	-0.012569	-0.813309	0.141587	-0.651036	0.007872	0.970190	-0.543497	0.822226	-0.608963	-0.956450	0.371626	0.060706	1.511140	0.156286	-0.981361	-0.397455	0.655669	-0.344072	-0.054500	0.808140	0.224998	0.317257	0.140217	-0.036814	-0.291787	-0.461070	-1.344789	-1.447719	-1.049014
-1.965664	1.307798	-0.998048	-0.194060	-0.097327	1.336681	1.808710	0.101973	0.891953	-0.547674	-1.003973	-1.607554	0.033157	1.309211	0.044277	1.227869	1.823294	1.242718	1.409849	-1.824320	-1.685296	0.311127	1.163122	0.222259	-0.440064	0.937571	0.009808	-2.171278	-0.114473	-1.082682	-0.130933	1.539445	-0.925716	0.516077	0.564301	0.040606	1.320235	0.241200	1.705235	0.561942	-0.148536	1.342784	2.044549	1.482148	0.971521	1.691433	0.982575	0.076298	-0.274846	-0.757141	-0.181574	0.684622	-0.022272	-0.638686	-1.227521
-2.164439	2.144982	-0.835618	-0.900555	1.096297	2.036141	1.685005	-0.667873	-0.247064	-0.754126	-0.948158	-0.921386	0.723400	0.277321	-0.392872	1.991089	1.862544	1.595799	1.878200	-1.307443	-1.414109	0.161869	1.430423	0.906993	-1.670726	0.672717	-0.273873	-2.599038	-0.280801	-1.297615	-0.537733	1.245781	-1.079150	0.120983	0.754957	0.944892	0.998172	0.430199	0.904541	0.637828	0.870610	2.514916	2.492012	2.182626	1.678391	1.689486	1.576629	-0.347213	-0.345708	-1.178194	0.105076	1.458900	0.952669	0.300185	-1.032418
-1.311932	1.778429	-0.233684	-0.969046	1.176173	1.582185	0.714190	-1.255380	-1.362900	-0.834305	-1.226660	-0.631593	0.758716	-1.154105	-0.995551	1.537727	0.699874	0.661214	1.468381	-0.273085	-0.894049	-0.378638	0.929827	1.425305	-1.882906	0.164593	-0.435812	-1.583483	0.074285	-0.813816	-0.692263	0.585437	-0.670493	-0.474330	0.069215	1.085356	-0.234435	0.371746	0.229935	0.547773	1.361882	2.139620	1.696852	1.196234	1.217529	1.013202	1.592414	-0.172891	-0.308742	-0.598330	0.624592	1.587040	0.573441	0.658119	-0.355003
0.405305	0.783043	0.519907	-0.280490	0.721645	0.400207	-0.373737	-1.121226	-1.423781	-0.571998	-1.619411	-0.698479	0.161898	-1.650397	-1.082083	0.531266	-0.719226	-0.631702	0.576888	0.455036	-0.465825	-0.577106	0.254157	1.584617	-0.668294	-0.358136	-0.086042	0.163072	0.708726	0.445424	-0.084101	0.394993	0.249734	-1.129548	-0.207146	0.596101	-1.014056	0.316218	0.658678	0.702002	1.040129	0.529530	0.340990	-0.467246	-0.285921	0.338193	1.035064	0.728216	-0.578600	0.682145	1.235645	1.310044	-0.559019	0.449913	0.468113
2.020992	0.194239	0.965951	0.508786	0.633787	-0.549271	-0.620975	-0.233219	-0.376164	0.007087	-1.343650	-0.489791	-0.403514	-0.810441	-0.410652	0.023944	-1.120759	-0.879110	-0.116481	0.484602	-0.016257	0.227790	0.356319	1.438558	1.154310	-0.738550	0.800204	1.396960	1.032202	1.873447	1.157614	1.033438	1.229707	-1.181762	0.657593	0.379702	-0.490691	0.795314	1.938247	1.367459	0.193815	-0.771260	-0.504800	-1.271764	-1.512658	0.142312	0.461419	1.748169	-1.065923	1.436344	1.476000	0.881636	-1.007457	0.240232	0.807555
2.550450	0.460402	0.864194	0.618487	0.929919	-0.583621	0.107205	0.961122	0.878816	0.649382	-0.057517	0.249798	-0.282916	0.597488	0.320065	0.436104	-0.247134	0.277236	-0.105750	0.223276	0.648506	1.667301	1.424706	1.290981	2.381488	-0.715690	1.836264	1.673012	0.972728	2.685731	2.241964	1.990501	1.934168	-0.127523	1.817720	1.063999	0.802276	1.759014	2.840790	2.255194	-0.554667	-0.536397	-0.319267	-0.711785	-1.291800	0.240874	0.418044	2.255892	-1.128969	0.829298	1.056635	0.329708	-0.282990	0.445772	0.491574
2.009907	1.141095	0.467306	0.055639	0.958440	0.162274	0.908993	1.990486	1.517092	1.188917	1.520411	1.008225	0.497257	1.547107	0.289008	1.283023	0.873189	1.776324	0.616835	0.278511	1.314405	2.495404	2.509434	1.379649	2.573106	-0.135801	2.491805	1.670545	1.107413	2.654896	2.441042	2.398669	2.439187	1.541782	2.010196	2.182555	1.700792	2.371779	2.520096	2.667980	-0.721279	0.869024	0.540215	0.400113	0.114226	0.187869	0.818511	2.155613	-0.327895	-0.521408	0.333808	-0.329470	0.704243	0.981269	0.148043
1.302254	1.546506	0.232697	-0.438578	0.487622	0.958252	0.952229	2.657365	1.543132	1.621002	2.249558	1.096661	1.200435	1.650358	-0.330441	1.754339	1.175258	2.346787	1.515939	0.526137	1.405674	1.858334	2.476655	1.469972	2.189631	0.731760	2.495085	2.055797	1.763667	2.126429	1.751055	1.941104	2.840081	2.623215	1.273033	2.582650	1.762670	1.946470	1.332857	2.103179	-0.353547	2.004405	1.319817	1.089428	1.436049	0.017257	0.960866	1.638827	0.946438	-1.189912	-0.020848	-0.892685	0.985589	1.501903	0.453219
1.009388	1.383608	0.319432	-0.374225	0.024438	1.160574	0.528509	2.916067	1.416080	1.795818	1.785790	0.406508	1.045395	1.228234	-0.568059	1.391855	0.785978	1.821625	1.846486	0.186218	0.625270	0.296571	1.214425	0.964473	1.780259	1.398201	2.052587	2.401065	2.324345	1.410302	0.777238	1.181257	2.807238	2.417146	0.791502	1.639475	1.540345	0.792930	0.216713	0.695233	0.006436	1.928423	1.535982	1.252590	1.871904	0.245961	0.277614	0.735584	1.778603	-0.652451	0.181102	-1.045330	0.727287	1.765244	1.158880
0.735442	0.804501	0.535807	-0.032287	0.062614	0.735706	0.588575	2.686308	1.291384	1.396453	0.906845	-0.505970	0.021178	0.781159	0.051206	0.380830	0.654904	1.067339	1.266519	-0.969791	-0.544566	-0.746832	-0.267896	-0.264737	1.374588	1.647380	1.605289	1.723064	1.848752	0.502446	0.068899	0.906345	1.895795	1.368851	1.175197	-0.049119	1.595914	-0.185876	-0.382397	-0.847073	-0.126516	0.970026	1.223022	1.392889	1.689726	1.079573	-0.879589	-0.478537	1.665651	0.125762	0.454109	-0.582620	0.779612	1.707200	1.293800
-0.098700	0.188159	0.662611	0.167475	0.463966	0.277821	1.356613	1.959617	0.974140	0.470993	0.506838	-0.951551	-0.921542	0.525456	0.950553	-0.519060	1.161864	0.855152	0.245022	-1.952834	-1.229846	-0.457885	-0.870077	-1.315167	0.682586	1.596481	1.315342	-0.025415	0.333550	-0.560079	-0.326059	1.179214	0.309740	0.456855	1.674336	-1.222833	1.740721	-0.498285	-0.661514	-1.707126	-0.592360	0.103440	0.727757	1.721751	1.513776	1.936343	-1.417812	-1.431833	1.051818	0.035892	0.305276	0.333028	1.450130	1.358580	0.413953
-1.227993	-0.036169	0.569391	0.352348	0.715644	0.483083	1.973127	1.030309	0.413904	-0.329840	0.508597	-0.675027	-0.682879	0.378013	1.415666	-0.450373	1.667317	1.164015	-0.269007	-1.646127	-1.130711	0.513022	-0.402686	-1.103662	-0.392868	1.384607	0.942371	-1.618483	-1.070826	-1.444770	-0.711588	1.233271	-0.959312	0.266150	1.319793	-1.167598	1.526697	-0.286868	-0.825659	-1.561728	-0.681983	-0.054998	0.380088	1.938090	1.579590	2.033093	-0.719397	-1.443846	0.848097	-0.768553	-0.178546	1.079131	2.176972	0.850506	-0.737137
-1.792881	0.320171	0.106665	0.819749	0.515877	1.411232	1.677971	0.414322	-0.159732	-0.436404	0.113997	-0.048834	0.820973	0.258574	1.542956	0.727893	1.552333	1.524638	0.242204	-0.342078	-0.877902	0.875058	0.383858	0.134555	-1.576237	1.111861	0.327320	-1.947221	-1.274827	-1.864142	-1.301542	0.426161	-1.007182	0.712829	0.224294	-0.319564	1.116196	0.211405	-0.770252	-0.887035	0.036439	0.389800	0.315451	1.775139	1.770947	1.328737	0.503100	-0.712976	1.408978	-1.335980	-0.538543	1.005437	2.275004	0.414640	-1.085576
-1.434057	0.933533	-0.711246	1.303039	0.008698	2.284322	0.843773	0.388561	-0.544567	-0.095670	-0.931628	0.243031	2.447552	0.281257	1.837360	2.082023	1.120586	1.634666	1.311688	0.523760	-1.219120	0.188993	0.627116	0.888130	-2.412528	0.991920	-0.236955	-1.300638	-0.405872	-1.946567	-1.949847	-0.845647	0.002717	1.295817	-0.665660	0.325823	1.118658	0.889727	-0.372123	-0.521573	1.111686	0.920885	0.491709	1.353925	1.887126	0.587171	1.007367	-0.339224	2.084073	-1.383606	-0.502712	0.174440	1.625859	0.184371	-0.525108
-0.625839	1.212641	-1.312879	1.243713	-0.372265	2.232493	0.409528	0.646517	-0.679948	-0.001575	-1.813112	-0.126058	2.977588	0.585357	2.214897	2.436519	1.018189	1.472354	1.963714	0.281665	-1.977191	-0.695772	0.177163	0.321057	-2.535704	1.144857	-0.376906	-0.840616	0.472110	-1.953865	-2.212977	-1.432021	0.925904	1.462329	-0.769606	0.316490	1.609529	1.493879	0.262711	-0.730146	1.656533	1.085236	0.764513	0.894994	1.630240	0.442624	0.616873	-0.913113	1.903189	-1.469357	-0.149986	-0.558212	0.636801	-0.009936	0.013728
0.083389	0.901458	-0.826647	0.731094	-0.311452	1.222747	0.548964	0.565789	-0.483137	-0.297651	-1.644135	-0.730968	2.342012	1.035731	2.022509	1.649217	1.104122	1.066028	1.681378	-0.075381	-2.137263	-0.686487	-0.347028	-0.489792	-1.854146	1.169929	-0.207596	-1.049615	0.582731	-1.725102	-1.675965	-0.715844	0.785396	1.029689	-0.397311	0.120096	1.844604	1.627946	0.910548	-0.844627	1.314499	0.752855	0.898824	0.324111	0.684610	0.638287	0.413641	-1.467135	0.641064	-1.716767	0.297680	-0.481434	-0.189482	-0.456831	-0.178922
0.643211	0.213958	0.820807	0.502849	-0.028097	0.016120	0.467517	-0.111322	0.101074	-0.419201	-0.627320	-0.831735	1.445859	1.227460	1.002392	0.702494	0.569655	0.428236	0.729934	0.596901	-1.062595	0.289753	-0.274772	-0.045279	-0.637169	0.376869	-0.163189	-1.274245	0.045117	-0.795555	-0.373544	0.544632	-0.285364	0.398094	-0.190097	0.380518	1.168679	1.191890	1.364298	-0.098940	0.474810	0.090347	0.595199	-0.621149	-0.855345	0.394796	1.128844	-0.528639	-0.998092	-1.280130	0.590009	0.121236	-0.562666	-1.095889	-0.627905
1.121691	-0.623737	2.317014	0.829583	-0.103660	-0.765839	-0.373956	-0.956609	0.851860	0.048237	0.237871	-0.199675	0.891708	0.875935	-0.296448	0.406545	-0.743930	-0.292217	-0.400581	1.768402	0.642455	1.245887	0.384718	1.302903	0.567541	-1.233586	-0.302154	-0.863027	-0.659594	0.804938	1.064197	0.921275	-1.333611	0.107130	-0.383861	1.005539	-0.135144	0.524966	1.426693	1.272311	-0.423524	-0.594845	-0.295336	-1.875254	-2.276048	-0.561905	1.965525	1.799659	-2.216495	0.403778	0.427105	0.360121	-0.492194	-1.431630	-0.305803
1.253050	-1.581768	2.120802	1.005816	-0.649781	-1.221294	-1.333881	-1.308826	1.349593	0.793536	0.445589	0.702742	0.324690	0.178749	-1.144491	0.421915	-1.772378	-0.779267	-1.516070	1.803516	1.738484	1.303506	0.961305	1.663048	1.253726	-2.546217	-0.205400	-0.136949	-1.346987	2.211554	1.866084	-0.083999	-1.647194	0.135679	-0.689974	1.234780	-1.187558	0.000751	0.985928	2.116723	-1.334776	-1.008754	-1.489585	-2.792823	-2.769392	-1.614760	1.594237	3.548195	-2.795104	2.375735	-0.391106	-0.136441	-0.238995	-1.118663	0.880585
0.823756	-2.470727	0.300319	0.340881	-0.967756	-1.746195	-1.336684	-0.968962	1.383495	1.207543	0.465805	1.333578	-0.789729	-0.302777	-1.258582	-0.114322	-1.437855	-0.809542	-2.530427	0.248427	1.698247	0.648489	0.842915	0.211993	1.343680	-2.409961	0.311410	0.212005	-1.983554	2.519721	1.838120	-1.422682	-1.294303	-0.013271	-0.727171	0.602011	-1.494206	-0.320445	0.178843	1.629513	-2.203801	-1.043665	-2.354068	-2.654190	-2.227779	-1.984892	-0.018374	3.066155	-2.823138	2.914330	-1.649095	-0.827265	-0.135761	-0.498150	1.736216
0.237003	-2.796493	-1.354089	-0.792216	-0.471204	-2.335307	-0.339598	-0.295475	1.118774	1.085005	0.886567	1.556142	-2.124430	-0.199560	-0.779049	-1.280064	-0.112721	-0.538798	-3.093395	-1.380483	1.138106	0.147143	0.088524	-1.593990	1.241739	-1.063437	0.801249	0.261734	-2.220228	1.804490	1.492815	-1.702817	-0.712642	-0.461614	-0.439386	-0.414951	-1.268043	-0.563112	-0.652839	0.265812	-2.605726	-0.889333	-2.437908	-1.490687	-1.350696	-1.614214	-1.469586	1.001880	-2.214324	1.526255	-2.637312	-0.991578	-0.313575	-0.233510	1.220329
0.138735	-2.263602	-1.334273	-1.406228	0.360070	-2.532881	0.518203	0.331017	0.841126	0.736519	1.561828	1.482687	-2.685232	0.239588	-0.085414	-2.163311	0.723458	-0.410896	-2.820554	-1.477645	0.899081	0.175549	-0.710410	-1.904682	1.369334	0.051069	0.800588	0.682439	-1.614016	0.996015	1.353388	-0.775732	-0.149534	-0.665421	-0.082309	-0.880796	-0.870227	-0.743325	-1.231894	-0.808054	-2.197160	-0.831524	-1.878178	-0.179836	-0.830186	-1.089604	-1.610633	-0.509461	-0.929921	-0.367989	-2.602327	-0.550225	-0.544986	-0.420779	-0.082964
0.525715	-1.201189	-0.057631	-1.159325	0.558253	-1.994125	0.332935	0.869291	0.684644	0.563848	1.902172	1.205050	-2.022044	0.386182	0.276651	-1.991585	0.265881	-0.683423	-1.862291	-0.329338	1.066401	0.203311	-1.098515	-0.764540	1.639925	-0.000469	0.536698	1.502667	-0.364665	0.746042	1.324639	0.231377	0.331311	-0.245553	0.130792	-0.455233	-0.332420	-0.741694	-1.507775	-1.015027	-1.283703	-0.841144	-1.179939	0.453038	-0.553462	-0.830374	-0.793401	-0.417829	0.530121	-0.988772	-1.460355	-0.032284	-0.428965	-0.442010	-0.534770
0.756225	-0.241031	0.903230	-0.650846	0.032535	-0.949350	-0.529178	1.341209	0.597355	0.640706	1.722763	0.860363	-0.842851	-0.017797	-0.029495	-1.099952	-0.766482	-1.108072	-0.894274	0.497102	1.150388	-0.342652	-1.175722	0.230415	1.579513	-0.643831	0.609168	1.862058	0.632765	0.821522	0.990056	0.314582	0.589296	0.313011	0.247000	0.239329	0.389547	-0.531886	-1.570221	-0.834949	-0.529006	-0.574758	-0.691900	0.432716	0.075754	-0.715498	-0.222675	0.224811	1.351207	-0.129248	-0.023861	0.098564	0.154920	0.134821	0.492697
0.536177	0.291375	0.823148	-0.507874	-0.339127	-0.077063	-1.136670	1.437554	0.400497	0.653069	1.389824	0.662053	-0.214179	-0.436406	-0.625623	-0.528447	-1.269220	-1.236768	-0.413026	0.391710	0.971403	-1.159101	-1.332197	0.091262	1.016275	-0.810787	1.080685	1.297569	0.749965	0.740552	0.361329	-0.455630	0.488957	0.236800	0.374981	0.329682	0.975160	-0.332242	-1.510486	-0.969561	-0.174712	0.027259	-0.427490	0.305095	0.989529	-0.558425	-0.510225	-0.022096	1.182708	0.849458	0.709593	-0.080941	0.767087	0.863890	1.780306
0.327194	0.499361	0.409614	-0.657791	-0.019558	0.120962	-1.261631	0.705881	-0.123429	0.220450	1.144302	0.594025	-0.401442	-0.081423	-0.703727	-0.779035	-1.166695	-1.023137	-0.246367	0.352138	0.866928	-1.420022	-1.656006	-0.627902	0.368999	-0.450978	1.300851	0.573194	0.361032	0.513257	-0.096929	-1.389535	0.169392	-0.487828	0.397119	-0.386038	0.944876	-0.426007	-1.367315	-1.369379	0.131421	0.418765	-0.273142	0.239363	1.151769	-0.522630	-1.237282	-0.994200	0.429290	0.835207	0.556328	-0.148539	0.725752	0.968868	1.862893
0.483527	0.615437	0.504633	-0.671359	0.463808	-0.152979	-1.364131	-0.813638	-1.006217	-0.694702	0.667294	0.263345	-0.787435	1.065411	-0.047647	-1.259678	-1.168278	-0.890510	0.102549	1.206579	0.958118	-0.937270	-1.732592	-0.964193	0.048772	-0.387675	0.728409	0.611821	0.295576	0.352373	-0.232280	-2.025579	-0.040931	-1.099445	0.077092	-1.294048	0.317081	-0.788016	-1.104383	-1.366798	0.754387	0.111806	-0.121338	-0.081626	-0.118387	-0.747511	-1.684728	-1.302814	-0.271425	0.215211	0.242396	0.091093	-0.151976	0.382986	0.891702
0.542762	0.803214	0.923030	-0.463916	0.368528	-0.198553	-1.568235	-2.321232	-1.902910	-1.710653	-0.432150	-0.634452	-0.768940	2.010601	0.642614	-1.059555	-1.476888	-1.111260	0.787764	2.127266	0.712561	-0.462920	-1.115296	-0.760994	-0.154186	-0.874539	-0.366301	1.055218	0.744661	0.024715	-0.515946	-2.231880	-0.002131	-1.023882	-0.548015	-1.621594	-0.267093	-0.982571	-0.625868	-0.651527	1.602299	-0.521394	0.171071	-0.689282	-1.859692	-0.864155	-1.531191	-0.384675	-0.634081	0.054138	0.450108	0.378907	-1.191210	-0.192093	0.196425
-0.054033	1.095391	0.886290	-0.315076	-0.222936	0.349654	-1.401312	-2.830911	-2.309137	-2.354125	-1.855326	-1.756744	-0.355015	1.756861	0.728811	-0.074259	-1.492003	-1.343808	1.466094	1.664473	-0.362884	-0.659111	0.038496	-0.456502	-0.713493	-1.107833	-1.215375	0.709974	1.089106	-0.869411	-1.277662	-1.886493	0.126446	-0.439905	-1.064329	-1.151139	-0.251949	-0.570126	0.077332	0.243311	2.265502	-0.641825	0.645262	-1.001488	-2.274103	-0.395562	-0.880837	0.668950	-0.724401	0.529448	1.030024	0.413056	-1.449369	-0.264975	0.305803
-0.884518	1.253764	0.178643	-0.330738	-0.640908	1.026263	-0.661830	-2.068426	-2.048556	-2.384215	-2.644439	-2.290709	0.091808	0.438631	0.482113	0.862446	-0.841385	-1.022300	1.697081	-0.196282	-1.813429	-1.176848	0.932532	-0.270183	-1.501351	-0.404224	-1.375366	-0.624781	0.779210	-1.990509	-1.964507	-0.980658	0.173962	0.147466	-1.057956	-0.345543	0.183415	0.363029	0.746789	0.546926	2.369853	-0.140091	0.966531	-0.583462	-0.892817	0.424545	-0.060548	0.540023	-0.624315	0.825633	1.330197	0.279125	-0.705904	-0.128603	0.370710
-0.911865	0.829411	-0.583071	-0.230844	-0.585533	1.065199	0.064889	-0.724935	-1.390320	-1.812279	-2.077034	-1.755555	0.335919	-0.804342	0.503473	0.923528	-0.063411	-0.144247	1.312409	-1.850924	-2.477817	-1.129116	0.836419	-0.080272	-1.713470	0.733853	-0.991733	-1.566936	0.050106	-2.237245	-1.651269	0.047096	0.168889	0.494571	-0.513187	0.153338	0.387969	1.157237	0.946803	0.121164	1.736616	0.127930	0.613937	0.119475	0.747538	0.772002	0.478954	-0.644036	-0.329882	0.471208	1.089468	0.216869	0.310818	-0.241160	-0.273407
0.056095	-0.282437	-0.750180	0.261799	-0.369387	0.363020	0.088958	0.197708	-0.679911	-0.836876	-0.472626	-0.513005	0.390481	-1.087011	0.656760	0.161107	0.055982	0.567622	0.479452	-1.927161	-1.713960	-0.276871	-0.186035	0.184557	-0.839832	1.156058	-0.427063	-0.796194	-0.355961	-0.985662	-0.249829	0.557055	0.158561	0.570427	0.213776	0.124859	0.031028	1.112253	0.492301	-0.471435	0.495345	-0.477351	-0.400235	0.253336	0.929736	0.314060	0.426877	-1.540689	0.089899	0.077204	0.711658	0.129964	0.720899	-0.469127	-0.922887
0.865404	-1.405634	-0.382141	0.984454	-0.337800	-0.343028	-0.508367	0.204333	-0.114784	0.077849	0.933920	0.523491	0.387600	-0.713144	0.184621	-0.635997	-0.519188	0.394594	-0.370276	-0.691971	-0.136208	0.657346	-1.315366	0.452595	0.511059	0.411615	-0.030948	1.094558	-0.039224	0.890548	1.188235	0.412536	-0.045203	0.216281	0.704228	-0.138204	-0.632727	0.084661	-0.250122	-0.681275	-0.768909	-1.426232	-1.226232	-0.359338	-0.239384	-0.299675	0.027481	-1.289107	0.440785	0.413517	0.684749	-0.248403	0.299244	-0.422048	-0.582077
0.271414	-1.618912	-0.088243	1.372571	-0.490927	-0.356998	-0.996025	-0.488517	0.100019	0.282508	1.005367	0.626728	0.406007	-0.764854	-1.183241	-0.836485	-1.066501	-0.585076	-0.729989	0.523368	0.989967	0.842780	-1.750215	0.674697	1.050449	-0.777596	-0.223561	1.979504	0.593161	1.671317	1.518562	0.102882	-0.726480	-0.750323	0.686240	-0.282185	-1.243756	-1.391498	-0.672501	-0.541825	-1.242256	-1.632655	-0.958611	-1.013324	-1.139651	-0.328708	-0.004990	-0.472735	0.558285	1.187857	0.969840	-0.711716	-0.567228	-0.293336	0.361402
-1.533885	-0.841183	-0.279065	0.962010	-0.669678	0.111748	-0.873298	-1.308946	-0.231327	-0.513430	-0.256869	-0.164599	0.310859	-1.836284	-2.718266	-0.581743	-0.972108	-1.547154	-0.438840	0.810840	0.983009	0.198744	-1.401348	0.765135	0.145462	-1.334605	-1.260443	0.587592	0.722272	0.599202	0.674458	0.009366	-1.812939	-2.062561	0.136981	-0.288943	-1.724046	-2.515490	-0.594641	-0.473976	-0.604424	-0.775785	0.275586	-1.040249	-0.690339	0.018065	0.678966	-0.236753	0.434875	1.328231	1.056569	-0.578667	-1.387130	-0.723745	0.535844
-2.933860	-0.040180	-0.719229	-0.078726	-0.726156	0.215395	-0.388867	-1.723430	-0.922683	-1.709690	-1.645570	-1.012321	-0.179131	-3.289074	-3.371894	-0.498069	-0.365951	-1.740142	0.020317	0.316868	0.285969	-0.653613	-0.809881	0.486700	-1.419073	-0.920792	-2.654384	-1.853827	-0.029954	-1.190497	-0.330619	-0.110765	-2.677909	-2.912760	-0.583039	-0.350425	-2.053690	-2.787765	-0.479063	-0.668995	0.517844	0.372559	1.283792	-0.589375	0.495357	-0.124391	1.409391	-0.798642	0.196825	0.450181	0.522240	0.427288	-1.772405	-1.733996	-0.399433
-2.482591	-0.135606	-0.858317	-0.950901	-0.447097	-0.412412	-0.137123	-1.428369	-1.333979	-2.118747	-1.838142	-0.925039	-1.061067	-3.840329	-2.721097	-0.901931	0.129371	-1.149290	-0.074730	-0.285691	-0.161925	-1.043465	-0.451422	-0.257238	-2.154960	-0.153661	-3.227862	-2.820926	-1.170111	-1.821280	-0.505233	-0.600012	-2.540784	-2.575907	-0.832218	-0.484989	-2.002079	-2.280560	-0.840612	-0.833284	1.084882	0.865211	1.007434	-0.292579	1.078523	-1.021112	1.123182	-1.246646	0.041335	-0.523480	-0.507246	1.588138	-1.425877	-2.337098	-1.148891
-0.399912	-0.914712	-0.541851	-0.929897	0.340977	-1.089798	-0.272001	-0.455402	-0.936823	-1.063588	-0.616397	0.286499	-1.734629	-2.856046	-1.221169	-1.401185	0.147045	-0.338131	-0.833616	-0.533004	0.066258	-0.721823	-0.239487	-1.007770	-1.330145	0.204139	-2.197454	-1.326764	-1.783077	-0.704630	0.124779	-1.096095	-1.173000	-1.173213	-0.250828	-0.452859	-1.404135	-1.396038	-1.481954	-0.554871	0.662115	0.514120	-0.339519	-0.364040	0.609754	-1.813698	-0.197853	-0.765877	0.164781	-0.509347	-1.384110	1.836046	-0.383266	-1.587783	-0.639726
1.622121	-1.311500	-0.224619	-0.119364	1.429706	-0.859321	-0.307192	0.758179	0.125921	0.850488	1.026706	1.695160	-1.448734	-0.964072	0.302046	-1.305130	-0.052320	0.219338	-1.528910	-0.386007	0.611615	0.124444	0.232114	-0.979496	0.368729	0.097342	-0.150803	0.942968	-1.397971	0.894298	0.662628	-0.737867	0.742220	0.302841	0.759732	-0.062925	-0.566170	-0.397528	-1.509175	0.214718	-0.261616	-0.105681	-1.467318	-0.350967	-0.183676	-1.486880	-1.165254	0.375356	0.595584	0.334653	-1.469340	0.976446	0.750381	0.186383	0.297642
2.067154	-0.668707	-0.357855	0.629945	2.199344	0.305189	0.234412	1.512063	1.147883	2.217240	1.918289	2.126689	-0.212913	0.588685	1.343716	-0.389523	0.023123	0.491980	-1.408239	-0.038827	0.945106	1.055264	1.061834	0.071087	1.570825	0.035639	1.385596	1.591971	-0.393112	1.370379	0.377551	0.698268	2.032445	0.884064	1.320569	0.538350	-0.071484	0.671541	-0.306745	1.113924	-0.930489	-0.326608	-1.334541	0.196278	-0.445942	-0.146438	-0.517113	1.252620	1.077428	0.817425	-0.781275	-0.030610	1.195770	1.569312	-0.024037
0.904272	0.562611	-0.742714	0.595619	2.072935	1.366748	1.112714	1.306512	1.445573	2.111972	1.688088	1.336067	0.992129	1.049387	1.903915	0.774021	0.438798	0.624441	-0.542991	0.269679	0.950938	1.533394	1.821752	1.359964	1.462437	0.221602	1.446056	0.209518	0.442155	0.471329	-0.596119	2.199137	2.008838	0.547453	0.853106	0.955040	-0.139134	1.566253	1.510272	1.688969	-1.018517	0.045331	-0.134123	1.053536	-0.039556	1.016191	1.218635	1.364814	1.283474	0.227044	-0.037707	-0.202571	0.762591	1.535636	-1.701736
-0.677414	1.418290	-0.790741	-0.143518	0.972346	1.368101	1.500796	0.322897	0.843078	0.853638	0.772887	0.103751	1.194970	0.638650	2.041266	1.298760	0.714493	0.564161	0.352514	0.332296	0.774913	1.133518	1.993317	1.733624	0.344526	0.237170	0.521308	-1.358201	0.731737	-0.746060	-1.586074	2.403206	1.107414	0.097567	-0.471317	0.925139	-0.369047	1.691407	2.417571	1.672472	-0.604836	0.675488	1.087669	1.509237	0.619721	1.059472	2.168869	0.969353	1.174148	-0.805649	0.180173	0.267152	0.032258	0.538964	-2.790686
-1.497609	1.467667	-0.358903	-0.924119	-0.566290	0.480218	0.873708	-0.610821	-0.204223	-0.395095	-0.237085	-0.733202	0.507549	0.114928	1.553806	0.878863	0.404661	0.164202	0.774399	0.056664	0.385561	-0.122657	1.512896	0.861386	-0.769339	-0.232854	-0.132911	-1.248192	0.854765	-1.267649	-2.103994	1.085445	0.448395	0.174677	-1.873223	0.590517	-0.207735	0.798702	1.547163	1.108767	0.189006	1.074721	1.591077	1.183700	1.096021	0.293094	1.265004	0.525926	0.941368	-1.087172	0.191538	0.346317	-0.249986	-0.019699	-1.578623
-1.225423	1.091447	0.054435	-1.209492	-1.594088	-0.278339	-0.319266	-0.690626	-0.862739	-0.635306	-0.997123	-0.966537	-0.082083	0.015500	0.393048	0.177302	-0.289740	-0.396533	0.794304	-0.455913	-0.356760	-1.582376	0.823073	-0.389696	-0.990180	-0.723818	0.098381	0.432094	1.373188	-0.973007	-2.054255	-0.504276	0.668847	0.654896	-2.411333	0.369931	0.439283	-0.302295	-0.198744	0.400257	1.180095	1.073417	1.490032	0.507345	1.117952	-0.218672	-0.544414	0.184689	0.572270	-0.244904	0.741479	-0.322826	0.185656	0.695017	1.279152
-0.316246	0.832342	0.044392	-0.959800	-1.305797	-0.257719	-1.020325	0.127161	-0.535697	0.226247	-1.291784	-0.760309	0.055569	0.325695	-0.839579	0.133062	-0.650297	-0.579798	0.660781	-0.942192	-1.241121	-2.304505	0.415678	-0.852405	-0.215080	-0.454196	0.704269	1.968510	2.144338	-0.300253	-1.462504	-0.920605	1.305081	1.051543	-1.540163	0.561820	1.152392	-0.337068	-0.998522	0.116586	1.875232	0.948646	1.224481	0.252524	0.558121	0.049374	-1.450285	-0.120451	-0.202929	0.889556	1.773722	-0.810409	1.017231	2.115066	3.373141
0.584334	0.722487	-0.106083	-0.402801	0.197876	0.153658	-0.677824	1.056388	0.530697	1.361637	-0.945265	-0.227614	0.522065	0.769338	-1.286974	0.832547	-0.262894	-0.077565	0.418474	-1.093376	-1.659437	-1.780220	0.352348	-0.255314	0.825912	0.582217	0.895534	2.010331	2.248334	0.397775	-0.346553	-0.006942	1.420349	1.125081	0.396321	1.018145	1.482454	0.906312	-0.122582	0.469639	1.684578	0.972385	0.842405	0.588688	-0.449488	0.573405	-0.814582	-0.316924	-1.340076	1.230354	2.203768	-0.162824	1.591123	2.857242	3.069705
1.170069	0.380572	0.171222	0.303584	1.701831	0.136213	0.174033	1.204420	1.372577	1.736955	-0.107257	0.443681	0.538451	1.200850	-0.747546	1.321559	0.460827	0.711672	0.042872	-0.713051	-1.207231	-0.345849	0.260230	0.522423	1.256582	1.398050	0.580631	0.822477	1.001113	0.969646	1.088659	1.047433	0.668586	0.910704	2.181906	1.144730	1.329752	2.119416	1.296553	0.960048	0.557852	0.870399	0.074736	0.789741	-1.408898	0.592464	0.279297	-0.166673	-2.186482	0.567380	1.189052	1.112341	1.321554	1.990337	0.988343
1.461171	-0.321765	0.885073	1.027106	1.789396	-0.518271	0.659717	0.412042	1.266181	1.029472	0.548503	0.747158	-0.082683	1.555695	0.130389	0.732317	0.823604	1.092251	-0.297716	0.058783	-0.237005	1.112677	-0.158831	0.365222	0.900805	1.138882	0.287435	-0.361797	-1.072712	1.224223	2.286840	1.055316	-0.459499	0.477150	2.513593	0.337491	0.826993	1.918313	1.665146	0.817777	-0.800423	0.074221	-0.950155	0.093896	-1.704273	0.168971	0.390872	0.348664	-2.124738	-0.387417	-0.720118	1.453045	0.130853	-0.180961	-1.017219
1.362911	-0.912653	1.356878	1.464723	0.186581	-1.184062	0.663442	-0.647802	0.490786	-0.128238	0.295408	0.208491	-0.815275	1.576316	0.595303	-0.582369	0.756105	0.908456	-0.325878	0.677914	0.373126	1.806717	-0.673318	-0.874295	0.345151	0.180540	0.322384	-0.793153	-2.527644	0.914443	2.541345	0.041795	-1.293641	-0.048716	1.069297	-1.326545	0.086890	0.420040	0.721623	-0.088786	-1.518447	-1.298372	-1.449541	-1.218825	-1.098903	0.120409	-0.669768	0.803810	-1.328176	-0.937756	-2.077575	0.143692	-1.370073	-2.345950	-1.825350
0.590490	-0.791871	1.011201	1.339849	-1.855401	-1.150922	0.750413	-1.202724	-0.051307	-0.832408	-0.825338	-0.911858	-1.025196	0.943816	0.478388	-1.313143	0.783458	0.634494	0.030980	0.630973	0.106325	1.510817	-0.735176	-2.074910	0.127610	-0.328114	0.382842	-0.674848	-2.325293	0.072837	1.568068	-0.921269	-1.557991	-0.414986	-1.067883	-2.810121	-0.722737	-1.011663	-0.383572	-0.996785	-1.304663	-2.125259	-0.791308	-1.939224	0.008681	0.869206	-1.717059	0.763437	-0.492705	-1.055342	-2.083684	-1.739605	-2.265566	-3.185566	-1.662554
-0.743330	0.017713	0.076020	0.813800	-2.654850	-0.387416	1.155028	-1.063008	0.110624	-0.708672	-1.855004	-1.578987	-0.478832	-0.218535	0.105009	-0.581287	1.153837	0.651354	0.515172	0.048651	-0.611714	0.681856	-0.166865	-1.908590	0.124585	0.085219	0.118387	-0.449076	-0.796442	-0.771501	-0.012702	-0.892123	-1.283513	-0.480638	-2.173823	-2.851393	-1.212509	-1.322742	-0.546162	-1.077345	-0.589144	-1.453003	0.562882	-1.247268	0.945844	1.764728	-1.562669	0.372523	0.049253	-1.073715	-1.301456	-2.558757	-2.036411	-2.352886	-1.174435
-1.826068	0.820140	-0.688529	0.377441	-1.677386	0.515880	1.497069	-0.493028	0.565188	-0.024010	-1.821437	-1.007744	0.581829	-1.219347	-0.204292	1.125966	1.553887	0.871040	0.794909	-0.372649	-0.899416	0.159301	0.566529	-0.272426	-0.096761	0.802422	-0.201746	-0.219536	0.744953	-0.969886	-1.011448	0.095485	-0.512726	-0.419119	-1.384303	-1.215756	-1.017371	-0.637961	0.183041	-0.366668	-0.035263	0.214693	1.403359	0.343594	1.439494	1.915571	-0.296956	0.150379	0.522417	-1.166102	-0.786576	-1.932953	-0.949869	-0.625027	-0.616800
-1.849029	1.039834	-0.823250	0.263229	-0.004309	1.042623	1.528166	0.304109	0.608487	0.716702	-0.752109	0.320281	1.647207	-1.377906	-0.350693	2.456053	1.745281	1.138434	0.856867	-0.165171	-0.470953	0.429837	0.876722	1.555818	-0.591262	1.187887	0.025889	0.021282	1.288752	-0.449634	-0.804840	1.242092	0.628983	-0.472220	0.444447	0.931132	-0.248645	0.223088	0.933195	0.352754	0.054018	1.399251	1.184615	1.562405	1.782607	1.417562	0.941152	0.192718	1.082264	-1.374109	-0.809958	-0.928437	0.183419	0.827216	-0.082916
-0.842189	0.851313	-0.484822	0.254874	0.874020	1.203450	1.448702	1.200613	0.078704	1.110744	0.406572	1.064378	2.258222	-0.679129	-0.272388	2.487992	1.846774	1.490941	1.018508	0.469609	0.074524	1.052360	0.657290	2.260057	-1.008686	1.337851	0.745012	0.116118	0.958853	0.146542	-0.026120	1.751444	1.677639	-0.567342	1.584868	2.088585	0.540669	0.597359	1.059577	0.490085	-0.055160	1.367936	0.602947	1.707273	2.202893	1.134546	1.290087	0.023696	1.462629	-1.777200	-0.728948	-0.590895	0.671541	1.287521	0.093842
0.468905	0.793769	-0.022350	0.109687	0.629146	1.243037	1.280667	1.804419	-0.504511	0.987961	0.860745	0.569103	2.226392	0.245980	0.193686	1.416019	1.769158	1.786305	1.404241	1.069808	0.096183	1.079849	0.221455	1.647911	-1.129228	1.458837	0.975502	-0.019605	0.555988	0.152500	0.179581	1.338141	1.970610	-0.370084	1.233714	1.768092	0.930305	0.368720	0.623153	0.155145	0.132215	0.744700	0.472300	1.159177	2.293058	1.283577	0.888625	-0.639996	1.366674	-2.231758	-0.018959	-0.781769	0.508562	0.820512	-0.329274
1.391215	0.909805	0.387365	-0.168953	0.153348	1.114440	0.609827	1.642052	-0.583843	0.430202	0.711701	-0.401995	1.598459	0.769634	1.046354	0.054454	1.012347	1.513047	1.548899	1.374430	-0.283079	0.187485	-0.171579	0.403187	-1.100651	1.218394	-0.051822	-0.199035	0.470115	-0.425959	-0.501498	0.275595	1.240504	0.284692	0.180908	0.695972	1.009701	-0.081001	0.029096	-0.251367	0.728450	0.334653	0.529446	0.683060	1.432582	0.987704	0.331901	-1.400739	0.890740	-2.181383	0.980576	-0.631464	0.319328	0.077971	-0.968245
1.606776	0.652350	0.599019	-0.514269	0.133961	0.560789	-0.665037	0.800650	-0.222088	-0.319699	0.563231	-0.719864	0.557205	0.829470	1.752053	-1.019907	-0.549895	0.362966	0.862830	1.251861	-0.436361	-0.891136	-0.472914	-0.733288	-1.086247	0.273340	-1.710698	-0.235371	0.360569	-0.997527	-1.258008	-0.781881	0.005471	1.144535	-0.398813	-0.085167	1.105087	-0.222373	-0.453295	-0.538384	1.207999	0.067340	-0.046589	0.504568	-0.271887	-0.408775	-0.023334	-1.650232	0.377257	-1.194103	1.543176	0.214558	0.626939	-0.207774	-1.079652
1.162964	-0.235929	0.369623	-0.875071	0.231914	-0.262068	-1.847559	-0.003041	0.031681	-0.972266	0.692147	-0.250489	-0.510121	0.823974	1.509646	-1.633682	-2.124422	-1.172719	-0.464900	0.604519	-0.057251	-1.227058	-0.613441	-1.208541	-0.906118	-1.010369	-2.471667	-0.172563	-0.078639	-0.994546	-1.160134	-1.155573	-0.818197	1.766252	-0.315513	-0.081039	1.290388	0.120581	-0.720367	-0.613370	0.925193	-0.459764	-1.176536	0.232521	-1.848126	-2.160981	-0.024443	-1.218244	-0.000049	0.377770	1.476730	1.174046	1.225273	0.198932	-0.432880
0.507375	-1.069738	-0.330059	-1.037993	-0.005562	-0.614068	-2.169412	-0.181280	-0.069924	-1.214010	0.880846	0.286598	-1.037980	0.996604	0.213774	-1.597432	-2.708266	-2.077203	-1.382746	-0.378676	0.537955	-0.743088	-0.429391	-0.714081	-0.238201	-1.887960	-1.627937	-0.074752	-0.480760	-0.310470	-0.181623	-0.670337	-0.761501	1.935174	-0.110896	0.479740	1.314190	0.638540	-0.658885	-0.269217	-0.032411	-0.917578	-1.701310	-0.361107	-2.358416	-2.852632	0.391500	-0.412712	-0.327030	1.666352	1.212573	1.451772	1.504916	0.879924	0.407551
0.247580	-0.837577	-1.036482	-0.746080	-0.143035	0.040230	-1.699254	0.133737	-0.100863	-0.823908	0.907739	0.482630	-0.734309	1.063283	-1.064408	-0.688665	-2.145793	-1.708510	-1.041987	-1.163889	0.808380	-0.151107	0.050140	0.373266	0.819244	-1.997724	-0.050320	0.154259	-0.274441	0.660790	0.821404	0.090924	-0.181858	1.784958	0.087051	0.954740	0.951887	0.997272	-0.257734	0.461828	-0.710945	-0.485817	-0.859021	-0.770621	-1.709045	-2.066056	0.864953	0.303760	-0.649750	2.197392	1.094423	0.844227	1.324688	1.272248	0.826915
0.478295	0.497075	-1.138540	-0.145364	0.412354	1.165709	-1.137209	0.365955	0.383799	-0.014795	0.821974	0.573414	-0.037175	0.597074	-1.089160	0.754106	-1.162749	-0.389756	0.214836	-1.349082	0.482416	-0.019537	0.414429	0.973971	1.565293	-1.446721	0.933242	0.514849	0.439091	1.277104	0.978364	0.276554	0.214863	1.492726	0.608160	0.767411	0.304079	1.184829	0.137069	0.932920	-0.294114	0.828228	0.607047	-0.331488	-0.563608	-0.772134	0.670657	0.571544	-0.772080	2.189422	0.968919	-0.200334	1.124834	1.239264	0.940378
0.549208	1.655207	-0.537163	0.184009	1.064905	1.475724	-0.894294	0.139330	1.036907	0.484692	0.664349	0.638275	0.194173	-0.284837	0.034066	1.687969	-0.505545	0.832378	1.163540	-1.069532	-0.271053	-0.237647	0.220311	0.367343	1.283963	-0.503427	0.932150	0.670614	0.895519	1.097383	0.199373	-0.368033	0.085339	0.985415	1.185372	-0.123800	-0.277209	1.182820	0.038922	0.435964	0.805203	1.764465	1.250686	0.655548	0.261520	-0.073692	-0.384726	0.352450	-0.527407	1.982159	0.547697	-1.025358	1.076631	0.972488	1.343413
-0.138769	1.300646	0.217433	-0.149781	0.501991	0.312703	-0.725771	-0.455382	0.992731	0.092847	0.244468	0.224665	-0.399182	-0.886709	0.917330	1.302325	-0.309683	1.026862	0.933052	-0.764742	-0.982470	-0.401338	-0.426740	-0.875148	0.059596	0.410524	0.485390	0.241205	0.544951	0.263999	-0.791779	-1.215507	-0.390864	0.100538	0.832212	-1.121644	-0.517756	0.650189	-0.520265	-0.779931	1.216881	1.141213	0.581325	0.928362	0.298984	-0.035809	-1.471708	0.017800	-0.186715	1.578151	-0.127044	-1.173996	0.648450	0.501281	2.133459
-1.258116	-0.459602	0.521328	-0.848466	-1.338474	-1.537888	-0.219054	-1.022957	-0.010774	-0.820862	-0.530033	-0.840809	-1.283017	-0.691308	0.626751	-0.060532	-0.218972	0.122392	-0.268658	-0.651277	-1.187083	-0.400846	-0.864878	-1.519272	-1.131443	0.765674	0.136729	-0.691146	-0.387850	-0.582404	-1.143780	-1.399880	-0.875685	-1.019033	-0.742443	-1.508519	-0.453896	-0.575839	-0.849680	-1.547144	0.141923	-0.668934	-0.525014	-0.229550	-0.319917	0.034091	-1.633182	0.002110	-0.298975	0.867391	-0.740520	-0.612218	-0.579704	-0.329749	2.510779
-1.822285	-2.126313	0.361366	-1.210383	-2.749197	-2.708777	0.608034	-1.147355	-1.165717	-1.162464	-1.227600	-1.786807	-1.735080	0.057969	-0.206146	-1.336413	0.094037	-1.090888	-1.595780	-0.552604	-0.717857	-0.442763	-0.648405	-1.146444	-1.272618	0.415488	0.034929	-1.529992	-1.253127	-0.860437	-0.625936	-0.691220	-1.164176	-1.894956	-2.311980	-1.165485	-0.330814	-1.846983	-0.455333	-1.119924	-1.658740	-2.093213	-1.012854	-1.888919	-0.951568	0.452932	-0.943930	0.294052	-0.963798	-0.004264	-1.053356	0.264813	-2.024340	-1.373349	1.626039
-1.290384	-2.386682	0.292816	-0.859359	-2.257399	-2.739741	1.247535	-0.670454	-1.470531	-0.344404	-1.134747	-1.646862	-1.702987	0.688911	-0.402790	-1.947440	0.530433	-1.702781	-2.396475	-0.178559	0.202543	-0.652788	-0.161163	-0.525818	-0.251637	-0.134326	0.201460	-1.654076	-1.616976	-0.536764	0.235025	0.309149	-1.166871	-2.125277	-2.451570	-0.674590	-0.295922	-2.164903	0.199928	-0.105470	-2.664826	-2.135783	-0.801695	-2.465980	-0.981020	0.726013	-0.340736	0.493123	-1.487999	-0.685029	-1.039951	0.933641	-2.589290	-2.047349	-0.251084
-0.146883	-1.379355	0.790366	-0.098212	-0.491729	-2.275227	1.177624	0.114729	-0.850836	0.961373	-0.071348	-0.518222	-1.637535	0.844057	0.102793	-2.085635	0.629707	-1.420508	-2.470074	0.517774	1.116459	-0.862987	-0.110221	-0.461313	1.071041	-0.298425	0.590866	-0.960263	-1.469915	-0.055934	0.721390	0.819304	-0.892361	-1.701231	-1.281053	-0.608368	-0.266885	-1.361808	0.280140	0.347295	-2.219321	-1.308676	-0.574087	-1.633375	-0.421160	0.306366	-0.416888	0.429728	-1.098378	-0.900328	-0.799867	1.148467	-1.977456	-1.930695	-1.758750
0.648865	-0.272127	1.653044	0.413146	0.662686	-1.868579	0.400231	0.577926	-0.139422	1.539013	1.192244	0.452020	-1.636824	0.689221	0.268318	-1.899224	0.092062	-0.625745	-1.832256	1.226640	1.597514	-0.803574	-0.463531	-0.717609	1.675829	-0.138292	0.830340	0.012354	-1.035721	0.162444	0.615323	0.655177	-0.570412	-0.903883	-0.162286	-0.808138	-0.125557	-0.380951	-0.200015	0.047346	-1.041723	-0.675070	-0.720450	-0.600271	0.137452	-0.569878	-0.767518	0.449573	0.029154	-0.596089	-0.498395	1.026567	-0.990223	-1.296691	-1.824943
0.620122	0.143606	2.087098	0.261037	0.414981	-1.225295	-0.510118	0.254121	-0.026114	0.940682	1.568592	0.392348	-1.258495	0.496711	-0.537793	-1.132565	-0.767341	0.092715	-0.653141	1.493492	1.464726	-0.439005	-0.391322	-0.395366	1.211757	-0.233286	0.382954	0.513622	-0.559511	0.096030	0.304594	0.289523	-0.557403	-0.049703	0.098086	-0.548107	0.059663	-0.202528	-0.373021	-0.095107	-0.200886	-0.460341	-0.888635	-0.449226	0.226629	-1.151888	-0.545415	0.902979	0.811637	0.045636	-0.340944	0.779119	-0.425996	-0.775050	-0.811820
0.124182	0.114294	1.457602	-0.398791	-0.181532	0.085090	-0.934949	-0.615576	-0.289187	-0.144765	0.772550	-0.339773	-0.301932	0.292750	-1.679454	0.142743	-1.232413	0.335424	0.572537	1.096621	0.853691	-0.071366	0.531855	0.820063	0.139846	-0.882400	-0.737225	0.279474	-0.188149	0.026129	0.229545	0.192508	-0.862679	0.601122	-0.021852	0.554739	0.113027	-0.757895	0.152919	0.568272	0.030371	-0.024899	-0.597924	-0.812748	-0.000394	-1.117644	0.573203	1.552273	0.503818	0.626235	-0.426617	0.516464	-0.155944	-0.555739	-0.006606
-0.122148	0.276487	0.022408	-1.019016	0.227407	1.650302	-0.747959	-1.107647	-0.132655	-0.717125	-0.320432	-0.642911	0.666875	-0.030136	-2.057647	1.067049	-0.911192	0.021353	1.162714	0.253388	0.124008	-0.035462	1.532251	2.157357	-0.708333	-1.681721	-1.628340	-0.153692	0.103418	0.182708	0.377994	0.326070	-0.902512	0.857916	0.229533	1.959565	0.030613	-1.062423	0.643142	1.485338	0.151038	0.993989	0.035776	-0.524627	-0.048495	-0.810196	2.015366	1.757288	-0.361010	0.726521	-0.602937	0.335185	0.452442	-0.223373	-0.077012
0.249645	0.743702	-1.150425	-1.101547	1.666484	2.458595	-0.291621	-0.443915	0.828893	-0.413235	-0.568641	0.134859	0.927189	-0.430470	-1.286513	0.864504	-0.134888	-0.594723	0.801380	-0.536195	-0.334829	-0.248185	1.479734	2.589345	-0.698713	-1.970523	-1.241365	0.018420	0.433610	0.519341	0.447564	0.373961	-0.098052	0.703122	0.886994	2.660785	0.063336	-0.297069	0.294158	1.623198	0.555926	1.996922	0.409736	0.774471	0.293236	-0.550952	2.768878	1.218129	-0.567962	0.263531	-0.638211	0.361719	1.539060	0.540401	-0.409636
0.969891	1.003151	-1.152470	-0.508376	2.918230	1.994037	0.051025	1.046514	1.986870	0.301913	0.236327	1.612022	0.536061	-0.682335	0.142965	-0.085150	0.421993	-1.050338	-0.115656	-0.812187	-0.281021	-0.180078	0.262541	1.901102	0.157613	-1.562116	0.442769	0.901511	0.732720	0.761137	0.360482	0.227742	1.218305	0.355024	1.471201	2.149802	0.418510	1.278447	-0.616281	0.720480	0.996294	2.010507	0.118868	2.110954	0.754090	-0.235326	2.214296	0.289372	0.341753	-0.423938	-0.603638	0.511354	2.503638	1.330879	-0.095482
1.409085	0.536683	-0.152768	0.502337	2.795589	0.734029	0.129458	2.003617	2.184979	0.629102	1.217517	2.777631	0.272071	-0.600002	1.461786	-0.634453	0.414262	-1.027216	-0.812993	-0.367758	0.273355	0.559321	-1.167456	0.716418	1.085933	-0.861298	2.150799	1.603963	0.621405	0.632496	0.345156	-0.006355	1.864432	0.088972	1.609921	0.786829	0.886958	2.413471	-1.191666	-0.607229	0.913713	0.737881	-0.663358	2.236926	0.936179	0.213567	0.652908	-0.525912	1.531645	-0.969654	-0.835360	0.350770	2.600377	1.352155	0.785589
1.141204	-0.578640	0.780378	1.420301	1.143406	-0.382391	-0.023787	1.397622	0.876366	0.109553	1.440672	2.800741	0.674647	-0.223252	2.104924	-0.276519	0.047394	-0.610658	-0.787742	0.643856	1.018713	1.636569	-1.990554	-0.330097	1.083277	-0.268451	2.420052	1.150874	-0.157695	0.122084	0.510511	-0.347393	1.071349	-0.020085	1.189142	-0.670922	0.937226	1.995883	-1.143455	-1.733396	0.151112	-1.089811	-1.373481	0.965859	0.698720	0.478283	-0.892463	-1.169810	1.821398	-1.312417	-1.288091	-0.466122	1.594621	0.390761	1.238979
0.345159	-1.612057	0.803122	1.761879	-1.061157	-0.706720	-0.297605	-0.232288	-1.149415	-0.967533	0.879363	1.600411	1.446509	0.246020	1.914203	0.365907	-0.266157	-0.109386	-0.110671	1.661716	1.443753	2.192494	-2.204680	-1.050928	-0.101213	0.269133	1.002359	-0.309650	-1.160571	-0.412043	0.633794	-0.946243	-0.486702	-0.069639	0.325566	-1.627967	0.347963	0.281883	-0.903970	-2.427388	-0.758073	-2.287504	-1.454459	-0.632916	0.174125	0.290301	-1.463214	-1.883105	0.945624	-1.444051	-1.187311	-1.571576	-0.004225	-0.746135	0.630566
-0.359464	-1.763411	0.074276	1.428894	-2.399431	-0.201784	-0.508520	-1.254799	-2.406298	-1.776125	0.242127	-0.110875	1.853649	0.622683	1.202261	0.518015	-0.312358	0.313475	0.763098	1.929996	1.158125	1.727025	-2.069101	-1.390220	-1.571366	0.941255	-0.866779	-1.524105	-1.474723	-0.491554	0.511776	-1.686856	-1.290662	-0.063144	-0.484375	-1.777460	-0.370367	-1.168845	-0.710027	-2.490397	-1.056475	-2.131256	-0.722012	-1.284812	-0.435213	-0.062009	-0.922791	-2.581607	-0.301619	-1.053365	0.163427	-2.015180	-1.219147	-0.971594	-0.485153
-0.581884	-0.972151	-0.632731	0.844306	-2.106344	0.637705	-0.425006	-0.763811	-2.174137	-1.723510	0.009917	-1.336978	1.465598	0.756528	0.501233	0.195704	-0.120214	0.688771	1.327138	1.053849	0.245726	0.678674	-1.470239	-1.180314	-2.116452	1.573345	-1.600006	-1.521621	-0.789636	0.008601	0.308462	-2.041725	-0.651258	0.113609	-0.532854	-1.139218	-0.486156	-1.084535	-0.282021	-1.664607	-0.554711	-0.907776	0.413855	-0.690577	-0.926404	-0.019946	-0.029664	-2.725038	-1.040465	0.127474	2.199495	-1.255965	-1.318421	-0.084500	-0.977780
-0.578438	-0.062391	-0.821631	0.597167	-0.708603	1.146785	0.098789	0.412147	-1.098148	-1.017997	-0.078800	-1.545505	0.440744	0.445750	0.077652	-0.038264	0.247895	1.003632	1.277190	-0.558808	-0.742522	-0.004186	-0.237230	-0.480219	-1.399128	1.795466	-0.683288	-0.694458	0.068623	0.670268	0.343995	-1.543424	0.533302	0.365823	0.356280	-0.235665	-0.000425	0.127862	0.502092	-0.174130	0.123991	0.353138	1.195975	0.318723	-1.029883	0.592908	0.319712	-1.915810	-1.141601	1.635646	3.246734	0.148099	-0.466352	0.995413	-0.409468
-0.817411	0.139529	-0.584188	0.861808	0.566192	1.015843	0.957312	0.763345	-0.245076	-0.337703	-0.517332	-1.011693	-0.673054	-0.404742	-0.185953	0.157418	0.774783	1.131824	0.684225	-1.941319	-1.230879	0.165117	1.231399	0.186646	-0.127958	1.603193	0.921257	-0.188958	0.078288	0.912505	0.626586	-0.353997	0.901009	0.301905	1.403934	0.126642	0.245084	0.957204	1.190512	1.107966	0.229412	0.811253	1.238486	0.724134	-0.542175	1.411178	-0.014749	-0.420786	-1.024621	2.437459	2.199170	1.086262	0.404084	1.222486	0.518305
-1.265046	-0.269670	-0.282231	1.195118	1.022657	0.521346	1.739373	-0.093850	0.050222	-0.025546	-1.242457	-0.425055	-1.303388	-1.440623	-0.394799	0.650965	1.321007	1.004883	-0.020267	-2.374416	-1.089649	0.747883	2.142024	0.310147	0.809851	1.362557	1.722689	-0.454460	-0.657749	0.534240	0.761056	0.802621	0.258348	-0.279530	1.574145	-0.319511	-0.405312	0.627079	1.285453	1.449434	-0.237027	0.540135	0.922471	0.313967	0.313304	1.871484	-0.372035	1.019402	-0.887426	2.004773	-0.178904	1.047870	0.461746	0.484718	0.779764
-1.422798	-0.486208	-0.249590	0.951483	0.913730	0.141165	1.903587	-1.065549	0.132864	0.146119	-1.634893	-0.212827	-1.218417	-1.948762	-0.417796	1.064988	1.514625	0.658882	-0.378972	-1.940444	-0.688088	0.845421	2.107165	0.006703	1.082694	1.208363	1.100162	-0.838572	-0.990425	-0.176172	0.327957	1.326068	-0.306847	-0.980694	0.661559	-0.841403	-1.527763	-0.188781	0.861151	1.040701	-0.542995	0.268132	0.851246	-0.278295	0.858875	1.582163	-0.158565	1.794143	-0.445083	0.925856	-1.932521	0.524266	-0.325585	-0.444881	0.139094
-1.011813	-0.014301	-0.650604	-0.079139	0.756514	0.028274	1.177966	-1.001318	0.248226	0.469751	-1.295298	-0.283232	-0.696995	-1.559633	-0.207529	1.021697	0.995526	0.091592	-0.322095	-1.265235	-0.496533	-0.035903	1.466287	-0.128633	0.876659	0.774744	-0.188454	-0.555899	-0.138353	-0.771137	-0.672197	1.256361	0.090281	-1.186460	-0.580662	-0.487259	-2.008500	-0.525963	0.394241	0.663943	-0.146417	0.469926	1.039597	-0.386476	0.625540	0.568378	0.464323	1.804311	0.541037	0.207335	-1.828135	0.314266	-1.300925	-0.840510	-0.641653
-0.290697	0.876244	-1.256885	-1.425880	0.688281	0.011326	-0.103730	-0.053516	0.314190	0.851656	-0.567701	-0.326391	-0.262915	-0.715539	-0.043205	0.402521	-0.147200	-0.692265	-0.169695	-0.815374	-0.642574	-1.522164	0.752285	0.216678	0.525059	-0.254333	-0.893534	0.393588	1.397530	-0.977461	-1.718866	1.036018	1.007321	-0.789387	-1.324633	0.674650	-1.236766	-0.330159	0.152088	0.658383	0.670766	0.904724	0.980811	0.016928	0.012963	-0.641227	0.876667	1.358367	1.706393	0.154536	-0.383589	0.636986	-1.709874	-0.652374	-0.677473
0.306606	1.640045	-1.425895	-2.318880	0.529852	-0.041052	-1.166912	0.610507	0.265502	0.911685	-0.166057	-0.247089	-0.167281	-0.149697	-0.174141	-0.410194	-1.262504	-1.395614	-0.160318	-0.557473	-0.875325	-2.672982	0.109049	0.656873	0.300585	-1.473653	-0.578440	1.392632	2.496366	-0.802668	-2.159094	0.873315	1.321004	-0.243489	-1.388064	1.480550	0.282273	-0.140420	-0.009825	0.549374	1.253243	1.057619	0.487326	0.466753	-0.093516	-1.319245	0.698556	0.769871	2.256066	0.175475	0.944031	0.979175	-1.190292	-0.232341	0.079313
0.569947	2.001710	-0.682899	-2.311463	0.083662	-0.132096	-1.451466	0.241955	0.158681	0.388405	-0.410911	-0.282724	-0.204676	0.001835	-0.418130	-0.734125	-1.610188	-1.443610	-0.099869	-0.244242	-0.937821	-2.744050	-0.569207	0.533320	0.335299	-1.923927	0.115041	1.955066	2.659386	-0.456406	-1.783018	0.561757	0.706375	0.072775	-1.099340	0.991636	1.455091	-0.125372	-0.273111	-0.165007	1.416697	0.792022	0.063890	0.616214	0.510219	-1.151938	-0.035948	0.124448	1.709741	-0.340860	1.307608	0.729339	-0.003718	0.229827	0.873929
0.525629	1.930115	0.626133	-1.552828	-0.694933	-0.316499	-1.063716	-0.672879	0.011536	-0.521550	-0.959124	-0.691986	-0.080584	0.197146	-0.445946	-0.260682	-1.016810	-0.560419	0.349139	0.154627	-0.858021	-1.739097	-1.087445	-0.294140	0.552500	-1.064957	0.408108	2.047137	2.289516	-0.136059	-0.975329	-0.015860	-0.001953	0.200519	-0.766347	-0.354912	1.575916	-0.050018	-0.470449	-1.096212	1.500348	0.409242	0.264040	0.500521	0.966490	-0.500767	-1.067233	-0.485899	0.393217	-1.136360	1.058085	-0.089476	1.013906	0.723285	1.090905
0.301055	1.428945	1.554276	-0.579665	-1.505498	-0.635217	-0.510705	-1.073532	-0.132968	-1.165327	-1.216251	-1.325469	0.164405	0.594702	-0.360149	0.539202	-0.049697	0.714593	1.064521	0.410916	-0.803250	-0.336560	-0.916710	-1.134670	0.716622	0.499343	0.231944	1.816666	1.922664	0.179457	-0.244595	-0.468694	0.055419	0.230306	-0.421272	-1.151402	0.811942	0.041008	-0.215167	-1.194647	1.648693	0.203762	0.923817	0.252701	0.453577	0.047198	-1.851331	-0.668982	-0.850940	-1.251368	0.982862	-0.774139	0.979962	1.020123	0.925225
0.087085	0.599680	1.487891	0.033697	-1.708691	-0.890219	-0.168736	-0.563588	-0.108329	-0.970596	-0.891962	-1.616281	0.199749	0.646844	-0.598876	0.831792	0.462038	1.335513	1.378716	0.353089	-0.759882	0.626823	0.099569	-1.043702	0.650343	1.432391	0.005950	1.338251	1.591309	0.644455	0.269773	-0.304150	0.687891	-0.024542	0.034379	-0.516049	-0.094021	-0.222282	0.564165	0.002049	1.485098	0.151606	1.270384	-0.163769	-0.681692	0.234504	-1.623117	-0.047143	-1.401934	-0.154641	1.300381	-0.710779	-0.183194	0.688444	0.985978
0.081681	-0.257126	0.637002	-0.056521	-0.938984	-0.831932	-0.173821	0.212142	0.082604	-0.131194	-0.174593	-1.145347	-0.192609	-0.105586	-1.216646	0.239455	0.102314	0.725922	0.747532	0.084058	-0.530592	0.681919	1.236727	0.148793	0.411822	0.893057	-0.084772	0.722130	1.020309	1.185825	0.699678	0.306089	0.964942	-0.676835	0.526401	0.997331	-0.537266	-0.814470	1.336354	1.632203	0.721126	0.013905	0.713470	-0.792561	-1.365319	0.082089	-0.212850	1.062424	-1.273885	1.451641	1.528372	-0.093289	-1.457960	-0.322257	1.407690
0.316732	-0.832136	-0.365386	-0.722703	0.226760	-0.602792	-0.576384	0.378095	0.025498	0.471977	0.499284	-0.171765	-0.830379	-1.148539	-1.639100	-0.792342	-0.821289	-0.577152	-0.556245	-0.140717	-0.053758	0.001377	1.470201	1.448055	0.205009	-0.657933	-0.228659	0.255584	0.160649	1.384660	1.014362	0.562905	0.392574	-1.301344	0.681625	2.017703	-0.535532	-1.095531	1.380952	2.316865	-0.215228	-0.368909	-0.593858	-1.410362	-1.155645	-0.460717	1.258361	1.681515	-0.866414	2.217748	1.170764	0.363452	-1.638982	-1.360528	1.627479
0.590912	-1.045643	-0.964562	-1.271593	0.662006	-0.612729	-1.235241	-0.172414	-0.615203	0.277081	0.785639	0.598726	-1.184291	-1.377829	-1.337436	-1.405141	-1.547883	-1.361030	-1.560149	-0.125074	0.445029	-0.713337	0.608698	1.624853	0.117520	-1.901015	-0.497476	0.228700	-0.652583	0.941741	0.965177	-0.000106	-0.508511	-1.209377	0.164294	1.757390	-0.502483	-0.625610	0.526837	1.606409	-0.553978	-0.873867	-1.880332	-1.620360	-0.588158	-1.381571	1.300768	1.203688	-0.468314	1.548322	0.331380	0.356791	-0.589638	-1.599402	1.100225
0.694384	-0.984325	-0.757389	-0.853557	-0.008340	-0.849291	-1.640939	-0.687415	-1.361575	-0.215299	0.652292	0.810128	-0.722290	-0.364699	-0.497193	-1.090319	-1.484392	-0.898881	-1.479545	0.231636	0.724388	-0.763591	-0.451517	0.611447	0.049360	-1.877355	-0.577872	0.622978	-0.986425	0.200154	0.501225	-0.891876	-0.811873	-0.208861	-0.748570	0.691333	-0.556608	0.158240	-0.618167	0.340811	-0.143994	-1.115018	-2.315495	-1.231430	-0.218103	-2.149570	-0.074680	0.178316	-0.094263	0.175624	-0.400147	0.240401	0.702790	-0.829625	0.037135
0.661420	-0.719347	0.329020	0.701769	-0.829498	-0.697949	-1.235898	-0.411692	-1.149025	-0.023302	0.387074	0.814473	0.596095	1.084060	0.223703	-0.110567	-0.655734	0.345162	-0.485749	0.906591	0.831524	-0.048804	-0.729696	-0.388147	-0.040747	-0.761045	-0.148257	1.037958	-0.705169	-0.102991	0.006306	-1.226907	-0.220440	1.137343	-1.163490	-0.105295	-0.301101	0.515400	-1.220548	-0.388794	0.314126	-0.718819	-1.573518	-0.460642	0.035922	-1.925608	-1.124621	-0.317870	0.299694	-0.738677	-0.607718	0.286763	1.334481	0.386193	-0.780360
0.695105	-0.337442	1.563897	2.454785	-0.569376	0.257546	-0.081858	0.582034	0.435807	1.049245	0.361473	1.125822	2.042650	1.734077	0.462651	0.771136	0.366504	1.222606	0.456887	1.570148	0.967637	0.865137	-0.200964	-0.400740	0.042068	0.455133	0.616301	0.983188	-0.152782	0.296209	-0.058412	-0.727582	0.615233	2.047200	-0.465404	-0.118063	0.505110	0.455415	-0.963207	-0.321777	0.140670	0.281345	-0.109388	0.251430	0.372113	-0.582842	-0.482400	-0.012657	0.633298	-0.791041	-0.471377	0.237493	1.326190	1.248087	-0.870620
0.896191	-0.051334	1.647556	3.039151	0.814426	1.469307	0.939481	1.474610	2.376949	2.051610	0.666056	1.719927	2.538844	1.148942	0.443099	0.962667	0.893814	1.044415	0.546796	1.615979	1.103311	1.299968	0.301798	0.094290	0.464347	0.860435	1.089988	0.365196	0.101485	0.836338	0.319758	0.028080	0.834446	2.176951	0.857637	0.219205	1.322060	0.658179	-0.265422	-0.018626	-0.461185	1.277457	1.046519	0.598774	0.469253	0.755363	1.061897	0.288769	0.781920	-0.410615	-0.428577	-0.124340	1.154175	1.324373	-0.463919
1.159752	-0.081345	0.067551	1.957306	2.065983	1.815619	0.835411	1.547078	3.029266	1.905972	0.948677	2.076780	1.627296	0.040052	0.534321	0.477602	0.554907	0.115952	-0.107759	0.719433	0.947102	1.043377	0.068284	-0.107773	0.958571	0.247860	0.787964	-0.293371	-0.177938	0.818995	0.683628	0.243029	0.310527	1.746238	1.601546	0.187163	1.313551	1.301698	0.139018	-0.080667	-0.689189	1.439854	0.995547	0.602929	-0.122897	0.731181	1.544153	-0.146263	0.713448	-0.030553	-0.521227	-0.457080	0.953361	0.796296	-0.015065
1.251693	-0.395923	-1.989133	0.114945	1.953441	0.827104	-0.421993	0.817236	1.735376	0.591955	0.692419	1.776682	0.006842	-0.551062	0.751974	-0.189240	-0.409303	-0.739670	-0.720921	-0.641267	0.347422	0.391899	-0.747518	-1.245680	0.923781	-0.844380	-0.140913	-0.341223	-0.641705	0.202660	0.601661	-0.333201	-0.321407	1.161659	1.090282	-0.402176	0.409025	1.585440	-0.150973	-0.585694	-0.193730	0.455122	-0.225881	0.491070	-1.127336	-0.597559	0.274170	-0.989480	0.456080	0.323950	-0.371820	-0.406750	0.562373	0.260170	0.307068
0.915183	-0.650772	-2.701358	-1.064098	0.505871	-0.649934	-1.623049	-0.155897	-0.507464	-0.869469	-0.270639	0.829606	-1.104756	-0.328224	0.834619	-0.504965	-1.167402	-0.918603	-0.679910	-1.536285	-0.480223	-0.259882	-1.315592	-2.259779	0.060776	-1.485399	-1.067853	0.189202	-0.783566	-0.544448	0.055021	-1.191256	-0.521194	0.642888	-0.180130	-1.133978	-0.533690	0.809274	-0.873113	-1.167164	0.511225	-1.002117	-1.514859	0.424251	-1.591410	-1.602585	-1.465541	-1.349499	0.021098	0.625703	0.132551	-0.284875	0.076475	0.202815	0.444847
0.087883	-0.444736	-1.607602	-1.022099	-1.052368	-1.202905	-1.465912	-0.872206	-2.028018	-1.535063	-1.502002	-0.457351	-1.157597	0.124803	0.696619	-0.263223	-0.929125	-0.343448	-0.031816	-1.558359	-1.241906	-0.776885	-1.016531	-2.192607	-1.185338	-0.965020	-1.494765	0.544100	-0.508139	-1.140916	-0.676009	-1.567208	-0.388131	0.245044	-1.128200	-1.556704	-0.685282	-0.483891	-1.378304	-1.450415	0.798770	-1.715544	-1.633684	0.392052	-0.965698	-0.960232	-2.173641	-0.995243	-0.496149	0.572497	0.500451	-0.563327	-0.087872	0.572465	0.210217
-0.841500	0.307483	-0.050007	-0.450371	-1.489787	-0.316377	-0.068324	-1.142153	-2.010777	-1.406556	-2.238836	-1.638340	-0.649015	0.261499	0.544544	0.302505	0.168527	0.568699	0.747093	-1.190529	-1.863596	-1.217932	-0.150644	-1.308154	-1.934320	0.541171	-1.392327	0.217498	-0.086994	-1.610587	-1.313177	-1.199133	-0.245051	0.088048	-1.096028	-1.587539	-0.041351	-1.025826	-1.259699	-1.369736	0.739492	-1.069455	-0.443188	0.356466	0.192478	0.670798	-1.791822	-0.587468	-0.776810	0.027012	0.270001	-0.911975	0.281477	0.910150	-0.358989
-1.226683	1.217615	0.489287	-0.304739	-0.717343	1.043877	1.092369	-0.954897	-0.990383	-1.096830	-1.998622	-2.198493	-0.320573	0.256667	0.503403	0.690175	1.058676	1.100448	1.202377	-1.032488	-2.271950	-1.485195	0.335557	-0.495899	-1.658682	1.908044	-0.941864	-0.383381	0.312423	-1.790760	-1.635780	-0.503347	-0.086619	0.243886	-0.300154	-1.357698	0.750192	-0.395458	-0.683796	-1.109593	0.813158	0.310398	0.956251	0.386156	0.899695	1.486715	-1.210136	-0.671683	-0.478088	-0.624948	-0.277480	-0.497403	0.813871	0.878284	-0.734655
-0.870775	1.677471	0.062308	-0.656676	0.207531	1.445670	1.007168	-0.435633	0.009816	-0.875030	-0.960361	-1.823588	-0.277391	0.465969	0.415795	0.541982	0.966418	0.756736	1.119864	-0.930518	-2.070941	-1.237764	-0.073391	-0.036481	-0.673832	2.028364	-0.209810	-0.574830	0.713605	-1.269439	-1.419377	0.040426	0.210017	0.334753	0.450082	-0.913815	0.992204	0.466245	-0.099720	-0.805685	0.990772	1.230209	1.455111	0.556090	0.924101	0.924436	-0.763931	-0.923193	0.276087	-0.918577	-0.456406	0.668479	0.830762	0.511526	-0.509839
-0.351960	1.334388	-0.074191	-0.754710	0.258424	0.491611	0.376824	0.077864	0.519874	-0.414661	0.237586	-0.773076	-0.140320	0.570849	0.180081	-0.012095	0.380606	-0.132533	0.559165	-0.281378	-0.881797	-0.333866	-0.816792	0.459508	0.176970	0.969622	0.703509	-0.386231	0.937865	-0.051768	-0.616214	0.417462	0.398126	-0.295697	0.439667	-0.286164	0.352737	0.453959	0.255400	-0.406808	0.615704	1.121695	1.057999	0.737628	0.832865	0.316457	-0.075327	-0.681989	0.765714	-0.872975	-0.132222	1.347783	0.033830	-0.027254	-0.050337
-0.331480	0.367078	0.754145	-0.159927	-0.464296	-0.870624	0.479516	0.234310	0.694438	0.455178	1.048462	0.193626	0.163822	-0.029261	0.022365	-0.476776	0.332270	-0.593901	-0.168671	0.880559	0.899515	0.757212	-0.918120	1.057658	0.343141	-0.124062	1.366397	-0.440033	0.540850	1.058931	0.377058	0.777333	0.073726	-1.606115	-0.298794	0.261195	-0.847297	-0.395307	0.471255	0.117775	-0.614569	0.345834	0.535552	0.606461	0.937151	0.839924	0.793285	0.059355	0.341957	-0.767676	0.112970	0.462505	-1.085218	-0.664679	-0.008049
-0.686978	-0.625848	1.714314	0.582719	-0.981218	-1.425846	1.260674	0.068916	0.657325	1.148871	1.335121	0.470395	0.270299	-0.979921	0.172826	-0.488064	0.893180	-0.112951	-0.633327	1.669795	2.097532	1.292104	-0.171837	1.185650	-0.010329	-0.389581	1.228228	-0.997763	-0.557325	1.117126	0.880482	0.931507	-0.643282	-2.396205	-0.940486	0.381093	-1.595364	-1.067777	0.688279	0.557914	-1.905780	-0.462914	0.274202	-0.002923	0.832453	1.715261	1.066016	0.616553	-0.699132	-0.628348	-0.166637	-1.404632	-1.607218	-1.255487	-0.396341
-0.723942	-1.013437	1.572441	0.677898	-0.671588	-0.817308	1.447130	0.005933	0.241182	0.888495	1.245894	0.170131	0.092580	-0.969402	0.469607	-0.132552	1.070264	0.657992	-0.548505	1.476418	1.888916	1.062154	0.665969	0.606037	-0.412116	-0.118356	0.247902	-1.600201	-1.609572	0.048717	0.560055	0.653473	-1.055353	-1.487657	-0.687357	0.158481	-0.936656	-0.817328	0.851408	0.635666	-2.055986	-0.914025	-0.009917	-0.736810	0.245365	1.326784	0.523377	0.510817	-1.170266	-0.401964	-0.673814	-2.335913	-1.055209	-1.442820	-0.740730
-0.196468	-0.615762	0.378133	0.180731	0.079651	0.316708	0.504930	0.340299	-0.506824	-0.180070	0.998653	-0.078840	0.100676	0.546415	0.567905	0.200292	0.304965	0.694610	-0.029830	0.811170	0.799082	0.607881	0.864138	0.077557	-0.633878	-0.025360	-0.844472	-1.660765	-1.655943	-1.176628	-0.150393	0.324727	-0.671156	0.646165	0.287128	0.165988	0.840564	0.067541	0.747757	0.382809	-0.915837	-0.838742	-0.493732	-0.906816	-0.267778	-0.338237	0.156459	0.033572	-0.230734	-0.406042	-0.825663	-1.069213	0.124145	-0.958437	-0.931123
0.323399	0.059862	-0.515197	-0.160832	0.506961	0.978763	-0.491353	0.849019	-0.958684	-0.880192	0.821686	0.107386	0.527150	2.227263	0.383994	0.184313	-0.614540	-0.060174	0.387571	0.553216	0.171390	0.481542	0.498251	0.365496	-0.628311	-0.126235	-1.117861	-1.086824	-0.655231	-1.460621	-0.456622	0.583289	0.169806	2.086625	0.918488	0.694459	2.113862	0.690738	0.251591	0.135411	0.250801	-0.299508	-0.780037	-0.229195	-0.035868	-1.508914	0.747889	-0.216330	1.445687	-0.940790	-0.529502	1.473503	1.015119	-0.012447	-1.179201
0.224576	0.250181	-0.171311	-0.056938	0.329813	0.581981	-0.396106	1.006590	-0.529556	-0.335474	0.837031	0.461396	0.783562	2.273166	0.050055	-0.198551	-0.631514	-0.707646	0.170294	0.737609	0.616394	0.531065	0.089617	0.958414	-0.284932	0.013675	-0.381251	-0.300175	0.348325	-0.653228	-0.103513	1.199020	0.604214	1.579642	0.413847	1.153662	1.556540	0.496465	-0.454688	0.092730	0.193850	0.269746	-0.479154	0.688137	0.644098	-1.014893	1.448215	-0.087038	2.124381	-1.502543	-0.211612	2.946541	1.093040	0.797915	-1.258733
-0.328635	-0.219271	0.770034	0.055504	-0.176717	-0.530852	0.342825	0.516871	0.400295	0.836449	0.847530	0.505907	0.262094	0.730823	-0.366065	-0.646879	0.047352	-0.718847	-0.581795	0.733791	1.381263	0.232007	-0.153518	0.708083	0.306638	0.186864	0.538164	0.144075	0.368387	0.344570	0.356837	1.084050	0.129271	-0.034517	-0.799510	0.733985	-0.264251	-0.247081	-0.922992	0.103522	-0.787449	0.352514	0.095150	0.857764	0.798533	0.183765	0.913485	0.112339	0.923992	-1.147904	-0.207019	2.014727	0.536086	0.953821	-0.698803
-0.607659	-0.718972	1.056770	0.038865	-0.568495	-1.253193	0.418436	-0.355666	0.789548	1.218225	0.496952	0.252210	-0.589747	-0.562197	-0.719753	-0.745326	0.285728	-0.511849	-1.073375	0.374478	1.414083	-0.358887	-0.353944	-0.332339	0.624521	-0.299660	0.670889	-0.003774	-0.465464	0.607744	0.380567	-0.107798	-0.849048	-0.910530	-1.462435	-0.390020	-1.473586	-0.749711	-0.787157	0.012357	-1.279508	-0.054220	0.236229	0.030440	0.103386	0.488119	-0.467678	0.208051	-1.006636	0.145636	-0.424010	-0.243188	-0.159068	0.365174	0.173341
-0.224597	-0.652381	0.458494	0.421265	-0.468107	-0.791063	-0.280391	-0.921377	0.356311	0.461713	-0.163658	0.161882	-0.742343	-0.435233	-0.606092	-0.311577	-0.200810	-0.458663	-0.690781	0.093194	0.634387	-0.475729	-0.446795	-0.854531	0.297212	-1.199385	0.018291	-0.476303	-1.213760	0.178447	0.203053	-1.151732	-1.378693	-0.398371	-0.833664	-1.122962	-1.108158	-0.455770	-0.123422	-0.038324	-0.681561	-0.434603	-0.202613	-0.908529	-0.698866	-0.083007	-0.931734	0.342099	-1.767107	1.184944	-0.610979	-1.662062	-0.609393	-0.555084	0.343210
0.398538	-0.228937	-0.216896	1.220603	0.148122	0.327045	-0.500132	-0.685559	0.009514	-0.298799	-0.574181	0.378219	-0.066734	0.248509	0.132963	0.357510	-0.382990	-0.173663	0.168680	0.006883	-0.201105	0.264364	-0.184290	-0.329313	-0.261602	-1.196134	-0.532055	-0.771416	-1.264387	-0.189044	0.355202	-0.834603	-0.969445	0.428355	0.462126	-0.871883	-0.122137	0.376856	0.554825	0.109595	0.057879	-0.451556	-0.573807	-0.943449	-0.858846	-0.202873	-0.029397	0.501310	-1.012534	1.026038	-0.667662	-1.413939	-0.665073	-1.116211	-0.394069
0.549474	-0.039663	-0.385507	1.429257	0.679712	0.803760	0.291659	0.017802	0.393240	-0.174307	-0.397412	0.435618	0.459883	0.201102	0.866598	0.681101	0.332597	0.550600	0.561179	-0.208953	-0.528759	1.072932	0.290836	0.195641	-0.373676	0.089193	-0.416086	-0.695142	-0.830460	-0.118993	0.675672	0.240522	-0.176877	0.420801	1.081145	-0.273095	0.123347	0.891010	0.732841	0.271012	-0.031202	-0.303772	-0.333463	-0.206857	-0.522094	0.507716	0.677965	0.389001	-0.157802	0.164928	-0.591173	-0.535030	-0.421992	-0.941844	-0.958889
0.106651	-0.137949	-0.177234	0.553978	0.427448	0.255338	0.880984	0.275173	0.761232	0.240582	-0.017087	0.040742	0.210710	-0.325970	0.782587	0.395161	0.897323	0.887452	0.226976	-0.426180	-0.371430	0.885172	0.411010	-0.071251	-0.092035	1.026815	-0.045048	-0.480015	-0.426867	0.014196	0.502774	0.514631	0.059175	-0.157309	0.464335	-0.141717	-0.305030	0.573452	0.377032	0.175269	-0.484994	-0.248907	0.169628	0.216108	-0.244838	0.867920	0.173726	0.017980	-0.206165	-0.248202	-0.363828	-0.204660	-0.167148	-0.411927	-0.550501
-0.332829	-0.099797	0.109052	-0.355095	-0.386087	-0.352784	0.185269	-0.226530	0.197726	0.043950	0.059647	-0.323280	-0.238389	-0.231362	0.008348	-0.112592	0.201426	0.132804	-0.185769	-0.088718	0.027809	-0.137902	-0.011482	-0.402794	-0.025590	0.179200	-0.037817	-0.354935	-0.249845	-0.150360	-0.190811	-0.230377	-0.377829	-0.259987	-0.545232	-0.323864	-0.350788	-0.134531	-0.074012	-0.070048	-0.296998	-0.181442	0.212676	-0.165725	-0.125941	0.093125	-0.482211	-0.133272	-0.502672	0.034061	-0.072333	-0.347258	-0.077304	-0.153350	0.171273
-0.252917	0.143735	0.272913	-0.288099	-0.690601	-0.205616	-0.838600	-0.611407	-0.651339	-0.372100	-0.027171	-0.098883	-0.130085	0.447246	-0.496155	-0.256883	-0.875065	-0.802097	-0.162879	0.590596	0.399970	-0.718985	-0.383458	-0.033001	-0.272540	-1.220878	-0.285157	-0.247278	-0.163173	-0.354670	-0.604601	-0.664840	-0.628839	0.293496	-0.750611	-0.172268	0.206740	-0.400827	-0.243089	-0.136905	0.324077	0.059421	-0.197281	-0.511196	0.085433	-0.830912	-0.154605	0.076863	-0.138841	0.213930	0.039403	-0.227426	0.028083	-0.105094	0.185760
0.166604	0.192555	0.119089	0.184655	0.050284	0.291004	-0.501385	0.030508	-0.385594	0.002191	0.188323	0.455220	0.342353	0.595953	-0.208305	0.044211	-0.551152	-0.432453	0.049460	0.604859	0.448331	-0.154269	-0.119241	0.455256	-0.291016	-0.815308	-0.239000	-0.011991	-0.026381	-0.177589	-0.227407	0.033374	-0.053541	0.644737	0.009968	0.344181	0.496146	-0.021038	-0.180878	0.017359	0.282093	0.318764	-0.356526	0.095719	0.374814	-0.562318	0.514584	0.138493	0.559118	-0.265084	-0.149388	0.292062	0.379539	0.292776	-0.373897
0.418963	-0.065725	-0.267963	0.110771	1.043779	0.404218	0.894488	1.152648	0.804574	0.932977	0.609083	0.670584	0.506523	-0.081248	0.347453	0.349451	0.933103	0.901590	0.056608	-0.206356	0.147738	0.768975	0.489982	0.339079	0.101651	1.122195	0.147734	0.262313	0.138067	0.264782	0.453733	1.042552	0.824080	0.309951	0.830144	0.696977	0.119369	0.439452	-0.097334	0.165343	-0.486216	0.359018	-0.020629	1.125651	0.467268	0.544852	0.513970	-0.165799	0.757731	-0.878715	-0.382067	0.683318	0.746323	0.919596	-0.627549
0.321915	-0.214079	-0.405591	-0.272962	1.107481	0.160863	1.260116	1.251505	1.128426	1.033923	0.603942	0.377269	0.204826	-0.589267	0.369232	0.277181	1.328746	1.210807	-0.068317	-0.688577	-0.122970	0.813021	0.644597	0.081630	0.378793	1.718205	0.345616	0.351565	0.231012	0.468951	0.624973	1.084906	0.938767	-0.177071	0.867252	0.625896	-0.214779	0.404298	0.004870	0.208937	-0.747389	0.201604	0.215154	1.134457	0.259983	0.878284	0.187352	-0.251251	0.391504	-0.690939	-0.254669	0.569652	0.595798	0.854004	-0.234842
0.034178	-0.010714	-0.074213	-0.380301	0.099284	-0.072545	-0.186414	-0.065372	-0.126949	-0.162766	-0.027619	-0.142696	-0.280936	-0.330517	-0.248950	-0.131726	-0.258540	-0.237462	-0.113286	-0.199720	-0.120488	-0.194911	0.130013	0.275669	0.212650	-0.192779	0.106095	0.214432	0.229158	0.267829	0.150513	0.024433	0.078910	-0.322989	0.155943	0.305394	0.007169	-0.120584	0.197385	0.218319	0.070813	-0.002581	-0.036977	-0.231726	-0.111550	-0.112905	0.205862	0.251249	-0.118471	0.416045	0.282693	0.077325	-0.158923	-0.210450	0.497234
