X1	X2	X3	X4	X5	X6	X7	X8	X9	X10	X11	X12	X13	X14	X15	X16	X17	X18	X19	X20	X21	X22	X23	X24	X25	X26	X27	X28	X29	X30	X31	X32	X33	X34	X35	X36	X37	X38	X39	X40	X41	X42	X43	X44	X45	X46	X47	X48	X49	X50	X51	X52	X53	X54	X55
0.205362	0.183384	0.036926	0.098235	0.061275	-0.001404	0.124227	0.413649	0.336129	0.130057	0.211573	0.094336	0.084300	0.177925	0.249670	0.188118	0.084794	0.178992	-0.027192	0.103707	0.095256	0.189789	0.210266	0.103188	0.045728	0.127977	0.083849	0.272415	0.243543	0.143162	0.203522	0.160028	0.204143	0.026325	-0.007316	0.092108	0.156931	0.009591	0.079703	0.113416	0.200654	0.075079	0.106316	0.287504	0.133059	0.129397	0.163885	0.194338	0.045337	-0.045213	0.022927	-0.061386	0.072503	0.081701	-0.088289
0.992745	-0.001317	0.911702	1.304370	0.462020	1.482023	-0.306863	0.278485	0.131238	0.412143	0.303810	0.668847	1.340521	1.198323	0.870391	0.040445	-0.374940	-0.188986	0.755966	0.973883	0.596750	0.132938	-0.645756	-0.734408	0.016414	-0.100242	-0.145586	0.882107	0.116443	-0.584915	-0.871568	-0.673467	-0.028840	0.933680	-1.339564	-0.694830	0.118128	0.701426	-0.104900	-0.762451	0.780616	0.006885	-0.815066	-1.476519	0.345738	-0.302545	-0.976658	-1.240427	0.599145	1.837278	1.787735	0.275602	0.093990	0.079886	0.982520
0.452268	-0.451862	0.377000	0.650451	0.118926	0.883402	-0.676883	-0.071073	-0.038443	-0.114924	0.233124	0.670322	0.855366	0.979978	0.774806	-0.224850	-0.567843	-0.724953	0.181544	0.347231	0.312630	-0.293608	-1.053256	-0.654587	0.039335	-0.448112	-0.053062	0.116027	-0.222523	-0.689853	-0.851489	-0.710628	-0.440107	0.541125	-1.354047	-0.787832	0.073728	0.784262	-0.535274	-1.193134	0.112088	-0.395209	-0.981991	-1.604861	-0.018629	-0.617289	-0.948214	-1.388909	0.299185	1.378020	1.483030	0.556271	0.031335	0.054328	0.853143
-1.064216	-0.823994	-1.001918	-1.151337	-0.717753	-1.115273	-0.757012	-0.621265	-0.218712	-1.046999	-0.254873	-0.049222	-0.826223	-0.248743	-0.073074	-0.525054	-0.426802	-1.010062	-1.089951	-1.128530	-0.517856	-0.895771	-0.956251	0.134948	-0.236284	-0.667288	-0.012359	-1.465605	-0.586861	-0.279332	0.061881	-0.079527	-0.924412	-0.925921	-0.226300	-0.243788	-0.047516	0.241501	-0.942843	-1.010107	-1.137259	-0.727227	-0.341954	-0.221240	-0.659684	-0.617124	0.071199	-0.459212	-0.534191	-0.861191	-0.524088	0.465959	-0.307473	-0.004333	-0.068978
-1.947903	-0.566128	-1.402014	-1.810362	-1.078587	-2.091270	-0.382599	-0.972086	-0.395801	-1.286451	-0.961006	-0.936905	-1.636615	-1.129764	-0.902788	-0.574000	-0.121601	-0.501278	-1.328905	-1.561669	-0.949534	-1.057346	-0.553955	0.625914	-0.937449	-0.384017	-0.466463	-2.007349	-0.538386	0.077045	0.756055	0.419237	-1.025001	-1.909266	0.773012	0.243669	-0.217792	-0.367434	-0.799469	-0.369847	-1.292946	-0.355432	0.480899	1.159024	-0.771635	-0.233220	0.878954	0.368641	-0.858456	-2.319147	-2.033016	-0.109096	-0.788832	-0.078248	-0.462417
-1.266347	0.218984	-0.119893	-0.504136	-0.480180	-1.125969	0.211883	-0.621161	-0.385669	-0.475511	-1.068799	-1.122937	-0.633707	-0.833974	-0.855313	-0.157570	0.109925	0.612384	-0.139686	-0.366945	-0.488010	-0.429085	0.022962	0.265480	-1.393373	0.328054	-1.018002	-0.715115	0.040653	0.162449	0.647785	0.281880	-0.375417	-1.277975	0.873575	0.156667	-0.196447	-0.479204	-0.026380	0.377807	-0.039746	0.526400	0.842621	1.401167	-0.187595	0.248863	0.682797	0.504865	-0.277996	-1.624081	-1.658732	-0.583609	-0.765566	-0.128916	0.068218
0.186272	0.777087	1.555285	1.190351	0.479521	0.242230	0.554311	0.349209	-0.054979	0.620067	-0.127923	-0.377449	0.952254	0.026144	0.020500	0.486896	0.213117	1.459225	1.139672	1.068224	0.398517	0.615333	0.641340	-0.457995	-0.877291	0.886616	-0.822476	1.136926	0.681324	0.275533	0.209122	-0.237068	0.684538	0.335577	0.514047	-0.275170	0.153342	-0.053188	0.798077	0.837318	1.163469	0.961789	0.671884	0.728939	0.370840	0.432656	-0.139879	0.338119	0.555040	0.138213	-0.195139	-0.254507	0.151553	-0.130910	0.604275
0.897382	0.622408	1.909712	1.409048	0.879876	0.360391	0.479140	1.094017	0.390895	1.063180	1.147184	0.521914	1.329646	0.274742	0.690216	0.703744	0.360336	1.397533	1.231988	1.208972	0.877909	1.270653	0.958570	-0.674023	0.331086	0.812078	0.261358	1.745186	0.789055	0.601667	0.094320	-0.510044	1.255999	1.258157	0.505409	-0.368477	0.479486	0.434470	1.046015	0.756084	1.033182	0.457629	0.408722	0.120513	0.352154	0.304149	-0.632571	0.340144	0.849730	1.113110	0.593940	0.567780	1.311415	-0.105881	0.251127
0.366211	0.052194	0.634324	0.098300	0.531798	-0.449546	0.257980	0.846143	0.493996	0.632702	1.617865	0.650211	0.148516	-0.356034	0.281235	0.117580	0.617188	0.596921	0.187364	0.057264	0.579771	1.045856	0.683412	-0.150533	1.228459	0.200834	1.408789	0.793429	0.287785	0.819837	0.287855	-0.215477	0.864939	0.737823	0.913679	0.165266	0.229047	0.457161	0.694633	0.251744	-0.086837	-0.410334	0.353905	0.110885	0.099203	0.184530	-0.340150	0.473647	0.501344	0.698985	-0.005510	0.707503	1.529540	-0.111598	-0.727253
-0.516444	-0.383451	-1.135395	-1.335779	-0.045894	-0.761038	0.116909	-0.247163	-0.069306	-0.266442	0.994985	-0.068718	-1.385156	-1.019342	-0.867213	-0.750558	0.641703	-0.300940	-1.095197	-1.210366	-0.252162	0.186487	0.023000	0.456907	1.298698	-0.493241	1.648275	-0.476590	-0.351716	0.517647	0.312151	0.302526	0.023143	-0.264177	1.032459	0.759973	-0.597622	-0.100053	0.187026	-0.243525	-1.006910	-0.861928	0.239789	0.312446	0.113528	0.143840	0.256107	0.476947	-0.074499	-0.292196	-1.051723	-0.264072	0.427886	-0.165164	-1.298279
-0.709782	-0.536107	-2.132715	-1.782592	-0.466574	-0.182338	-0.041125	-1.430103	-1.177973	-1.138431	-0.095857	-0.979522	-2.012123	-0.952521	-1.610284	-0.937603	0.067919	-0.833800	-1.793265	-1.705757	-1.164663	-0.618553	-0.461654	0.373436	0.950842	-0.900346	0.685995	-0.900055	-0.670905	-0.196059	-0.067121	0.362435	-0.450303	-0.374053	0.374251	0.589350	-1.321249	-0.855151	-0.208256	-0.432902	-1.200963	-0.849776	-0.303785	0.070346	0.173816	-0.099773	0.334971	0.243480	-0.507746	-0.865206	-1.153805	-1.264595	-1.066171	-0.182378	-0.955100
-0.189182	-0.589089	-1.966534	-1.271423	-0.795860	0.302231	-0.270250	-2.193069	-2.214108	-1.599671	-1.043188	-1.501229	-1.617294	-0.406007	-1.362315	-0.189349	-0.744684	-0.949420	-1.533905	-1.482827	-1.778564	-0.856817	-0.468835	-0.374732	0.807055	-0.846009	-0.879312	-0.559220	-0.657106	-0.684213	-0.573161	-0.224666	-0.436239	0.512664	-0.603078	-0.331401	-1.388437	-1.246179	-0.542783	-0.433286	-1.050941	-0.769057	-1.002021	-0.629215	-0.179401	-0.527307	-0.282103	-0.135520	-0.665095	-0.799450	-0.040986	-1.149472	-1.690634	-0.077415	-0.344382
0.293795	-0.673630	-1.116086	-0.438398	-1.091522	-0.118955	-0.325961	-2.407976	-2.373308	-1.390016	-1.718027	-1.478279	-0.977401	-0.138181	-0.669807	0.674465	-0.854429	-0.814333	-0.513546	-0.983506	-1.796087	-0.537271	-0.181465	-0.992598	0.929399	-0.335493	-1.925955	-0.326927	-0.624627	-0.423323	-0.731156	-0.785622	-0.526234	1.193284	-0.978560	-0.988729	-1.008737	-1.005199	-0.753256	-0.461400	-1.022904	-0.725061	-1.143557	-1.198777	-0.707179	-0.613542	-0.909896	-0.420439	-0.568934	-0.544301	1.198094	-0.304263	-1.144390	0.039568	-0.448296
0.228267	-0.786234	-0.331999	0.193063	-1.168325	-1.005932	-0.070914	-1.923935	-1.348849	-0.626672	-2.138009	-1.006209	-0.675542	-0.338046	-0.326024	0.705203	0.044820	-0.575665	0.572299	-0.365484	-1.126238	-0.083264	0.081273	-0.876104	0.789345	0.339744	-1.670716	-0.698930	-0.782612	0.344709	-0.367473	-0.548937	-1.112251	0.652874	-0.493677	-0.600764	-0.711527	-0.420796	-0.593479	-0.450080	-1.121400	-0.585287	-0.586659	-1.263091	-0.758362	-0.152542	-0.858557	-0.363482	-0.383033	-0.510713	1.384487	0.057104	-0.267325	-0.110629	-1.272347
-0.242612	-0.854838	-0.014253	0.394574	-0.969589	-1.290973	0.182993	-0.678934	0.182153	0.051035	-2.168452	-0.347218	-0.525908	-0.491436	-0.293965	-0.114382	0.999181	-0.275461	1.108102	0.435018	-0.139551	0.030967	0.160356	-0.269622	-0.143123	0.711733	-0.490031	-1.320585	-0.985740	0.676614	0.140998	0.328329	-1.783811	-0.756159	0.107171	0.317137	-0.520265	-0.104973	-0.168554	-0.223454	-1.034428	-0.424097	-0.031765	-0.954276	-0.298224	0.213586	-0.277564	-0.034891	-0.345505	-0.615632	0.515382	-0.243363	-0.017375	-0.631472	-1.732449
-0.706707	-0.743642	0.034688	0.198790	-0.744978	-0.531893	0.071654	0.786331	1.061463	0.025272	-1.693180	0.083798	-0.050637	-0.217018	0.096019	-0.952576	0.861324	0.038529	1.100441	1.232920	0.470661	-0.366560	0.016594	0.149194	-1.702140	0.587290	0.298585	-1.490938	-0.912243	-0.166265	0.164961	0.907291	-1.775994	-1.773291	-0.001156	0.577695	-0.043478	-0.389109	-0.049023	0.113435	-0.501426	-0.420224	-0.091655	-0.433276	0.009806	-0.180329	0.116439	0.118808	-0.533295	-0.478037	-0.375287	-0.231140	-0.486246	-1.210867	-0.981881
-0.840657	-0.415276	0.276637	-0.080099	-0.625499	0.675753	-0.306520	1.500721	0.848557	-0.541463	-0.850281	0.045356	0.711330	0.232768	0.968212	-1.097595	-0.310385	0.127176	0.860079	1.537504	0.331571	-1.018317	-0.298051	0.067052	-2.841894	0.235931	-0.190142	-0.911541	-0.460879	-1.795893	-0.498704	0.651254	-0.883181	-1.687040	-0.690554	-0.160644	0.677918	-0.939801	-0.490760	0.279602	0.402125	-0.498970	-0.553958	0.281913	-0.265611	-1.018959	-0.007736	-0.176006	-0.767753	0.044051	-0.437667	0.526808	-0.996922	-1.357638	0.522028
-0.448680	-0.139737	0.844034	-0.026037	-0.351281	1.356786	-0.557191	1.013321	0.273834	-0.824958	0.021143	-0.193987	1.121904	0.436564	1.435844	-0.605264	-1.375735	-0.312154	0.379907	1.082060	-0.177907	-1.421709	-0.538454	-0.281245	-2.441299	-0.003940	-1.346477	0.048930	0.080075	-2.871027	-1.299861	0.036178	0.273141	-1.002613	-1.050078	-1.023366	1.009527	-1.089313	-0.892965	0.259747	1.187604	-0.464540	-0.833422	0.900468	-0.809423	-1.379932	-0.264502	-0.541541	-0.852168	0.613803	0.167795	1.149657	-0.971741	-0.872523	1.562330
0.374880	-0.241049	1.355219	0.428227	0.267045	1.084076	-0.514158	-0.087593	0.243400	-0.357953	0.565684	-0.146931	0.711473	0.392788	0.684347	-0.048356	-1.454990	-1.134580	-0.424060	0.256681	-0.354967	-1.232884	-0.401142	-0.532609	-0.611305	-0.093723	-1.732774	0.702245	0.292808	-2.422767	-1.478845	-0.188528	0.886585	-0.593693	-0.533207	-1.103863	0.606397	-0.601427	-0.524474	0.314637	1.296518	-0.349681	-0.755775	0.887820	-1.051319	-0.926599	-0.194953	-0.382430	-0.791528	0.770392	0.658915	0.759561	-0.494820	-0.055265	1.486717
1.035789	-0.590273	1.322637	0.797888	0.843493	0.288463	-0.382289	-0.806460	0.653191	0.336416	0.520405	0.217623	-0.178970	0.357924	-0.730371	0.114102	-0.749822	-1.614528	-1.046353	-0.205852	-0.040009	-0.628459	0.052454	-0.573871	1.043895	-0.147236	-0.823292	0.624884	0.035793	-0.946932	-0.943624	0.007697	0.703617	-0.603435	0.355432	-0.559685	-0.062344	0.005805	0.359099	0.485959	0.680270	-0.328584	-0.556733	0.197145	-0.832236	-0.245796	0.064161	0.235512	-0.668489	0.476213	0.615570	-0.159902	-0.091289	0.511292	0.659589
0.876973	-0.706576	0.666894	0.532773	0.800631	-0.286656	-0.431723	-0.730760	0.655325	0.389898	-0.136411	0.415359	-0.727119	0.359645	-1.290221	-0.164935	-0.090428	-1.226288	-0.775972	-0.003622	0.212932	-0.232328	0.289762	-0.531640	1.009925	-0.167475	0.365130	-0.002947	-0.434841	0.102949	-0.376781	0.040896	0.103222	-0.556662	0.646672	-0.253898	-0.381701	0.033294	0.681293	0.412349	-0.099872	-0.394656	-0.376959	-0.481426	-0.434663	-0.026451	0.001847	0.559175	-0.428213	0.170010	0.359269	-0.391338	-0.140980	0.428403	-0.172348
0.067771	-0.431287	-0.142603	-0.228160	0.241672	-0.337027	-0.649224	-0.215677	0.018079	-0.242852	-0.932207	0.220900	-0.524514	0.283621	-0.355489	-0.617622	0.029267	-0.397989	0.133291	0.445596	0.000797	-0.450086	-0.100713	-0.496062	-0.334174	-0.114985	0.635122	-0.550119	-0.709641	-0.032962	-0.356694	-0.324368	-0.337071	-0.240494	0.041164	-0.539147	-0.324479	-0.520407	-0.041419	-0.132583	-0.482046	-0.368091	-0.128367	-0.523620	-0.112991	-0.253101	-0.458091	0.149577	0.025327	0.226981	0.359275	0.329209	-0.479987	-0.101841	-0.563047
-0.368300	-0.124086	-0.433491	-0.626081	-0.021013	-0.121969	-0.712077	0.250633	-0.433037	-0.625935	-0.977394	0.145126	0.094709	0.323741	1.004863	-0.829323	-0.150157	0.000462	0.482235	0.566964	-0.205828	-0.844047	-0.771579	-0.354558	-1.112285	-0.070329	0.164666	-0.471944	-0.554446	-0.595200	-0.606026	-0.597510	-0.272493	0.132990	-0.722684	-0.838432	-0.147767	-0.798725	-0.934783	-0.750601	-0.441122	-0.167034	0.199264	-0.140410	0.192789	-0.344952	-0.728916	-0.472652	0.556193	0.521579	0.553269	0.980493	-0.457619	-0.316575	-0.490496
0.221021	-0.101328	0.026780	-0.043441	0.459737	0.005473	-0.417496	0.511773	-0.051446	-0.033924	0.222978	0.722893	0.620126	0.828124	1.381596	-0.477112	-0.177408	-0.186048	-0.278894	0.315146	0.335950	-0.530678	-0.917085	-0.015047	-0.297482	-0.171228	0.104805	0.167600	-0.061664	-0.361973	-0.404640	-0.368805	0.160816	0.511755	-0.666733	-0.554655	0.190386	0.029109	-0.808623	-0.817142	-0.298363	0.059771	0.355427	-0.061480	0.589573	0.016097	-0.360890	-0.526036	0.831855	0.652735	0.523831	0.710732	0.474625	0.434568	-0.156514
1.194283	-0.265542	0.678643	1.051797	1.047381	-0.070190	-0.117122	0.538047	0.523728	0.987378	1.894973	1.524712	0.961202	1.612973	0.661223	0.262019	-0.130119	-0.336549	-1.147109	0.146230	1.448474	0.605493	-0.307241	0.292056	1.018735	-0.460434	0.799473	0.695823	0.434776	0.747714	0.359685	-0.081257	0.383496	1.034578	0.362517	0.014212	0.795124	1.682171	0.307372	-0.286953	-0.241447	0.041931	0.056391	-0.584081	0.852241	0.403693	0.231241	-0.050612	0.703672	0.460316	0.175276	-0.033467	2.009299	1.926754	0.235230
1.370267	-0.406571	0.711023	1.578534	0.830101	-0.298415	-0.365293	0.186658	0.190591	1.206165	2.427324	1.496578	1.313272	1.939841	-0.231462	0.639278	-0.480325	-0.114663	-0.878054	0.402342	2.065720	1.516984	0.345700	0.237793	1.150595	-0.823106	1.218344	0.513312	0.620411	1.584943	0.967020	-0.454639	-0.084353	1.415883	1.515174	0.118266	1.335601	2.777951	1.192971	0.252442	-0.255158	-0.343918	-0.605280	-1.180684	0.650630	0.207764	0.286087	0.208037	0.384250	0.130605	-0.159160	-0.285006	2.983852	3.091424	0.620077
0.511140	-0.483358	0.069604	1.150566	-0.047723	-0.537707	-0.982562	-0.488405	-0.927045	0.325564	1.132619	0.406733	1.659943	1.440991	-0.674872	0.104167	-1.151010	0.122562	0.262866	0.905759	1.617152	1.240813	0.320010	-0.045655	0.052661	-0.984616	0.482216	-0.171139	0.466511	1.267579	0.815635	-1.296862	-0.941544	1.045155	1.797717	-0.269569	1.354470	2.220214	0.977314	0.341175	-0.341212	-0.812046	-1.033638	-1.111704	0.184301	-0.390284	-0.193527	-0.061690	0.144287	-0.104498	-0.261971	-0.014755	2.503040	2.955592	0.993680
-0.408217	-0.447338	-0.406824	0.519353	-0.436297	-0.523688	-0.975296	-0.936727	-1.460809	-0.532221	-0.709286	-0.620335	1.684328	0.658709	-0.656156	-0.845686	-1.249614	0.147360	0.795313	1.160074	0.803882	0.226621	-0.131665	-0.009785	-0.711149	-0.654569	-0.676666	-0.496582	0.246487	0.301399	0.253138	-1.557276	-1.263475	-0.040160	1.029132	-0.334433	0.900777	0.530360	0.119891	0.132430	-0.543558	-0.810011	-0.608350	-0.335234	0.152184	-0.453315	-0.392333	-0.261438	0.011711	-0.146593	-0.280740	-0.094683	1.005833	1.546239	1.174590
-0.385517	-0.166013	-0.098641	0.552252	0.348867	-0.087773	0.137574	-0.629313	-0.670547	-0.281595	-1.159720	-0.420211	1.115251	0.297735	-0.150170	-1.073891	-0.236997	0.357855	-0.126045	0.809507	0.601576	-0.178848	-0.181278	0.513244	-0.056941	0.099345	-0.689245	0.007479	0.221600	-0.062079	0.151566	-0.729132	-0.607258	-0.919240	-0.077091	0.373936	0.330706	-0.585025	-0.367584	0.030975	-0.831282	-0.183092	0.539306	0.328495	0.795780	0.441890	0.162432	0.238965	-0.079506	0.031294	-0.345600	-0.865614	-0.170231	-0.172814	0.859261
0.482432	0.236585	0.502884	1.090064	1.585747	0.467990	1.313848	0.087968	0.362648	0.613640	0.090178	0.677114	-0.008690	0.241790	0.762178	-0.227897	0.998924	0.992998	-1.802326	-0.133101	0.900226	0.508424	0.306463	0.908109	1.326521	0.661036	0.745490	0.731449	0.296034	0.642848	0.766029	0.345352	0.325191	-0.870089	-0.676688	1.153175	-0.335529	-0.127790	-0.256452	0.115118	-1.133588	0.420245	1.401643	0.020591	1.320047	1.392936	0.878043	1.110515	-0.046469	0.361602	-0.322611	-1.479893	-0.290925	-1.204613	0.089344
1.115821	0.302731	0.450246	1.130151	1.959101	0.512286	1.047704	0.163604	0.028135	0.713891	1.394352	1.154427	-1.325282	-0.213538	1.240575	0.712397	0.986079	1.386288	-2.868343	-1.350633	0.702092	1.288743	0.469080	0.524978	1.997585	0.379868	2.069921	0.634859	0.094393	1.568657	1.335340	0.460827	0.526561	-0.182965	-0.502853	1.004481	-1.239757	1.085552	-0.184931	0.103086	-1.394767	0.220979	1.095208	-1.169943	0.772010	1.188513	0.831515	1.329442	0.183639	0.561600	-0.155342	-1.027723	0.124260	-1.291633	-0.568668
0.593742	-0.139128	-0.343460	0.053769	1.049286	-0.174560	-0.618495	-0.801881	-1.562896	-0.379160	1.306393	0.184691	-2.223930	-1.235933	0.314231	0.653244	-0.413177	0.668013	-2.548207	-2.350864	-0.432304	1.010721	-0.333132	-0.370086	1.530827	-0.601804	1.733025	-0.426794	-0.486974	1.604570	0.958759	-0.436176	0.026796	0.440476	0.131968	-0.000547	-1.976241	1.477582	-0.522277	-0.203310	-1.429075	-0.583430	-0.028075	-2.085691	-0.603837	-0.035806	-0.027734	0.409500	0.421594	0.301536	-0.116014	0.146305	0.243428	-0.835692	-0.606630
-0.785073	-0.497172	-0.995179	-1.572759	-0.304507	-1.001183	-1.904011	-1.720608	-2.367012	-1.308837	0.377124	-1.242773	-2.084936	-2.036874	-1.498303	-0.172654	-1.638696	-0.912972	-1.052650	-2.600206	-1.669062	-0.139310	-1.398451	-0.832784	0.793489	-1.320639	0.160182	-1.317618	-0.889836	0.675466	-0.270406	-1.177094	-0.104361	0.818676	0.755341	-0.760126	-1.784080	0.570909	-0.710940	-0.605249	-0.870026	-0.860444	-0.668446	-1.495707	-1.442896	-0.831276	-0.790037	-0.914296	0.438440	-0.332982	-0.377855	0.806308	0.031479	-0.236357	-0.170148
-1.634513	-0.016379	-0.845800	-2.472796	-1.015870	-1.163057	-1.372804	-1.129535	-0.808254	-0.649663	0.202350	-1.423908	-0.793650	-1.768492	-2.249721	-0.468019	-1.261099	-1.925079	0.762783	-1.803651	-1.812675	-0.857946	-1.333492	-0.433403	0.659075	-1.030109	-0.778358	-0.784651	-0.382108	-0.253063	-1.239707	-0.819287	0.811225	1.159340	0.989503	-0.556103	-0.611706	-0.625102	-0.051748	-0.688828	0.426958	0.062723	-0.123727	0.598769	-0.869148	-0.261728	-0.702984	-1.429191	0.354102	-0.728244	-0.575169	0.393661	0.047162	0.456654	0.236618
-0.919784	1.148402	-0.234362	-1.880741	-0.820659	-0.532027	0.385368	0.893625	2.080453	1.184839	1.104582	0.008115	0.905805	-0.601581	-0.911762	0.500437	0.366621	-1.203001	1.976656	-0.262472	-0.670745	-0.259898	0.203215	0.204909	0.986850	-0.078365	-0.147729	1.051888	0.903928	-0.375572	-0.998318	0.247292	2.075148	1.345320	0.614497	0.095799	0.574744	-0.957653	1.163687	-0.292253	1.914264	1.421472	0.830173	2.685358	0.417939	0.899292	-0.056348	-0.762712	0.437291	-0.384386	-0.249838	-0.301071	0.423646	1.187139	0.445938
0.734168	1.903262	0.089273	-0.324889	-0.326169	0.284806	1.596050	2.556074	3.597892	2.341581	1.679429	1.602874	1.834879	0.363032	1.146164	1.982305	1.685845	0.847131	2.175053	1.121776	0.696315	1.145864	1.915416	0.259658	1.042941	0.543231	0.940849	2.596935	1.761496	0.070748	0.189125	0.892792	2.389750	0.978071	-0.292878	0.265659	0.803576	-0.374976	1.802450	0.267895	2.583869	1.837491	0.928470	3.085682	1.033326	1.191548	0.257545	0.296769	0.536542	0.349489	0.334704	-0.230703	0.608389	1.490949	0.615974
1.551763	1.467106	-0.101270	0.780394	-0.268787	0.694074	1.417077	2.350530	2.411267	1.709761	0.760203	1.772483	1.378941	0.258838	1.849149	2.567671	1.773370	2.542052	1.684263	1.470038	1.033365	2.027453	2.254312	-0.203073	0.535402	0.418962	0.903139	2.314462	1.166581	0.262300	1.135587	0.697939	1.377114	0.127353	-1.275277	-0.106141	0.034028	0.260585	1.212970	0.506492	1.890969	0.955138	0.031415	1.708162	0.606951	0.321055	-0.100859	0.781971	0.165342	0.520594	0.347515	0.500934	0.199588	0.840783	0.689627
0.608021	0.345310	-0.446054	0.443573	-0.837564	0.662968	0.625163	0.727711	-0.016304	0.120736	-0.978781	0.524390	0.032794	-0.638306	0.960746	1.629834	1.084837	2.489913	1.158559	0.712200	0.108319	1.569742	1.063663	-0.350070	-0.156952	0.104029	-0.234380	0.327934	-0.380432	-0.118246	1.023542	0.379187	-0.060700	-0.502647	-1.756856	-0.207982	-1.068279	0.210117	0.008601	0.310711	0.395028	-0.178031	-0.726350	0.155530	0.087142	-0.542654	-0.525292	0.530579	-0.684812	-0.265651	-0.472605	0.745894	-0.395665	-0.561065	0.419659
-1.027507	-0.255958	-0.576773	-0.886908	-1.534695	0.527003	0.316092	-0.609039	-1.255868	-0.772736	-1.878438	-0.792203	-1.106715	-1.240590	-0.046985	-0.169962	0.522763	0.860920	0.896600	-0.329779	-1.113400	0.191749	-0.416434	0.288705	-0.604541	0.251237	-0.985343	-1.616212	-1.263953	-0.560003	0.201557	0.707056	-0.792536	-0.382351	-1.462600	0.449479	-1.793204	-0.490185	-0.665629	0.079541	-0.668046	-0.398923	-0.402643	-0.103378	0.359875	-0.286413	-0.277749	0.079843	-1.249724	-1.208106	-1.264815	-0.172346	-0.459433	-1.659756	-0.061427
-1.525384	0.153373	-0.439725	-1.719059	-1.586545	0.501805	0.574135	-0.662996	-0.579467	-0.382019	-1.285994	-1.136921	-1.319317	-0.824440	-0.247513	-1.529202	0.356856	-0.849465	0.666108	-0.759408	-1.469294	-0.945616	-0.926915	1.171089	-0.741600	0.720213	-0.443336	-1.860324	-0.613510	-0.471677	-0.359288	1.409314	-0.518612	0.186207	-0.570754	1.312588	-1.581059	-1.172052	-0.386125	0.249098	-0.542092	0.283940	0.586037	0.671788	1.061136	0.777180	0.572723	-0.089107	-0.883294	-1.203436	-1.016811	-1.435675	0.040812	-1.535846	-0.283825
-0.507490	0.823943	-0.216196	-1.107319	-0.706677	0.469486	0.702882	0.085727	0.652766	0.365735	-0.121555	-0.691830	-0.730658	0.192611	-0.191292	-1.522139	0.260903	-1.318240	0.171493	-0.448720	-0.751404	-1.084021	-0.278526	1.357542	-0.696477	0.827053	0.546667	-0.530601	0.646845	0.042710	-0.205874	1.522874	0.138092	0.442795	0.430346	1.454760	-0.203930	-1.181522	0.262817	0.725669	0.298699	0.888302	1.017027	1.056852	1.042204	1.292008	1.223788	0.057059	0.005831	-0.277809	0.095628	-1.564934	0.290594	-0.500532	-0.230697
0.499771	0.694392	-0.185936	0.251343	0.409368	0.143128	0.345529	0.578258	0.861403	0.263726	0.352254	-0.265192	-0.000273	0.695512	-0.550224	-0.321628	0.018261	-0.631400	-0.490741	0.025973	0.157512	-0.553856	0.715860	0.567649	-0.617303	0.292791	0.528805	0.602759	0.906845	0.324212	0.193437	0.693307	0.265915	0.009722	0.976456	0.682125	1.672493	-0.552816	0.466668	0.906772	0.643744	0.685648	0.341973	0.342169	-0.184925	0.445277	1.038292	0.249299	0.375081	0.344539	0.797130	-0.212033	-0.428206	0.119562	-0.535024
0.013043	-0.348629	-0.527984	0.802376	0.640188	-0.556196	-0.124500	0.300826	-0.115102	-0.819132	-0.177120	-0.323591	0.297559	0.115353	-0.962359	0.849690	-0.206484	0.067969	-0.905559	0.159024	0.275283	-0.299899	1.058415	-0.560640	-0.705315	-0.388645	-0.670513	0.133917	-0.186655	-0.028470	0.147913	-0.338931	-0.511813	-0.774016	0.752957	-0.314882	2.610460	-0.045289	-0.010425	0.346248	-0.088961	-0.075624	-0.725760	-0.688235	-1.759218	-1.092087	0.176969	0.180176	-0.130697	-0.220439	0.255299	1.293752	-1.779182	-0.488790	-1.507618
-1.460433	-1.300419	-1.028154	0.009127	-0.248129	-1.232459	-0.250494	-0.408227	-1.185967	-1.857032	-0.998980	-0.711110	0.071621	-0.879919	-0.751703	0.826810	-0.213912	0.067726	-0.783796	-0.010546	-0.421499	-0.707237	0.443123	-1.169349	-1.032808	-0.558711	-1.717703	-1.278070	-1.330222	-0.651057	-0.347273	-0.679140	-1.535685	-1.212736	0.028636	-0.783673	1.842443	-0.248894	-0.696317	-0.624650	-1.106902	-0.615138	-1.115108	-0.910669	-2.319844	-1.907277	-0.635748	-0.233455	-0.741463	-1.309172	-0.831448	1.474136	-2.557064	-1.566846	-2.360950
-2.005018	-1.148247	-1.123119	-0.966042	-1.130459	-1.248753	-0.055003	-0.761953	-1.296455	-1.761708	-1.200285	-0.926564	-0.290308	-1.124608	-0.086140	-0.144863	-0.047109	-0.163427	-0.272751	-0.158766	-0.982197	-1.077031	-0.414505	-0.930647	-1.238393	-0.145370	-1.445248	-1.687962	-1.185497	-0.783559	-0.587029	-0.310565	-1.619601	-0.894237	-0.466943	-0.577688	0.342395	-0.723594	-0.892064	-1.088185	-1.148780	-0.486025	-0.591413	-0.290009	-1.442805	-1.363449	-0.792733	-0.640461	-0.595840	-1.482501	-1.076154	0.470514	-1.916402	-1.670527	-1.977571
-0.746677	-0.010028	-0.501859	-0.714871	-0.773767	-0.383686	0.200657	-0.235543	-0.370836	-0.453952	-0.441041	-0.538378	-0.267356	-0.322356	0.283765	-0.574917	0.145344	0.109908	0.178735	-0.102578	-0.536425	-0.519916	-0.463868	-0.120366	-0.803795	0.301730	-0.215831	-0.355119	0.024788	-0.144693	-0.096271	0.138479	-0.427998	-0.090977	-0.284398	-0.014691	-0.252698	-0.518545	-0.349616	-0.492933	-0.063361	0.125307	0.165280	0.275209	-0.019231	-0.118109	-0.217548	-0.502023	0.165373	-0.369830	-0.222238	-0.307818	-0.331931	-0.515563	-0.421041
0.989862	0.990541	0.375955	0.600067	0.592118	0.775194	0.425228	0.879758	0.775860	1.086329	0.809028	0.353854	0.268150	0.631742	0.140891	0.343581	0.245018	0.663393	0.214923	0.125695	0.662643	0.725316	0.458934	0.754079	0.151673	0.211922	0.712960	1.239223	0.909421	0.646407	0.619707	0.372769	0.900612	0.470965	0.185354	0.584173	0.361425	0.371822	0.416616	0.667658	0.958887	0.721027	0.478558	0.296649	0.808636	0.794374	0.685230	0.218537	0.619918	0.797138	0.437439	-0.195566	0.813649	0.604457	0.873031
1.318054	0.958265	0.661360	1.402392	1.437974	1.237304	0.587176	1.673186	1.250546	1.715942	1.592951	0.946901	0.760131	0.738416	-0.015546	1.495147	0.085862	0.595289	-0.167341	0.368468	1.369291	1.352310	1.343021	1.231092	0.696138	-0.414622	0.755702	1.283553	0.672181	0.691441	0.620816	0.655572	1.003289	0.314138	0.216138	1.015883	0.960475	0.735519	0.620707	1.351176	0.863448	0.881287	0.340084	0.250059	0.753116	0.989988	1.327303	0.845517	0.193550	0.690902	-0.240835	-0.023439	0.629655	0.410931	0.711080
0.046369	0.208991	0.173697	0.692363	0.762812	0.584132	0.544233	1.531680	0.859712	1.084104	1.195931	0.396933	0.471328	-0.038690	0.149602	1.274281	-0.374621	-0.211920	-0.542817	0.386702	0.667378	0.607694	1.207252	1.083750	0.087021	-0.888243	0.391129	-0.032652	-0.010498	-0.109197	-0.181303	1.088459	0.010346	-0.337012	-0.206820	1.099636	0.581735	-0.211548	0.114334	1.123691	0.044959	0.544943	0.229017	0.671467	0.292629	0.777260	1.326671	0.768462	-0.654546	-0.458645	-1.577835	-0.527362	-0.419552	-0.809943	-0.416256
-1.265548	-0.073102	-0.215371	-0.680968	-0.641062	-0.412419	0.301702	0.784546	0.223033	-0.144443	-0.149639	-1.077336	-0.478127	-0.927011	0.369589	-0.108490	-0.682171	-0.635344	-0.179367	0.039377	-0.912559	-0.621579	0.294427	0.511737	-1.196841	-0.399919	0.202263	-0.833281	0.028588	-0.855990	-0.769001	1.202752	-0.569999	-0.810500	-0.340166	0.768976	-0.255120	-1.463758	-0.383773	0.527815	-0.151035	0.182196	0.543766	1.257484	-0.126071	0.558460	0.776172	0.195516	-0.853161	-1.093735	-1.721853	-0.934427	-1.150733	-1.642558	-0.910629
-1.257837	0.762179	0.305035	-1.140884	-1.108188	-0.469289	0.083667	0.282141	0.147080	-0.915199	-1.314070	-2.088339	-0.962456	-1.218360	0.320830	-0.815025	-0.257896	0.192085	1.256219	-0.483716	-1.869132	-0.912993	-0.375588	-0.045918	-1.880645	0.939660	0.114454	-0.022625	0.909361	-0.743990	-0.330812	0.522207	0.239583	-0.657013	0.101102	0.196702	-0.443834	-1.342519	-0.167092	0.197005	0.886251	0.422622	1.129511	1.215943	-0.474725	0.364873	0.050141	-0.260027	0.168471	-0.113224	0.081111	0.006682	-1.021352	-1.298119	0.130363
-0.204690	1.881743	1.172259	-0.411707	-0.148662	0.617900	-0.138203	0.407177	0.809819	-0.705781	-1.298207	-1.535954	-0.263244	-0.752293	0.054424	0.007153	0.581460	1.413193	2.794955	-0.820441	-1.362185	-0.222358	-0.449071	-0.452173	-1.422069	1.758935	-0.280681	1.380798	1.475670	-0.118192	0.562053	-0.739533	1.607427	-0.082907	0.267776	-0.371204	0.144552	0.200638	0.494900	-0.035951	2.197522	1.166775	1.239395	0.269294	-0.874253	-0.112558	-0.659258	-0.540702	1.732773	1.856231	2.446676	2.005162	-0.551540	-0.418673	2.037138
0.566899	1.812184	1.008559	0.268525	0.950773	1.503452	-0.693772	0.706969	1.529244	0.079441	-0.251359	0.000448	0.754690	0.152502	-0.261947	0.902929	0.691216	1.346543	2.703090	-0.860336	-0.063312	0.120727	-0.599472	-0.904646	-0.635291	0.810941	-0.941754	1.665963	0.710408	-0.011794	0.603895	-1.786421	1.864355	0.286430	-0.648407	-0.822136	0.566344	1.366918	0.593427	-0.743637	2.309152	1.425142	0.293800	-0.960809	-1.167899	-0.967738	-1.348411	-1.103667	2.444483	3.061608	3.329886	3.179589	-0.367769	-0.025455	3.303340
0.326828	0.330345	-0.357523	-0.014479	0.840295	1.033108	-1.431679	0.547447	1.428434	0.639825	0.741738	0.907847	0.711531	0.875753	-0.533709	0.131705	-0.319714	-0.196023	0.654655	-0.739488	0.770204	-0.604792	-1.301667	-1.290461	-0.476392	-1.196630	-1.202715	0.593939	-0.846947	-0.699926	-0.526516	-1.957411	0.518237	0.098638	-1.922563	-1.062755	0.121255	0.854752	-0.343152	-1.744351	0.995118	0.552864	-1.130698	-1.553255	-0.911821	-1.586475	-1.743571	-1.874945	1.630975	2.438220	2.220942	2.189375	-0.308230	-0.162957	2.944460
-0.278235	-1.053856	-1.297555	-0.573771	-0.066341	0.024714	-1.481353	-0.080038	0.413938	0.681531	0.861964	0.574820	-0.269178	0.800805	-0.556913	-1.746695	-1.309115	-1.491109	-1.317566	-0.398978	0.752239	-1.422268	-1.886364	-1.038050	-0.654165	-2.006473	-0.520094	-0.468507	-1.555760	-1.269505	-1.662742	-1.237075	-1.124971	-0.373713	-1.901727	-0.878772	-0.772573	-0.466380	-1.494554	-1.932934	-0.367531	-0.669026	-1.599477	-1.202249	0.033669	-1.139032	-1.329419	-1.929642	0.045610	0.722404	0.522207	-0.184611	0.109961	-0.075218	1.380507
-0.121855	-0.914129	-0.395402	-0.181373	-0.175453	0.272189	-0.366474	-0.618274	-0.605941	0.651478	0.271069	0.055226	-0.692644	-0.092091	-0.163748	-2.463094	-1.105090	-1.190084	-1.093829	0.444862	0.560187	-1.051689	-1.389507	0.033440	-0.099899	-0.479696	0.698549	-0.377764	-0.650679	-0.855332	-1.579657	-0.152391	-1.429255	-0.648790	-0.193010	-0.194020	-1.185248	-0.854029	-1.587836	-0.628357	-0.347442	-0.846263	-0.519197	-0.474371	1.012218	0.271849	-0.093679	-0.679405	-1.051611	-0.381299	-0.169531	-1.963606	0.699448	0.510323	0.129143
0.948349	0.298574	1.582647	1.090711	1.017535	1.866887	1.095403	-0.702316	-0.670244	1.005375	-0.353682	0.414250	0.073915	-0.930284	0.336556	-1.032715	-0.138424	-0.082653	0.777915	1.688491	0.823057	0.267652	-0.015923	1.175858	1.316598	1.893988	1.344851	0.509907	0.779945	0.185219	-0.469123	0.707689	-0.217484	-0.584535	1.611547	0.600699	-0.806069	-0.009516	-0.426648	1.267230	0.913111	0.245788	0.965089	-0.102887	1.131002	1.458946	1.158293	1.061596	-1.191115	-0.094623	0.248252	-2.107623	0.795869	0.992488	0.250000
1.892619	0.920991	2.542816	1.861720	2.133240	2.741450	1.639862	-0.540207	0.088521	1.451375	-0.607821	1.192274	0.891245	-0.666613	0.415459	1.038291	0.314382	0.213340	1.818375	2.551828	1.281313	1.118456	0.981173	1.483042	2.315527	2.783133	0.836413	1.069559	1.198934	0.812687	0.467300	1.061092	1.144042	-0.299923	1.818802	0.869882	-0.127101	0.805856	0.811270	2.046073	1.893428	1.344904	1.337533	-0.165050	0.407180	1.464505	1.578779	1.846185	-0.742915	0.696725	0.616832	-1.206471	0.398037	0.930229	0.997695
1.778607	0.247045	1.621027	1.255923	1.744107	1.336558	1.057069	-0.468744	0.533065	1.244194	-0.491373	1.229944	0.656694	0.749512	0.165007	1.812737	0.062726	-0.374681	0.887098	2.284444	1.258418	0.799543	0.896336	0.941996	1.754721	1.719333	-0.176632	0.871806	0.540510	0.754932	0.638136	0.949655	1.322084	0.200500	0.630936	0.387827	0.349066	0.701552	0.976892	1.140744	1.385023	1.274766	0.596058	-0.124062	-0.113920	0.640602	1.144849	1.302051	-0.055072	0.707145	0.103610	-0.283694	0.348055	0.784469	0.595628
0.906646	-0.723309	0.077466	0.052065	0.299015	-1.252846	0.292408	-0.420826	-0.108194	0.249835	-0.059040	0.495839	-0.056018	2.200138	0.265545	1.136257	0.137263	-0.413122	-0.640430	1.050956	0.678993	0.112809	0.370016	0.337050	0.133936	0.246139	-0.549147	0.453081	0.051319	0.783100	0.626489	0.575094	0.382743	0.924338	-0.299045	-0.341042	0.630964	0.226972	0.308946	-0.215721	-0.296045	0.288511	0.097309	0.451509	0.410215	0.103022	0.519844	0.476272	0.791328	-0.206834	-0.968870	0.247826	1.104155	1.168002	-1.434626
0.287257	-0.772170	-0.446404	-0.331246	-0.518196	-2.595189	0.157633	-0.084830	-1.274467	-0.689344	0.649903	0.086969	-0.026743	2.540199	0.881831	0.210973	1.057471	0.836502	-1.131513	-0.225723	0.175487	0.166280	0.344953	0.230734	-0.941086	-0.258811	0.089592	0.321756	0.400725	1.434721	1.041380	0.149255	-0.517154	1.526210	0.044595	-0.567227	0.876076	0.327927	-0.004962	-0.508822	-1.794087	-0.475672	0.658279	1.364237	1.599352	0.371533	0.224103	0.418418	1.426390	-1.166447	-1.824164	0.300481	1.928960	1.788529	-3.403955
0.242126	-0.043186	0.099651	0.357361	-0.071411	-1.853886	0.454280	0.494986	-1.814823	-0.772616	1.302249	0.474097	0.669026	1.654223	1.255302	-0.212602	1.933365	2.328193	-0.778679	-0.896590	0.132476	0.943284	0.773244	0.348812	-0.630565	0.017219	1.001008	0.212018	0.774400	2.036690	1.448246	-0.238852	-0.602483	1.500120	1.018406	-0.152441	0.921777	0.975381	0.522269	0.254560	-2.169828	-0.503285	1.512942	1.858246	2.240931	0.857992	0.142361	0.948086	1.144799	-1.572065	-2.109329	-0.279426	1.741288	1.723257	-3.428023
0.062562	0.305546	0.370274	0.904595	0.433555	-0.510526	0.485178	0.743385	-1.471746	-0.342469	1.240594	0.746588	0.791084	0.247722	0.784205	-0.402562	1.666140	2.574340	-0.736971	-1.129392	0.074808	1.372502	0.808097	0.064777	0.253311	0.162685	1.178044	-0.454852	0.151159	1.509775	0.970632	-0.616976	-0.324046	0.796545	1.371581	0.242655	0.473948	1.265113	1.003861	0.717039	-1.686319	-0.329782	1.407007	1.259440	1.550535	0.666816	-0.162309	1.096575	-0.181841	-1.676071	-1.841619	-1.229856	0.461756	0.643014	-1.757457
-0.882709	-0.294883	-0.509643	0.148015	-0.336106	-0.271670	0.049023	0.115387	-1.114226	-0.456442	0.096875	-0.015399	-0.252203	-1.042477	-0.121532	-0.844592	0.418231	1.313638	-1.191554	-1.335721	-0.624814	0.597600	-0.002194	-0.645528	0.347440	-0.052815	0.368235	-1.617595	-1.139703	-0.074997	-0.342516	-0.868532	-0.611396	-0.102545	0.793348	0.038837	-0.405070	0.534363	0.354819	0.025795	-1.213839	-0.533056	0.255610	-0.143630	-0.009783	-0.283276	-0.731633	0.427609	-1.594531	-1.928623	-1.114269	-1.686326	-0.901429	-0.705505	-0.404827
-2.170115	-1.180918	-1.833097	-1.591436	-1.964939	-1.095288	-0.388874	-1.228632	-1.482657	-1.411242	-1.548195	-1.333061	-1.640595	-1.952622	-0.754394	-1.636696	-0.667560	-0.523236	-1.340154	-1.436592	-1.677564	-1.083013	-1.172952	-1.025026	-0.550463	-0.130119	-0.721949	-2.466933	-1.797138	-1.386712	-1.427045	-0.629265	-1.550000	-0.775077	0.099362	-0.412120	-1.211781	-0.931846	-1.236580	-1.078943	-1.153271	-0.920912	-0.812867	-1.031696	-1.131393	-1.120918	-0.985801	-0.484077	-2.009244	-2.311335	-0.325935	-1.244617	-1.380992	-1.327394	-0.631938
-2.723316	-1.464724	-2.195803	-2.780240	-2.710306	-1.592661	-0.367374	-2.417759	-2.201721	-2.234679	-2.379981	-1.877871	-2.212314	-2.240002	-1.047647	-2.518050	-0.904367	-1.926087	-0.865295	-1.018798	-2.025921	-2.471009	-1.863107	-0.493722	-1.213198	0.203686	-1.150946	-2.339072	-1.256981	-1.417950	-1.531657	0.239446	-2.205168	-1.151448	0.110180	-0.295417	-1.379876	-2.108291	-2.388795	-1.298451	-1.170281	-0.986751	-0.944570	-0.467190	-0.940250	-1.054582	-0.428996	-0.826804	-1.506177	-2.454872	-0.177244	-0.748997	-0.915586	-0.977038	-1.616834
-1.964646	-1.078835	-1.121429	-2.201728	-1.614979	-0.837545	0.076375	-2.583628	-2.280093	-1.853807	-1.509362	-1.081218	-1.579785	-1.625651	-1.169531	-2.931042	-0.621024	-2.401834	-0.364169	-0.036465	-1.104473	-2.496865	-1.641665	0.480301	-0.520307	0.596169	-0.638634	-1.390871	-0.251403	-0.604893	-1.011639	1.173662	-1.787297	-1.133062	0.762406	0.461609	-0.725487	-1.997005	-1.981879	-0.430111	-0.824021	-0.678897	-0.488056	0.736734	0.135680	-0.284053	0.542612	-0.468958	-1.058184	-2.040358	-0.769600	-1.135821	-0.093266	-0.156253	-1.791679
-0.363936	-0.482531	0.508589	-0.116186	0.359385	0.671474	0.577962	-1.605733	-1.303119	-0.439605	0.498998	0.286420	-0.115643	-0.283570	-0.805148	-2.228346	-0.382259	-1.900773	-0.265096	0.971545	0.400649	-1.101869	-0.706351	0.879453	1.043367	0.615391	0.242548	-0.228751	0.443423	-0.021100	-0.555473	1.319196	-0.590268	-0.418776	1.359381	1.019778	0.409133	-0.472373	-0.279235	0.513927	-0.113661	-0.289822	-0.226273	0.873863	0.897126	0.370925	0.949275	0.005528	-1.010304	-0.959711	-1.038387	-1.777857	0.600278	0.628331	-0.775975
0.997651	0.136535	1.481721	1.926248	1.454251	1.634363	0.775048	-0.215957	0.132425	0.693034	1.934835	0.987382	1.444710	0.994369	0.277863	-0.440874	-0.288425	-0.823095	-0.170648	1.342417	1.190930	0.651455	0.308050	0.379832	1.871884	0.271508	0.725404	0.768326	0.979061	0.017001	-0.252536	0.477180	0.459538	0.895100	1.328094	0.730895	1.434061	1.407824	1.364458	0.611993	0.592234	0.057205	-0.245180	-0.378257	0.668451	0.503661	0.392294	-0.009820	-0.604147	0.572905	0.113403	-1.105108	1.003872	1.220978	0.494138
1.309482	0.773296	1.370673	2.386267	1.022216	1.248429	0.413910	0.608701	1.075298	0.490472	1.530869	0.492843	2.180486	1.436942	1.364821	1.248228	-0.227653	-0.020161	0.350419	0.842887	0.622141	1.384731	0.708649	-0.382699	1.220451	-0.130816	0.603249	1.430072	1.649713	-0.046119	0.081525	-0.659690	0.882896	1.855377	0.582457	-0.118738	1.880102	2.144650	1.752482	-0.052129	0.880753	0.319638	-0.105202	-1.484628	-0.169392	0.371696	-0.500328	-0.546481	0.642927	1.917179	2.169224	0.996682	0.950428	1.466409	1.077610
0.724023	1.046947	0.652421	1.128412	0.039233	0.006799	-0.497765	0.441533	1.139948	-0.657385	-0.234000	-0.553650	1.506193	0.960211	1.476467	1.510200	-0.302153	-0.183277	0.887472	-0.089039	-0.675189	0.639786	0.292140	-0.761360	0.150211	-0.399549	0.259944	1.464084	1.872047	-0.025882	0.197812	-1.263645	0.910944	1.394024	-0.523238	-0.836001	1.450103	1.151191	0.854864	-0.704959	0.546628	0.198376	0.181544	-1.178937	-0.840221	0.260651	-0.930629	-1.074192	1.808896	2.378900	3.286623	2.571641	0.230429	1.036245	0.878972
0.292531	0.467468	0.067727	-0.364053	-0.167412	-0.699377	-1.471996	-0.289649	0.742826	-1.269656	-1.625248	-0.921456	-0.006231	0.090194	0.767379	0.477080	-0.624361	-1.018126	0.685887	-0.558221	-1.367939	-0.594220	-0.361149	-0.783126	0.138815	-0.564490	0.056711	0.728220	0.867697	-0.247249	-0.239696	-1.136304	0.830911	-0.349532	-1.377880	-1.137432	0.058826	-0.629224	-0.286578	-0.692752	-0.201347	-0.557288	0.055647	-0.155353	-1.011178	0.100206	-0.835390	-1.027557	1.559294	1.946100	2.459642	1.988603	-0.898904	-0.018120	0.375734
0.929401	-0.722082	0.032457	-0.433295	0.596414	0.017733	-1.783372	-0.732907	0.486470	-0.415018	-1.483744	-0.055925	-0.829885	-0.512766	0.359349	-0.296092	-0.936569	-1.377220	-0.177474	0.039800	-0.718673	-0.841449	-0.401552	-0.748753	1.177570	-0.709534	-0.049220	-0.256178	-0.915506	-0.790294	-0.869699	-0.686701	0.556650	-1.836141	-1.528410	-1.174058	-1.702078	-1.583217	-0.625739	0.027931	-0.777006	-1.579924	-0.648593	0.024573	-0.884686	-0.199211	-0.673322	-0.329856	-0.065288	1.370740	0.737898	0.069833	-1.564411	-0.858325	0.012794
2.286648	-1.548161	0.453305	0.950341	1.298247	1.485230	-1.188001	-0.362803	0.463362	1.151787	-0.323071	1.215573	-0.071699	-0.383503	0.768712	0.289385	-0.810470	-0.499844	-0.727687	1.254671	0.597001	0.268445	0.383482	-0.643592	1.869597	-0.822712	-0.207416	-0.636406	-1.989178	-1.155665	-0.931921	-0.358167	-0.013714	-1.596761	-1.163243	-1.060268	-2.486020	-0.949548	-0.066874	0.909676	-0.728733	-2.086394	-1.250596	-0.870284	-0.730835	-0.419704	-0.625016	0.604382	-1.624168	1.239869	-0.125860	-1.027519	-1.130303	-0.605232	-0.060938
2.952399	-1.359607	0.830069	2.098501	0.910299	2.092633	-0.269184	0.564792	0.321538	1.797944	0.452737	1.522799	1.376824	0.419110	1.244216	1.589004	-0.233509	1.019361	-0.344022	1.830761	1.134574	1.591123	1.361747	-0.314556	1.265655	-0.823509	-0.332838	-0.213150	-1.552583	-0.928160	-0.334521	-0.226487	-0.600886	0.122355	-0.986249	-0.744336	-1.509164	0.462532	0.632891	1.283133	-0.246210	-1.718026	-1.048900	-1.478938	-0.583258	-0.310856	-0.442163	1.305842	-1.980076	1.244769	0.245954	-0.504765	-0.121374	0.448070	0.076701
1.976490	-0.558856	0.582997	1.510870	-0.472629	1.048798	0.114959	1.181483	-0.079672	0.908687	0.097748	0.487075	1.761257	1.095378	0.804368	2.119241	0.242850	1.775626	0.409407	1.030249	0.281991	1.746191	1.742095	0.014704	-0.095877	-0.737454	-0.351171	0.300335	-0.411573	-0.377087	0.174879	-0.153919	-0.829504	1.447694	-1.382106	-0.303489	0.083902	1.031417	0.726213	0.933650	0.059518	-0.895546	-0.317811	-0.731486	-0.380300	-0.043237	-0.059489	1.494928	-1.345796	0.739719	0.706690	0.457468	0.222452	0.906869	0.300264
-0.034880	-0.075922	-0.417194	-0.382725	-1.723678	-0.775651	-0.301486	0.780707	-0.367386	-0.416992	-0.861468	-0.884157	0.471585	0.766961	-0.587216	1.290751	0.102287	1.091377	0.548231	-0.462399	-0.947636	0.584581	1.257694	-0.136504	-1.089985	-0.778356	-0.488489	0.188074	0.047376	-0.085350	0.040468	-0.177189	-0.700356	0.849406	-1.854674	-0.064033	0.292592	-0.051862	0.111924	0.205547	-0.112924	-0.277673	-0.074264	0.675602	-0.188137	-0.103555	0.088841	0.983378	-0.545526	-0.209438	0.270111	0.572855	-0.487938	-0.086566	0.543949
-1.542673	-0.266056	-1.530461	-1.695217	-1.731493	-1.844445	-0.937957	-0.318682	-0.099468	-0.671179	-1.268901	-1.297388	-1.262111	-0.281085	-2.018746	-0.144974	-0.455952	-0.218488	-0.091681	-1.252895	-0.944658	-0.752806	0.248507	-0.781071	-1.292510	-1.088638	-0.853957	-0.383865	-0.580836	-0.148001	-0.338689	-0.471163	-0.429636	-1.061895	-1.552880	-0.223632	-1.006410	-1.789583	-0.684091	-0.420509	-0.445117	-0.055735	-0.814076	1.088408	-0.093920	-0.651257	-0.333901	-0.182094	0.085614	-0.841548	-0.733619	-0.007953	-1.100868	-1.620763	0.765427
-1.609414	-0.527190	-1.798733	-1.200887	-0.389421	-1.474396	-0.952895	-0.853163	0.668250	0.414648	-0.438607	-0.395943	-1.772318	-0.609037	-2.495289	-1.084170	-0.661763	-0.773295	-0.831326	-0.744535	0.712601	-1.083437	-0.650672	-1.166734	-1.045261	-1.375512	-0.964262	-0.626388	-1.404331	-0.059571	-0.143162	-0.858290	0.016224	-2.105025	-0.347670	-0.444217	-1.618960	-2.259685	-0.964476	-0.677908	-0.422747	0.147687	-1.763401	-0.016472	0.068235	-1.139389	-0.862726	-1.332119	0.684571	-0.714592	-1.305700	-0.286373	-0.276710	-1.965211	0.916151
-0.643067	-0.065491	-0.944477	0.349507	1.261750	-0.232034	-0.097233	-0.012175	1.387028	1.742280	1.135675	1.021909	-0.785537	0.550659	-1.776304	-1.112493	-0.103934	-0.181902	-1.124611	0.337814	2.684920	-0.344780	-0.939171	-0.513428	-0.749308	-1.079044	-0.311948	-0.134881	-1.310003	0.541581	0.774799	-0.713622	0.748363	-1.059880	0.848583	-0.112913	-0.082822	-0.773576	-0.470891	-0.509453	0.100342	0.746175	-1.656505	-1.280369	0.608619	-0.803749	-0.587696	-1.496251	1.196690	-0.194521	-1.048779	0.093385	1.635510	-0.709551	1.019348
0.230513	1.009985	0.201619	1.150996	1.870322	0.822498	0.961403	1.334713	1.517073	2.111799	2.075369	1.742716	0.395521	1.980141	-0.578873	-0.634865	0.693829	0.597831	-1.029720	0.861688	3.165788	0.463752	-0.620581	0.968441	-0.550554	-0.122439	0.662875	0.591380	-0.207606	1.272319	1.643274	0.278638	1.354149	0.804061	1.013437	0.853586	1.945250	1.142706	0.292083	-0.029525	0.749335	1.556635	-0.260194	-1.104088	1.417135	0.384081	0.663118	-0.510007	1.278820	0.175262	-0.437527	0.475196	2.700932	0.636753	1.134306
0.300125	1.557170	0.528719	0.363784	0.961891	0.971601	1.229408	1.454884	0.966437	1.302588	1.413630	1.174684	0.464312	1.807941	0.047251	-0.239822	0.888472	0.509782	-0.788903	0.422328	1.680939	0.443910	-0.149619	2.080484	-0.463827	0.726615	0.855572	0.683367	0.815967	1.399749	1.661632	1.460371	1.078068	1.218031	0.178704	1.695517	1.698698	1.432526	0.541984	0.438759	0.914441	1.756032	1.163319	0.307389	1.692755	1.404687	1.870841	0.620977	0.804068	0.315363	-0.096868	0.183118	1.614516	0.475348	1.130410
-0.254030	0.653416	-0.122541	-1.094014	-0.619133	0.148627	0.419361	-0.051221	0.126610	-0.026608	-0.298800	-0.150910	-0.487036	-0.058501	-0.285984	-0.066215	0.398290	-0.283971	-0.443689	-0.504941	-0.518497	-0.195353	0.096538	1.838202	-0.425301	0.641312	-0.087475	-0.119597	0.657981	0.741470	0.903700	1.756938	-0.110313	-0.293706	-0.579970	1.587628	-0.811164	0.009502	0.157912	0.538885	0.290418	0.725645	1.198927	1.203960	0.653430	1.108631	1.878902	0.895498	0.111428	0.360134	-0.200525	-0.513170	-0.655016	-0.896333	0.699935
-0.817205	-1.062603	-0.822539	-1.776943	-1.542612	-1.118120	-0.681705	-1.536435	-0.438053	-1.144851	-1.454017	-1.118531	-1.313356	-1.736636	-0.900236	0.189619	-0.023687	-0.678377	0.026863	-1.271238	-1.834184	-0.464122	0.170721	0.521544	-0.300711	-0.169611	-1.165500	-1.106493	-0.480139	-0.129883	0.120700	0.922321	-1.099641	-1.813114	-0.373742	0.628923	-2.560877	-1.105475	-0.151132	0.219376	-0.687312	-0.972770	-0.035133	0.611223	-1.335827	-0.464519	0.709987	0.496553	-0.303263	0.185201	-0.512765	-0.626038	-1.910116	-1.686768	-0.181847
-0.998260	-1.819641	-0.708363	-1.336864	-1.275944	-1.981555	-1.066337	-1.220043	-0.418160	-1.724453	-1.050335	-1.089882	-1.239952	-1.745274	-0.748285	0.746622	0.116979	-0.123549	0.494438	-1.629349	-1.846956	0.125565	0.277032	-0.694981	-0.031304	-0.636649	-1.129421	-1.284567	-1.202814	-0.599260	-0.212692	-0.185162	-0.795990	-1.416699	0.511855	-0.286618	-1.482523	-0.308368	0.179630	-0.222118	-1.088092	-1.860133	-0.983923	-0.425785	-2.730150	-1.933663	-0.531895	0.311946	-0.214651	-0.348128	-0.690354	0.373237	-1.201867	-0.843508	-0.955517
-0.794619	-0.780728	0.003458	-0.617776	-0.455047	-1.862709	-0.659156	0.648009	-0.006801	-1.704016	0.330238	-0.395451	-0.546769	-0.723451	0.394808	1.378949	0.330469	0.654718	0.747717	-1.658168	-1.324559	0.940708	0.366443	-1.041695	0.265002	-0.243669	0.078974	-0.454858	-0.561474	-0.627582	-0.313810	-0.681607	0.480955	0.453267	1.045960	-0.574005	0.841876	1.552444	0.742455	-0.473277	-0.464111	-1.150247	-0.543702	-0.381115	-2.337741	-1.979228	-0.976393	0.584191	0.158245	-0.904925	-0.517628	1.753196	0.287653	0.766305	-0.945856
-0.413028	0.826934	0.376381	-0.421171	-0.029521	-1.024238	-0.291524	2.118874	0.302431	-1.126143	1.271955	0.130687	0.021308	-0.270334	1.519324	1.585488	-0.105124	0.669043	0.659220	-1.437426	-1.015818	1.041073	0.264687	-0.757791	0.391688	0.257961	1.277289	0.513373	0.716348	-0.551054	-0.531986	-0.585993	1.296242	1.623943	0.716686	-0.499407	1.502452	2.209683	0.690732	-0.447786	0.499985	0.208953	0.640656	0.698646	-0.718421	-0.743200	-0.753164	0.716698	0.310790	-0.994124	-0.125368	2.149265	0.874153	1.575612	-0.184676
-0.133927	1.232086	-0.036055	-0.664788	-0.227419	-0.359892	-0.475444	1.880231	0.247816	-0.284001	1.028118	0.005440	0.094515	-0.736904	1.397512	1.075231	-0.933966	0.010065	0.262659	-0.978754	-0.884157	0.346360	0.097238	-0.442640	0.255933	-0.035332	1.375859	0.635700	1.112410	-0.521893	-0.729855	-0.420373	0.861373	0.959607	0.047991	-0.482795	0.211596	0.798812	-0.026940	-0.173294	0.695276	0.659056	1.131014	1.500617	0.455694	0.451161	-0.410651	0.409517	-0.075023	-0.726254	-0.006159	1.122464	0.309354	1.127185	0.469720
-0.134416	0.380409	-0.652288	-0.726478	-0.468216	-0.370610	-0.656109	0.666456	0.067064	0.295747	0.156024	-0.442181	-0.094746	-1.026068	0.075231	0.202985	-1.072773	-0.286269	-0.233656	-0.343160	-0.502289	-0.268439	0.268126	-0.286572	-0.015619	-0.785024	0.541693	-0.016934	0.290239	-0.359227	-0.451748	-0.322337	-0.005433	-0.328383	-0.197042	-0.380464	-0.659707	-1.046317	-0.446918	0.315517	-0.023278	0.025385	0.542507	1.337236	0.381779	0.656552	-0.140381	0.236837	-0.689977	-0.665386	-0.482544	-0.158368	-0.279452	0.222607	0.255278
-0.255893	-0.186911	-0.609746	-0.219379	-0.199780	-0.581343	-0.075860	0.151149	0.125197	0.331302	-0.236661	-0.469894	-0.029763	-0.344675	-0.989476	-0.112276	-0.098261	0.397212	-0.501445	0.318669	0.224233	0.001932	0.872777	-0.188916	-0.165410	-0.844434	-0.100792	-0.391543	-0.484561	0.112004	0.421120	-0.097125	-0.011565	-0.431843	0.020268	0.074231	0.370143	-1.164418	0.180847	0.782255	-0.595790	-0.364703	-0.177523	0.712547	-0.159244	0.176867	0.065471	0.660386	-0.808262	-0.850929	-1.094969	-0.156676	-0.030270	-0.321775	-0.529041
-0.170292	0.381152	0.172276	0.647531	0.397928	-0.314076	0.929791	0.858323	0.385125	0.084207	0.249010	0.096399	0.555264	0.753483	-0.579823	0.698403	0.958117	1.461439	-0.283039	0.767462	0.897355	0.930449	1.307782	-0.238236	-0.105625	0.042772	0.156219	0.184035	-0.085537	0.692469	1.356108	0.060591	0.879896	0.677590	0.155549	0.467284	2.057321	0.567437	1.251677	0.693901	-0.127441	0.327073	-0.184312	0.146272	-0.192482	-0.154745	-0.053888	0.999575	-0.134832	-0.641222	-0.961173	1.178299	0.654339	-0.421151	-0.799368
0.085878	1.137208	0.919313	1.257366	0.693809	0.251872	1.201227	1.668912	0.486292	-0.053741	0.911750	0.490293	1.279383	1.228913	0.781984	1.916757	0.811190	1.797359	0.370233	0.694604	1.006599	1.445459	0.800408	-0.574081	-0.040326	0.821714	0.819103	1.073558	0.968432	0.858848	1.553229	-0.360899	1.447376	1.382729	-0.018166	0.063460	2.508155	2.188122	1.371150	-0.267505	0.913333	1.215265	0.255106	-0.463107	0.125943	-0.080280	-0.694342	0.178456	0.716355	0.168470	0.027376	2.223460	0.793566	-0.336500	-0.052143
0.093885	0.928704	0.935154	1.124448	0.471395	0.390597	0.396003	1.383904	0.329951	-0.039529	0.900925	0.039022	1.406613	0.784334	1.502684	2.080569	-0.316689	1.044300	1.057829	-0.011116	0.422246	0.858300	-0.527860	-0.886354	-0.101405	0.646994	0.942035	1.174615	1.304724	0.333903	0.723400	-1.207811	0.917932	0.733045	-0.108738	-0.979447	1.608396	1.997321	0.142415	-1.518705	1.329254	1.044794	0.411681	-1.047082	0.100232	0.063898	-1.318955	-1.557076	0.872853	0.752505	0.853553	1.507063	0.080093	-0.178905	0.892707
-0.228334	0.179024	0.292670	0.369124	0.161436	0.033049	-0.398440	0.250841	0.267724	0.024485	0.346004	-0.658091	0.745505	-0.083959	0.904050	0.769808	-0.854686	-0.096057	1.299104	-0.895875	-0.383018	-0.251152	-1.427201	-0.590804	-0.027269	0.045228	0.345934	0.450415	0.603225	-0.387859	-0.479045	-1.421184	0.009659	-0.285740	0.263853	-1.432219	0.546266	0.317591	-1.096760	-1.809337	0.793590	0.114314	0.190137	-0.918929	-0.212760	0.103304	-1.014913	-2.501564	0.287951	0.368021	0.678514	-0.569041	-0.809008	0.049034	0.887641
-0.360638	0.178188	-0.504268	-0.434081	0.080239	-0.149162	-0.159284	-0.472995	0.550769	0.249058	0.122705	-0.419393	-0.035761	-0.823188	-0.174061	-0.756209	0.017462	-0.753827	0.908820	-1.181019	-0.717570	-0.709384	-0.803187	0.335616	0.423211	-0.006126	-0.346815	-0.032011	-0.067568	-0.425096	-1.015066	-0.318223	-0.131154	-0.207010	0.930873	-0.437071	-0.041082	-1.223154	-0.812065	-0.540475	0.180892	-0.133360	0.089272	0.250336	-0.138278	0.233566	0.282899	-1.493147	-0.132973	-0.442707	0.088301	-2.125412	-0.997368	0.321313	-0.036395
-0.022295	1.030470	-1.172036	-0.926757	-0.135357	0.051296	0.586243	-0.222314	0.860890	0.679297	0.527398	0.590826	-0.321691	-1.217104	-0.806906	-1.181807	1.152430	-0.837897	0.153807	-0.652415	-0.426641	-0.277746	0.806658	1.097466	0.824964	0.405376	-0.714343	0.333708	0.143910	0.359479	-0.618181	1.267067	0.425374	0.815692	1.420802	1.264296	-0.389196	-1.616842	0.682642	1.288940	0.233637	0.739094	0.313805	1.569834	0.408842	0.486065	1.447339	0.491134	0.377011	-0.535981	0.323218	-1.853456	-0.316405	0.636358	-0.724595
0.205422	1.376614	-1.621390	-1.204955	-0.860209	-0.015470	0.552320	0.232619	0.699285	0.921295	0.784618	0.738318	-0.402857	-1.217885	-1.146087	-0.783316	0.928913	-0.912124	-0.452794	0.009700	-0.052389	0.026021	1.603607	0.976367	0.393223	0.340652	-0.934403	0.805939	0.678500	0.976673	-0.125291	1.806791	0.496781	1.170797	1.465361	2.075218	-0.647950	-1.248578	1.444022	1.939735	0.564166	1.467960	0.447311	1.742832	0.687280	0.507586	1.418984	1.395970	1.426749	0.195012	1.405616	-0.372167	0.553870	0.924349	-0.447783
-0.273986	0.321580	-1.556189	-1.274241	-1.515330	-0.625440	-0.347244	-0.022086	0.110601	0.588950	0.182641	-0.675943	-0.877189	-0.789800	-1.634259	-0.739083	-0.515660	-1.272661	-0.571833	0.167680	-0.024711	-0.611958	0.621912	0.266859	-0.870719	-0.442074	-1.096271	0.429284	0.453036	0.487329	-0.359667	0.980975	-0.516714	-0.026258	1.095011	1.393578	-0.643883	-0.984152	0.316054	0.862265	0.405868	0.873012	0.088143	0.582440	0.255711	0.109223	0.505847	0.532896	1.787785	0.704271	1.893653	0.589644	0.780757	0.880718	0.232971
-0.944134	-1.204190	-0.656207	-0.741228	-1.011572	-0.854185	-0.797089	-0.791065	-0.371370	-0.012584	-0.798125	-1.948395	-1.468945	-0.078200	-1.766417	-1.275688	-1.457356	-1.508213	-0.300197	0.172021	-0.021740	-1.565557	-1.067984	-0.058836	-1.796571	-0.976924	-0.790960	-0.476999	-0.486898	-0.696950	-0.994228	0.077611	-1.732959	-1.689196	0.440140	0.186042	-0.442706	-1.021076	-1.603563	-0.665140	-0.138750	-0.466504	-0.512305	-0.796424	-0.285026	-0.288487	-0.032411	-0.760025	0.755286	0.352264	0.800118	0.126921	0.200594	0.234335	0.397462
-0.724380	-1.548488	0.790838	0.511189	0.698103	0.253388	0.048168	-1.190960	-0.525514	-0.211236	-1.049859	-1.099709	-1.193136	0.438119	-0.606107	-1.506351	-0.914408	-1.112708	0.033464	0.804330	0.431815	-1.592101	-1.733622	0.435024	-1.247449	-0.345305	0.195978	-0.711606	-0.896948	-1.252579	-1.042276	0.285699	-1.916332	-2.063377	-0.318820	-0.344832	-0.346316	-0.874368	-2.415592	-1.103842	-0.287058	-0.982609	-0.636215	-1.252818	-0.039425	-0.069098	0.423493	-0.999395	-0.977762	-0.223942	-0.940263	-1.064322	-0.567136	-0.703417	-0.006367
0.395722	-0.358750	1.906751	1.679198	2.183210	2.112820	1.382338	-0.975031	-0.746566	0.058061	-0.307299	1.132088	0.191872	0.259132	1.574936	-1.022729	0.193915	-0.247226	0.314965	1.928881	0.997470	-0.609121	-1.133535	1.161985	0.462228	1.138329	1.230066	0.096457	0.059043	-0.598183	-0.287712	1.209576	-1.043706	-0.790589	-0.844368	-0.099153	-0.337041	-0.271105	-1.741294	-0.431995	0.161019	-0.143163	0.170222	-0.655231	1.028859	0.840077	1.194594	-0.345021	-1.926775	-0.143220	-1.559525	-1.783488	-0.804193	-1.094184	-0.345202
1.139204	1.116102	2.097711	1.725003	2.109179	3.051670	1.916080	-0.762837	-1.306392	0.175615	0.548960	1.934171	1.525939	-0.536661	3.097572	-0.575119	0.566390	0.413033	0.680086	2.384360	0.815552	0.116834	-0.555038	1.333617	1.777381	2.363922	1.403463	0.967411	1.702170	0.495255	0.472315	1.571740	-0.205539	0.843613	-0.750311	0.227295	-0.134417	0.350180	-0.792656	0.137431	0.491514	1.045534	1.616607	0.339134	2.055495	1.853330	1.333998	-0.016665	-1.266344	0.444718	-0.661340	-1.700767	-0.400073	-0.479166	-0.318255
0.643712	1.626897	1.641620	0.702487	0.826795	2.305203	1.585007	-0.981382	-1.709557	-0.178311	0.677734	0.125481	1.460477	-1.151748	2.686343	-0.812354	0.325370	0.499982	1.045201	1.410854	-0.202618	-0.329141	-0.867979	0.917009	1.556560	2.708998	0.612636	0.949503	2.636137	1.053322	0.689807	0.985234	-0.106844	1.521466	-0.012052	0.299042	0.209388	0.407487	-0.445134	-0.103727	0.168860	1.499051	2.842598	1.037118	2.265942	2.305250	0.831261	-0.474130	0.402884	0.692992	0.428245	-1.342279	0.167746	0.521061	-0.190805
-0.339381	1.261095	1.212013	-0.181387	-0.156171	0.883892	1.396183	-1.236918	-1.253335	-0.511726	0.219595	-2.173454	0.078286	-0.761238	0.962643	-1.188877	0.581229	0.352163	0.964819	-0.285801	-1.013793	-1.254478	-1.415830	0.565557	0.210093	2.490815	-0.335380	0.346284	2.325886	1.089323	0.864419	0.366801	-0.252777	1.213585	0.809274	0.421746	0.350811	0.017866	-0.251924	-0.590296	-0.340216	1.334376	3.087737	1.091710	1.749956	2.044813	0.481445	-0.954134	1.730332	0.337579	0.513017	-1.090298	0.451406	0.777246	-0.181446
-0.456566	0.982731	1.041633	-0.016238	-0.059626	0.266520	1.848334	-0.969427	-0.067319	-0.242712	-0.174792	-2.202756	-1.100330	0.595855	-0.310984	-0.739944	1.665692	0.553541	0.261360	-1.204227	-0.676958	-1.213417	-1.075617	0.798790	-0.888540	2.260391	-0.646686	0.093370	1.464287	1.306532	1.685477	0.634239	0.187941	0.804525	0.957261	0.845546	0.308490	-0.084981	0.454920	-0.434344	-0.245052	1.383913	2.301104	0.558529	1.214180	1.483805	0.823734	-0.676477	1.928532	0.007427	-0.044674	-0.780294	0.450157	-0.047519	-0.187592
0.492997	1.172445	0.797066	0.750920	0.424430	0.707636	2.207667	-0.261769	0.884149	0.471161	-0.343389	0.072609	-0.770633	1.916393	-0.237045	0.517910	2.586289	1.196368	-0.499277	-0.588774	0.471978	0.164648	0.232414	1.430846	-0.886457	2.003006	-0.320289	0.314919	0.828254	1.922922	2.813438	1.522202	1.094536	0.785343	0.173809	1.310250	0.459364	0.463789	1.340070	0.457820	0.385621	1.796327	1.077729	-0.163439	1.039276	1.066568	1.516855	0.201376	1.269499	0.254091	-0.148779	-0.266086	0.358728	-1.106619	-0.132239
1.406209	1.077893	0.181147	1.005745	0.293432	1.169398	1.476979	0.324770	0.871554	0.941534	-0.680923	2.163721	0.721001	2.130810	0.417520	1.545700	2.213290	1.666256	-0.619578	0.875414	1.253432	1.649201	1.493948	1.732216	-0.187112	1.212368	-0.009702	0.175704	0.263351	2.216929	3.033827	1.894883	1.391977	0.676057	-1.010807	1.343265	0.746593	1.076523	1.498097	1.392896	0.641134	1.655038	-0.021596	-0.630210	0.759270	0.722566	1.703549	0.968627	0.365434	0.756945	0.335007	0.158612	0.123208	-1.408282	-0.171008
1.341941	-0.109488	-0.582155	0.387080	-0.429766	0.712063	-0.311923	0.468765	0.129662	0.771111	-1.295475	2.171853	1.770042	1.149494	0.432294	1.493070	0.534106	1.225792	-0.228693	1.786516	1.014476	1.786737	1.749361	1.122632	0.207887	-0.279421	-0.222846	-0.781025	-0.826449	1.334016	1.603096	1.037016	0.389102	-0.181258	-1.694188	0.740463	0.523827	0.895893	0.717091	1.659240	0.011950	0.194317	-0.895624	-0.696772	-0.244033	0.028530	0.882503	1.221915	-0.632167	0.732678	0.457459	0.161297	-0.435395	-0.905479	-0.444218
0.603779	-1.924043	-0.942462	-0.417104	-0.855190	-0.411965	-2.008195	0.347255	-0.547820	0.203815	-1.609762	0.739439	1.285454	-0.032213	-0.329332	0.555533	-1.348801	-0.111913	-0.145931	1.348960	0.189916	0.526938	0.996466	-0.194791	-0.104804	-1.743756	-0.713784	-1.740241	-2.235012	-0.608452	-0.833645	-0.537835	-1.174906	-1.509815	-1.406884	-0.274973	-0.464583	-0.098280	-0.264306	1.129763	-0.813784	-1.898900	-1.571984	-0.470647	-1.612878	-1.043811	-0.525496	1.110096	-1.812114	-0.038322	-0.299628	-0.114446	-1.092262	-0.309307	-0.786338
0.180204	-2.878923	-0.614344	-0.673759	-0.430497	-1.110516	-2.461514	0.269418	-0.640689	-0.225993	-1.086156	-0.186591	-0.172106	-0.360814	-0.944055	-0.389468	-2.240739	-1.403334	-0.740634	0.076556	-0.395723	-0.809462	0.042882	-1.324106	-0.546375	-2.117681	-0.748107	-1.514645	-2.852996	-2.431155	-2.780622	-1.605316	-1.760050	-2.192348	-0.601437	-1.218727	-1.442838	-1.023250	-0.736723	0.273170	-0.731048	-2.916691	-1.806340	-0.056010	-2.140503	-1.851001	-1.507099	0.948451	-2.787810	-0.848023	-1.131306	-0.250885	-1.224327	-0.109989	-0.768501
0.443977	-2.154461	0.110398	-0.418448	0.453252	-0.695542	-1.632892	0.320397	-0.190954	-0.166273	-0.025256	0.281232	-1.115750	0.180283	-0.713090	-0.745911	-1.850454	-1.670756	-1.361508	-0.746738	-0.371347	-1.091640	-0.379074	-1.549165	-0.332713	-1.220180	0.035495	-0.118271	-2.038126	-2.988816	-3.262615	-1.533826	-0.721287	-1.580087	-0.210892	-1.681115	-1.447107	-1.122219	-0.793900	-0.331218	0.358980	-2.012705	-1.375954	0.388950	-1.264114	-1.767882	-1.477294	0.817008	-2.812819	-0.822197	-0.931413	-0.121038	-0.545053	-0.130356	-0.119684
0.808131	-0.606460	0.604887	-0.145153	1.056138	0.365292	-0.591457	0.427296	0.463977	0.355864	0.759234	1.356355	-0.764868	0.623184	0.072588	-0.638407	-0.926253	-0.937905	-1.155194	-0.369916	0.104917	-0.481644	-0.285106	-1.075107	0.595773	-0.144996	1.192747	1.086149	-0.609471	-2.207837	-2.536775	-0.931906	0.916702	-0.344633	-0.560475	-1.589377	-0.587717	-0.519326	-0.890252	-0.503201	1.296508	-0.268324	-0.615956	0.462852	0.055553	-0.959787	-0.899833	0.558202	-1.719643	0.053436	0.210734	0.062527	0.432149	0.073256	0.817660
0.621862	0.205077	0.386040	-0.104558	1.097665	0.906548	-0.436523	0.536902	0.936115	0.938338	0.877646	1.835250	0.253636	0.134024	0.601773	-0.487042	-0.479905	-0.167581	-0.208425	0.621822	0.694010	0.140624	-0.205373	-0.725727	1.557682	-0.167242	1.928320	0.910794	-0.011057	-0.938896	-1.516998	-0.861082	1.542947	0.256071	-0.908630	-1.150609	0.019517	0.125124	-0.963595	-0.476725	0.936202	0.449709	-0.253295	-0.179493	0.371076	-0.244120	-0.708115	0.087224	-0.289597	0.865633	1.059642	0.174399	0.899461	0.644059	1.232347
-0.015820	-0.280550	-0.554304	-0.210878	0.788453	0.241175	-1.253860	0.526277	0.864942	0.977098	0.582872	1.269049	0.717833	-1.060658	0.368713	-0.407887	-0.847340	-0.169976	0.514450	0.902157	0.994766	0.353291	-0.393683	-0.957174	1.887498	-1.350557	1.804248	-0.366873	-0.657943	-0.022986	-0.810346	-1.554890	0.640092	-0.221094	-0.380887	-0.610618	-0.387969	0.389046	-0.519017	-0.483098	-0.571436	-0.491378	-0.636533	-1.241825	-0.597383	-0.276946	-1.201999	-0.408944	0.550939	0.788966	0.690688	0.300116	0.579283	1.238862	0.676206
-0.510810	-1.218642	-1.662986	-0.353603	0.363259	-1.091846	-2.115925	0.150299	0.152280	0.156665	0.213733	0.021283	0.118369	-1.878012	-0.486240	-0.188710	-1.443329	-0.752062	0.416172	-0.110770	0.612989	0.377414	-0.504488	-1.421386	1.502383	-2.482584	0.979087	-1.433305	-1.545110	0.269823	-0.464410	-2.213746	-0.797008	-0.990998	0.785472	-0.180574	-1.266859	0.323127	0.438233	-0.493532	-1.939356	-1.924407	-1.348321	-1.859493	-1.742504	-0.984875	-1.787508	-0.646594	0.623134	-0.008857	-0.497762	0.430173	-0.114079	1.320180	-0.363865
-0.524607	-1.449532	-2.057304	-0.406396	-0.056672	-1.794662	-2.001104	-0.556399	-0.725905	-1.009357	-0.105095	-1.167766	-0.854910	-1.438902	-1.322680	0.251138	-1.369728	-1.003734	0.051971	-1.477041	-0.386944	0.425430	-0.116987	-1.511885	0.788232	-2.368223	0.000775	-1.356706	-1.491455	0.122523	-0.337401	-2.031466	-1.383308	-0.947995	1.426172	-0.058468	-1.357560	0.137565	1.146295	-0.369460	-2.048912	-2.231352	-1.628275	-1.464161	-1.852661	-1.634322	-1.766804	-0.547585	0.398430	-0.650243	-1.296275	0.367073	-0.567392	0.756006	-0.988421
-0.168597	-0.610054	-1.204494	-0.090486	-0.253018	-1.109781	-0.714521	-0.943983	-0.970367	-1.385553	-0.223951	-1.532066	-1.037812	0.046356	-1.417947	0.613030	-0.333967	-0.346298	0.287280	-1.661405	-1.162091	0.434973	0.652096	-1.063201	0.181868	-1.017580	-0.510334	-0.299434	-0.388701	-0.106659	-0.325410	-1.084724	-0.646573	0.208105	0.960269	-0.253283	-0.130897	-0.055312	1.055009	-0.047402	-0.932029	-0.964133	-1.072457	-0.359099	-0.742156	-1.379751	-1.078004	-0.256878	0.283379	-0.626111	-0.965372	0.058674	-0.424394	0.162020	-0.897705
0.354087	0.727699	0.354766	0.705119	-0.019344	0.360595	0.881128	-0.332714	-0.346380	-0.386710	0.067562	-0.756130	0.006943	1.410925	-0.542180	0.554823	0.882689	0.769837	0.895507	-0.260100	-0.796956	0.385220	1.255599	-0.421162	-0.093407	0.411622	-0.266291	0.922813	0.886156	-0.103897	-0.292322	-0.129444	0.713335	1.702419	0.160051	-0.461334	1.535665	-0.222476	0.579651	0.475356	0.442029	0.836860	0.006474	0.702992	0.786275	-0.060311	-0.227929	0.086206	0.252398	-0.306856	0.113139	-0.195963	0.287227	0.363012	-0.552729
0.866383	1.609931	1.242285	1.463047	0.383097	1.222372	1.509281	0.957269	0.376687	1.097058	0.612363	0.503877	1.468471	1.632602	0.695138	0.162203	1.013783	1.294065	0.704684	1.422195	0.466753	0.390982	1.314839	-0.024271	-0.127007	0.750276	0.296184	1.546370	1.449109	0.110589	-0.133544	0.197659	1.552436	2.362594	0.053315	-0.397521	2.261256	-0.335378	0.430455	1.091786	1.113151	1.680346	0.784228	1.267354	1.687236	1.358686	0.235014	0.423791	0.046905	-0.335222	0.911833	-0.078133	1.165056	1.330571	-0.369729
0.994801	1.398920	0.654356	1.383881	0.284826	0.714575	0.695963	1.674970	0.269157	1.439985	0.799541	0.939705	2.027211	0.840740	1.294500	-0.122152	-0.260295	0.771248	-0.638951	1.706230	1.223436	0.427459	0.918948	0.004353	-0.264215	-0.012698	0.272041	1.206652	1.095456	0.124600	0.025680	-0.121248	1.213040	1.627417	0.539890	-0.166134	1.674612	-0.324532	0.562376	1.438498	0.823881	0.983217	0.643415	1.320422	1.397231	1.532941	0.150470	0.640489	-0.437395	-0.800387	0.731690	0.255729	1.578505	1.953608	-0.245841
0.346357	0.296464	-0.592875	0.398955	-0.574893	-0.509954	-0.538913	1.040960	-0.589849	0.136970	0.271543	-0.026447	1.216336	0.069250	0.916603	-0.046652	-1.570832	-0.042911	-1.785430	0.355062	0.523855	0.331338	0.396122	-0.042343	-0.756761	-0.671237	-0.675353	0.102498	0.288714	-0.320521	-0.019664	-0.537106	-0.003494	0.096304	0.697237	-0.019376	0.711216	-0.051681	0.394635	1.103851	0.014241	-0.415700	-0.142107	0.951431	0.228343	0.246615	-0.127574	0.560759	-0.896911	-1.203018	-0.206970	0.247841	1.118281	1.232385	-0.026370
-0.890850	-0.745540	-0.952571	-0.583042	-1.600457	-1.153614	-0.654966	-0.345560	-1.262020	-1.544425	-0.536893	-1.397573	-0.082294	-0.055569	0.275288	0.144858	-1.191255	-0.045612	-1.251651	-1.217831	-0.928363	0.101916	-0.056287	0.193305	-1.413352	-0.123155	-1.799296	-1.005591	-0.271928	-0.802852	-0.156265	-0.424040	-1.160378	-0.978670	0.158020	0.071859	0.280967	0.515995	-0.174644	0.141377	-0.622258	-1.108752	-0.631431	0.262258	-0.853869	-1.201496	-0.074403	0.125896	-0.784654	-1.083004	-0.980614	-0.321154	0.028182	-0.469438	0.108913
-1.954258	-0.889313	-0.059200	-0.789533	-2.054066	-0.773238	0.521890	-1.382655	-1.231847	-2.122461	-0.977768	-1.770007	-0.723496	-0.055466	0.157229	0.007133	0.757660	0.786404	0.506226	-1.628979	-1.738483	-0.157929	-0.534092	0.561862	-1.802913	1.251547	-2.250324	-1.319493	-0.226621	-0.698034	-0.063524	0.238499	-1.572415	-0.969825	-0.552950	0.184506	0.119422	0.999988	-0.684608	-0.920254	-0.612467	-0.572269	-0.311878	-0.390178	-1.102490	-1.488284	0.308510	-0.592800	0.039008	-0.502772	-0.811657	-0.828148	-0.986934	-1.811686	0.068597
-2.342287	-0.242182	0.853029	-0.582755	-1.920915	-0.214367	1.435027	-1.779162	-0.931101	-1.640786	-1.069138	-1.166887	-0.678722	-0.700478	0.323264	-0.598166	2.182694	1.279298	1.471996	-1.051435	-1.608219	-0.577550	-1.233221	0.377612	-1.794717	1.909814	-2.180332	-0.777997	0.099970	-0.191968	0.166276	0.665638	-1.333918	-0.521621	-0.989558	-0.026798	-0.523040	0.779074	-0.944315	-1.709856	-0.002452	0.360215	0.279079	-0.467228	-0.698496	-0.766997	0.289293	-1.495797	0.869775	0.051349	0.167176	-0.385788	-1.464787	-2.054879	0.171115
-2.234051	0.342847	0.597786	-0.835223	-1.652663	-0.402966	0.735940	-1.890002	-0.833768	-1.252542	-1.280616	-0.875789	-0.838987	-1.648277	-0.067451	-1.304149	1.519215	0.557480	0.579049	-0.687862	-1.412655	-1.324470	-1.986779	-0.725259	-1.622020	0.954575	-2.172395	-0.133962	0.029144	-0.220204	-0.029312	0.081395	-0.906130	-0.612477	-1.323802	-0.924847	-1.411852	-0.231592	-1.182687	-2.250353	0.656386	0.552784	0.287605	0.139386	-0.421730	-0.222839	-0.712910	-2.289614	0.778972	0.174483	1.039201	1.029531	-1.535239	-1.707439	0.565619
-1.868942	0.253628	-0.507448	-1.537153	-1.346841	-1.069250	-0.951830	-1.655711	-0.701082	-1.426672	-1.619125	-1.450830	-1.500733	-1.641247	-1.082038	-1.499582	-0.338706	-0.770832	-0.949997	-0.994818	-1.652433	-1.988289	-2.086715	-2.018207	-1.413154	-0.811191	-1.963532	-0.110532	-0.667752	-1.127916	-0.807809	-1.189669	-0.463019	-1.151911	-1.686086	-1.980253	-1.428905	-1.201933	-1.272376	-2.370159	0.726281	-0.173582	-0.355927	0.746183	-0.685112	-0.459615	-2.105491	-2.304329	-0.225834	-0.041044	1.072002	2.354798	-1.511121	-1.468449	0.704454
-1.038999	-0.303489	-1.218033	-1.702387	-0.743803	-1.146375	-1.846066	-0.633718	-0.154254	-1.443573	-1.546244	-1.856560	-1.776057	-0.190484	-1.749462	-0.821389	-1.271686	-1.326192	-1.194444	-1.158023	-1.730176	-1.671654	-0.905711	-2.185546	-0.979098	-1.892614	-0.770593	-0.636682	-1.401229	-1.908518	-1.359264	-1.811113	0.078368	-1.066094	-1.598135	-1.939546	-0.224129	-1.188260	-0.572580	-1.447355	0.059785	-1.036764	-0.930727	0.535947	-1.142495	-0.923594	-2.461386	-0.972411	-1.076528	-0.141506	0.419711	2.534505	-1.343747	-1.145442	-0.001712
0.344949	-0.659361	-0.953013	-0.763804	0.088144	-0.300509	-1.214009	0.930213	0.529409	-0.707996	-0.806584	-1.020891	-0.877484	1.543694	-1.325885	0.498026	-0.562494	-0.605438	0.060738	-0.494971	-1.017632	-0.038946	1.202053	-0.724147	-0.167553	-1.753361	1.173117	-1.034636	-1.329950	-1.301340	-0.724575	-0.856539	0.647606	0.163553	-0.573061	-0.241240	1.095854	-0.213752	1.059901	0.700585	-0.816776	-1.261339	-0.857261	-0.338672	-1.197368	-0.823122	-1.048575	1.308511	-0.910009	0.073319	-0.283834	1.580668	-0.683004	-0.161850	-1.151746
1.553797	-0.380350	-0.289911	0.519370	0.634817	0.545408	-0.011231	1.951623	0.772573	0.293773	0.198300	0.532900	0.575424	1.988012	-0.284720	1.697104	0.555741	0.542429	1.177281	0.362098	0.088321	1.979274	2.917681	1.407706	0.767143	-1.061631	2.470663	-0.812539	-0.269233	0.556304	0.902154	1.055896	1.028201	1.601516	0.970394	2.106718	1.337326	0.791755	2.617296	2.977782	-1.179259	-0.727888	-0.257957	-0.712919	-0.627793	-0.066494	1.263804	3.149772	-0.081731	0.210874	-0.794736	0.308379	0.538465	1.185435	-1.583946
1.554964	0.366429	-0.035591	0.917744	0.564692	0.401458	0.557693	1.736179	0.559088	0.751914	0.933824	1.302254	1.175278	0.931485	0.267236	1.972962	0.723715	1.010346	0.804292	0.307348	0.695107	2.888464	3.102212	2.641444	1.256803	-0.589840	2.212902	-0.131051	1.030446	2.098124	2.143924	2.293864	1.113135	1.829047	1.881558	3.373237	0.609146	1.029384	2.808317	3.735972	-0.801907	0.147348	0.347607	0.179825	0.283995	0.787524	2.786179	3.338699	0.407979	-0.209814	-1.328283	-0.678352	1.723871	1.720401	-0.718855
0.273920	0.959023	-0.277233	0.198059	0.099042	-0.539804	0.358040	0.776752	0.385975	0.665493	1.197550	0.698544	0.453302	-0.388709	-0.139663	1.112843	-0.047220	0.578681	-0.511389	-0.604464	0.600915	2.043025	1.820285	2.188716	0.893577	-0.398860	0.996867	0.451419	1.546280	2.028949	1.861983	1.835756	0.864626	0.568848	1.430390	2.689649	-0.151049	0.472656	1.408347	2.431336	-0.117127	0.831088	0.584904	1.552961	1.030220	1.148801	2.559396	1.942775	0.182070	-0.985004	-1.842448	-1.325668	1.999534	0.799910	0.765697
-1.092144	0.881477	-0.449046	-0.670923	-0.266877	-1.176127	0.047393	0.037600	0.486814	0.676528	1.014551	-0.327292	-0.616524	-0.786465	-0.924962	-0.238556	-0.778074	-0.111298	-1.161518	-1.134035	0.421075	0.216180	0.124861	0.644342	-0.083178	-0.107197	0.048167	0.595154	0.967326	0.719426	0.369329	0.247852	0.262525	-0.980732	0.056426	0.731431	-0.476224	-0.404722	-0.565171	0.185925	0.335064	1.042318	0.470696	1.881511	1.293596	0.897727	1.112909	0.115670	-0.220003	-1.281726	-1.787922	-1.673098	1.109727	-0.775247	1.719015
-1.236061	0.282595	-0.091777	-0.702766	-0.123220	-0.766939	0.056046	-0.102839	0.607114	1.074732	0.514379	-0.492789	-0.871392	-0.272925	-1.147659	-1.070786	-0.751968	-0.411570	-0.490000	-0.463801	0.682308	-1.200573	-1.011187	-0.599174	-0.791313	0.432904	-0.045600	0.504864	0.003065	-0.286414	-0.921577	-0.939565	-0.414817	-1.448810	-1.081628	-0.957338	-0.608088	-1.102289	-1.881757	-1.377080	0.461757	0.936693	0.348107	0.763385	1.202834	0.486167	-0.144744	-1.040641	-0.112150	-0.549337	-0.803455	-1.596630	-0.184538	-1.585254	1.646259
-0.055111	-0.122816	0.631524	0.072511	0.689055	0.373565	0.226443	0.080961	0.569299	1.502568	0.063508	0.460705	-0.222978	0.274594	-0.400107	-0.946352	-0.070500	-0.269360	0.583519	0.811788	1.241722	-1.420035	-1.393932	-0.557457	-0.477493	0.930173	0.469111	0.616085	-0.364780	0.012101	-0.928152	-0.751744	-0.569660	-0.727662	-1.137528	-1.258906	-0.795709	-1.237580	-2.040181	-1.585546	0.512217	0.879813	0.575979	-0.659002	1.118009	0.521926	-0.244595	-1.267141	0.662439	0.863222	0.676027	-1.068154	-0.806224	-1.054253	0.952651
1.337477	0.182318	1.177512	0.851619	1.883593	1.343661	0.284984	0.278418	0.627712	1.591159	0.155013	1.685631	0.516494	0.239760	0.885660	-0.380913	0.686293	-0.045013	0.899397	1.510260	1.621687	-0.692136	-1.374786	0.557506	0.616919	1.048223	1.031537	1.021551	0.118252	1.112160	0.167050	0.392404	0.081407	0.100981	-0.140537	-0.300604	-0.914682	-0.600040	-1.304013	-0.948285	0.629223	0.979459	1.160008	-1.164470	1.155668	1.123113	0.556425	-0.971062	1.703706	2.082116	1.774585	-0.350725	-0.405252	0.198975	0.357361
1.817518	0.999866	1.286802	1.060278	2.679312	1.565746	0.352001	0.451343	1.058998	1.449699	0.882748	2.152159	0.696643	-0.141956	1.824325	-0.117553	1.113767	0.066714	0.469788	1.222861	1.572087	0.253148	-1.183128	1.706522	1.447137	0.888754	1.215939	1.384302	0.887052	1.798299	1.333279	1.360865	1.062492	0.210316	1.222649	0.901328	-0.707538	0.632158	-0.163676	-0.241261	0.781383	1.031740	1.744421	-0.682664	1.116841	1.797539	1.292631	-0.553432	2.369018	2.483394	1.972002	0.167062	0.472890	1.227407	0.243304
1.284150	1.724616	1.248272	0.839406	2.329164	1.202414	0.833321	0.615054	1.619908	1.373170	1.645613	1.491175	0.370212	-0.287719	1.742001	-0.169108	1.334939	0.258444	0.255540	0.536353	1.148888	0.928365	-0.653333	2.130007	1.335319	0.956234	0.946335	1.430963	1.367241	1.590245	1.807601	1.636100	1.615127	-0.028217	2.185102	1.553617	-0.138100	1.753405	1.012221	0.307512	1.013262	0.962540	2.020113	0.121003	0.896124	2.046345	1.472384	-0.041798	2.181792	2.017849	1.400186	0.234505	1.097658	1.555876	0.446568
0.475207	1.926356	1.409175	0.594643	0.908886	0.790632	1.811346	0.599531	1.666184	1.304473	1.618502	0.140985	-0.089632	-0.132606	0.625784	0.052760	1.713859	0.724719	0.824401	0.150581	0.458279	1.222544	0.361567	1.910809	0.647431	1.536942	0.466795	1.273168	1.518315	1.061897	1.627568	1.667851	1.442115	0.206728	2.355431	1.670773	0.463162	1.877293	1.868699	0.867234	1.377635	0.986683	1.993129	0.827308	0.683644	1.865964	1.446380	0.664756	1.212496	1.019492	0.547281	-0.119128	1.117466	1.192274	0.499932
-0.004737	1.508643	1.559052	0.386645	-0.589616	0.591545	2.666546	0.179893	0.821800	0.842102	0.599237	-1.065441	-0.508034	-0.186267	-0.847524	0.683224	2.205428	1.202567	1.661407	0.153505	-0.407328	1.090729	1.441509	1.447047	0.182697	2.183929	0.084065	1.091056	1.487354	0.828121	1.182288	1.920737	0.777099	0.916212	1.834007	1.567193	0.595163	0.719220	1.945863	1.318906	1.570568	1.157100	1.756873	1.340729	0.633792	1.493382	1.564673	1.355232	0.077692	-0.076348	-0.122557	-0.579495	0.534305	0.355970	0.051396
-0.207072	0.559004	1.047274	-0.034386	-1.164971	0.380098	2.467301	-0.604432	-0.583339	-0.210868	-0.707441	-1.470068	-0.885548	-0.729147	-1.701504	0.996963	2.134178	1.075406	1.827831	0.165493	-1.200097	0.427300	1.721781	0.743303	0.231078	2.018955	-0.060016	0.714838	1.119348	0.708933	0.597927	2.012943	-0.072243	1.294495	0.976076	1.181260	0.079195	-0.947785	0.994397	1.122114	1.004221	1.054375	1.171375	1.347951	0.518859	0.872144	1.428381	1.497389	-0.594784	-0.895641	-0.367678	-0.715318	-0.435492	-0.532654	-0.831177
-0.453542	-0.699186	-0.397327	-0.728437	-0.779987	-0.144915	0.854616	-1.369767	-1.753610	-1.471010	-1.350783	-0.993132	-1.100668	-1.330307	-1.351270	0.369906	0.851515	0.010453	0.978519	-0.095470	-1.531220	-0.684706	0.730917	-0.447773	0.478166	0.663086	-0.015777	-0.189106	0.155218	0.124645	-0.230775	1.172084	-0.950729	0.861786	0.016151	0.242884	-0.653396	-1.895448	-0.595985	0.001946	-0.496928	0.228608	-0.002261	0.377248	-0.084806	-0.299275	0.401719	0.743306	-0.723652	-1.246226	-0.254722	-0.323314	-1.339170	-0.909722	-1.639028
-0.742447	-1.884570	-2.090253	-1.326641	-0.273466	-0.857811	-1.411990	-1.625935	-2.031969	-2.237222	-1.024334	-0.104303	-0.913471	-1.386965	-0.079217	-0.671862	-1.314240	-1.521159	-0.416972	-0.529973	-1.188023	-1.752075	-0.955905	-1.931824	0.609970	-1.178161	0.041591	-1.508113	-1.202181	-0.978712	-1.174471	-0.588915	-1.658189	0.039715	-1.040531	-1.091913	-0.949521	-1.625819	-1.937040	-1.480430	-2.224334	-1.142674	-1.620900	-1.406118	-1.226009	-1.930062	-1.301475	-0.604175	-0.731194	-1.207589	-0.115432	0.326746	-1.634191	-0.563571	-1.786737
-0.735237	-2.594504	-2.830516	-1.330876	-0.340937	-1.244052	-2.891038	-1.110442	-1.341931	-2.092190	-0.230571	0.636138	-0.248602	-0.911292	1.268675	-0.887352	-2.993237	-2.462092	-1.615408	-0.780866	-0.369365	-2.107234	-2.101100	-2.951675	0.638553	-2.208447	-0.122597	-2.499326	-2.233157	-1.941517	-1.741135	-2.191172	-1.858910	-0.505757	-2.104758	-2.202949	-0.631471	-0.756650	-2.349957	-2.343910	-3.072215	-2.291215	-2.980453	-2.875446	-2.306807	-3.222513	-2.563056	-1.741032	-0.976465	-1.035113	-0.234636	0.734430	-1.157155	-0.037175	-1.178821
-0.297382	-2.619221	-2.018915	-0.605769	-0.858851	-0.991227	-2.666855	-0.080056	-0.244621	-1.252561	0.300010	0.959512	0.663489	-0.457711	2.024374	0.119355	-2.969744	-2.073051	-2.119205	-0.533350	0.435057	-1.522279	-1.980753	-2.920640	0.569968	-1.744024	-0.700377	-2.425178	-2.326358	-2.112622	-1.542844	-2.574612	-1.451953	-0.684642	-2.728212	-2.641409	-0.111501	-0.144214	-1.886092	-2.189529	-2.516085	-2.575771	-3.294592	-2.880643	-2.554471	-3.297776	-2.569368	-2.092758	-1.341821	-0.870872	-0.460550	0.734610	-0.417898	-0.131451	-0.365316
0.147926	-1.983923	-0.274990	0.427618	-1.248961	-0.404514	-1.187022	0.702781	0.439184	-0.374883	0.225570	0.825840	1.427498	-0.280834	2.002469	1.228263	-1.415860	-0.660255	-1.808419	0.188094	0.784819	-0.535057	-1.087475	-2.031835	0.101644	-0.381018	-1.632315	-1.333369	-1.556691	-1.522163	-0.772077	-1.798463	-0.858310	-0.848256	-2.414563	-2.479217	0.257269	0.094080	-1.108428	-1.562055	-0.994661	-1.987558	-2.384091	-1.491222	-1.787996	-2.109183	-1.714988	-1.856858	-1.395708	-0.575416	-0.289392	0.648581	-0.173639	-0.893235	0.041458
0.068821	-0.843883	1.161724	1.125908	-1.155659	-0.027979	0.254919	0.629052	0.337413	0.048713	-0.205489	0.312675	1.726165	0.063027	1.312710	1.102626	0.347946	0.728617	-0.888360	0.949917	0.612913	0.088476	-0.453482	-0.927774	-0.940889	0.650935	-2.395658	-0.004403	-0.532022	-0.697865	0.003887	-0.767986	-0.546979	-1.037948	-1.241957	-1.918200	0.639502	0.457255	-0.424438	-1.170921	0.607495	-0.925851	-0.831163	0.039711	-0.567686	-0.493701	-0.970651	-1.610340	-0.843519	0.067765	0.489756	0.794170	-0.568056	-1.438233	0.051791
-0.375877	0.531825	1.584894	1.197626	-0.575584	0.074803	0.854321	0.037921	-0.029422	0.164705	-0.391903	-0.212736	1.473629	0.971361	0.269162	-0.069923	1.284416	1.341389	0.213162	1.237119	0.308759	0.257111	-0.357734	0.054997	-1.947346	0.730559	-2.193538	0.881835	0.270343	0.034497	0.522653	-0.053576	-0.322907	-0.799540	0.076331	-0.889050	1.216099	1.166495	0.244181	-0.949647	1.647113	0.261963	0.533436	0.622319	0.433966	0.684592	-0.587336	-1.397063	0.229123	0.988717	1.370518	1.074367	-0.846160	-0.994408	0.215528
-0.384382	1.705967	1.254917	0.887679	0.346806	0.345944	0.868846	-0.039934	0.244575	0.512728	0.072474	-0.170610	0.809480	1.934997	-0.601025	-0.742679	1.462525	1.277526	1.056115	0.900292	0.361761	0.591780	-0.111228	1.013912	-1.855208	0.271831	-0.703846	1.281732	0.830837	0.765213	1.015805	0.558522	0.446227	0.143943	0.862090	0.653107	1.527121	1.771099	1.090026	-0.242026	1.929259	1.340681	1.227063	0.348989	1.011159	1.207512	0.057216	-0.626677	1.410712	1.756116	1.575858	1.172370	-0.159869	0.148364	0.875003
0.418740	2.219182	0.800783	0.585233	1.302982	0.980977	0.883980	0.820296	1.320523	1.235780	0.944142	0.570133	0.025388	2.024053	-0.861325	0.002504	1.433573	1.031610	1.399927	0.249915	0.809007	1.412150	0.767982	1.912478	-0.432203	-0.013244	1.325427	1.444668	1.250367	1.497735	1.609017	1.306891	1.773000	1.331462	1.010238	2.193933	0.971748	1.728670	1.892718	1.078395	1.577597	2.005120	1.264648	0.037044	1.297628	1.312752	1.267162	0.876862	2.159235	1.926105	0.908647	0.954914	1.342727	1.019240	1.687316
1.312360	1.913286	0.496837	0.411056	1.754592	1.475247	0.932157	1.745312	2.193739	1.733876	1.476124	1.290887	-0.490556	1.192311	-0.570214	1.234226	1.289740	0.805689	1.224346	-0.238005	1.143154	2.058182	1.645427	2.250556	1.120753	0.038078	2.490813	1.369423	1.363699	1.792863	1.863281	1.753443	2.641436	1.891877	0.799165	2.796469	-0.076555	1.098599	2.089576	2.101023	0.923328	1.951077	0.911926	0.087603	1.300793	1.149233	2.211007	2.135933	2.075449	1.448455	-0.010082	0.549771	2.437155	1.095788	1.949128
1.245593	1.022040	0.217231	0.255078	1.263489	1.154452	0.608326	1.513925	1.684417	1.293710	1.097889	1.083860	-0.425809	0.375596	-0.169676	1.326094	0.690900	0.455737	0.626169	-0.276466	0.857057	1.585006	1.455226	1.524080	1.297336	0.077579	1.891870	0.855367	0.903480	1.176998	1.215009	1.217934	1.978794	1.333832	0.447417	1.893608	-0.457463	0.408669	1.350042	1.778827	0.346007	1.141906	0.409906	0.200452	0.849638	0.657889	1.735339	1.877018	1.134452	0.648613	-0.403775	0.141345	1.974987	0.666625	1.276780
0.125380	-0.105603	-0.152430	0.044197	-0.005311	0.030554	-0.180809	0.038077	-0.184085	-0.032092	-0.042940	-0.088863	0.145762	0.115025	0.077183	-0.007259	-0.410612	-0.087568	-0.219316	0.055019	-0.002007	-0.010247	0.106549	-0.090342	-0.017719	-0.099465	-0.093741	-0.058208	-0.052932	-0.213914	-0.249274	-0.253891	-0.080708	-0.057214	0.030252	-0.135685	0.204146	-0.055285	-0.069248	0.179761	-0.023305	-0.127393	-0.123247	0.101813	-0.014527	-0.120615	-0.148545	0.097806	-0.320950	-0.182113	-0.161614	-0.205648	0.097639	0.162332	-0.078253
