X1	X2	X3	X4	X5	X6	X7	X8	X9	X10	X11	X12	X13	X14	X15	X16	X17	X18	X19	X20	X21	X22	X23	X24	X25	X26	X27	X28	X29	X30	X31	X32	X33	X34	X35	X36	X37	X38	X39	X40	X41	X42	X43	X44	X45	X46	X47	X48	X49	X50	X51	X52	X53	X54	X55
-0.054137	0.351151	0.041033	-0.038034	0.137239	0.098875	0.119400	0.331044	0.360899	0.219698	0.231105	0.059999	0.016793	0.144560	0.253837	0.127129	0.096056	0.049501	0.023649	-0.068652	-0.036616	0.051921	0.228871	0.112197	-0.042127	0.123246	-0.058220	-0.054238	0.098232	0.016785	0.120037	0.017450	0.190341	0.359328	0.359662	0.113012	0.227934	0.405187	0.142271	0.083799	0.156899	0.340914	0.209361	0.164505	0.129661	0.219662	-0.007192	0.060225	-0.015438	-0.082374	-0.043792	0.085413	0.287948	0.294703	-0.046491
0.211218	0.083658	0.456287	0.308404	-0.113865	-0.798960	2.529565	0.384660	-0.804470	0.754446	-1.544320	-0.523935	2.037107	-1.345112	-1.393069	2.558176	2.330040	3.263080	2.174354	1.201084	0.338364	2.264741	2.440446	1.148671	0.673550	1.501161	1.684065	-0.146572	-0.105671	0.078339	1.695710	1.077340	1.161942	0.557164	1.266226	1.237489	0.958745	1.403162	1.643390	0.982035	0.728327	0.415891	0.345209	-0.744928	0.104832	1.551650	0.686429	1.189145	-1.701788	-0.881691	-1.244678	-0.638727	0.060083	-0.108877	-0.627077
0.711502	-0.590658	0.604148	0.482345	-0.634700	-1.566744	2.910470	-0.172403	-0.883819	0.769281	-1.922273	-0.671867	2.643792	-2.167339	-2.030925	2.898031	2.802116	3.507568	1.986598	1.437723	0.610369	2.810667	2.791112	1.695850	1.383021	1.915991	2.718253	0.658380	0.437835	0.974133	2.649832	1.702782	0.932047	0.473016	1.302265	1.963414	0.557574	1.316282	2.193833	1.401406	0.333629	0.001840	0.070184	-1.185708	0.062263	1.562043	1.398503	1.656147	-1.893188	-0.769285	-1.351461	-1.057881	-0.338711	-0.944360	-0.381642
0.859730	-1.292146	0.335376	0.215659	-0.982822	-1.755649	1.134280	-0.682734	0.124118	0.271327	-0.727426	-0.564969	1.367284	-1.714990	-1.446897	1.110188	1.340901	0.861830	-0.174489	0.416387	0.439482	1.487293	1.135902	1.429123	1.492182	0.991562	2.267781	1.531090	1.092576	1.987630	2.335706	1.401495	-0.287463	0.273149	0.625174	1.769100	-0.366100	0.309025	1.641230	1.011728	-0.688406	-0.611053	-0.566947	-1.024506	-0.060152	0.214862	1.548328	1.206261	-0.753922	-0.059253	-0.434969	-1.082595	-0.502205	-1.386661	0.337948
0.009760	-1.364095	-0.287292	-0.575738	-0.606560	-1.065406	-1.046836	-0.382102	1.019002	-0.407489	0.810913	-0.647233	-0.863253	-0.239214	-0.425384	-0.919652	-0.555089	-1.917131	-1.838168	-1.095173	-0.332151	-0.378832	-0.961721	0.582157	0.581005	-0.673726	0.470002	1.038455	0.752168	1.757605	0.720526	0.235024	-1.308290	0.136810	-0.068069	0.577382	-0.474236	-0.678194	0.568467	0.068965	-1.294048	-0.799787	-1.098005	-0.572417	-0.343635	-1.358482	0.732384	0.329102	0.277144	0.168742	0.429325	-0.905966	-0.093892	-0.622109	0.601188
-1.292063	-0.755416	-0.896171	-1.414042	0.218519	0.120333	-1.848408	0.142876	0.730265	-0.962721	1.360964	-0.800274	-2.380700	1.019488	0.098684	-1.522236	-1.281880	-2.563227	-1.480167	-1.973355	-1.163084	-1.308403	-1.849342	-0.097583	-0.653965	-1.823590	-1.196664	-0.545788	-0.296759	0.334100	-1.140221	-0.875190	-1.416422	-0.126939	-0.563092	-0.833979	0.246109	-1.141248	-0.394645	-0.596268	-1.076370	-0.446916	-1.060712	-0.135761	-0.648984	-2.006262	-0.367665	-0.093571	0.416403	-0.393476	0.450953	-0.712262	0.487617	0.606655	0.267664
-1.640562	0.083991	-0.942775	-1.459500	0.714345	1.084205	-1.127087	-0.092577	-0.265287	-1.071766	0.962463	-0.359225	-2.233341	1.198114	0.142372	-0.884986	-0.733155	-1.462455	-0.133598	-1.666897	-1.184311	-1.025565	-1.258237	-0.157397	-1.013241	-1.637272	-1.428699	-1.354260	-0.563431	-0.725788	-1.889572	-1.038588	-0.861848	-0.609748	-1.034947	-1.500872	0.562076	-1.200049	-1.005246	-0.431555	-0.384944	0.090156	-0.403699	0.457217	-0.528244	-1.422447	-0.671527	0.220406	0.411418	-0.821027	-0.046412	-0.362793	0.679380	0.988355	0.010956
-0.473001	0.822191	-0.236361	-0.371553	0.684203	1.516781	-0.166455	-0.783477	-0.537407	-0.511706	0.693897	0.858874	-0.944030	0.755805	0.467289	-0.330051	-0.154695	-0.518889	0.329024	-0.563134	-0.234571	-0.402691	-0.217694	-0.008210	-0.266024	-0.578922	-0.664955	-0.442045	0.458004	-0.451217	-1.276445	-0.422147	-0.183518	-0.974665	-1.309745	-1.264549	-0.168834	-1.010669	-1.287257	0.181405	0.391903	0.497165	0.400166	1.380836	0.211891	-0.193838	-0.133534	0.572893	1.108220	-0.271750	-0.257628	0.332580	0.487059	0.458806	0.140555
1.129576	1.293714	0.642574	1.103377	0.630393	1.578231	-0.041345	-0.840109	0.262005	0.360231	0.946232	1.941837	0.244817	0.505639	1.222782	-0.452063	-0.481072	-0.607611	-0.296492	0.482360	0.797608	-0.286080	0.212178	-0.349793	0.603211	0.121621	-0.313175	0.924608	1.365787	0.267316	-0.396662	0.036420	0.346501	-0.983943	-0.990814	-0.778965	-1.207783	-0.626920	-1.304903	0.421549	1.005227	0.599889	0.698862	1.994653	0.931379	0.709965	0.213770	0.182830	1.870762	0.775662	-0.003199	1.083121	0.167895	-0.072540	0.200092
1.662106	1.264922	0.861190	1.735455	0.800955	1.374383	-0.553366	-0.130815	0.910538	0.741921	0.917579	1.788180	0.638782	0.419602	1.540571	-0.671177	-1.258482	-0.906154	-0.638687	0.895875	0.944030	-0.658276	-0.077889	-1.154599	0.653284	-0.083741	-0.748384	1.040734	0.780925	0.050337	-0.323758	-0.196085	0.628687	-0.826457	-0.248206	-0.628206	-1.489482	-0.253721	-1.136521	0.027709	1.181028	0.291155	0.324648	1.375231	0.742308	0.693150	-0.293046	-0.757109	1.438304	1.142022	0.225000	1.288354	-0.272239	-0.208760	-0.147601
0.915894	0.672199	0.360759	1.132738	0.771225	0.812189	-0.824588	0.402654	0.456957	0.360317	0.083490	0.540392	0.467189	0.080867	0.831511	-0.446857	-1.427676	-0.511436	0.009620	0.729053	0.298937	-0.899835	-0.432691	-1.596624	0.021670	-0.503790	-1.020786	0.034069	-0.594250	-0.943766	-0.829258	-0.726285	0.581913	-0.631431	0.187341	-0.735957	-0.826569	-0.141655	-0.880866	-0.469549	0.878198	-0.245767	-0.164408	-0.177121	-0.241419	0.046375	-1.042050	-1.261501	0.027846	0.522902	0.117463	0.808228	-0.783484	-0.264523	-0.523176
0.072549	-0.063286	-0.078395	0.194591	0.256236	0.048142	-0.533205	0.188351	-0.440973	-0.149901	-0.775112	-0.431357	0.296989	-0.337275	-0.216710	-0.050522	-0.769079	0.221270	0.730393	0.429608	-0.163946	-0.595662	-0.351460	-1.079103	-0.409754	-0.341622	-0.469337	-0.512881	-0.921239	-1.251868	-0.871462	-0.836365	0.282287	-0.277410	-0.050975	-0.659072	0.054071	-0.271619	-0.588845	-0.462522	0.458299	-0.538011	-0.191908	-1.125077	-0.896765	-0.414823	-0.995097	-0.743025	-0.734594	-0.194209	-0.087891	0.164907	-0.978582	-0.407415	-0.425907
0.131577	-0.385593	0.040100	-0.001896	-0.199810	-0.342463	-0.171519	-0.313482	-0.627375	-0.176120	-0.661056	-0.180872	0.378335	-0.346409	-0.520712	0.075222	-0.086696	0.352588	0.540310	0.345023	0.106746	0.017549	-0.041318	-0.066606	-0.091180	0.109945	0.333894	0.112903	0.109107	-0.251178	-0.170009	-0.338496	0.025276	0.088718	-0.521042	-0.251696	0.362428	-0.405292	-0.283528	0.008260	0.200312	-0.390333	0.032904	-0.636612	-0.565137	-0.319293	-0.108199	0.259745	-0.133266	-0.181558	-0.090213	-0.126320	-0.622658	-0.460305	0.034064
0.695754	-0.235377	0.277687	0.465359	0.036052	-0.030969	-0.223849	-0.398410	-0.126950	0.062081	0.154799	0.633335	0.482813	0.023749	-0.015351	-0.028562	-0.082270	-0.216719	-0.140018	0.408817	0.568158	0.318024	-0.041999	0.372668	0.563283	0.052155	0.506125	0.823871	0.833299	0.855535	0.359971	0.210227	0.027096	0.092948	-0.637466	0.094850	0.074662	-0.381775	-0.081466	0.327745	-0.016984	-0.168991	-0.086449	0.310984	0.105131	-0.086685	0.549322	0.672951	0.689089	0.313658	0.081712	-0.073619	-0.056980	-0.315181	0.334663
0.613023	-0.077187	0.043623	0.571545	0.508671	0.400473	-0.559602	0.046146	0.045495	0.018287	0.480445	0.651591	0.232427	0.330143	0.422190	-0.178801	-0.546464	-0.649567	-0.278053	0.320418	0.439680	-0.027390	-0.476326	-0.195009	0.549925	-0.406944	0.010478	0.354679	0.028781	0.590414	-0.078153	0.078395	0.136882	-0.077630	-0.428263	-0.101794	-0.035004	-0.220446	-0.165053	0.034792	-0.269455	-0.236763	-0.448094	0.356302	0.136732	-0.202462	0.103564	0.083366	0.544761	0.419459	0.255515	0.041047	0.221630	0.010034	0.203151
-0.436194	-0.320779	-0.498574	-0.192162	0.099434	0.002408	-0.757816	0.595437	-0.653914	-0.335074	-0.248973	-0.371121	-0.356707	0.371382	0.211124	-0.415145	-0.776837	-0.328133	0.251662	0.041642	-0.172621	-0.664550	-0.900369	-1.065762	-0.628233	-0.405125	-0.496476	-0.991355	-1.421801	-0.891055	-1.034780	-0.812347	0.062967	0.244716	-0.350161	-0.760139	0.685172	-0.011430	-0.535309	-0.656417	-0.327078	-0.422259	-0.308704	-0.464635	-0.513322	-0.527885	-1.050652	-0.852241	-0.246884	-0.212909	0.361243	0.074668	0.121766	0.466980	-0.188979
-1.485767	-0.854415	-0.744779	-1.103952	-1.208840	-1.200719	-0.671265	0.839379	-1.665443	-0.601527	-1.362369	-1.263155	-0.704188	0.293303	-0.329363	-0.629492	-0.432887	0.475863	0.777032	-0.055133	-0.482304	-0.886302	-0.889583	-1.221668	-2.180314	0.166732	-0.545090	-1.791199	-1.872371	-2.024481	-1.433020	-1.658079	-0.129264	1.101569	-0.530203	-1.164573	1.881768	0.209714	-0.851687	-1.129961	-0.146245	-0.349476	0.480462	-1.071969	-1.088051	-0.589397	-1.693473	-1.196514	-0.738162	-0.989725	0.387330	0.025670	-0.092974	0.799782	-0.514499
-1.458399	-1.166002	-0.492680	-1.162978	-1.878828	-1.957262	-0.447360	0.719915	-2.027055	-0.578456	-1.817298	-1.008779	-0.270627	0.269088	-0.595773	-0.388506	0.219254	1.105114	0.967337	0.289388	-0.173761	-0.376732	-0.529169	-0.426406	-2.579253	0.376830	-0.197320	-1.265375	-1.014111	-1.672856	-0.892258	-1.532364	-0.054771	1.687553	-0.558702	-0.696275	2.527231	0.466852	-0.663594	-1.037642	-0.092978	-0.043007	1.063298	-0.936256	-1.041720	-0.285180	-1.129856	-0.691598	-0.738459	-1.050370	0.325297	-0.110900	-0.164944	0.603032	-0.543125
-0.359338	-0.945418	-0.060207	-0.338074	-0.736968	-1.294488	-0.245001	0.354712	-1.349377	-0.422071	-1.282189	-0.037994	0.691054	0.292748	-0.513861	0.403363	0.661837	1.184845	0.994244	0.713073	0.209803	0.436978	-0.234373	0.638607	-1.115161	-0.289049	0.287841	0.011374	0.131886	-0.212841	0.030527	-0.406953	0.322454	1.399562	-0.166105	0.404206	2.027637	0.620946	0.080544	-0.551733	-0.364834	0.055281	0.664708	-0.579435	-0.545590	-0.033229	0.125777	0.181791	-0.609508	-0.190854	0.250154	-0.312813	-0.114344	-0.207558	-0.184728
0.899487	-0.541349	0.210965	0.510243	1.251601	0.117090	-0.184905	-0.301738	-0.129379	-0.364151	-0.323642	0.422416	1.295006	0.098205	-0.544405	1.038884	0.508482	0.657820	0.807453	0.593881	0.121949	0.787935	-0.283799	1.122910	1.214925	-1.099648	0.756647	1.003620	0.735229	1.111095	0.639491	0.728083	0.408532	0.358719	0.173190	1.158784	0.631535	0.199824	0.783489	-0.070291	-0.642655	-0.440387	-0.503901	-0.701023	-0.194326	-0.311971	0.950644	0.831061	-0.449059	0.940433	0.289390	-0.486020	-0.333990	-1.248245	0.512051
1.522102	-0.607554	0.249703	0.741616	1.960838	0.708694	-0.397970	-1.287349	0.750580	-0.459384	0.264431	-0.076913	0.995007	-0.648189	-0.985213	0.710378	-0.271122	-0.359713	0.117999	-0.086946	-0.219700	0.312372	-0.615088	0.715558	2.584526	-1.137054	1.075075	1.269330	0.833824	1.469711	0.691504	0.838443	-0.273417	-1.082984	-0.268280	0.808403	-1.042529	-1.112891	0.688123	0.137856	-0.559118	-1.435633	-1.639381	-1.338734	-0.433361	-1.152055	0.707060	0.978508	-0.179683	1.462952	0.409505	-0.555532	-1.192161	-2.043099	1.290125
1.374382	-1.221744	0.135472	0.521387	0.677763	-0.034168	-0.831719	-2.103388	0.810742	-0.551352	0.188695	-0.794577	0.147646	-1.755668	-1.479734	-0.401312	-1.227347	-1.423348	-0.820535	-0.616680	-0.239820	-0.564853	-0.879498	-0.210049	2.091732	-0.544341	1.041482	1.028784	0.699876	0.991081	0.334418	-0.103459	-1.271294	-2.469365	-1.355669	-0.371513	-2.305060	-2.635438	-0.208432	0.087153	-0.164711	-2.286645	-2.151650	-1.888695	-1.154736	-1.999686	-0.247721	0.662720	-0.008038	0.979151	0.340091	-0.549000	-2.264739	-2.265884	1.636397
0.734543	-1.654851	-0.099207	0.289149	-1.112430	-1.018016	-1.094766	-1.913780	0.243978	-0.477779	-0.274337	-0.882186	-0.465865	-2.328065	-1.384846	-1.130645	-1.619102	-1.787772	-1.116349	-0.420301	0.107440	-0.988699	-0.648699	-0.919416	0.483949	-0.200361	0.642690	0.597854	0.319572	0.303203	-0.133606	-1.083633	-1.608355	-2.902411	-1.930978	-1.269087	-2.409302	-2.931985	-0.953732	0.040589	0.215576	-2.232890	-1.882401	-1.730233	-1.742874	-2.106019	-0.965438	0.150185	-0.209291	-0.197723	-0.131506	-0.553027	-2.391813	-1.716765	1.033091
-0.078429	-1.211790	-0.459202	0.099896	-1.637183	-1.021135	-0.797228	-0.613923	-0.484832	-0.305493	-0.754820	-0.378026	-0.441291	-1.672801	-0.586578	-0.594968	-1.038151	-1.052620	-0.279482	0.263958	0.306527	-0.517196	0.165410	-0.855463	-0.820054	-0.464639	0.238632	0.100977	-0.271233	-0.185606	-0.410701	-1.085799	-0.951166	-1.639916	-1.085499	-1.022558	-1.080930	-1.435535	-0.687968	0.238784	0.339006	-1.117752	-0.968285	-0.835718	-1.582537	-1.209459	-0.768979	-0.183705	-0.602666	-1.291613	-0.794904	-0.591644	-1.055611	-0.524099	-0.441372
-0.754449	-0.044496	-0.801680	-0.233900	-0.773690	-0.112535	-0.076314	0.775385	-0.986728	-0.180435	-1.049943	0.088809	0.024552	-0.219379	0.302083	0.719111	0.098152	0.265201	1.003405	0.772689	0.081860	0.386376	1.036053	-0.074361	-1.130194	-0.769012	0.164910	-0.334465	-0.632067	-0.477948	-0.363128	-0.142185	0.086148	0.669664	0.672977	0.102908	0.824714	0.636482	0.289839	0.590733	0.222531	0.375043	0.203926	0.216964	-0.582225	0.170089	0.178784	-0.109086	-0.643694	-1.594381	-1.144118	-0.547954	0.665164	0.626381	-1.824384
-0.988440	1.095925	-0.809221	-0.640131	0.297651	0.712342	0.465313	1.248575	-0.918670	0.011872	-0.958421	0.211627	0.445655	0.966761	0.671780	1.419866	0.891784	1.136474	1.515723	0.770999	-0.241884	0.811836	1.258016	0.784763	-0.792941	-0.482313	0.222399	-0.456872	-0.342627	-0.656052	-0.167333	0.757385	0.805521	2.213539	1.909132	1.016722	1.863767	1.631471	0.926307	0.763189	0.137867	1.389738	1.128005	0.882234	0.753679	1.216675	1.080778	0.250272	-0.091042	-1.044993	-0.976605	-0.262394	1.251168	0.966322	-2.032178
-0.734963	1.671667	-0.352250	-0.837366	0.685974	0.832244	0.417233	0.978844	-0.173288	0.435289	-0.347165	0.185819	0.387104	1.367110	0.587298	0.787765	0.844447	1.022709	0.845782	0.358361	-0.338978	0.341106	0.734264	1.030710	-0.472784	0.193370	-0.078373	-0.194869	0.336213	-0.702753	-0.182711	0.799366	1.066352	1.932890	1.818540	0.945571	1.483922	1.327551	0.715191	0.584714	0.349376	1.690460	1.512964	1.137440	1.673421	1.503916	1.272392	0.491004	0.609774	-0.337492	-0.666539	0.206278	0.633377	0.520433	-1.094155
-0.430273	1.655040	0.137911	-0.813044	0.401673	0.464630	-0.048381	0.860948	0.688075	0.770779	0.429217	0.130176	-0.255877	1.200327	0.516822	-0.387373	0.212564	0.284359	-0.179464	-0.262304	-0.417596	-0.571698	0.083875	0.504977	-0.528118	0.435024	-0.756804	0.037458	0.580680	-0.720910	-0.582890	0.162482	0.975717	0.662627	0.971153	0.132505	0.551069	0.773312	0.104363	0.205154	0.707139	1.587115	1.410567	1.192029	1.647695	1.117569	0.790126	0.270237	0.761000	-0.246552	-0.652164	0.479007	0.124102	0.144862	-0.243985
-0.656725	1.229444	-0.051301	-0.861084	-0.169401	0.083967	-0.487843	1.211607	0.761310	0.490978	0.654783	-0.119124	-1.027038	0.751471	0.651089	-0.738017	-0.458593	-0.329518	-0.435620	-0.831810	-0.801266	-1.099927	-0.064790	-0.303087	-0.930119	-0.186911	-1.203306	-0.352211	-0.131732	-0.961022	-1.105123	-0.387068	0.535339	-0.001680	0.522990	-0.558328	0.224235	0.688046	-0.261704	-0.100377	0.671179	1.275946	0.951104	1.013046	0.745908	0.383018	0.202155	-0.331585	0.244223	-0.804444	-0.830161	0.215706	0.532400	0.504757	-0.482958
-1.396266	0.544295	-1.057156	-1.048997	-0.677722	-0.114748	-0.624074	1.452644	-0.120572	-0.242121	0.106794	-0.520256	-1.138133	0.150950	0.784515	0.114481	-0.819203	-0.351899	0.267859	-0.953107	-1.231715	-0.781605	0.320876	-0.721210	-1.317842	-1.119769	-0.880555	-1.376722	-1.423780	-1.365183	-1.225549	-0.401498	-0.112965	0.454952	0.943396	-0.524749	0.653892	0.850843	-0.171520	-0.127667	-0.068684	0.636137	0.164496	0.499639	-0.339289	-0.262953	-0.038141	-0.803584	-0.265695	-1.298722	-0.725910	-0.389036	1.202749	1.270695	-1.356848
-1.784307	-0.227806	-2.001702	-0.945239	-0.812736	-0.137686	-0.368459	0.965849	-1.099658	-0.614113	-0.575512	-0.600043	-0.259886	-0.364520	0.687224	1.248298	-0.701528	0.166998	1.036653	-0.391883	-1.029282	0.200571	0.770971	-0.503627	-1.103047	-1.340046	0.075191	-2.171793	-2.308181	-1.355948	-0.650956	0.004482	-0.533509	1.114500	1.567414	0.102040	0.984982	0.849208	0.238206	0.150820	-1.120057	-0.305293	-0.771208	-0.077495	-0.793129	-0.378098	0.026549	-0.695835	-0.115953	-1.071307	-0.167239	-0.696877	1.141518	1.526009	-1.554729
-0.939414	-0.765160	-1.693190	-0.103513	-0.415191	0.087189	0.299175	-0.104255	-1.331610	-0.274006	-0.635281	-0.004926	0.990050	-0.523771	0.346104	1.615140	-0.041093	0.789427	0.956213	0.567034	0.058649	1.278785	0.817798	0.009258	0.020481	-0.394829	1.031658	-1.716556	-1.977808	-0.443664	0.364548	0.536026	-0.422852	0.893412	1.321490	0.671673	0.458002	0.629873	0.683914	0.488122	-1.675758	-1.016139	-1.291017	-0.211717	-0.316528	0.157834	0.083308	-0.129980	0.460684	-0.156139	0.494109	-0.309475	0.425549	0.862669	-0.556760
0.882317	-0.678557	0.078875	1.258874	0.328448	0.656476	1.192098	-0.928224	-0.870388	0.207688	-0.027493	0.966299	1.609317	-0.306512	-0.030281	1.113017	0.922913	0.998234	0.101244	1.336177	1.455490	1.921828	0.396970	0.294859	1.466931	1.113718	1.419398	0.027355	-0.436421	1.033191	1.217591	0.939338	0.028647	-0.181369	-0.072682	0.627192	-0.671503	0.284630	0.774961	0.500128	-1.247155	-0.840858	-0.838623	0.292123	0.720646	0.975332	-0.019009	0.314459	0.653370	0.839142	0.818631	0.531879	0.017314	-0.108693	0.745339
2.252955	0.104966	2.028738	2.233169	0.970341	1.329329	1.789408	-0.812752	-0.327118	0.214522	0.664127	1.614060	1.212039	0.097605	-0.127244	0.387207	1.600035	0.580000	-0.676556	1.557255	2.242896	1.858482	-0.127727	0.139303	2.030846	2.068679	1.068846	1.806481	1.357603	2.046496	1.420664	0.967989	0.384537	-1.069685	-1.623827	0.021576	-1.361636	-0.141294	0.270221	0.122476	-0.129991	0.188481	0.352965	1.104992	1.634897	1.520354	-0.158681	0.251924	0.169926	1.295336	0.704513	1.278243	0.426439	-0.433319	1.112737
1.976977	1.076849	2.456655	1.975625	1.118630	1.478549	1.599833	0.059315	-0.048819	-0.115795	0.913923	1.504047	0.275493	0.477531	0.184224	-0.057232	1.526222	-0.183547	-0.809270	1.242941	1.912798	1.075001	-0.331092	-0.244961	1.142875	1.917010	0.232865	2.157076	2.062740	1.813061	0.871806	0.558477	0.450212	-0.942408	-1.976968	-0.526353	-0.934013	-0.483042	-0.540340	-0.209670	0.847205	1.167177	1.229808	1.677954	1.892665	1.493946	-0.158451	-0.111391	-0.386076	1.073965	0.393687	1.577102	1.056336	0.095559	0.355699
0.451508	1.588041	1.087542	0.582093	0.748635	0.776644	0.765405	0.864442	0.171262	-0.191219	0.765088	0.794919	-0.502061	0.653637	0.621782	-0.260522	0.873286	-0.750230	-0.561640	0.555854	0.718612	-0.176663	-0.151927	-0.459637	-0.306201	1.248728	-0.597425	0.925787	1.154124	0.558247	-0.120873	0.074716	0.452218	-0.021915	-0.871136	-0.461456	0.152722	-0.426240	-0.978931	-0.090078	1.152817	1.285566	1.064429	1.698145	1.478820	1.040838	0.015922	-0.291732	-0.280090	0.671117	0.271772	1.416350	1.070110	0.769949	-0.482392
-0.655802	1.550095	-0.405570	-0.805749	0.289744	-0.176084	0.060702	1.112935	0.760883	0.324317	0.766177	0.068057	-0.803051	0.583482	0.755484	-0.497461	0.269269	-0.782637	-0.520156	-0.270155	-0.504567	-1.299277	0.116390	-0.244222	-0.777050	1.115944	-1.012986	-0.474492	-0.342496	-0.596807	-0.890361	0.048973	0.756963	0.843353	0.493819	0.127874	0.850352	0.149319	-0.662564	0.309844	1.064281	0.819841	0.374618	1.296365	0.939693	0.621416	0.268415	-0.075496	0.536446	0.812594	0.606359	1.023831	0.571283	0.902984	-0.273267
-0.179848	1.290834	-0.172939	-0.978595	0.225576	-0.476557	0.082017	1.005493	1.766815	1.235142	1.340970	-0.120847	-0.693616	0.489430	0.507562	-0.869567	0.097278	-0.401230	-0.864605	-0.914920	-0.930472	-1.553044	0.236468	0.308320	0.260771	1.688524	-0.943834	-0.558618	-0.772569	-0.550597	-0.696797	0.573630	1.334315	1.091864	0.732225	0.638091	0.684920	0.881563	0.091029	0.508384	1.101910	0.648401	0.164212	0.810378	0.808520	0.590404	0.497346	0.366216	1.441872	1.611550	1.210147	0.697286	0.423670	0.564178	0.968213
1.256657	0.817447	1.604404	0.089862	0.444587	-0.215965	0.588535	0.748947	2.546415	1.945125	2.176016	0.254447	-0.404381	0.637291	0.170083	-1.271496	0.171284	-0.027549	-1.341475	-1.228455	-0.435381	-0.719731	0.225325	0.768293	1.754609	1.982706	-0.649173	0.603922	0.306420	0.770615	0.613410	1.139376	1.549500	0.743085	-0.186596	0.620655	0.063163	1.159196	0.608536	0.359326	1.121222	0.908540	0.490320	0.381346	0.908464	0.776466	0.637860	0.735335	1.746314	2.193229	1.408200	0.534098	0.946861	0.241966	2.103871
1.901601	-0.124712	2.843194	1.101239	0.255795	-0.449479	0.887979	0.123347	2.328813	1.834836	2.456318	0.548220	-0.266245	0.914843	-0.070888	-1.579327	0.159495	0.029061	-1.716143	-1.476569	0.226701	0.441436	0.122960	0.706859	2.222809	1.228705	-0.484193	1.528595	1.591298	2.221087	2.166722	1.154487	0.764293	0.107180	-0.966933	0.210327	-0.470712	0.736334	0.522549	0.099834	0.511146	0.853680	0.518617	-0.059603	0.566272	0.636858	0.592505	0.794299	1.220884	1.542096	0.682726	0.267457	1.399731	0.171724	2.113471
0.770532	-1.246054	1.989435	0.745259	-0.690066	-1.612649	0.759820	-0.919047	1.169718	0.803699	1.765652	0.020930	-0.566030	0.834268	-0.367579	-1.696476	0.107805	-0.092275	-1.904311	-1.987902	0.131648	0.774242	-0.154242	0.149189	1.253535	0.053938	-0.621727	1.007676	1.541922	2.379742	2.632635	0.534687	-0.798053	-0.487523	-0.637051	-0.096176	-0.819698	0.036221	0.058895	-0.115974	-0.693471	0.115009	-0.069974	-0.455973	-0.380303	-0.034740	0.253162	0.436305	0.183416	-0.211024	-0.583806	-0.425283	0.991284	0.256870	1.124629
-1.307377	-1.711374	-0.231865	-0.895919	-1.788828	-2.682849	0.675251	-1.755692	-0.043374	-0.515726	0.456011	-1.307341	-1.168851	0.049388	-0.904981	-1.472971	0.361050	0.096275	-1.724398	-2.509127	-0.828375	-0.060224	-0.579915	-0.361646	-0.280810	-0.254425	-0.887869	-0.621536	0.113165	0.855318	1.504324	-0.223910	-2.091374	-0.850787	0.212045	0.036835	-1.096658	-0.316875	-0.275222	-0.364773	-1.524623	-0.640162	-0.543167	-0.605177	-1.189878	-0.728458	-0.286262	-0.201006	-0.848796	-1.706205	-1.320833	-1.338739	-0.124292	0.315422	0.101496
-2.579579	-1.187571	-1.762896	-2.410338	-2.142872	-2.439189	1.076059	-1.755394	-0.635666	-1.264850	-0.894934	-2.518864	-1.412913	-1.222047	-1.577712	-0.777990	1.049712	0.860735	-0.929302	-2.273655	-1.769478	-1.140762	-0.817836	-0.274278	-1.272859	0.583511	-0.853657	-1.882263	-1.238264	-1.273362	-0.264182	-0.487151	-2.298803	-1.069273	0.289370	0.515381	-1.274740	-0.245561	-0.209798	-0.624353	-1.188877	-0.616083	-0.200299	-0.550473	-1.078549	-0.721992	-0.631932	-0.718063	-1.565011	-1.759981	-0.914473	-1.697628	-1.225910	0.086228	-0.269743
-2.110149	-0.357490	-1.478150	-2.481730	-1.606619	-1.057630	1.724362	-1.200833	-0.728199	-1.115262	-1.972650	-2.646073	-0.719140	-2.337960	-2.076262	0.299486	1.827075	1.788878	0.336013	-0.939538	-1.726325	-1.209719	-0.446839	0.418667	-1.326902	1.480847	-0.180983	-1.604463	-1.108462	-2.345235	-1.083215	-0.038317	-1.637307	-1.394679	-0.489765	0.981320	-1.359931	-0.273498	0.153788	-0.595193	-0.072929	0.044001	0.613616	-0.665882	-0.227565	0.090118	-0.418270	-0.718687	-1.913426	-0.645517	0.028435	-1.012103	-1.952547	-0.732571	-0.146007
-0.532215	-0.124160	-0.146348	-1.129767	-0.810274	0.164447	1.935609	-1.021669	-0.671015	-0.486296	-2.579088	-1.622439	0.619077	-2.761736	-2.174068	1.423428	2.149266	2.092638	1.371919	0.755260	-0.682606	0.042437	0.589365	1.215136	-0.735144	1.237122	1.029069	0.002259	0.434474	-1.575488	-0.252926	0.709039	-0.985203	-1.846871	-0.726757	1.168173	-1.577993	-0.759100	0.652567	-0.024493	0.666643	0.438667	0.902255	-1.162191	0.361754	0.958791	0.230504	-0.150685	-1.901119	0.243991	0.278109	0.097414	-2.370324	-2.046657	-0.103480
0.720791	-0.619991	0.618689	0.420235	-0.304651	0.420177	1.335888	-1.585438	-0.446392	-0.070139	-2.456316	-0.324037	1.509608	-2.450411	-1.850662	2.193162	1.757542	1.412388	1.505924	1.582621	0.426492	1.679614	1.780235	1.633517	0.046046	-0.249553	2.184563	1.518653	1.920687	0.244879	1.360706	1.052979	-0.882176	-2.060259	0.539813	1.094234	-2.001385	-1.324593	1.249588	0.884470	0.353473	-0.047598	0.117200	-1.702653	0.010877	0.924309	0.738340	0.647548	-1.564972	-0.085617	-0.675255	0.379081	-2.406062	-3.076401	-0.440619
0.717654	-1.173309	0.009513	0.956733	-0.074620	0.130156	0.231905	-2.134650	0.082638	-0.164112	-1.552656	0.316209	1.131692	-1.740974	-1.206497	2.296121	0.862868	0.161135	0.777001	1.066569	0.734625	2.414822	2.338995	1.589129	0.642804	-1.981757	2.546136	1.598756	1.940659	1.513199	2.188960	0.627664	-1.062856	-1.679807	2.317384	0.943806	-2.166964	-1.281118	1.804416	1.550593	-0.580770	-1.063914	-1.326070	-1.696500	-0.830902	-0.202399	0.672743	1.218126	-1.094697	-1.234868	-2.021597	-0.513816	-1.793815	-2.912437	-0.961652
-0.309512	-1.075938	-1.321255	0.345777	0.107606	0.090160	-0.758320	-1.641625	0.716078	-0.440177	-0.290085	0.167670	-0.175653	-0.916915	-0.342819	1.592649	-0.115151	-0.953201	-0.158344	-0.076663	0.302748	1.740258	1.809080	1.265728	0.735011	-2.771730	1.793325	0.255735	0.542484	1.313368	1.470807	-0.276729	-0.925522	-0.821679	2.736557	0.796334	-1.510571	-0.507161	1.920930	1.534449	-1.184140	-1.621117	-2.417648	-0.940370	-1.098097	-1.524186	0.182911	1.260555	-0.722154	-1.926326	-2.424329	-1.344236	-0.624130	-1.476169	-1.278900
-1.330174	-0.312852	-2.031518	-0.521094	0.189677	0.405285	-1.314777	-0.078707	1.027952	-0.397754	0.635654	-0.149003	-1.290352	-0.015383	0.643904	0.272613	-0.924411	-1.531858	-0.741922	-0.779300	-0.134486	0.269606	0.481332	0.785202	0.176011	-2.206181	0.376068	-1.185025	-0.944285	0.101989	-0.120016	-1.001617	-0.311823	0.001248	1.341468	0.523238	-0.208856	0.372275	1.322320	0.891111	-1.057740	-1.125772	-2.359212	0.083463	-0.417018	-1.924874	-0.270376	0.712530	-0.442795	-1.368870	-1.356610	-0.657850	0.451968	0.288986	-1.185028
-1.490766	0.393521	-1.452724	-0.724107	-0.093880	0.525531	-1.571022	1.425955	0.783411	-0.013676	0.750658	-0.078948	-1.495337	0.902731	1.540282	-1.058555	-1.536070	-1.548995	-0.906204	-0.684116	-0.103235	-0.893497	-0.806912	0.139438	-0.774753	-0.967136	-0.789245	-1.528310	-1.473833	-1.033559	-1.276293	-1.102306	0.288308	0.399046	-0.406606	0.003440	0.806618	0.713638	0.306076	-0.005791	-0.701893	-0.099286	-1.239355	0.552552	0.353471	-1.277462	-0.494755	-0.264298	-0.056872	-0.024064	0.395547	1.297301	0.790435	1.308457	-0.743752
-0.851042	0.313988	-0.217970	-0.191135	-0.728310	0.105186	-1.738842	1.764442	0.107002	0.222468	0.163954	0.274659	-1.052349	1.494497	1.956792	-1.685408	-1.898558	-1.111233	-0.787878	-0.233400	0.177723	-1.100115	-1.354813	-0.593190	-1.542133	-0.191856	-1.129695	-0.942322	-1.342819	-1.506956	-1.337206	-0.668690	0.321293	0.463451	-0.935088	-0.592085	0.866684	0.523096	-0.443952	-0.831573	-0.744066	0.316463	-0.027958	0.042959	0.121144	-0.536066	-0.657126	-1.273176	0.448139	0.945350	1.524181	2.617099	0.414501	1.337571	-0.152491
-0.190808	-0.443862	0.454549	0.391994	-1.174349	-0.486201	-1.773900	0.994263	-0.617621	-0.031204	-0.498308	0.435401	-0.614272	1.389732	1.578718	-1.352396	-1.840923	-0.423706	-0.386747	0.089762	0.262531	-0.583694	-1.115266	-1.133235	-1.714091	-0.366513	-0.892173	-0.537973	-1.451943	-1.478225	-0.748325	-0.160013	-0.148884	0.575186	-0.279096	-0.865561	0.335459	0.261922	-0.550703	-1.400600	-1.027652	-0.326570	0.283982	-0.968164	-1.035499	-0.543229	-0.832992	-1.775179	0.742699	0.882307	1.420953	1.880381	-0.047446	0.962383	0.369162
-0.083432	-0.928019	0.048386	0.419939	-0.787984	-0.562071	-1.506195	0.166117	-0.941267	-0.483025	-0.621802	0.256911	-0.385079	0.690289	0.609302	-0.492204	-1.315442	0.152833	0.311641	0.289866	0.096040	-0.084486	-0.586107	-1.221895	-1.379490	-0.887510	-0.705794	-0.872849	-1.843649	-1.273895	-0.411877	0.016750	-0.469678	0.908713	0.287487	-0.630614	0.119576	0.172796	-0.302130	-1.576367	-0.778877	-1.178468	-0.298822	-1.425416	-1.819011	-1.031735	-0.760535	-1.451013	0.507395	0.222525	0.609024	-0.214948	-0.066824	0.817803	0.618363
-0.279317	-0.306446	-0.766656	0.012535	0.459867	0.117642	-0.975368	0.143422	-0.641875	-0.552910	-0.185495	0.118830	-0.050048	-0.003511	-0.180345	0.196284	-0.601060	0.340667	1.086419	0.623807	0.028356	-0.102759	-0.293228	-0.917720	-0.897797	-0.824668	-0.769241	-1.270993	-1.562881	-0.966796	-0.735165	-0.193492	-0.099773	1.229600	-0.034709	-0.200735	0.571409	0.057084	-0.274973	-1.350950	0.320298	-1.032582	-0.731416	-0.721462	-1.171293	-1.045749	-0.208826	-0.584146	-0.143161	-0.087092	0.058783	-1.665121	0.257515	0.985761	0.514276
-0.109945	1.189205	-0.931176	-0.169470	1.806015	1.104905	-0.479225	0.795294	0.019302	-0.074252	0.253135	0.423468	0.639509	-0.171910	-0.124443	0.375613	-0.123328	0.271122	1.617772	1.135636	0.346806	-0.480114	-0.406397	-0.553790	-0.421726	-0.041564	-0.701823	-0.764076	-0.073843	-0.538042	-1.319249	-0.525650	0.823044	1.192361	-0.740400	-0.087998	1.164862	-0.302130	-0.692666	-0.961940	1.559992	0.239163	-0.091436	0.590591	0.479202	-0.194457	0.576312	0.089895	-0.693642	0.345248	0.192821	-1.334830	0.396445	1.082973	0.210684
0.634885	2.389113	-0.154995	0.332840	2.397632	1.775359	-0.298385	1.320093	0.458393	0.568400	0.246472	1.099404	1.486501	0.137266	0.596125	0.247088	-0.102338	0.327201	1.823380	1.616715	0.949786	-0.645144	-0.720847	-0.378888	0.161005	0.634427	-0.199961	0.587036	1.707178	-0.132134	-1.487843	-0.677023	1.638474	0.721098	-0.931313	-0.405093	1.210975	-0.728627	-1.194204	-0.670342	1.909460	1.491499	1.288990	1.323850	1.664175	0.844956	1.025357	0.119589	-0.671130	0.963701	0.611609	0.026927	0.021249	0.749233	-0.011556
1.454693	2.294945	0.828694	1.290298	2.143361	1.958761	-0.462249	1.171763	0.355601	0.959010	0.030679	1.712323	2.065669	0.508335	1.157532	0.186214	-0.438095	0.572730	1.838855	1.890954	1.469153	-0.241111	-0.875432	-0.348483	0.827897	0.400407	0.443932	1.652697	2.250361	0.058104	-1.024221	-0.561111	1.816957	0.062198	-0.553623	-0.718040	0.630077	-0.777259	-1.211646	-0.416325	1.127283	1.602295	2.120417	0.970854	1.460098	1.147095	0.834928	-0.169762	-0.013081	0.972572	0.737999	0.840577	-0.602808	0.053730	-0.008198
1.728422	1.032443	1.115860	2.027417	1.687409	1.944276	-0.782329	0.590407	0.008650	1.041486	0.244482	1.935160	2.101763	0.726285	1.119478	0.312075	-0.874903	0.550798	1.654904	1.909276	1.604870	0.473630	-0.654578	-0.326656	1.235439	-0.551875	0.662597	1.492946	1.119017	0.066013	-0.339957	-0.315012	1.409870	-0.396787	-0.290482	-0.593825	-0.025016	-0.216120	-0.588909	0.029384	-0.063662	0.673193	1.602875	0.249386	0.347085	0.588515	0.243820	-0.153380	0.948927	0.342210	0.570371	0.418771	-0.798429	-0.457485	0.159771
1.331028	-0.319960	0.565033	2.056611	1.524029	1.919036	-1.031880	0.269642	-0.066477	0.908496	1.090422	1.750837	1.538929	0.941695	0.921951	0.414432	-1.186416	-0.156300	1.029987	1.584144	1.300824	0.841168	-0.226144	-0.362645	1.101490	-1.253294	0.305223	0.367026	-0.588572	0.124247	0.023725	-0.115490	0.883123	-0.323660	-0.444569	-0.185810	-0.126628	0.651376	0.173464	0.523636	-0.804054	-0.280865	0.278466	0.164899	-0.525883	-0.160779	-0.301968	0.200319	1.751131	-0.109691	0.628332	-0.507238	-0.079368	-0.190032	0.421891
0.622503	-0.800325	-0.190285	1.427565	1.396561	1.647526	-1.071375	0.535574	0.181031	0.486762	1.964831	1.269357	0.479337	1.270137	1.114635	0.228607	-1.246854	-1.265743	-0.065468	0.797458	0.683349	0.448470	-0.033790	-0.590473	0.609227	-1.094582	-0.211770	-0.627931	-1.497023	0.340563	-0.067926	-0.032323	0.581498	0.296967	-0.553253	-0.075317	0.469445	1.159379	0.383487	0.526675	-0.812750	-0.596117	-0.681633	0.768795	-0.611052	-0.540293	-0.593337	0.291426	2.028191	0.254396	1.157377	-0.840827	1.273023	0.802333	0.807793
0.032151	-0.408287	-0.511923	0.545973	0.763944	0.863743	-0.879254	0.904314	0.291930	-0.268057	2.051698	0.566537	-0.688813	1.457666	1.393945	-0.250289	-1.059025	-1.935020	-1.096412	-0.287987	-0.054851	-0.432164	-0.272051	-0.890226	0.203472	-0.492755	-0.429770	-0.728222	-1.264986	0.536115	-0.330981	-0.039922	0.417017	0.929908	-0.250501	-0.511204	1.247605	0.856732	-0.079401	-0.131668	-0.312146	-0.504286	-0.741920	1.166592	-0.302526	-0.633273	-0.680034	-0.155914	1.659859	1.003270	1.639330	-0.440782	2.220031	1.585664	1.277073
-0.232528	0.072357	-0.357207	-0.220528	-0.340438	-0.196196	-0.528933	0.580229	-0.036856	-0.983709	1.211349	-0.248615	-1.298338	1.139337	0.905653	-0.721740	-0.751845	-1.622382	-1.367996	-1.141312	-0.723261	-1.100641	-0.511947	-0.885559	0.057264	-0.287564	-0.357368	-0.139906	-0.541425	0.490678	-0.446572	-0.111731	0.076077	0.792311	0.081767	-1.026431	1.422850	-0.031016	-0.600049	-0.763735	0.361321	-0.461321	-0.286945	0.669964	-0.230606	-0.733187	-0.626781	-0.528464	0.889151	1.086669	1.346792	-0.189911	1.822599	1.158632	1.563885
-0.213684	-0.022961	-0.134812	-0.758456	-1.267999	-0.959082	-0.110126	-0.562987	-0.504248	-1.061517	0.114771	-0.975825	-0.970660	0.365478	-0.506369	-0.853293	-0.445672	-0.637558	-0.806518	-1.357918	-1.210934	-1.155683	-0.120826	-0.394906	-0.015416	-0.649873	-0.361952	0.382349	-0.004453	0.260415	-0.330914	-0.263620	-0.533598	-0.242500	-0.038975	-0.974988	0.735110	-0.782033	-0.556932	-0.518575	0.870195	-0.417860	0.144634	-0.389017	-0.522296	-0.703287	-0.466604	-0.089238	0.255907	0.133123	0.303613	-0.782247	0.293421	-0.366944	1.363149
-0.107695	-0.582330	-0.154118	-1.140421	-1.546730	-1.205681	0.370896	-1.677595	-0.592336	-0.354138	-0.514495	-1.431949	-0.162076	-0.367871	-1.867166	-0.569389	-0.050582	0.270278	-0.058584	-1.144208	-1.529928	-0.858817	0.901310	0.298330	-0.119102	-0.878004	-0.577444	0.368650	0.226093	0.136289	-0.071389	-0.479449	-1.084684	-1.202791	-0.280123	-0.291195	-0.132769	-0.862226	-0.057574	0.574678	0.884533	-0.013178	0.470423	-1.061860	-0.757300	-0.087368	-0.314238	0.960694	0.175165	-1.051140	-0.643686	-1.745032	-1.010106	-1.738152	0.690626
-0.108229	-0.904960	-0.319166	-1.397398	-1.314214	-1.257869	0.984666	-1.778033	-0.199038	0.624640	-0.569546	-1.529343	0.272651	-0.666748	-2.117835	-0.034861	0.700200	0.715133	0.295451	-1.012429	-1.694633	-0.670005	1.814536	0.823297	-0.026851	-0.299985	-0.558880	0.001200	0.379529	0.330298	0.270517	-0.591362	-1.057876	-0.946370	0.181291	0.541147	-0.193554	-0.324571	0.316352	1.699415	0.339712	0.787267	0.842631	-0.765070	-0.449435	1.174747	-0.254636	1.694481	0.509377	-1.408893	-0.819972	-1.924401	-0.911545	-1.931346	-0.063773
-0.232617	-0.434268	-0.274940	-1.359132	-0.826991	-1.329230	1.708868	-0.754036	0.375094	1.302052	-0.336309	-1.210148	0.096199	-0.559468	-1.207725	0.538896	1.860122	0.856102	0.337353	-1.040457	-1.567699	-0.579481	2.005837	1.214357	0.475129	0.912650	0.238992	-0.205028	0.620111	0.806595	0.720210	-0.327332	-0.180460	0.482894	1.469270	1.168801	0.735111	0.494454	0.366362	2.294872	-0.335306	1.580694	1.202246	0.294207	0.499756	2.425358	-0.118032	1.651259	0.754282	-0.768759	-0.481950	-0.830583	0.407242	-1.175359	-0.521071
-0.290856	0.690634	0.238169	-0.789641	-0.011000	-1.060028	2.245456	0.607041	0.892209	1.558215	0.077882	-0.461730	-0.159597	-0.182129	0.130939	0.918536	2.899397	0.857645	0.406042	-0.799836	-0.982488	-0.215375	1.625393	1.700097	1.141364	1.991758	1.563405	0.064783	0.940103	1.352504	1.236672	0.379702	1.238469	1.856955	2.605470	1.621158	1.801254	1.367130	0.415926	2.441153	-0.535256	1.939419	1.334432	1.472646	1.673556	2.821757	0.335165	1.257288	0.703224	0.182573	-0.324670	0.816990	1.741629	-0.323888	-0.656919
-0.072579	1.693936	1.103337	0.227342	1.068035	-0.102746	2.078937	1.431529	1.229100	1.425186	0.630322	0.483364	-0.101241	0.441324	1.260715	0.801241	2.895077	0.518557	0.411475	-0.082437	-0.069693	0.391499	1.091676	2.047849	1.372200	2.373268	2.247212	0.717120	1.240248	1.652009	1.515123	1.128876	2.335991	2.123708	2.441247	1.811665	2.026798	1.982276	0.533282	2.165174	-0.131603	1.655815	1.182658	2.133392	2.319902	2.061539	0.920031	0.959833	0.643820	0.852138	-0.442766	1.943790	2.081558	0.272867	-0.632087
0.421848	1.778728	1.811581	1.109672	1.665713	1.047238	0.900840	1.387971	1.094588	0.698860	0.850415	1.106899	-0.007070	1.043293	1.854460	0.073062	1.343323	-0.327091	0.007270	0.665798	0.682413	0.593305	0.349770	1.590675	0.810774	1.993733	1.351800	1.400978	1.340449	1.355762	1.091260	1.276155	2.251041	1.331956	0.839792	1.267092	1.212257	1.722057	0.221628	1.111609	0.380899	0.724810	0.838683	1.804797	1.804778	0.542066	1.033757	0.541942	0.763997	1.264138	-0.233623	2.228090	1.236021	0.715611	-0.428595
0.931316	0.875041	1.827847	1.187206	1.030154	1.381023	-0.855140	0.731993	0.286216	-0.608394	0.194667	0.987313	-0.254647	1.029596	1.652573	-0.829366	-1.068983	-1.217647	-0.667662	0.821827	0.797943	-0.028257	-0.810177	0.164188	-0.231099	1.063257	-0.645949	1.704026	1.025768	0.367411	-0.129414	0.577474	0.932144	0.226187	-1.095611	-0.215364	-0.032754	0.329567	-0.696186	-0.635173	0.512379	-0.489161	0.348658	0.456399	0.241316	-0.941772	0.388619	-0.305690	0.726347	1.580540	0.566809	2.143738	-0.295742	0.834008	-0.005393
1.106790	-0.177943	1.130743	0.381398	-0.407951	0.611404	-2.019304	0.059525	-0.710218	-1.694972	-0.977999	0.232067	-0.687578	0.245494	0.681965	-1.149375	-2.677663	-1.293527	-0.968018	0.269507	0.219495	-0.911908	-1.900141	-1.349540	-1.005221	0.021226	-2.161645	1.325758	0.300958	-0.837568	-1.449728	-0.437043	-0.644072	-0.534390	-1.934215	-1.864895	-0.871472	-1.240789	-1.386555	-1.983644	0.354237	-1.131792	-0.193917	-1.102288	-1.274209	-1.573391	-0.474109	-1.178868	0.161480	1.511344	1.180671	2.106436	-1.558923	0.348837	0.215603
0.788299	-0.431264	0.331547	-0.614475	-1.239172	-0.415706	-1.619698	-0.090718	-1.010711	-1.608781	-1.510963	-0.592868	-0.861437	-0.559530	-0.403113	-0.609467	-2.248065	-0.299726	-0.601595	-0.523916	-0.617966	-1.073587	-1.989376	-1.878236	-0.995573	-0.409766	-2.076221	0.359366	-0.426667	-1.424704	-1.810562	-0.911523	-1.320302	-0.643628	-1.200202	-2.463116	-0.855181	-1.467497	-0.914070	-1.864261	0.314806	-0.532878	-0.495727	-1.606575	-1.488593	-1.012481	-0.720677	-1.338454	-0.679966	0.624399	0.586039	1.953096	-1.619188	-0.347024	-0.426423
0.185782	0.084416	0.066280	-0.922726	-0.700577	-0.765091	0.009937	0.298484	-0.467623	-0.523690	-0.875462	-0.956886	-0.595859	-0.602469	-0.795210	0.242030	-0.328521	0.919676	-0.056556	-0.926882	-1.034185	-0.296950	-0.992688	-1.419237	-0.339653	0.221301	-0.781796	-0.595218	-0.672982	-0.977700	-0.872041	-0.569427	-0.855359	-0.159683	0.149932	-1.692033	-0.233978	-0.072901	0.362524	-0.650935	0.440780	0.757656	-0.382553	-0.662904	-0.374319	0.138968	-0.224772	-0.752492	-1.204883	-0.835344	-1.060171	1.324530	-0.457463	-0.357469	-1.844957
-0.263294	0.351907	0.277535	-0.260199	0.455816	-0.456526	1.356128	0.668201	0.013798	0.277909	0.093374	-0.728009	-0.023008	-0.116782	-0.410504	0.682863	1.146683	1.277638	0.091652	-0.583812	-0.552424	0.693065	-0.041458	-0.963753	0.366622	1.306018	0.387908	-0.932546	-0.461716	-0.012961	0.504085	-0.047547	-0.014389	0.480251	0.668658	-0.540790	0.303735	1.463769	1.065300	0.167173	0.344209	1.193604	-0.222774	0.588391	0.628695	0.663502	0.260239	-0.195468	-1.297092	-1.908635	-2.319913	0.300910	0.759561	0.563334	-2.930729
-0.337321	-0.351116	0.307729	0.831949	0.991663	-0.154243	1.243903	0.481252	-0.401056	-0.088931	0.286288	-0.164419	0.626758	0.048586	0.073558	0.599759	0.881031	0.696038	-0.056122	0.313401	0.632593	1.209338	-0.178702	-1.172769	0.576083	1.519293	0.540290	-0.752659	-0.342870	0.468689	1.094222	-0.183650	0.350191	0.738720	-0.090871	-0.152498	0.348233	1.601922	0.504334	-0.222213	-0.182568	-0.027117	-0.597773	0.679707	0.174345	-0.072424	-0.003347	-0.264132	-1.409386	-1.931546	-2.050887	-0.543938	0.824237	1.546162	-2.729720
-0.284065	-1.484921	-0.248582	1.478754	0.589231	-0.175280	0.034166	-0.190815	-1.451230	-1.129104	-0.344442	0.299179	1.060105	-0.360650	0.052612	0.398903	-0.443139	0.104394	0.005279	1.100568	1.643921	1.254682	-1.094099	-1.617097	0.141159	0.327567	-0.063942	-0.734272	-0.676810	-0.004110	0.550903	-1.014416	0.042133	0.451137	-1.211802	-0.568232	0.137125	0.391297	-0.565120	-1.087850	-0.813474	-1.855110	-1.466483	-0.486008	-1.394706	-1.384011	-0.866373	-0.707718	-1.800653	-1.290862	-0.738062	-0.726428	-0.213573	1.558555	-1.577685
-0.449079	-1.902592	-0.997235	1.237486	-0.112247	-0.267964	-0.946346	-0.829508	-2.167062	-1.713722	-0.971510	0.354683	1.016647	-0.835328	-0.429778	0.353028	-1.151582	0.152718	0.380112	1.214031	1.676534	1.111380	-1.548175	-1.481625	-0.613191	-1.230318	-0.490614	-1.122951	-1.099405	-0.886153	-0.386050	-1.638434	-0.586483	-0.123969	-1.584903	-0.868252	0.043967	-0.993879	-1.053154	-1.211263	-1.093211	-2.561492	-2.045979	-1.646256	-2.458947	-2.008825	-1.428281	-0.830694	-2.079759	-0.851737	0.157670	-0.392709	-1.284609	0.513084	-0.554346
-0.695894	-1.197836	-1.186301	0.470591	-0.468963	-0.190972	-0.931475	-1.066719	-1.922723	-1.342462	-0.998559	0.110916	0.557487	-0.995004	-0.895906	0.332956	-0.573610	0.389572	0.616590	0.776514	0.868457	0.792737	-0.834809	-0.619048	-1.075402	-1.675587	-0.160536	-1.230232	-0.915384	-1.199074	-0.804996	-1.167773	-1.087199	-0.701994	-1.101888	-0.355223	-0.070793	-1.796661	-0.803154	-0.293860	-0.919866	-1.703075	-1.694628	-1.724237	-1.974064	-1.402021	-0.984431	-0.292821	-1.688862	-0.809342	-0.003463	-0.113780	-1.598531	-0.768806	-0.053969
-0.513236	0.034133	-0.579389	-0.059700	-0.366432	-0.023549	-0.313465	-0.897184	-0.834570	-0.361845	-0.487635	0.031590	0.050710	-0.949269	-0.937004	0.094841	0.449841	0.015622	0.311547	0.404114	0.179399	0.214015	0.511696	0.365403	-0.828548	-0.753508	0.570538	-0.355368	0.054909	-0.577791	-0.498889	0.216188	-1.131230	-1.160390	-0.465461	0.688351	-0.597905	-2.106559	-0.441675	0.929314	-0.434398	-0.321940	-0.640496	-0.807428	-0.419435	-0.057608	0.198342	0.572450	-0.627860	-0.568901	-0.456231	-0.115736	-1.225832	-1.444324	0.445628
0.181612	1.047456	0.271928	-0.019756	-0.035836	0.095589	0.131111	-0.462233	0.510240	0.640743	0.217210	0.381162	-0.276862	-0.771101	-0.518911	-0.389500	0.880744	-0.882803	-0.395168	0.384328	0.255419	-0.397341	1.396390	0.847225	-0.133022	0.432294	0.838483	1.013074	1.183565	0.339793	0.044512	1.316487	-0.638583	-1.347395	-0.147265	1.388411	-1.363102	-2.101663	-0.401120	1.597681	0.251513	0.558029	0.325972	0.325817	1.011118	1.175512	1.079442	1.092959	0.460638	0.173900	-0.334613	-0.017986	-0.590331	-1.294703	1.208327
0.673400	1.498347	0.615608	0.155767	0.197732	0.145490	0.165042	0.037652	1.362112	1.190555	0.755129	0.771514	-0.541737	-0.327020	-0.004393	-0.848502	0.677247	-1.351942	-0.966425	0.338068	0.645949	-0.643250	1.297389	0.739154	0.236137	0.795473	0.301421	1.511402	1.587923	0.623292	0.272970	1.198722	0.014370	-1.063467	0.027151	1.234737	-1.603602	-1.646199	-0.513418	1.429784	0.873619	0.861811	0.664749	1.035655	1.587215	1.716913	0.923897	0.888266	0.871651	0.761631	0.083136	0.426326	0.028532	-0.676074	1.585809
0.229419	1.281500	0.223748	-0.156072	0.035020	0.074526	0.136240	0.294112	1.194833	0.971201	0.777375	0.538921	-0.829624	0.188325	0.155653	-0.849382	0.493871	-0.802323	-0.977015	-0.146164	0.417318	-0.440998	0.672485	0.425196	-0.134417	0.340303	-0.394110	0.560701	0.947120	0.094925	0.090276	0.306488	0.167849	-0.398343	0.357567	0.576195	-0.955030	-0.718380	-0.399854	0.746347	0.884375	0.904314	0.444502	1.094419	1.337874	1.418191	0.163738	0.245941	0.488861	0.418678	-0.030754	0.691398	0.464495	-0.091553	0.942900
-0.872834	0.512081	-0.520166	-0.969595	-0.544393	-0.200895	0.378108	0.163375	0.287713	0.137423	0.222835	-0.361811	-0.898102	0.203731	-0.089318	-0.145677	0.652530	0.222103	-0.461401	-0.818314	-0.580433	-0.094511	0.372959	0.354463	-0.716072	-0.171614	-0.358782	-0.784570	-0.178563	-0.494220	-0.135035	-0.056730	-0.354204	0.179300	0.811849	0.194216	-0.044473	0.308030	0.098795	0.139912	0.099676	0.741313	0.094458	0.684630	0.739701	0.614517	-0.078648	-0.167940	-0.096851	-0.544115	-0.618403	0.111599	0.615865	0.193702	-0.261934
-1.532842	-0.230311	-1.109479	-1.662279	-1.100649	-0.539604	0.790676	0.016040	-0.284337	-0.486435	-0.429132	-1.164507	-0.504057	-0.399150	-0.307570	0.956468	0.835493	0.736152	0.164549	-1.026933	-1.451388	0.127042	0.760459	0.660053	-0.658022	-0.241940	0.454986	-1.075320	-0.873151	-0.407540	-0.001347	0.607257	-0.821303	0.316074	1.238104	0.443198	0.269230	1.052340	0.864533	0.052260	-0.677299	0.422860	-0.007235	0.320308	0.365573	0.000645	0.589091	-0.045408	-0.200451	-1.028037	-0.752769	-1.031422	0.591817	0.265577	-0.941839
-1.172697	-0.313167	-1.318582	-1.705711	-1.121590	-0.614156	1.002589	0.343031	0.190075	-0.178069	-0.602706	-1.231826	0.114577	-0.932425	-0.179903	1.685371	0.685914	0.515404	0.492816	-0.604161	-1.394396	0.242911	1.394585	1.030220	0.054263	-0.078372	1.210609	-0.287565	-0.801082	0.134075	0.453604	1.352469	-0.461140	0.174641	1.636917	0.905364	-0.029328	1.471786	1.590498	0.373916	-0.448914	0.250744	0.179126	0.356888	0.452715	0.014901	1.273832	0.216061	0.150133	-0.658122	-0.142533	-1.719869	0.607175	0.335402	-0.750043
-0.486280	0.052057	-1.205531	-1.236862	-0.696397	-0.394296	0.812186	0.857105	1.005082	0.600388	-0.387975	-0.897529	0.378982	-0.827187	-0.028609	1.486651	0.309478	0.235588	0.446347	-0.153511	-0.753781	0.322100	1.527285	1.006629	0.498973	-0.158973	1.209414	0.224663	-0.493646	0.232171	0.735015	1.111613	0.315908	0.049774	1.879351	0.938028	-0.290490	1.554242	1.861298	0.482535	0.489527	0.290929	0.321779	0.433781	0.597238	0.279207	0.987702	0.070963	0.200929	-0.275060	0.273264	-1.522056	0.568867	0.355455	-0.333309
-0.463959	-0.040420	-0.959324	-0.832962	-0.483757	-0.323953	0.363389	0.592133	0.817933	0.597277	-0.449618	-0.932560	0.062126	-0.492352	-0.418641	0.642242	0.032896	0.436519	0.245095	-0.286411	-0.512703	0.251466	0.879617	0.528392	0.057082	-0.605014	0.634656	-0.348100	-0.531873	-0.464860	0.442227	0.142333	0.289717	-0.206351	1.478107	0.440834	-0.285686	0.999233	1.418317	-0.023040	0.744887	0.095774	0.066265	-0.140655	0.196647	0.041973	0.024784	-0.361865	-0.524338	-0.606961	-0.275872	-1.031347	0.059957	-0.034758	-0.195239
-0.987635	-0.827855	-0.770647	-0.810362	-0.801351	-0.704802	-0.067386	-0.655506	-0.441591	-0.449738	-0.999699	-1.340374	-0.382802	-0.639747	-1.245729	-0.004165	-0.070653	0.787153	0.108398	-0.798366	-0.889638	-0.035145	-0.056205	0.055489	-0.702087	-1.058367	0.145893	-1.158901	-0.731826	-1.205744	-0.195078	-0.441991	-0.769157	-0.858540	0.246362	-0.086059	-0.418871	-0.244194	0.541542	-0.686773	-0.168063	-0.555369	-0.484364	-1.246897	-0.663283	-0.737186	-0.470220	-0.417344	-1.417622	-1.152542	-1.123143	-0.835324	-0.946416	-0.920925	-0.058412
-1.063220	-1.351284	-0.669613	-0.890186	-1.100754	-1.099933	-0.293088	-1.623840	-1.270794	-1.231958	-1.314818	-1.327624	-0.412878	-1.042145	-1.634922	-0.030461	-0.139270	0.667929	0.043722	-0.948841	-1.067282	-0.284100	-0.513785	-0.008755	-0.817236	-1.083552	0.006909	-1.030757	-0.567527	-1.101725	-0.522055	-0.239928	-1.543034	-1.478441	-0.950352	-0.198820	-0.789101	-1.295841	-0.059987	-0.726424	-1.000092	-1.036793	-0.782395	-1.755204	-1.141286	-1.196081	-0.136537	0.075864	-1.430286	-1.007636	-1.086744	-0.754658	-1.613616	-1.571087	0.328274
-0.382378	-0.814182	-0.496535	-0.646985	-0.753575	-0.827844	-0.233891	-1.137845	-0.635678	-0.683075	-0.730224	-0.571869	-0.125161	-0.827764	-1.010887	0.140433	-0.159942	0.147457	-0.058360	-0.494604	-0.492624	-0.199330	-0.268657	0.179566	-0.263138	-0.619124	-0.038369	-0.206634	-0.116021	-0.333441	-0.250466	0.119788	-0.985175	-1.230116	-0.943686	0.009357	-0.854457	-1.079143	-0.014703	-0.168465	-0.610084	-0.661552	-0.481766	-0.953970	-0.681329	-0.713787	0.232581	0.402974	-0.486770	-0.267727	-0.207694	-0.436302	-1.104306	-1.106034	0.526278
0.192499	0.142960	-0.193473	-0.168901	-0.059784	-0.048477	0.032499	0.111808	0.503324	0.399806	0.221570	0.177895	-0.008150	-0.001771	0.001311	0.010201	-0.013436	-0.126084	-0.176598	-0.001753	0.221278	0.086643	0.144181	0.221166	0.142362	-0.067521	-0.146253	0.143237	0.063996	0.130180	0.177437	0.112181	0.120371	-0.205009	0.060034	0.151302	-0.378099	0.070789	0.259143	0.153412	0.307498	0.160870	0.059144	0.266077	0.184915	0.148970	0.056774	0.043425	0.313507	0.194086	0.371998	-0.063167	0.080567	0.097213	0.186734
-0.020640	0.285354	0.000268	0.008249	0.126259	0.222977	0.182421	0.417741	0.537656	0.493431	0.380560	0.139273	-0.143861	0.373704	0.204519	-0.239834	0.169382	0.129569	-0.140486	-0.019024	0.202285	0.137621	0.085558	0.060101	-0.060556	0.069807	-0.187556	-0.271881	-0.155441	-0.152991	0.158931	-0.077991	0.309959	0.345252	0.474834	0.044132	0.048151	0.523608	0.162092	-0.194600	0.366195	0.343318	0.200793	0.400051	0.396316	0.303169	-0.239702	-0.418573	0.107008	0.054577	0.120399	-0.000488	0.428446	0.519556	-0.128468
-0.476835	-0.444959	-0.087669	-0.322677	-0.339098	-0.516340	-0.103049	-0.497875	-0.476018	-0.423111	-0.382915	-0.404606	-0.210432	-0.096939	-0.622798	-0.253034	0.089342	0.512768	0.076437	-0.357710	-0.360158	-0.215463	-0.472916	-0.072475	-0.537710	-0.268764	-0.269197	-0.622256	-0.348131	-0.693307	-0.337046	-0.214875	-0.410147	-0.298383	-0.523589	-0.205645	-0.030312	-0.398354	-0.278689	-0.739245	-0.311920	-0.296693	-0.066423	-0.649999	-0.348719	-0.439083	-0.206779	-0.200843	-0.637876	-0.129625	-0.215076	-0.154358	-0.573667	-0.427916	0.294067
-0.253287	-0.857350	-0.161398	-0.640574	-0.651589	-1.368091	-0.718652	-1.048255	-0.912548	-0.875021	-0.856954	-0.513930	-0.145424	-0.254263	-1.255457	-0.324163	-0.276050	0.539826	0.206061	-0.416559	-0.477931	-0.705571	-1.007218	-0.107272	-0.798591	-0.599733	-0.737977	-0.341480	-0.268032	-0.918929	-0.810682	-0.505566	-0.621950	-1.051954	-1.738052	-0.463071	-0.064999	-1.250387	-0.565697	-0.959187	-0.312349	-0.692630	-0.057415	-1.371114	-1.152093	-1.103352	-0.244411	0.344747	-0.769098	0.184454	0.212034	-0.099209	-1.532933	-1.319317	1.131591
0.599710	-0.238824	0.177755	-0.299845	-0.217067	-1.040752	-1.250990	-0.040564	0.120001	-0.004485	-0.100741	0.213779	-0.172253	0.989462	-0.399916	-0.972799	-0.685983	0.124727	0.011486	0.064368	0.264424	-0.997114	-1.074238	-0.174562	-0.665171	-0.503170	-1.357725	0.240058	-0.137355	-0.765376	-0.856218	-1.080060	0.410515	-0.329293	-1.575868	-0.672670	0.680177	-0.388812	-0.465962	-0.924159	0.801008	-0.082195	0.528675	-0.661895	-0.969486	-0.852458	-0.848617	0.247532	0.194540	0.904254	1.226933	0.352206	-0.899503	-0.585673	1.404548
1.185301	0.582152	0.730248	0.644361	0.485366	0.492359	-1.545597	1.569276	1.529325	1.270911	1.239465	1.250584	-0.235712	2.804177	1.681852	-1.895591	-1.088909	-0.536921	-0.342219	0.777827	1.226649	-0.954175	-0.738735	-0.291888	-0.197327	-0.236890	-1.223318	0.601103	-0.222742	-0.362620	-0.519425	-1.487922	1.618140	1.671941	-0.260049	-0.722725	1.796515	1.632768	-0.210442	-0.825117	1.587669	0.759064	0.901649	0.645348	0.012940	-0.130627	-1.613885	-0.534337	1.698103	1.553587	2.009038	0.911118	0.935341	1.215386	0.881712
0.989197	0.287321	0.823568	1.481412	0.535204	1.873843	-1.798006	1.822326	1.599989	1.475465	1.705132	1.803298	-0.034226	3.213443	3.320433	-2.121476	-1.632469	-1.171013	-0.467102	1.205716	1.605814	-0.572063	-0.428743	-0.320851	0.353304	-0.416170	-0.022474	0.560958	-0.546513	0.245474	-0.094062	-1.148347	1.447511	2.961290	0.522608	-0.445259	1.996594	2.614123	-0.100064	-0.556496	0.508084	0.430306	0.102440	0.839683	0.489125	-0.084136	-1.690059	-1.068577	2.830959	1.762470	2.136001	1.065493	2.096412	2.105732	0.384223
0.442192	-1.156124	0.249256	1.674290	-0.201030	1.870068	-1.985193	0.261882	0.091238	0.422598	0.835095	1.629030	0.380233	1.560094	3.204215	-1.286761	-2.132189	-1.445901	-0.254181	1.081503	1.356753	0.082502	-0.465224	-0.235103	0.581363	-1.045414	1.186670	0.118094	-0.963849	0.884019	0.246610	-0.127339	-0.126236	2.210706	-0.085842	0.097440	0.749634	1.425037	-0.244259	-0.151451	-1.989312	-1.194265	-1.503090	-0.408298	-0.264143	-0.938755	-0.941131	-0.902288	3.006677	1.525227	1.882940	0.600287	1.572974	1.365628	0.609512
0.271925	-2.258877	-0.317210	1.397447	-0.860436	0.610372	-1.608891	-1.409646	-1.428059	-0.550762	-0.282253	1.212704	0.587562	-0.639506	1.650916	-0.168987	-1.961102	-1.092298	0.036044	0.612771	1.087775	0.824477	-0.704866	-0.194029	0.315104	-1.259981	1.099933	-0.566097	-1.196329	1.219283	0.587682	0.847580	-1.411778	0.412772	-1.083633	0.489969	-0.944681	-0.701196	-0.595068	-0.072358	-3.674546	-2.555240	-2.276388	-1.529624	-1.248325	-1.487864	-0.079335	-0.645758	2.174279	1.171790	1.645844	-0.067579	0.341424	0.388550	1.204624
0.657486	-1.636394	-0.114283	1.165339	-0.596842	-0.692292	-0.324426	-1.311122	-1.254471	-0.100229	-0.290132	1.205829	0.469487	-1.481946	0.039932	0.278446	-0.775331	-0.177625	0.191023	0.298229	1.270474	1.441512	-0.598174	-0.232040	-0.030285	-0.348571	-0.181825	-0.970798	-0.877784	1.193960	1.102388	1.176668	-0.889612	-0.417825	-1.029923	0.412921	-1.656153	-1.690099	-0.895259	-0.524665	-2.786039	-2.070996	-1.134340	-0.959291	-0.879375	-0.526906	0.324469	-0.827583	0.806769	1.025310	1.394990	-0.277410	0.012490	0.683093	1.294675
1.127910	0.402859	0.690934	1.121909	0.476093	-0.928795	1.356668	0.431271	0.637763	1.624869	0.912734	1.675239	0.430618	-0.708632	-0.661366	0.048731	0.847213	0.829001	0.301493	0.425581	1.698547	1.871131	0.314147	-0.009934	0.219570	1.166144	-1.188380	-0.567344	0.092200	1.167030	1.737413	1.039993	1.052242	0.319011	0.160766	0.193626	-1.031688	-0.834981	-0.616381	-0.794467	0.144187	0.064636	1.021092	0.959135	0.921706	1.502208	0.561952	-0.860067	-0.265310	1.009495	0.812044	0.023912	0.914894	1.898784	0.627433
1.104084	2.134461	1.110482	0.908905	1.452561	0.046691	2.363554	1.861216	2.512383	3.080522	2.091276	1.961742	0.765854	0.373791	-0.577717	-0.058872	1.823247	1.372965	0.474369	0.721150	1.694329	2.141047	1.820630	0.875854	1.203655	1.923977	-0.770923	0.451879	1.224709	1.353643	2.094693	1.156457	2.545992	1.330873	1.269531	0.559435	0.038932	0.761629	0.623265	0.087780	2.749557	2.040827	2.144471	2.405772	2.470330	2.824324	1.327648	0.234561	-0.364644	0.727699	-0.149847	0.122785	1.865698	2.384570	-0.183813
0.412048	2.210637	0.453703	0.192795	1.571992	1.410355	2.127885	1.432786	2.607486	2.859147	2.023051	1.382530	1.137500	0.584704	-0.397706	0.481715	1.632141	1.204553	0.496821	0.592473	0.804956	2.119444	2.971124	2.236064	2.196781	1.266577	0.634462	1.158021	1.730226	1.364162	1.752015	1.897134	2.256274	1.205697	1.316222	1.657743	0.497006	1.570018	2.366764	1.960974	3.030829	2.342085	1.272561	2.177356	2.307555	2.310299	2.676758	2.263549	0.428269	0.006310	-1.041691	-0.500102	1.622087	1.283078	-0.499252
-0.646182	0.949388	-0.872876	-0.868391	0.879262	2.046035	1.118258	-0.316790	0.931056	1.044920	0.786098	0.023766	0.939838	0.033494	-0.514003	1.297493	0.765546	0.492735	0.056667	-0.230053	-0.717665	1.504902	2.780861	3.106003	2.226592	-0.029758	1.540694	0.819527	1.235759	0.643930	0.735829	2.706559	0.644840	0.012029	0.583014	2.562134	0.094852	1.114768	3.345712	3.289549	1.106242	1.205271	-0.491806	0.840891	0.869559	0.673797	3.670637	3.637618	1.257387	-0.796925	-1.353297	-1.329665	0.247169	-0.533691	-0.379623
-1.553388	-0.201031	-1.738779	-1.729561	0.057373	1.454313	0.242840	-1.512712	-0.831534	-0.977245	-0.387050	-1.314887	0.049095	-0.323449	-0.732432	1.602538	0.097117	-0.323717	-0.719289	-1.340633	-2.112547	0.195461	1.143290	2.483245	1.038141	-0.751053	0.957475	-0.303946	0.133038	-0.697290	-0.454619	2.512470	-0.771915	-1.047823	0.057907	2.071374	-0.571589	0.163982	2.550151	2.614279	-1.109586	0.070352	-1.324056	-0.201864	-0.218555	-0.519175	3.180380	2.939999	1.227885	-1.157003	-1.078016	-1.377233	-1.029405	-1.595711	-0.320044
-1.864857	-0.256854	-1.377362	-1.933982	-0.271335	0.206585	-0.028347	-1.125404	-1.234221	-1.970015	-0.514586	-1.951322	-0.977163	0.025408	-0.694509	1.139521	0.034414	-0.746825	-1.198798	-1.987867	-2.726033	-1.365947	-0.970980	0.381974	-0.600957	-0.581021	-0.684599	-1.232099	-0.789652	-1.800892	-1.327219	0.838831	-1.094918	-1.184393	0.187127	0.035244	-0.800861	-0.295792	0.285410	0.135134	-1.834811	-0.089590	-0.624399	-0.300353	-0.117543	-0.619249	1.066127	0.481199	0.176170	-0.964196	-0.692408	-0.501454	-1.183121	-1.450367	-0.490239
-1.411679	0.455168	-0.108075	-1.470684	-0.064596	-0.598013	0.194987	0.024054	-0.537530	-1.900065	0.096766	-1.905528	-1.419989	0.508052	-0.413138	0.494949	0.392925	-0.453997	-0.858759	-1.763764	-2.438140	-2.338190	-2.270596	-1.908679	-1.545860	-0.099831	-1.940244	-1.239489	-0.983231	-1.866211	-1.732007	-1.466104	-0.731180	-0.825354	0.493353	-2.266813	-0.490391	-0.084695	-1.935993	-2.319993	-0.978055	0.458637	0.642171	0.094365	0.539508	-0.232847	-1.458277	-1.909117	-1.265597	-0.600828	-0.588653	0.334396	-0.408694	-0.886893	-0.555277
-0.446874	0.953927	0.940412	-0.761139	0.250236	-0.465183	0.636306	0.516338	-0.010860	-1.530357	0.386952	-1.615594	-1.058477	0.204802	-0.236301	0.419648	0.845905	0.416385	0.120729	-0.983281	-1.635601	-2.144373	-2.158485	-2.807720	-1.220108	0.210400	-1.604886	-0.478928	-0.466436	-0.896243	-1.699315	-2.802478	-0.568168	-0.872811	0.392872	-3.184221	-0.089271	0.190292	-2.595362	-2.917407	0.130263	0.920898	1.245051	0.358195	0.799925	-0.053945	-2.740906	-2.559481	-2.245237	-0.450964	-0.675925	0.323706	0.316220	-0.757722	-0.260334
0.398557	0.754292	0.837168	-0.332512	0.290368	0.013968	1.024253	0.054050	-0.224384	-1.338275	-0.133136	-1.331211	-0.361859	-0.930129	-0.357379	0.901314	1.183608	1.180242	0.992335	-0.370388	-0.895422	-1.106957	-1.137810	-1.859366	-0.057872	0.391656	0.174233	0.289293	0.283827	0.337902	-1.264677	-2.334670	-0.874163	-1.502792	-0.035530	-2.190593	0.043183	-0.040533	-1.432555	-1.444238	0.334913	0.921088	0.889491	0.427407	0.515790	-0.054222	-2.142198	-1.373226	-2.316030	-0.478711	-0.594312	-0.106826	0.371329	-1.023849	0.101538
0.540113	0.182145	-0.291567	-0.397656	0.075751	-0.020823	0.996660	-0.528116	-0.624976	-1.183468	-0.956241	-0.994227	-0.032250	-1.890117	-0.608694	1.104465	1.201072	1.070452	1.166515	-0.304533	-0.581598	-0.311038	-0.307446	-0.183430	0.846569	0.514290	1.876512	0.476816	0.706515	0.920396	-0.665274	-0.875918	-1.194091	-2.016116	-0.376784	-0.355286	-0.006698	-0.744813	0.280668	0.565613	-0.183169	0.590515	0.200145	0.500743	0.077924	0.012429	-0.611681	0.263997	-1.666560	-0.381135	-0.210494	0.027621	-0.127250	-1.111812	0.017412
0.015162	-0.160405	-1.300155	-0.638385	0.004208	-0.513166	0.320063	-0.566818	-0.554384	-0.809797	-1.318869	-0.539283	-0.284697	-1.665332	-0.692323	0.326302	0.713363	0.003961	0.741909	-0.397798	-0.558824	-0.597497	-0.375548	0.590292	0.639383	0.398392	1.906061	0.189201	0.611844	0.461190	-0.420881	-0.037391	-1.006712	-1.754180	-0.597642	0.687030	0.005185	-1.423976	0.834516	1.294120	-0.275503	0.196799	-0.025460	0.505237	-0.315649	-0.019858	0.284843	0.830585	-0.850574	-0.044346	0.230322	0.770023	-0.801805	-0.803658	-0.563866
-0.435017	0.114070	-0.980401	-0.441615	0.545690	-0.457160	-0.667057	-0.157939	0.039261	-0.183738	-0.907556	-0.012714	-0.611554	-0.197296	-0.339864	-1.135599	-0.137234	-1.206350	0.305852	0.031531	-0.330935	-1.662272	-1.061760	-0.124515	-0.484264	0.096635	0.149043	0.064906	0.422125	-0.571579	-0.811030	-0.514591	-0.139022	-0.761473	-0.897344	0.254894	0.149062	-1.509721	-0.288938	0.301466	0.822291	0.059629	0.604392	0.292832	-0.565900	-0.317349	-0.091079	-0.024535	-0.239512	0.343978	0.453386	1.125950	-1.303927	-0.345886	-1.105399
-0.057999	0.994137	0.787440	0.489323	1.745483	0.770158	-1.194182	0.423639	0.890663	0.640822	0.107117	0.564906	-0.345489	1.644385	0.593890	-2.196425	-0.814449	-1.594102	0.293218	1.050792	0.389221	-2.317287	-1.458968	-1.390700	-1.346752	0.119218	-1.804539	0.601950	0.778383	-1.143048	-1.324785	-1.466486	1.227579	0.468286	-1.032084	-0.868433	0.390620	-0.708848	-1.876715	-1.185557	2.540664	0.480531	1.824518	0.093305	-0.324681	-0.448017	-0.980080	-1.305826	0.262574	0.596801	0.498632	0.535918	-1.238745	0.089467	-1.062329
1.074189	1.883793	2.698835	1.699464	2.863297	2.301044	-0.891134	1.064381	1.703274	1.534521	1.208042	1.171913	0.613464	2.658327	1.732939	-1.975436	-0.870879	-0.955828	0.653735	1.927189	1.279185	-1.683541	-0.966068	-1.752533	-0.890089	0.660524	-2.130402	1.565786	1.664741	-0.554350	-1.042044	-1.629093	2.498800	1.435957	-0.485436	-1.346875	0.693380	0.654959	-2.240844	-1.561634	3.336088	1.238109	2.688737	0.194129	0.476537	0.068668	-1.209558	-1.634541	0.863262	0.695167	0.551362	-0.332092	-0.473021	0.477787	-0.447574
2.044481	1.777987	3.063790	2.310608	2.809027	2.495234	-0.262248	1.392930	1.982392	2.073712	1.634758	1.581375	1.715941	2.006761	2.067166	-0.541166	-0.427060	0.092999	1.096724	1.989118	1.718456	-0.044940	0.168833	-0.682315	0.671550	0.984966	-0.516889	2.096741	2.144223	0.766974	0.241493	-0.771837	2.779940	1.685125	0.568601	-0.619298	0.870115	1.615263	-0.991571	-0.377913	2.147240	1.402582	2.131493	0.257755	0.970038	0.772683	-0.442804	-0.479900	1.326048	0.611735	0.534444	-0.610287	0.347977	0.524563	0.215536
2.018846	0.294517	1.522882	1.933725	1.328635	0.892348	-0.070192	0.811191	1.263804	1.747268	0.919778	1.463391	2.284135	-0.050682	0.973924	1.145661	-0.004275	0.842858	1.409619	1.420430	1.479557	1.447225	1.154145	0.881861	1.943136	0.317789	1.535267	1.567002	1.405563	1.559786	1.524997	0.138703	1.657947	0.946556	1.110315	0.631517	0.614179	1.314838	0.608721	1.338441	-0.337134	0.325181	0.103389	-0.362704	0.127106	0.628066	0.549242	1.328196	1.092570	0.240074	0.186663	-0.351552	0.228106	-0.156747	0.390952
1.129692	-1.477495	-0.382564	1.132283	-0.436470	-1.041317	-0.402046	-0.538640	-0.109529	0.646139	-0.387658	0.857194	2.014482	-1.997110	-0.631406	1.951681	0.064972	1.014192	1.416153	0.930535	0.957983	1.826764	1.399328	1.422876	1.751550	-0.796191	2.198348	0.350992	-0.051484	1.055192	1.595859	0.122287	-0.073127	-0.354508	0.492854	1.221443	-0.047158	0.011485	1.070199	2.186926	-2.082974	-1.251874	-1.996298	-1.483814	-1.686767	-0.477457	0.724800	2.297736	0.104489	-0.329968	-0.387203	-0.063946	-0.885507	-1.228943	-0.038980
0.270131	-1.898555	-0.794467	0.744600	-1.087745	-1.553546	-0.643135	-1.417985	-0.957258	-0.368115	-0.971820	0.317020	1.101521	-2.266893	-1.013971	1.425162	-0.081311	0.627299	0.865025	0.793047	0.676761	1.102060	0.979901	0.405144	0.391445	-0.883633	1.146819	-0.471355	-0.851517	-0.088170	0.493093	-0.673826	-1.047203	-1.120851	-0.570696	0.673786	-0.568433	-1.001461	0.228864	1.751022	-1.750661	-1.810710	-2.596639	-1.947738	-2.736890	-1.314583	-0.132033	1.679538	-0.790343	-0.644049	-0.570641	0.306972	-1.720691	-1.584662	-0.686941
0.025461	-0.740452	0.337044	0.834829	-0.628011	-0.663265	-0.304875	-0.872880	-0.516309	-0.550309	-0.158679	0.291044	-0.011757	-0.944190	0.209882	0.079451	-0.098141	-0.242229	-0.340433	0.555706	0.678421	0.086976	0.436523	-1.074177	-0.732994	0.518097	-0.248187	-0.292762	-0.410360	-0.488530	-0.424380	-1.153355	-0.882749	-0.681427	-0.798203	-0.293048	-0.538482	-0.841129	-0.813795	0.817507	-0.180170	-0.933788	-1.638767	-1.019906	-1.887323	-0.804524	-1.161327	0.166539	-0.628748	-0.236434	0.107306	1.145747	-1.097206	-0.578882	-0.937653
0.068491	0.435468	1.263853	0.687450	-0.405981	0.030853	0.427545	0.300891	0.547633	-0.164699	1.146529	0.466888	-1.032592	0.248646	1.406456	-1.187109	0.156348	-1.352803	-1.824350	-0.255319	0.524169	-0.481088	0.163614	-1.436608	-0.716274	2.070664	-0.641993	0.341710	0.405074	0.319410	-0.077381	-0.571284	-0.583044	0.285923	-0.003193	-0.557015	-0.341078	-0.162780	-1.109899	0.318327	0.623639	0.112077	-0.477803	0.552905	0.003704	0.560377	-1.383146	-0.955356	0.490664	0.809437	1.292595	2.164361	0.539340	1.012266	-0.464915
-0.258708	0.169701	0.657631	-0.105064	-1.288301	-0.550550	0.993120	0.379192	0.822057	-0.125697	1.365315	0.118107	-1.925774	0.038615	0.980829	-1.868882	0.479899	-2.183984	-2.875161	-1.405408	-0.112973	-0.553047	0.085620	-0.421288	-0.110905	2.217099	-0.218129	0.413644	0.441937	1.342885	1.030652	0.580278	-1.097435	0.520660	0.675770	0.149349	-0.619307	-0.303631	-0.768862	0.322055	-0.153449	-0.027100	-0.182882	1.360786	1.100816	1.330223	-0.814461	-1.180840	1.364873	1.758060	2.014532	2.473648	1.584586	1.755188	0.402750
-1.038400	-1.189290	-0.856788	-1.002123	-2.534547	-1.775594	1.033944	-0.937722	-0.305100	-0.848293	0.031692	-0.882077	-2.592918	-0.853462	-0.550283	-1.966158	0.522964	-2.275326	-3.012240	-2.123015	-0.992609	-0.503491	-0.042471	0.635015	-0.108818	1.018844	-0.055203	-0.384364	-0.441314	1.375548	1.504877	1.195035	-2.012845	-0.131915	0.403932	0.973064	-1.114313	-1.378444	-0.389783	0.240433	-1.428455	-1.176306	-0.537738	0.900390	0.649550	0.882658	-0.340998	-1.016407	0.992051	1.797741	1.618608	1.790687	1.244480	1.183545	0.932332
-1.734947	-2.059341	-1.704578	-1.232118	-2.862408	-2.309533	0.584736	-1.904028	-2.075004	-1.835301	-1.689144	-1.806145	-2.707502	-0.840426	-1.330838	-1.597880	0.123060	-1.694797	-2.382281	-1.941618	-1.555737	-0.510389	-0.200721	0.452020	-1.048457	-0.132723	-0.461053	-1.376793	-1.470986	0.365678	0.794791	0.869876	-2.165154	-0.460925	-0.142580	0.994146	-0.740078	-1.961075	-0.143658	-0.212578	-1.829648	-2.019245	-0.739717	-0.107555	-0.432117	0.009515	-0.505767	-1.027814	-0.293399	0.807667	0.416739	0.924984	0.425593	0.247156	0.730934
-1.871642	-1.456261	-1.245816	-0.767201	-2.052916	-1.646479	-0.086444	-0.873567	-3.152289	-2.342256	-2.275934	-1.951327	-2.114238	0.342200	-0.583093	-0.892325	-0.513873	-0.974885	-1.558594	-1.173349	-1.538685	-0.422964	-0.125005	-0.654971	-2.074269	-0.300414	-0.738100	-1.670519	-1.856826	-0.750080	-0.283513	0.240604	-1.167263	0.444367	0.250025	0.295061	0.915728	-0.927891	0.188302	-0.628074	-1.200906	-1.679090	-0.419969	-0.698591	-0.823500	-0.235005	-0.838827	-1.128526	-1.223802	-0.450292	-0.635876	0.756182	0.431225	0.125344	0.172452
-1.399294	0.185382	-0.097784	-0.160208	-0.919297	-0.322616	-0.619634	1.594775	-2.756143	-2.061141	-1.360742	-1.373397	-1.153912	1.439242	0.702907	-0.164315	-0.955344	-0.524074	-0.965446	-0.463058	-1.148754	-0.095765	0.336316	-1.229450	-2.141532	0.166276	-0.433038	-0.909342	-1.274383	-1.186201	-0.671442	0.092526	0.257555	1.897557	1.583136	-0.221865	2.748927	1.027408	0.592137	-0.452603	-0.262809	-0.466490	0.256631	-0.501921	-0.213346	0.306314	-0.536844	-0.867882	-1.020364	-1.004038	-0.897695	1.184214	1.285104	0.937134	-0.052497
-0.500731	1.682767	0.932308	0.322001	-0.094234	0.891638	-0.671549	3.305299	-1.239574	-1.177970	0.052433	-0.564039	-0.264996	1.449479	1.337234	0.246281	-0.910194	-0.224776	-0.532399	-0.037922	-0.649681	0.430589	0.998442	-0.442681	-1.032179	0.491460	0.041948	0.585659	0.093275	-0.852901	-0.179001	0.549460	1.253525	2.459852	2.591054	0.057836	3.210204	2.200311	0.744457	0.332436	0.442264	0.668182	0.949697	0.176674	0.572978	0.994678	0.520427	-0.083797	-0.156202	-0.614544	-0.640755	1.416070	1.801555	1.733982	0.235723
0.557551	2.114100	1.480094	0.849416	0.449619	1.559372	-0.189269	2.762577	0.213358	-0.140581	0.649944	0.185622	0.521626	0.666648	1.160832	0.402516	-0.515026	0.303981	0.080406	0.384838	-0.030306	1.049910	1.430943	1.006501	0.551662	0.412268	0.144700	2.000576	1.495203	-0.060690	0.606819	1.155276	1.568235	1.667274	2.309342	0.780582	1.909089	1.806301	0.565009	1.167098	0.754337	0.998693	1.240207	0.619226	0.565723	1.131882	1.642464	0.893742	0.282436	-0.031422	-0.697077	0.917100	1.100284	1.561319	0.497046
1.359757	1.352828	1.369564	1.370457	0.835465	1.571980	0.370633	0.577468	0.647967	0.598727	0.043371	0.783699	1.327564	-0.084984	0.565059	0.718648	-0.221309	1.142463	0.975316	1.008047	0.778550	1.657296	1.302282	1.785549	1.614108	0.007396	-0.096371	2.375903	1.864795	0.771509	1.077567	1.380697	1.397975	0.391971	1.059205	1.085689	-0.080293	0.642786	0.511896	1.449981	0.595469	0.502624	0.763820	0.193775	-0.326009	0.427514	2.052818	1.582184	-0.237984	-0.252974	-1.557498	-0.257362	-0.359657	0.420385	0.124446
1.526247	0.089056	0.506042	1.377488	0.935817	1.024734	0.370292	-1.252560	0.221806	0.899365	-0.956546	1.029029	1.906021	-0.415203	-0.263431	1.364674	-0.286532	1.924348	1.831333	1.573124	1.537651	2.064586	0.735422	1.402709	1.635051	-0.739394	-0.285493	1.301613	0.750041	1.167662	1.034465	0.988598	1.040449	-0.301863	-0.173955	0.599509	-1.234401	0.002852	1.106185	1.080031	0.076217	-0.140056	-0.320905	-0.938722	-1.186540	-0.774424	1.626251	1.812433	-1.241425	-1.492567	-2.835513	-1.711864	-1.292743	-0.770871	-0.824247
1.129344	-0.656764	-0.762484	0.569169	0.735419	0.209538	-0.309032	-1.247809	-0.151012	1.017218	-1.269732	0.763546	1.875954	-0.352886	-1.142224	1.968274	-0.421446	2.247329	2.249717	1.692955	1.792801	2.012592	0.216120	0.557519	0.966181	-1.660394	-0.107194	-0.485462	-0.959605	0.818765	0.583152	0.188736	0.769248	-0.189931	-0.827682	-0.188936	-0.813823	0.304393	2.171675	0.490215	-0.345395	-0.085231	-1.206939	-1.710510	-1.003374	-1.542365	0.972055	1.831895	-1.790029	-2.866236	-3.562017	-2.846497	-0.961385	-1.167438	-1.632890
0.673689	-0.381939	-1.662646	-0.580718	0.585046	-0.414444	-1.104156	0.228994	0.029736	1.199028	-0.659713	0.276660	1.382541	-0.027342	-1.552006	2.052130	-0.167690	2.054719	2.180063	1.353995	1.356920	1.362147	-0.000593	0.120272	0.442221	-2.125340	0.519145	-1.581997	-1.733017	-0.098662	-0.141926	-0.521569	0.659507	0.161248	-1.046904	-0.576809	0.555493	0.840874	2.738869	0.155942	-0.304000	0.836595	-1.215319	-1.203606	0.208290	-1.138182	0.761617	1.895374	-1.363311	-3.158095	-3.002120	-2.988088	0.058717	-0.884005	-1.631731
0.487814	0.417677	-1.718366	-1.229307	0.801149	-0.439251	-1.460286	1.453329	0.424108	1.291677	0.232387	0.163233	0.994368	0.311001	-1.077736	1.580346	0.362488	1.537194	1.879520	0.869168	0.556763	0.274813	-0.203771	0.102993	0.454978	-1.707933	1.323368	-1.359580	-1.059246	-1.035223	-1.059114	-0.859218	0.444915	0.113651	-1.182288	-0.489175	1.422210	0.739585	1.969388	0.130203	-0.030352	1.813494	-0.652117	0.200245	1.279332	-0.005308	0.930911	1.837658	-0.244665	-2.007432	-1.318172	-1.921775	0.546866	-0.694479	-0.871846
0.307529	0.787293	-1.278017	-1.068119	1.172578	0.126018	-1.428149	1.215995	0.582993	1.002493	0.812403	0.615674	0.859719	0.368947	-0.002231	0.892683	0.484897	0.844046	1.491907	0.416854	-0.085658	-0.791743	-0.682921	-0.113679	0.541855	-0.939099	1.652303	-0.700503	-0.067837	-1.575171	-1.952524	-1.025990	-0.150952	-0.414894	-1.245781	-0.428257	0.938358	0.016307	0.222665	0.145361	-0.049775	1.837240	-0.478963	1.180767	1.090470	0.537902	0.747279	1.275263	0.823105	-0.363916	0.453388	-0.323312	0.053168	-0.878909	-0.111065
-0.318354	0.397466	-1.066825	-0.617697	1.120162	0.709161	-1.317966	0.087356	0.572685	0.458586	1.070818	1.066412	0.457761	0.181327	0.889579	0.244012	-0.097731	0.083554	0.873209	-0.124683	-0.364789	-1.324187	-1.078239	-0.701971	0.090836	-0.718594	1.000361	-0.878142	-0.140902	-1.694877	-2.346081	-1.246746	-0.876961	-0.875384	-0.901768	-0.621192	-0.221375	-0.483196	-1.084970	0.091279	-0.425996	0.867756	-1.022029	1.053481	-0.100883	-0.052780	-0.142395	0.262588	1.259907	0.382201	1.180429	0.706182	-0.585058	-0.821296	-0.064946
-1.285873	-0.110154	-1.295809	-0.591951	0.383953	0.627958	-1.034898	-0.440852	0.638738	0.163117	1.139602	0.776275	-0.532751	0.108515	1.032534	-0.324547	-0.681200	-0.503059	-0.049409	-0.816902	-0.499825	-1.138446	-0.741095	-0.992156	-0.730625	-1.001423	-0.229648	-1.837424	-1.148143	-1.524291	-1.833588	-1.198978	-1.082256	-0.678435	-0.010005	-0.596909	-0.710485	-0.190156	-0.916386	0.156635	-0.644021	-0.031712	-1.420999	0.502609	-0.827356	-0.727115	-0.981743	-0.539261	0.977627	-0.164816	0.598844	0.662381	-0.340237	-0.032800	-0.612911
-1.884707	-0.002332	-1.464621	-1.088114	-0.589678	-0.158863	-0.250504	0.129214	0.675633	0.324881	0.837266	-0.252991	-1.506419	0.290766	0.481150	-0.706898	-0.364172	-0.638505	-0.904085	-1.336936	-0.741467	-0.587181	0.255318	-0.387656	-1.141186	-0.811779	-0.910089	-2.202682	-1.640434	-1.102772	-0.635294	-0.382861	-0.543008	0.063987	0.935230	0.097846	-0.204411	0.466717	0.256995	0.407016	-0.301183	0.076076	-0.726051	0.512946	-0.105010	-0.244011	-0.708775	-0.585647	0.311738	-1.010236	-0.465515	0.006378	0.639077	0.897791	-0.918056
-1.597598	0.540915	-1.070550	-1.506106	-1.068656	-0.906237	0.812204	0.784311	0.419506	0.525370	0.049763	-1.172045	-1.551799	0.424377	-0.230681	-0.671686	0.672325	-0.330493	-1.104762	-1.230386	-0.981272	-0.264330	0.960704	0.602196	-0.841371	0.215061	-0.495499	-1.174455	-0.836744	-0.518145	0.393679	0.863202	0.136769	0.585810	1.176118	0.966065	0.318757	0.697865	0.998708	0.447719	0.374698	0.835502	0.721419	1.015833	1.279985	0.991836	0.480422	-0.203897	-0.228220	-1.009769	-0.934068	-0.527298	1.201303	1.003706	-0.523638
-0.727005	0.638852	-0.259367	-1.252292	-0.811967	-0.868239	1.325363	0.439151	-0.037405	0.261136	-0.760453	-1.174951	-0.643337	0.243259	-0.504703	-0.221171	1.239066	0.074616	-0.475199	-0.463491	-0.853329	-0.400237	0.645960	0.730441	-0.488385	1.055378	0.168868	0.249358	0.293853	-0.085609	0.531788	1.271022	0.223467	0.384149	0.539104	0.850367	0.028906	0.390431	0.444545	-0.204641	0.862199	1.020517	1.566672	1.057127	1.594095	1.315642	0.973341	-0.301987	-0.290307	-0.245830	-0.472971	-0.731365	0.655254	0.332060	-0.056167
-0.019586	-0.131555	0.390908	-0.405458	-0.290198	-0.148927	0.838986	-0.677576	-0.284020	-0.323005	-0.935343	-0.357363	0.308685	-0.107404	-0.182413	0.246421	0.599996	0.231429	0.509032	0.452888	-0.219451	-0.618827	-0.262051	-0.449473	-0.784311	0.607454	-0.120819	0.526365	0.372079	-0.095013	-0.081871	0.041373	-0.229140	-0.193525	-0.364971	-0.638780	-0.715200	0.046463	-0.934191	-1.413309	0.986877	0.073631	1.096154	0.119296	0.248346	0.018145	-0.371088	-1.236562	0.013811	0.295726	0.453029	-0.869291	-0.455791	-0.150788	-0.355891
0.154223	-1.191849	0.552799	0.386686	-0.097414	0.394157	-0.052596	-1.385148	-0.107592	-0.517427	-0.432055	0.421641	0.615649	-0.339270	0.214425	0.344074	-0.609968	0.097351	1.123679	0.916068	0.530994	-0.390456	-0.665870	-1.786075	-1.400487	-0.741541	-1.217538	-0.398111	-0.550055	-0.382133	-0.612071	-1.887752	-0.479180	-0.486414	-0.835588	-2.308273	-1.031635	-0.093424	-1.938661	-2.345291	0.944189	-1.227166	0.035270	-1.197481	-1.413073	-1.615491	-2.517315	-2.232108	0.180367	0.239613	1.293777	-1.047002	-1.117471	-0.006174	-1.056075
-0.034887	-1.691820	0.370793	0.576060	-0.313561	0.088750	-0.360994	-0.977487	0.229961	0.032466	0.122934	0.424667	0.480449	-0.359372	-0.010276	0.109220	-1.179125	-0.118007	0.943224	0.676856	0.739011	0.309627	-0.097556	-1.677414	-1.324797	-1.541712	-1.630234	-1.111936	-1.194104	-0.417204	-0.388487	-2.526983	-0.072558	-0.340958	-0.674879	-2.412079	-0.623968	-0.250529	-1.728023	-2.275152	0.783656	-1.793703	-0.480739	-1.857953	-1.666641	-1.838122	-3.160522	-2.202034	-0.130302	0.287417	1.822950	-0.991692	-0.905803	0.162951	-0.746436
-0.368433	-1.432773	0.104094	0.155443	-0.593252	-0.815888	0.171516	0.033534	0.238335	0.669505	0.151819	-0.343486	0.328065	-0.222482	-0.822973	-0.178945	-0.691427	-0.194105	0.055097	-0.135028	0.070520	0.885539	0.749879	0.065261	-0.283309	-1.027335	-0.462745	-0.674579	-0.794955	0.028151	0.449401	-0.936449	0.572499	-0.107811	-0.088165	-0.522980	0.118813	-0.479224	-0.443642	-1.359329	0.285130	-1.494194	-0.177099	-1.448357	-0.394879	-0.502729	-1.411114	-1.068905	-0.646604	1.021403	1.947841	-0.489392	-0.165241	-0.177771	1.209165
-0.796323	-0.847285	-0.130367	-0.477084	-0.724211	-1.400713	0.884431	0.523421	-0.330556	0.309977	-0.374409	-1.290832	0.032124	-0.034868	-1.357017	-0.434755	0.194075	-0.077177	-1.053861	-1.167676	-1.116146	0.705595	0.835074	1.912458	0.715490	0.183947	1.249949	0.303483	0.137604	0.478740	1.114228	1.684092	0.665048	-0.069675	0.566247	1.897972	0.671402	-0.483785	0.914863	-0.433200	-0.509984	-1.048050	0.429926	-0.461201	0.895236	0.889658	1.091814	0.085179	-0.775473	1.928439	1.585402	0.222883	0.422363	-0.660016	3.577212
-1.122167	-0.343817	-0.218090	-0.875377	-0.794414	-1.040044	1.019057	-0.048115	-1.195603	-1.206679	-1.059285	-1.785682	-0.675803	0.013716	-0.957980	-0.740773	0.608899	0.076726	-1.778781	-1.902767	-1.981062	-0.190207	-0.058760	2.288296	0.589323	1.044559	1.689753	0.755085	0.759678	0.294642	0.954092	3.230071	-0.024478	-0.205463	0.810740	2.934695	0.686609	-0.220688	1.285494	-0.082426	-1.039973	-0.950115	0.848436	0.255306	0.887070	0.983343	2.115525	0.311725	-0.327476	2.066783	0.871261	0.682952	0.289104	-0.687756	4.421613
-0.920298	0.006283	0.038496	-0.758082	-0.813320	-0.038018	0.467567	-1.057345	-1.708387	-2.639914	-1.402766	-1.525914	-1.344449	-0.183064	-0.042647	-0.965340	0.299427	0.031151	-1.758271	-1.801197	-1.835013	-1.011927	-1.112924	1.197040	-0.387441	1.163065	0.452672	0.622716	0.882730	-0.412315	0.129892	2.812140	-0.873865	-0.381238	0.281078	2.050826	0.116361	-0.141275	0.486928	-0.143164	-0.855329	-0.983703	0.876670	0.214447	-0.166320	-0.050943	1.351980	-0.112091	0.254176	1.313964	0.203767	0.731656	-0.576172	-0.347051	3.120075
-0.031827	0.258526	0.672127	-0.111638	-0.524359	0.753596	-0.246025	-1.373636	-1.388708	-2.543746	-1.050250	-0.605312	-1.085414	-0.366458	0.460039	-0.790316	-0.318158	-0.260777	-1.126027	-0.741022	-0.683620	-0.963828	-1.423040	-0.077783	-0.871378	0.866881	-1.062229	0.669990	0.822473	-0.738595	-0.513328	1.356761	-1.051261	-0.469011	-0.794229	0.339700	-0.667101	-0.518952	-0.642722	-0.183075	-0.264430	-0.742862	0.454976	-0.358161	-0.947995	-0.944278	0.357555	-0.244877	0.462378	0.464206	-0.087319	0.627810	-1.424772	-0.119099	0.857954
1.098566	0.406881	1.379725	0.754380	0.200759	0.872927	-0.502505	-0.636099	-0.340382	-0.854754	-0.038468	0.566163	0.152267	-0.099964	0.326509	-0.260845	-0.637299	-0.534528	-0.403752	0.650682	0.772314	-0.106423	-0.987836	-0.601456	-0.132730	0.627922	-1.483663	1.197463	0.801731	-0.044428	-0.329380	0.241538	-0.377481	-0.340190	-1.612809	-0.861161	-1.118272	-0.893426	-1.186572	-0.193395	0.094676	-0.179433	-0.144274	-0.698351	-0.590600	-0.785185	0.253370	0.103413	0.336440	0.230071	0.007819	0.606512	-1.328418	-0.049860	-0.724035
1.830053	0.447492	1.776721	1.357659	1.004279	0.632060	-0.084442	0.306769	0.871429	1.034328	1.124911	1.453519	1.206112	0.627893	0.205859	0.036131	-0.362612	-0.478964	-0.072558	1.379801	1.697880	0.671073	-0.584248	-0.615622	1.071595	0.648710	-0.998302	1.625101	0.840487	1.214066	0.449932	-0.153302	0.510443	0.007613	-1.561141	-1.214404	-1.102265	-0.583120	-1.069619	-0.504212	0.168567	0.480365	-0.214295	-0.137991	0.565259	0.165226	0.421881	0.124422	0.328975	0.551046	0.293224	0.522019	-0.180708	0.235829	-0.988486
1.917549	0.426153	1.734157	1.404603	1.346197	0.548599	0.679702	0.437858	1.680587	1.785139	1.805267	1.706029	1.026800	1.254434	0.578356	-0.330494	0.285747	-0.117335	-0.200749	1.010663	1.751331	0.643898	-0.733750	-0.751252	1.531941	0.819157	-0.669111	1.380600	0.919229	1.994882	1.050594	-0.321030	0.859065	0.343682	-0.828371	-1.184837	-0.977730	0.373969	-0.837938	-1.115205	0.409011	1.006927	0.625732	1.174111	1.536558	0.981035	-0.181587	-0.701594	0.654246	0.897688	0.575645	0.139315	1.121297	0.807687	-0.448867
1.522840	0.355284	1.358834	1.006048	1.080319	0.634761	1.172672	-0.164026	1.808298	1.349953	1.736730	1.365420	0.008867	1.249190	1.042293	-0.952385	0.776060	0.183749	-0.463273	0.120130	1.209039	0.044144	-1.076002	-0.980687	1.055403	0.888622	-0.791148	0.682676	0.938413	1.826389	1.045433	-0.533087	0.559194	0.403711	-0.113408	-1.062483	-0.965705	1.122948	-0.771881	-1.471123	0.807262	1.175731	1.614316	2.177494	1.682199	1.099835	-1.214565	-1.640474	0.987581	0.938705	0.724792	-0.323661	1.608573	1.185145	0.089011
0.851499	0.193061	0.775292	0.487068	0.508092	0.481412	0.971793	-0.540176	1.265421	0.590230	1.114057	0.734638	-0.554533	0.623824	0.865076	-0.995202	0.720366	0.096208	-0.503485	-0.351694	0.547675	-0.340865	-0.895473	-0.750881	0.434407	0.692649	-0.685168	0.188421	0.703975	1.089668	0.644587	-0.491084	0.083461	0.154017	0.113229	-0.662398	-0.828777	0.870157	-0.642207	-1.027813	0.721269	0.790190	1.470655	1.802361	1.054010	0.673550	-1.323071	-1.488253	0.867724	0.742687	0.679626	-0.313054	1.077478	0.890003	0.242982
0.032669	-0.058651	0.072758	0.027700	-0.082726	-0.056620	0.194401	-0.257003	0.300232	0.046878	0.264159	0.052998	-0.200285	-0.283599	-0.035711	-0.276404	0.195998	-0.343215	-0.272877	-0.161358	-0.014912	-0.216250	-0.068161	0.076616	0.174220	0.279122	0.014966	0.120436	0.189285	0.267132	0.178601	-0.035772	-0.236940	-0.253498	-0.074887	0.100183	-0.395791	-0.292943	-0.278428	0.119759	-0.081885	-0.058176	0.004615	0.121883	0.046499	0.073742	-0.135669	-0.110626	0.269458	0.484222	0.485773	0.291843	-0.036680	0.002259	0.103469
