X1	X2	X3	X4	X5	X6	X7	X8	X9	X10	X11	X12	X13	X14	X15	X16	X17	X18	X19	X20	X21	X22	X23	X24	X25	X26	X27	X28	X29	X30	X31	X32	X33	X34	X35	X36	X37	X38	X39	X40	X41	X42	X43	X44	X45	X46	X47	X48	X49	X50	X51	X52	X53	X54	X55
0.185790	0.017719	0.235820	0.171891	0.375899	0.361981	0.427922	0.053015	0.151944	0.157354	0.204243	0.367184	0.356860	0.163726	0.522355	0.076046	0.194074	0.192451	0.085467	0.250161	0.203440	0.197466	0.235565	0.194382	0.020398	0.390534	0.033939	0.005643	0.159928	0.067499	0.057469	0.197932	0.166823	-0.035965	-0.326865	0.102563	-0.244476	-0.082560	-0.078734	0.194841	0.338280	-0.226690	0.210871	-0.071439	-0.190335	0.195583	0.370098	0.279653	0.139776	0.034308	0.053080	0.261799	-0.276003	-0.136725	-0.117728
0.517362	2.345648	0.219810	0.214450	0.255137	-0.191305	0.427868	0.071092	1.029879	0.341737	0.435598	0.971523	0.866122	-0.391141	1.142608	0.598163	-0.348956	0.454354	1.557077	1.951076	1.464260	0.681083	-0.278170	0.415814	0.895257	0.993552	0.641991	0.685844	1.861481	1.556880	0.539593	0.533864	1.013319	0.375355	0.222444	-0.911426	-0.794190	-0.266630	-0.251176	-0.126594	0.405720	0.545542	0.772096	2.153764	1.579227	0.944150	0.957861	0.677313	0.741774	1.369828	1.672500	1.276687	0.755369	0.527583	1.423366
0.859914	2.378559	0.391694	0.433989	0.598015	0.131508	0.606616	0.167279	0.932970	0.570480	0.864652	1.391228	1.474837	-0.456195	0.877842	0.356492	-0.359036	0.542668	1.755051	2.325372	1.763860	0.743200	-0.481112	0.996078	0.975980	1.123934	0.969732	0.567242	1.707964	1.603376	0.619881	0.830885	1.263775	0.471730	-0.081314	-0.682683	-0.946242	-0.388674	-0.485898	-0.594804	0.289250	0.894804	1.201723	1.930292	1.826903	1.185083	1.400424	0.330694	0.771886	0.906388	1.582647	1.029128	0.712736	0.800461	1.063541
1.004971	0.456955	0.522383	0.519373	1.117591	1.082687	0.968613	0.442656	-0.011691	0.751249	1.333602	1.273858	1.760814	0.255276	-0.036189	-0.062369	0.245438	0.695263	0.914017	1.381794	0.884461	0.429793	-0.035251	1.412725	0.257382	0.868392	0.758700	-0.292501	0.100900	0.276798	0.163373	0.898109	0.894504	0.135778	-0.784893	0.564174	-0.433699	-0.209749	-0.348980	-0.671310	0.121545	0.754707	1.133602	-0.155682	0.610930	0.758222	1.409031	-0.219671	0.275063	-0.528022	0.307528	-0.400153	-0.446981	0.661367	-0.353093
0.625450	-1.035057	0.149399	0.007605	0.991529	1.467095	1.233762	0.814498	-0.775123	0.619961	1.364079	0.348202	1.096044	1.258343	-0.616845	0.377325	0.995577	1.097816	0.220939	0.129742	-0.587569	-0.015152	0.925954	0.697528	-0.655243	0.602517	-0.035405	-1.061545	-0.992983	-1.140639	-0.731006	0.476189	0.269790	-0.374275	-0.869015	1.323455	0.512128	0.329476	0.503042	0.106064	0.104983	0.323324	0.343987	-1.479153	-0.824422	-0.130606	0.613983	-0.008507	-0.288974	-0.775934	-0.372757	-1.684173	-1.683294	0.419941	-0.525238
-0.350354	-0.662182	-0.762872	-0.976648	-0.134680	0.486499	1.039087	0.904857	-0.645662	0.009454	0.641655	-1.120290	-0.492271	1.370776	-0.434185	1.390062	1.272388	1.362071	0.128218	-0.710527	-1.798370	-0.577121	1.554551	-1.202281	-1.303750	0.387051	-1.101909	-1.042347	-0.560524	-1.679422	-1.782651	-0.400838	-0.412648	-0.631296	-0.342599	0.542860	1.111069	0.772396	1.485545	1.124347	0.095016	-0.199021	-0.728764	-0.803738	-1.581768	-1.048614	-0.978259	0.728257	-0.621876	0.500708	0.029177	-1.673368	-1.891879	0.309313	0.988426
-1.488418	0.541012	-1.529892	-1.648993	-1.541224	-1.221959	0.391332	0.414279	0.031473	-0.778059	-0.504608	-2.296614	-2.012966	0.049435	-0.081061	1.541010	0.895487	0.976905	-0.001102	-1.145392	-2.176987	-1.253478	1.092733	-2.886201	-1.618150	-0.025046	-1.903197	-0.361230	0.522543	-1.437452	-2.433194	-1.197107	-1.158155	-0.564200	-0.135300	-1.034161	0.767951	0.591954	1.491904	1.267376	-0.205190	-0.569354	-1.233139	0.528203	-1.633929	-1.440346	-2.517277	0.766710	-0.661798	1.494646	0.358349	-0.574518	-0.933287	0.248623	2.221089
-2.079631	0.810359	-1.390369	-1.368485	-2.050441	-2.107709	-0.234617	-0.390468	0.418308	-1.128321	-1.259265	-2.398231	-2.290055	-1.560090	-0.278094	0.245856	0.267366	0.068846	-0.604187	-1.301655	-1.658856	-1.631806	-0.117796	-2.732367	-1.519788	-0.675328	-1.951328	0.298013	1.013653	-0.926292	-2.034804	-1.282681	-1.726936	-0.546072	-0.448136	-1.602477	-0.141984	-0.040894	0.263101	0.378184	-0.628610	-0.436440	-0.841889	0.760554	-1.148613	-0.944996	-2.691409	-0.325836	-0.306106	0.936339	-0.160341	0.402231	0.427673	0.085525	1.531862
-1.734472	-0.007142	-0.440997	-0.356159	-1.267303	-1.363804	-0.485873	-0.840511	0.211687	-0.851004	-1.136069	-1.417590	-1.126172	-1.670840	-0.877795	-1.237350	-0.169858	-0.790559	-1.153297	-1.108487	-0.631783	-1.184946	-0.901834	-0.685333	-0.820564	-1.251797	-1.078137	0.497820	0.803652	-0.288124	-0.493488	-0.648293	-1.601052	-0.786329	-0.242858	-0.397192	-0.568103	-0.315871	-1.107076	-0.508205	-0.571607	0.219812	-0.211932	-0.139077	-0.193269	0.071549	-1.046945	-1.435438	0.448711	-0.339857	-0.810010	0.453069	1.419281	-0.123166	-0.369553
-0.730235	-0.677674	0.393145	0.569190	-0.006902	0.127496	-0.690823	-0.613835	-0.165043	-0.516333	-0.557412	-0.149429	0.375206	-0.073363	-1.029501	-1.277707	-0.516447	-1.423876	-1.093643	-0.741523	0.307351	-0.042283	-0.653465	1.471248	0.295218	-1.507709	0.359521	0.435988	0.502075	0.525737	1.349316	-0.068255	-0.619211	-0.890709	1.145061	1.302989	0.009471	0.256273	-1.334421	-0.506811	0.144119	0.648044	-0.242464	-0.969347	0.757287	0.558608	1.124468	-1.232158	1.093725	-0.922197	-0.684465	-0.010756	1.806476	-0.270429	-1.584467
0.314895	-0.596546	0.469658	0.911268	0.615069	0.767951	-1.425413	-0.101614	-0.278952	-0.731337	-0.381802	0.567597	0.785441	1.364694	-0.218898	0.087550	-1.180306	-2.119918	-0.848644	-0.769828	0.720887	0.910248	-0.089220	1.803015	1.122177	-1.516004	1.547022	0.577003	0.262820	1.179140	2.272349	-0.374531	0.631871	-0.345409	2.631104	1.542465	0.914534	1.178954	-0.390636	0.041816	0.826924	-0.056861	-0.979964	-1.043698	0.813207	-0.168745	1.743355	0.172348	0.892005	-0.742187	-0.133233	-0.034389	1.632517	-0.462149	-1.354052
1.024499	-0.463191	0.177750	0.904818	0.320022	0.063037	-2.472949	0.081302	-0.241709	-1.249634	-0.873840	0.565852	-0.276431	0.856034	1.080705	1.184473	-2.031234	-2.760170	-1.139771	-1.400802	0.588117	0.924781	-0.308677	0.109035	1.103774	-1.348688	1.723646	1.010047	-0.259895	1.087269	1.727392	-1.489621	1.329988	0.656801	2.457907	-0.118711	1.027910	1.432554	0.530917	0.148367	0.705546	-1.645285	-1.576084	-0.684028	-0.315775	-1.478941	0.117262	1.311503	-0.160998	-0.627645	-0.130783	0.620011	0.877104	-0.823456	-0.511252
1.365614	-0.873079	0.258589	0.948562	-0.285038	-0.926130	-2.730304	-0.235116	-0.408244	-1.239643	-1.417596	0.249212	-1.807058	-1.108756	1.832661	0.751140	-2.182978	-2.501902	-1.665961	-1.928887	0.211854	0.219974	-1.350219	-1.973397	0.444791	-0.824879	0.821775	1.250932	-1.064006	0.181062	0.296665	-2.280786	1.196268	1.259762	0.448241	-2.129007	0.099498	0.534769	0.425326	-0.475405	-0.074113	-2.549355	-1.319649	-0.365910	-1.649511	-1.975720	-2.132865	1.027487	-1.112443	-0.700778	-0.735428	1.174589	-0.341958	-1.110087	-0.044194
1.336475	-1.206345	0.676480	0.962895	-0.581931	-1.014663	-1.548978	-0.689248	-0.746254	-0.434003	-1.297205	-0.022500	-2.487405	-2.384739	1.470951	-0.613587	-0.984923	-0.889544	-1.378984	-1.516617	-0.097198	-0.310067	-2.121019	-2.672436	-0.158449	0.058242	-0.385325	0.795227	-1.560970	-0.797295	-0.876715	-1.659883	0.615019	0.965823	-1.609412	-2.696779	-0.937009	-0.924875	-0.493083	-1.107301	-0.636873	-1.542349	-0.369471	-0.129202	-1.783652	-1.065328	-2.766896	-0.297063	-1.155865	-0.329508	-1.084606	0.849770	-1.414248	-0.849758	-0.049024
0.940970	-0.532266	0.722199	0.624875	-0.511323	-0.308378	0.149134	-0.783559	-0.810038	0.430168	-0.503457	-0.176509	-1.960543	-1.801021	0.521432	-1.333876	0.924076	1.018980	-0.124334	-0.431681	-0.208856	-0.170067	-1.775189	-1.764935	-0.224753	0.663143	-0.893604	-0.110783	-1.255131	-0.980962	-1.060452	0.046737	0.158512	0.321284	-2.037257	-1.696850	-1.005449	-1.794143	-1.271756	-1.027201	-0.436198	0.659919	0.585330	0.146256	-0.416703	0.385301	-1.429725	-1.306302	-0.564842	0.564332	-0.806184	-0.073801	-1.517041	0.012609	-0.148579
0.477908	0.830875	0.165886	0.043777	-0.335192	0.146659	0.683736	-0.279436	-0.370763	0.482148	0.314845	-0.173370	-0.976430	-0.355225	0.124606	-0.746972	2.016283	1.437167	0.882623	0.099891	-0.159979	0.187161	-0.747544	-0.569390	0.194820	0.252854	-0.402950	-0.531749	-0.341435	-0.294276	-0.429439	1.156873	0.151191	0.256393	-1.126765	-0.585417	-0.011866	-1.420112	-1.391390	-0.391488	0.243084	1.997959	1.009112	0.381109	1.225242	1.046255	0.049752	-1.229219	-0.080980	1.199513	-0.567656	-0.490729	-0.479983	0.833689	-0.241993
0.413905	1.457202	-0.340144	-0.240975	-0.231247	-0.195015	-0.430200	0.592432	0.177565	-0.288356	0.509547	0.060386	-0.458811	0.345624	0.806286	0.412829	1.482131	-0.014777	0.666566	-0.548351	-0.097077	0.008519	-0.172332	-0.405773	0.674321	-0.934814	0.351416	0.060535	0.469308	0.465302	0.228933	0.431312	0.514344	0.885860	-0.419971	-0.584761	1.235111	-0.228903	-1.117573	0.080792	0.783553	1.328364	0.731315	0.388539	1.621258	0.492695	-0.064759	-0.569391	0.223189	1.077064	-0.986379	0.225702	0.824506	0.863991	-0.447866
0.781628	0.650808	-0.209532	0.046649	-0.237423	-0.787681	-1.841062	1.160497	0.201762	-1.126809	0.012406	0.354059	-0.647413	-0.031814	1.795520	1.189090	0.132741	-1.601544	-0.099197	-1.492509	-0.153026	-0.705484	-0.532417	-1.214975	0.733507	-1.692054	0.422476	1.001973	0.638828	0.515102	0.264841	-1.392564	0.841860	1.379602	-0.522239	-1.366552	1.965856	0.742543	-0.856971	-0.047796	0.888999	-0.335253	-0.102866	0.112317	0.569233	-0.523382	-1.387107	-0.293315	0.798227	0.623350	-1.649705	1.408619	1.277560	0.094473	-0.658823
1.054926	-0.493688	0.295637	0.602058	-0.314704	-0.809070	-1.917992	0.725819	-0.509740	-1.393682	-0.583199	0.330546	-1.101633	-0.746569	1.797377	1.370338	-0.576054	-1.434750	-0.042882	-1.381569	-0.214053	-1.073589	-1.261517	-1.765257	0.196006	-1.190398	-0.192936	1.198734	0.316666	-0.025129	-0.266491	-2.368612	0.730733	1.045408	-0.492760	-1.700784	1.934513	0.791592	-0.651037	-0.672307	0.698702	-1.068421	-0.988927	-0.319984	-0.585056	-0.951295	-2.045181	-0.689601	1.524853	0.420078	-1.656218	1.785493	0.664099	-0.698676	-0.566178
0.859835	-0.428454	0.613248	1.003764	-0.320196	-0.132122	-0.585148	-0.780756	-1.590060	-1.084752	-0.569814	-0.068010	-1.296066	-1.319664	0.437164	1.175634	-0.222800	0.266840	0.902104	-0.059531	0.087317	-0.373527	-1.601602	-1.123407	-0.610419	0.084024	-0.621716	0.544388	0.137682	-0.303148	-0.712808	-1.585253	0.160258	0.113338	0.433777	-1.072518	1.163105	-0.033751	-0.412417	-1.446191	0.520347	-0.221593	-1.262305	-0.671662	-0.448210	-0.460597	-1.022194	-1.213573	1.561816	0.420073	-0.770135	0.895628	-0.275003	-0.872580	-0.049195
0.477213	0.768666	0.730236	1.133093	-0.126000	0.671776	0.813685	-2.504184	-2.444550	-0.558949	0.068768	-0.395070	-1.073487	-1.742812	-1.311939	0.636403	0.299466	1.598229	1.401652	1.316600	0.877555	0.977221	-1.393943	0.294307	-1.129678	1.067123	-0.426327	-0.022346	0.418342	0.151660	-0.538798	-0.051663	-0.521231	-0.714980	1.421492	-0.187306	-0.136660	-1.202692	-0.237411	-1.951913	0.542125	1.052111	-0.711607	-0.719134	0.834473	0.349808	0.725430	-1.245262	0.494409	0.287874	0.391125	-0.447322	-0.877452	-0.682588	0.673046
0.289015	1.469865	0.881319	0.944535	0.097488	0.995112	1.271453	-3.199563	-2.608909	-0.066753	0.528261	-0.332174	-0.621730	-1.697000	-2.188601	-0.257419	0.162299	1.463520	0.727208	1.738426	1.567263	1.718562	-0.894363	1.227003	-1.145828	1.395257	-0.218940	0.042536	0.690765	0.708220	0.043292	0.789987	-0.983209	-1.090690	1.115197	0.119181	-1.241059	-2.037308	-0.193953	-1.732347	0.615924	1.397919	0.107227	-0.414005	1.786109	0.687910	1.550665	-0.749507	-0.955222	0.025932	1.139476	-1.197509	-1.146197	-0.797246	1.206883
0.012585	0.740101	0.702816	0.183508	-0.079458	0.614539	1.125564	-2.282119	-1.952081	0.313355	0.116359	-0.276656	-0.196170	-0.667048	-1.907679	-1.148747	-0.303864	0.734790	-0.111204	1.385311	1.240577	1.037545	-0.250035	0.974383	-0.960030	1.461717	-0.562232	0.071392	0.321611	0.331222	0.260723	0.796321	-1.148919	-1.111841	-0.302159	-0.020502	-1.202887	-1.934872	-0.061296	-0.632158	0.258102	0.874006	0.429505	0.065243	1.375615	0.433707	1.014589	-0.212239	-1.769049	-0.208014	1.303089	-1.268328	-1.188384	-1.152799	1.210593
-0.942347	-0.388938	-0.455353	-1.231891	-0.803047	-0.323126	1.175650	-0.453917	-0.809261	0.488745	-0.824440	-0.857881	0.099780	0.983237	-1.262459	-1.536743	-0.258531	0.681871	0.151125	1.061538	-0.254790	-0.569294	0.499338	0.118740	-0.946950	1.466930	-0.898829	-0.742922	-0.481116	-1.031968	-0.291167	0.897014	-1.094424	-0.955647	-1.170333	0.186471	0.013555	-0.810959	0.389409	0.837310	-0.869124	0.599321	0.082568	0.482719	0.175078	0.137700	0.146739	-0.040560	-1.818887	-0.575287	1.108633	-1.322507	-0.718222	-0.912725	0.659247
-2.355848	-0.421473	-2.237128	-2.660457	-1.557277	-1.366540	1.397423	0.829259	0.160059	0.387217	-1.282766	-1.896287	0.350272	1.963622	-1.124266	-1.331184	0.291106	1.123832	1.102720	1.086397	-1.831854	-1.776855	1.148690	-0.156091	-1.074476	1.088334	-0.325298	-1.935760	-0.732657	-2.151132	-1.032582	1.546907	-0.931027	-0.802091	-0.549132	1.049903	1.110214	0.541636	0.981084	1.831731	-2.287888	1.070015	-0.465638	0.737561	-0.481980	0.200721	0.047789	-0.072666	-1.723644	-1.273808	0.862150	-1.573369	0.383299	0.185757	0.049485
-3.038372	0.549659	-3.110932	-3.059813	-1.606000	-1.863889	1.101875	0.727404	0.533120	0.165533	-0.803195	-2.350501	0.665731	1.564052	-1.528260	-0.909870	0.426871	0.889783	1.196557	1.121617	-2.134115	-1.719621	1.424022	0.659436	-0.945127	0.210296	0.934117	-2.143532	0.102328	-1.842612	-0.985492	2.102344	-0.774967	-0.862736	0.597532	1.996032	0.815709	1.017019	1.289060	1.973044	-2.805078	1.497241	-0.724382	0.846036	-0.113400	0.377478	0.715359	0.212453	-1.722165	-1.892572	0.824943	-1.416423	1.453967	1.123400	0.078918
-2.121826	1.148418	-2.033978	-2.047698	-0.790390	-1.369941	0.181117	-0.149313	0.552520	0.162654	0.081978	-1.529661	0.975882	0.593410	-1.773798	-0.661826	-0.335419	-0.291346	0.038642	0.844514	-0.979563	-0.715716	1.310988	1.901084	-0.236694	-0.539593	1.658886	-0.849645	1.333336	-0.353734	0.024099	1.808994	-0.617945	-1.072858	0.867860	2.322354	-0.489511	0.415993	1.175343	1.593584	-1.703856	1.028792	-0.588644	0.808576	0.597346	0.278041	1.354810	0.953216	-1.317250	-1.648044	1.107497	-0.410867	1.646172	0.854318	0.805273
-0.171799	0.721047	0.162887	-0.378155	0.364661	-0.101113	-0.466645	-0.455660	0.781348	0.559718	0.716846	0.038147	1.083886	0.283382	-1.272142	-0.591627	-1.216008	-1.263476	-0.932271	0.367756	0.458746	0.277899	1.076167	2.478258	0.913629	-0.367611	1.179156	0.846098	1.787343	0.934557	1.070722	0.868219	-0.254373	-0.921667	0.328466	1.987593	-1.129629	-0.214940	0.946219	1.191868	0.248927	0.041322	-0.227629	0.623168	0.897954	0.060240	1.452356	1.620436	-0.186595	-0.403662	1.516464	0.903130	1.001810	-0.172319	1.354928
1.341176	0.113831	1.612385	0.812770	1.271840	1.134093	-0.031294	0.373070	1.349170	1.160585	1.127143	1.256135	0.975086	0.706373	-0.131777	-0.342942	-1.075820	-0.941913	-0.393907	0.018222	0.980432	0.706822	0.962943	1.975572	1.868229	0.688040	0.132454	1.448697	1.122768	1.086398	1.171201	0.147059	0.409769	-0.007023	0.192523	1.455778	-0.189537	0.210295	0.947270	0.916135	1.431426	-0.348137	0.162556	0.446553	0.812499	0.240124	1.174932	1.667170	1.079581	0.991428	1.664850	1.522838	0.393297	-0.501139	0.934367
1.489696	0.333599	1.389405	1.035666	1.641333	1.530032	1.057114	1.550480	1.757786	1.497812	1.589003	1.605704	0.883856	0.898865	1.000237	0.347776	0.139670	0.307608	1.049147	-0.012209	0.553791	0.702428	0.952143	0.908607	1.873431	1.590167	-0.413189	0.699314	0.117838	0.485427	0.368839	0.051081	0.985233	1.249244	0.911468	0.981417	1.296036	1.451276	1.089365	0.614708	1.069918	0.198416	0.493728	0.546097	0.776406	0.885603	0.852231	1.183832	1.561651	1.568283	1.339668	1.042393	0.374652	0.441664	-0.025100
0.546263	1.085644	0.167867	0.599664	1.297888	0.868435	1.486146	1.878307	1.452786	1.092414	1.748900	1.255491	0.922429	0.347888	1.445518	1.162489	1.288705	1.153255	1.636115	0.210598	0.009687	0.519265	0.777323	0.006983	0.732578	1.220379	-0.119092	-0.340051	-0.292576	0.091116	-0.414187	0.095384	0.884674	1.778595	1.459209	0.356753	1.531330	2.141093	0.829278	0.130224	-0.051217	0.792439	0.769217	0.856980	0.800337	1.316347	0.485259	0.589162	1.094253	1.107404	0.628102	-0.075362	0.558710	1.628990	-0.360800
-0.563848	1.096548	-0.883439	0.029989	0.268607	-0.297263	0.514587	1.024602	0.443813	-0.229358	0.890266	0.445690	0.885540	-0.286083	0.945693	1.387503	1.263966	0.789928	0.589662	0.380335	-0.123216	0.152419	0.142407	-0.507173	-0.774731	-0.529434	0.519037	-0.644770	-0.025780	0.265871	-0.434392	-0.371136	0.156153	0.948703	0.776899	-0.630168	0.096314	1.393593	-0.264108	-0.573403	-0.661402	0.388776	0.858379	0.712413	0.311662	0.697909	-0.100391	-0.064228	0.361163	0.039409	-0.321942	-1.077486	0.356936	1.770939	0.181812
-1.099059	-0.253952	-1.252627	-0.371154	-0.763050	-0.996010	-1.218957	-0.196091	-0.645691	-1.985838	-0.816256	-0.581608	0.661608	-0.086785	-0.058455	0.787301	0.015503	-0.402560	-1.151919	0.136386	-0.062152	-0.387565	-0.949476	-0.863027	-1.399290	-2.551972	0.912698	-0.271229	0.202577	0.600239	0.181863	-1.286509	-0.285593	-0.627732	-0.687647	-1.718287	-1.560262	-0.101383	-1.823190	-1.398238	-0.403232	-1.102423	0.394354	-0.531668	-1.095573	-1.106591	-0.843980	-0.992690	-0.014238	-1.088999	-1.374135	-1.508290	-0.042535	0.903030	0.550519
-0.912145	-2.035437	-1.099477	-0.535239	-0.773486	-0.645821	-2.352587	-0.679436	-1.082071	-3.044539	-2.025355	-1.243899	0.566054	0.880635	-0.677375	0.000475	-1.533716	-1.420061	-2.149020	-0.518315	-0.168077	-0.811858	-1.983794	-1.174350	-0.672859	-3.413624	0.922651	0.010227	-0.170462	0.598593	0.735021	-1.856011	0.326847	-1.589450	-1.510007	-2.288353	-1.848611	-0.868778	-2.732552	-2.052262	0.047606	-2.776011	-0.700857	-2.453320	-2.823171	-3.183075	-1.364493	-1.964544	-0.078979	-1.806750	-2.124502	-1.334292	0.035054	0.231824	-0.093346
-0.386501	-2.703493	-0.688646	-0.523220	0.361138	0.347647	-2.048646	-0.090842	-0.638876	-2.406077	-1.657760	-0.971103	0.867266	1.622564	-0.474349	-0.273994	-2.244274	-1.492916	-1.830847	-1.019600	-0.372220	-0.827588	-2.182100	-1.172209	0.490763	-2.530731	0.717437	-0.209878	-0.853220	0.195142	0.730529	-1.352157	1.484126	-1.217147	-1.113288	-1.906488	-0.812628	-0.378791	-2.156268	-2.071157	0.007147	-3.454936	-1.602935	-3.550738	-3.455102	-4.050488	-1.242458	-2.196062	-0.184305	-1.745540	-1.932350	-0.779471	0.575655	0.530932	-1.146479
-0.036954	-1.764090	-0.173417	-0.455557	1.427293	0.988124	-0.609443	0.882794	0.213561	-0.275751	-0.234878	-0.021172	1.168893	1.414294	-0.012557	-0.194700	-1.530164	-0.589419	-0.678410	-0.771419	-0.373275	-0.498129	-1.183878	-0.575067	0.830568	-0.600891	0.390786	-0.578413	-1.078258	-0.308755	0.288299	0.093124	1.793396	-0.151842	-0.334789	-0.719185	0.179652	0.437077	-0.487442	-1.141419	-0.395979	-2.505106	-1.150690	-2.650155	-2.138056	-2.811678	-0.398823	-1.209684	-0.377190	-0.897509	-0.656083	-0.158757	0.688434	1.180418	-1.421819
-0.082242	-0.259378	0.234095	-0.428400	1.185326	0.734349	0.829368	1.253487	0.764561	1.836127	0.701887	0.609079	0.774751	0.543922	-0.089342	-0.409427	0.183683	0.551745	0.432703	0.071804	-0.156148	-0.155097	0.486693	0.373136	0.231243	0.989534	-0.096908	-0.625447	-0.642229	-0.590777	-0.138007	1.498403	0.609383	0.428146	-0.126184	0.621398	0.167978	0.441780	1.001619	0.441977	-0.518317	-0.389705	0.653732	-0.235303	0.237785	-0.108072	0.674892	0.413855	-0.431368	0.186194	0.755427	0.223799	-0.120815	1.048421	-0.808952
-0.400313	0.372500	0.235811	-0.478254	-0.213899	-0.086202	1.127835	0.659246	0.723486	2.422338	0.282624	0.310061	-0.336159	-0.245413	-0.599372	-0.968159	1.666467	0.982590	0.878629	0.650649	-0.071714	-0.054665	1.782377	0.923044	-0.337725	1.204148	-0.703040	-0.483079	-0.316363	-0.597368	-0.298318	1.900625	-1.169716	0.143358	-0.401563	1.393927	-0.545909	-0.380692	1.462646	1.758497	-0.166548	1.487965	2.263951	1.883792	1.672501	2.216203	1.125590	1.426213	-0.320235	0.739976	0.928745	0.193327	-1.104956	-0.011298	-0.361618
-0.777992	-0.265073	-0.217719	-0.589956	-1.539725	-0.858429	0.045666	-0.364135	0.392512	1.417995	-0.937577	-0.448143	-1.358410	-0.644661	-0.751798	-1.189032	1.866697	0.473110	0.595441	0.373332	-0.384798	-0.189129	2.028879	0.535149	-0.275628	0.101495	-1.216968	-0.625842	-0.928180	-0.519601	-0.279818	1.225752	-2.144388	-0.381693	-0.471861	1.282723	-1.128732	-1.087471	1.130124	1.963392	0.094739	1.882753	2.218786	2.260089	1.105511	2.698937	0.489181	1.139572	-0.322821	0.503712	-0.406931	-0.144133	-1.251063	-1.023406	-0.777992
-0.980384	-1.228155	-0.631098	-0.621022	-1.867393	-1.235861	-1.379452	-0.921370	0.245588	0.154803	-1.701093	-0.719497	-1.567292	-0.817226	-0.350800	-0.638321	0.889825	-0.170906	0.026304	-0.380561	-0.837936	-0.305294	1.416795	-0.435797	-0.020748	-1.180888	-1.395312	-0.965622	-2.081843	-0.414276	-0.169436	0.236119	-1.869921	-0.524142	-0.044349	0.580656	-1.176861	-0.944642	0.681146	1.085478	-0.180812	0.856416	0.830214	1.086035	-0.452517	1.541263	-0.639696	0.159604	-0.569527	0.067001	-1.843268	-0.377972	-0.671960	-1.159389	-1.444111
-0.688678	-1.234939	-0.277881	-0.274023	-1.204507	-1.028046	-1.616298	-0.564292	0.477174	-0.104705	-1.179850	-0.100867	-0.984395	-0.893788	-0.102720	0.265203	-0.151828	-0.029991	-0.281849	-0.723556	-0.789337	-0.057249	0.674987	-0.935409	-0.085633	-1.334768	-1.103411	-0.712693	-2.266316	0.023376	0.150046	-0.312062	-0.983999	-0.388072	0.662996	-0.007621	-0.854721	-0.110368	0.411737	-0.012442	-0.484024	-0.336487	-0.263517	-0.179492	-1.106480	0.234553	-0.977115	-0.269126	-0.683757	0.310608	-1.664413	-0.084678	-0.318616	-0.604246	-1.293410
0.232641	0.019615	0.981533	0.619849	-0.041707	-0.064680	-0.203514	0.306148	0.955854	0.625852	0.421714	1.010903	-0.060088	-0.869069	-0.422970	0.791898	-0.371243	0.724162	-0.185353	-0.317398	0.104280	0.705040	0.405861	-0.224905	-0.142844	-0.122971	-0.428738	0.536611	-0.607137	1.018880	0.726048	-0.283806	-0.228777	-0.359995	1.400666	0.142911	-0.542574	0.695827	0.288652	-0.516106	0.058329	-0.579229	-0.074472	-0.351948	-0.185968	-0.006971	0.113874	0.332374	-0.121397	1.365327	0.201599	0.715061	-0.507185	-0.055327	-0.266290
1.345828	1.456317	2.332970	1.740761	1.131265	1.423572	1.567563	0.769636	1.425605	1.341886	1.993813	1.924717	0.836689	-0.824847	-0.684449	0.671350	-0.031363	0.939349	-0.078537	0.233955	1.377359	1.691177	0.666011	1.301475	0.385747	1.300904	0.173627	1.918627	1.744428	2.091953	1.265658	0.003095	0.167165	-0.374012	1.938546	1.056355	-0.534005	0.881897	0.368785	-0.367786	1.330471	0.044657	0.707593	0.364224	1.174090	0.643066	1.778800	1.132445	1.073990	2.276284	1.984801	1.465682	-0.566333	0.102697	0.531712
1.882778	1.624270	2.730019	2.415000	1.893113	2.571754	1.931924	0.254501	1.658379	1.274816	2.346982	2.205681	1.405017	-0.810796	-0.180750	0.146860	-0.083796	-0.072509	-0.418867	0.104182	2.105452	2.293471	0.976950	2.395243	1.254396	1.602312	0.039287	2.064793	2.571184	2.301464	1.377290	0.244395	0.262918	-0.045831	1.847114	1.984205	-0.818343	0.362905	0.670665	-0.075733	2.095404	0.563031	0.755369	0.808824	1.509810	1.032147	2.471497	1.026977	2.056348	1.990457	2.029369	1.600860	-0.086837	-0.143259	0.154889
1.561401	0.306906	1.965867	2.230853	1.981493	2.528552	0.638907	-0.758087	1.540598	0.607300	1.350182	1.888695	1.375355	-0.568786	0.741849	-0.398008	-0.888039	-1.549436	-1.061100	-0.727334	1.833161	2.067816	0.774894	2.109313	1.602836	0.762502	-0.962147	0.742893	1.088894	1.330751	0.996403	0.283623	0.152044	0.644245	0.828428	1.914944	-1.012701	-0.427948	0.827338	-0.034240	1.441245	0.329195	-0.193641	0.336992	0.702520	0.479753	1.589311	0.063092	1.977959	0.635606	0.645895	1.097532	0.298868	-0.678090	-0.995514
0.914131	-1.040836	0.810267	1.409881	1.529920	1.377863	-0.733417	-1.026213	1.125430	0.059342	0.257510	1.356717	0.879500	0.185788	1.208812	-0.629078	-1.659635	-2.029839	-1.224723	-1.333618	0.986313	1.119432	0.056583	0.692657	1.172726	0.031365	-1.878378	-0.754884	-1.034953	0.009637	0.377831	0.021155	0.106887	1.239679	-0.654669	0.563767	-0.631807	-0.784853	0.418955	-0.171097	-0.097827	-0.250843	-1.032090	-0.392829	-0.088448	-0.334980	0.039478	-0.535813	0.971812	-0.531278	-0.367503	0.362279	-0.093473	-1.103986	-1.516973
0.595689	-0.853917	0.089830	0.485034	0.998322	0.095610	-0.629750	0.137705	0.580754	0.062413	0.432385	0.945179	0.521448	1.156449	1.081528	-0.342858	-1.363501	-0.934270	-0.342333	-0.848318	0.247561	0.005660	-0.483700	-0.662621	0.678653	0.370864	-1.463230	-1.091204	-1.593412	-0.594605	-0.252400	-0.470970	0.488497	1.356940	-1.534872	-1.106695	0.462435	-0.249357	-0.288266	-0.155471	-1.209683	-0.283010	-0.706020	-0.322625	-0.013089	-0.196400	-0.854916	0.147844	0.029249	-0.532054	0.094948	-0.265858	-0.792340	-0.752536	-0.481561
0.554151	0.592729	-0.128997	-0.262277	0.693009	-0.513189	0.659612	1.840521	0.078558	0.467735	1.637585	0.577058	0.653338	1.550388	0.918430	0.330297	-0.041589	0.857164	1.123799	0.487036	-0.254521	-0.736605	-0.226519	-0.958058	0.765216	1.319845	0.271280	-0.408721	-0.417193	-0.439532	-0.814780	-0.775372	1.171670	1.016488	-1.180526	-1.660410	1.817521	0.863269	-0.435688	0.163326	-1.304786	0.416482	0.380654	0.514390	0.435665	0.987850	-0.714452	1.527497	-0.182332	0.269769	1.225628	-0.619013	-0.697034	0.504669	1.526349
0.207296	1.382732	-0.363755	-0.886030	0.463552	-0.565609	1.398045	2.298000	-0.267695	0.847009	2.147982	-0.070293	0.823007	0.967278	0.876999	0.891198	1.053290	1.918296	1.973526	1.505824	-0.837419	-0.974791	0.512160	-0.269881	1.094229	1.576203	1.840967	0.018961	0.619827	-0.429589	-1.178562	-0.439124	1.418247	0.473859	-0.090666	-0.677760	2.569691	1.568914	0.294391	0.510902	-0.924788	0.967221	0.762849	0.930594	0.277475	1.849216	-0.230009	2.078392	-0.039642	0.663696	1.366907	-0.491679	0.360443	1.603310	2.805234
-0.579896	0.346073	-0.919633	-1.365829	0.027122	-0.609255	0.517503	0.789277	-0.448147	0.835247	0.896868	-0.931282	0.410952	-0.079612	0.514982	0.893450	0.805238	1.554363	1.441370	1.367236	-1.455818	-0.923222	0.755646	0.486583	0.873792	0.501647	1.984189	-0.473908	0.120231	-1.048718	-1.108399	0.383980	0.757982	0.062520	0.620102	0.742543	2.053367	1.101343	1.013597	0.418277	-0.737702	0.456299	-0.268104	0.178859	-0.445112	1.154727	-0.180420	1.030344	-0.262229	-0.021229	-0.049991	0.192857	1.283149	1.160819	2.031354
-1.090086	-1.365484	-1.465963	-1.390745	-0.506136	-0.674506	-1.061383	-1.338284	-0.557187	0.296142	-1.022424	-1.320385	-0.326868	-0.744699	-0.205228	0.433692	-0.427574	0.295152	-0.034477	0.449963	-1.449014	-0.755371	0.087188	0.588714	0.004501	-1.112787	1.094786	-1.103770	-1.086373	-1.562481	-0.538470	0.907232	-0.228129	0.143430	0.313742	1.179248	0.486622	-0.272146	0.612397	-0.222158	-0.640826	-0.860364	-1.616684	-0.899726	-0.703873	-0.641792	-0.583894	-0.771642	-0.783550	-1.178400	-1.871671	0.973625	1.061892	-0.756905	-0.378504
-0.606001	-1.695361	-1.417561	-0.733932	-0.687463	-0.276574	-1.433816	-1.965260	-0.625408	-0.545337	-1.619554	-0.643740	-0.426001	-0.715228	-0.504151	0.082081	-1.068828	-0.611874	-1.207914	-0.090834	-0.339588	-0.380534	-0.769990	0.162898	-0.806301	-1.776357	0.494566	-0.782380	-1.165123	-0.968564	0.219052	0.603316	-0.491179	0.769362	-0.700657	0.363949	-1.036515	-1.453713	-0.730308	-0.909136	-0.155568	-1.707673	-1.486010	-0.871584	-0.047742	-1.873214	-0.805472	-1.798492	-0.774926	-1.583673	-2.436876	1.080685	-0.061174	-2.280903	-2.369699
0.558222	-0.278363	-0.627106	0.290635	-0.333753	0.670056	0.087502	-0.452326	-0.468200	-1.112268	-0.476085	0.736402	0.462605	-0.263074	0.176813	0.281098	-0.022030	-0.302417	-1.135225	0.402310	1.327193	0.302044	-0.813219	-0.199222	-1.007642	-0.826495	0.665873	0.337038	0.240628	0.527637	0.679743	-0.102198	0.174780	1.326005	-1.606398	-0.764930	-1.521237	-1.554578	-1.603169	-0.958603	0.638909	-1.153432	0.515534	0.362394	0.641325	-1.507851	-0.369315	-1.414693	0.193037	-0.763439	-1.250954	0.318255	-1.030222	-1.673208	-2.087706
1.287602	1.241291	0.381851	0.984205	0.191871	1.449744	2.069037	1.718481	0.087930	-0.884494	0.837340	1.702795	1.443416	0.309603	1.220622	0.896777	1.999660	0.815197	0.008104	1.342282	2.274474	1.011667	0.108843	-0.229214	-0.784916	0.797123	0.869727	1.004833	1.529125	1.565878	0.598781	-0.365204	0.868922	0.964334	-1.742880	-1.186688	-1.000535	-0.639182	-1.003999	-0.131586	1.100786	0.418680	2.695857	1.378717	0.390286	-0.093148	0.437209	-0.267237	1.388694	0.436894	0.594984	-0.611370	-1.200539	0.589385	0.174892
0.904096	1.421957	0.849861	0.880423	0.419742	1.295681	2.434638	2.623408	0.786010	0.044533	0.845640	1.524157	1.426648	0.888477	1.490053	1.379941	3.069682	1.363349	1.108227	1.495224	1.686570	1.169305	1.308307	-0.156724	-0.573094	1.483084	0.431526	0.445818	1.185289	1.211911	0.132750	0.005401	0.722168	-0.341830	-0.935871	-0.636028	-0.256906	0.518745	0.569043	1.175356	0.865558	1.752539	2.948661	1.125036	-0.442420	1.102115	0.856156	0.739268	1.570519	0.814004	1.560498	-0.975916	-0.791413	2.225612	2.153763
-0.189686	0.556372	0.420766	0.086739	0.246000	0.240275	0.705664	1.851202	0.971912	0.911438	-0.157241	0.502958	0.430121	1.298108	0.712158	1.257369	2.061473	0.498900	1.158244	0.338021	-0.033201	0.471996	2.062323	-0.247005	-0.451080	0.663362	-0.302996	-0.760184	-0.400974	-0.039999	-0.367526	0.393804	-0.113193	-1.511683	0.412005	0.399995	0.212102	1.176314	1.797388	2.199182	0.168285	1.914057	0.990240	0.215910	-0.720784	1.377419	0.513461	1.308540	0.339441	0.158737	1.050508	-0.898852	-0.343087	1.681001	1.983738
-1.128434	-0.322231	-0.564026	-0.885914	-0.161897	-0.980689	-1.504968	0.478614	0.228510	0.918974	-0.924575	-0.605028	-0.647145	1.237242	-0.339563	0.439000	-0.121547	-0.994707	0.186797	-1.302677	-1.702839	-0.710284	1.956896	-0.497585	-0.294958	-0.652884	-0.597823	-1.459727	-1.577651	-1.057124	-0.660998	0.236083	-0.829039	-1.504668	1.388808	1.062723	0.515515	1.027605	1.839795	2.240463	-0.639132	0.924896	-1.373053	-0.205043	-0.276020	0.819986	-0.245089	1.429530	-1.326483	-0.711714	-0.283295	-0.937835	-0.113672	-0.247387	0.141586
-1.430593	-0.936491	-1.291273	-1.421273	-0.602805	-1.606262	-2.224844	-0.522030	-1.052344	-0.012415	-1.015533	-1.414035	-1.265259	0.593988	-0.909055	-0.746370	-1.532182	-1.530784	-0.888559	-2.096552	-2.371088	-1.593518	0.748331	-0.803867	-0.173697	-1.114127	-0.411500	-1.133127	-1.418709	-1.356810	-0.750559	-0.365002	-0.944517	-0.524362	1.130987	0.658461	0.744437	0.196132	0.765497	1.104680	-1.284090	-0.543647	-2.236088	-0.196447	-0.187904	-0.241505	-0.920953	0.851266	-1.972545	-1.107889	-1.333857	-1.051437	-0.007027	-1.498296	-1.270712
-1.073501	-1.467544	-1.058994	-1.056914	-0.757866	-1.286052	-1.080032	-1.116974	-1.868873	-1.104776	-0.920679	-1.850384	-1.608223	-0.364788	-0.885187	-1.650626	-1.266502	-0.611041	-1.284280	-1.612086	-1.866839	-1.617314	-1.349886	-1.113621	-0.181495	-0.468205	-0.313931	-0.121057	-0.452283	-1.204278	-0.800703	-0.944820	-0.557570	0.352366	-0.251324	-0.699995	0.648242	-0.809995	-0.801691	-0.657395	-1.272409	-1.728721	-1.487678	-0.642199	-1.056773	-1.364864	-1.407197	-0.451466	-1.078028	-1.026508	-1.427413	-0.646014	0.167852	-1.035733	-0.913886
-0.186845	-1.512643	0.144755	0.141377	-0.270526	-0.219469	0.562392	-1.482657	-1.526709	-1.373667	-0.811259	-1.672781	-1.811045	-1.230731	-0.415015	-1.681834	-0.223207	0.614756	-1.029169	-0.665842	-0.675389	-0.869129	-3.200126	-1.300893	-0.096445	0.434993	-0.539590	0.942851	0.381867	-0.838753	-0.919220	-1.217802	0.073801	0.563507	-1.500647	-1.982522	0.153073	-1.282916	-2.063430	-2.043238	-0.210989	-2.026597	-0.477703	-1.479191	-1.811757	-1.757959	-1.713246	-1.643733	0.475561	-0.529717	-0.639805	0.372366	0.437467	0.291710	0.552574
0.881913	-0.506092	1.541992	1.376740	0.656631	0.825372	1.157559	-1.388357	-0.404014	-0.553232	-0.241833	-0.686550	-1.600236	-1.778401	0.344097	-0.939247	0.238836	0.839069	-0.599005	-0.271470	0.446036	0.009835	-3.380030	-1.143241	0.289855	0.790696	-0.737271	1.552642	0.757151	-0.233246	-0.964646	-1.120841	0.642455	0.496207	-1.454055	-2.145452	-0.297144	-0.924803	-2.381721	-2.330144	1.265723	-1.184441	-0.153323	-1.527862	-1.011305	-0.763209	-1.520950	-1.723608	1.315033	0.578076	0.371425	1.256210	0.569190	0.956841	1.477098
1.461681	0.994291	2.169739	1.692977	1.074725	0.945703	0.438329	-0.801528	0.347439	0.558470	0.740153	0.613387	-0.943062	-1.958101	0.897650	-0.305766	-0.087743	0.118417	-0.208640	-0.519961	0.910371	0.382568	-1.760834	-0.612178	0.596123	0.581948	-0.685574	1.453197	0.811630	0.480283	-0.610753	-0.647702	0.636993	0.562916	-0.376685	-1.203643	-0.242908	-0.301489	-1.729969	-1.581162	1.720602	0.351347	-0.134733	-0.337661	1.049304	1.085017	-0.558368	-0.837129	0.894689	1.984143	0.798997	1.322480	0.281927	0.389044	0.980960
1.123910	1.556510	1.727675	1.016926	0.300211	0.009915	-0.611000	-0.387468	0.011977	0.801577	1.179820	1.257264	-0.417334	-1.695624	0.612521	-0.425555	-0.354242	-0.476870	0.247943	-0.694731	0.739232	0.251996	0.067065	-0.017298	0.221032	0.238897	-0.661082	0.838105	0.645347	0.952878	0.281347	0.013680	-0.223447	0.553589	0.462244	-0.147908	0.281147	-0.229070	-0.785824	-0.460532	0.682127	1.520552	0.311058	0.878764	2.477555	2.140758	0.685363	-0.125657	-0.085383	2.498468	0.301234	0.711505	-0.345247	-0.697407	-0.333125
0.357724	0.686385	0.803818	0.347071	-1.039446	-0.998987	-0.909994	-0.697980	-0.921078	-0.169425	0.488955	0.888743	-0.492658	-0.973291	-0.333835	-0.722518	-0.008067	-0.306324	0.725174	-0.292356	0.571685	0.290767	0.501790	0.319457	-0.638509	0.029401	-0.868851	0.379616	0.380674	1.096317	1.340112	0.380087	-1.307126	0.177230	0.461581	0.186402	0.928528	-0.649331	-0.284402	0.344085	-0.446773	1.558204	1.028658	0.809517	2.091839	1.395540	1.204060	-0.179839	-0.511342	1.248945	-0.598586	0.019645	-0.789902	-1.332405	-1.123496
0.098139	-0.449720	0.200290	0.557400	-1.621856	-0.984976	-0.235165	-1.288590	-1.410643	-1.487822	-0.533593	0.168020	-0.839852	-0.124713	-0.847399	-0.114408	0.556686	0.307719	0.866926	0.410294	0.931921	0.985377	-0.258558	0.409463	-1.033628	0.025150	-0.984813	0.610981	0.324251	1.150722	1.862379	0.134853	-1.504656	-0.345078	0.232845	-0.116883	1.365987	-0.692910	-0.306104	0.528322	-0.069794	0.785391	1.184858	-0.199951	0.711409	-0.222887	0.618970	-0.425718	-0.021185	-1.038294	-0.922612	-0.410259	-0.597811	-1.307073	-0.630730
0.458057	-0.554142	0.120064	1.226478	-1.063383	-0.041436	0.792476	-1.270277	-1.091369	-1.954902	-0.664941	-0.174250	-0.793256	0.308400	-0.289644	1.285071	0.691556	0.761988	0.421619	0.794714	1.456729	1.805002	-0.678496	0.481877	-0.582176	0.340638	-0.590864	1.209675	0.640902	1.131961	1.437579	-0.349603	-0.602557	-0.627329	0.402491	-0.395281	1.320303	-0.026335	-0.365218	0.259225	1.375215	0.171675	0.419759	-0.749851	-0.180950	-0.955715	-0.304896	-0.236257	0.729832	-2.607522	-0.242712	-0.534904	0.105176	-1.062755	0.673791
0.555246	0.235603	0.145028	1.151106	-0.218835	0.714717	1.376021	-0.444310	-0.454990	-1.217088	0.139096	-0.199064	-0.216784	0.188815	0.606016	2.027380	0.332641	0.756204	-0.350372	0.598675	1.223372	1.653114	0.060701	0.663168	-0.017469	0.962926	0.266315	1.291481	1.076845	0.683654	0.387729	-0.353550	0.395874	-0.604539	0.708919	-0.164558	0.753284	0.587172	-0.054849	0.041634	1.850053	0.192624	-0.716085	-0.297992	-0.228014	-0.384627	-0.524723	0.149950	0.920937	-2.427538	0.845903	-0.267685	0.823976	-0.809805	1.682663
-0.108447	0.893485	-0.074188	0.011159	0.250795	0.638382	1.147246	0.613374	0.058106	0.019501	0.798349	-0.277993	0.507630	-0.032031	0.820515	1.207820	-0.062795	0.188574	-0.849675	0.056410	0.024632	0.288519	1.124297	0.881625	0.014620	1.391226	1.251024	0.543382	1.300156	-0.235252	-0.488880	0.242641	0.664494	-0.291605	0.673326	0.520236	0.100669	0.487944	0.562563	0.307997	0.432657	0.455775	-1.420514	0.381145	-0.028517	0.260277	0.125887	0.215532	0.484157	-0.982640	1.375054	0.451363	1.327501	-0.187824	1.742143
-0.739794	1.024715	-0.363909	-1.049030	0.718932	0.297606	0.291715	1.306840	0.525367	0.761174	0.588603	-0.244738	1.090949	0.097622	0.533926	-0.301260	-0.183786	-0.931451	-0.764435	-0.445975	-1.057680	-1.141947	1.179044	0.929174	-0.032550	0.908611	2.152115	-0.308407	1.301439	-0.915742	-0.626655	0.696493	0.635337	0.450506	0.436597	1.136334	-0.092213	0.155355	1.003842	0.886195	-1.358871	0.397187	-1.371515	0.490986	0.141027	-0.061499	0.852721	0.014333	0.029318	0.477619	0.992971	1.250796	1.732757	0.981136	1.048935
-0.292458	0.980022	-0.318252	-0.805713	1.523175	0.460242	-0.705447	1.368253	0.929824	0.544186	-0.101198	0.292752	1.452713	0.530266	0.656689	-1.025555	-0.242245	-2.186002	-0.430001	-0.641969	-0.760951	-1.332525	-0.040404	0.569313	0.475497	-0.503848	2.750263	-0.370571	1.212136	-0.621786	-0.109437	0.300774	1.115267	1.368944	0.320002	1.044575	0.132846	0.336606	0.681484	1.023290	-1.475610	-0.042396	-0.796428	0.114830	0.476899	-0.898366	0.853128	-0.079680	-0.010614	1.046383	0.214015	1.408906	1.905592	1.914672	0.201906
0.986509	0.764599	0.162026	0.467428	1.898513	0.923831	-1.332873	0.709188	0.711262	-0.318678	-0.540011	1.016179	1.415135	0.920989	1.144190	-0.672327	-0.647741	-2.739807	-0.396327	-0.377756	0.820611	-0.309153	-1.509857	-0.154332	0.990871	-1.758872	2.569490	0.352313	0.968000	0.385612	0.554020	-0.670688	1.811155	1.481985	0.078083	0.103150	0.198438	0.696542	-0.479048	0.258591	0.092438	-0.525939	-0.125318	-0.334833	0.763191	-1.179890	0.199219	-0.036170	0.123840	0.662614	-0.157839	0.616322	1.235094	1.432071	-0.314551
1.705649	-0.089980	0.737932	1.276575	0.936104	0.912293	-1.218558	-0.488115	-0.508624	-1.027188	-0.606425	1.036851	0.835191	1.024465	0.825001	-0.121166	-1.365105	-2.037242	-0.653852	0.392345	2.219273	0.676021	-1.979413	-0.681183	0.359425	-1.609826	1.329450	0.995717	0.429645	0.998721	0.889937	-1.206540	1.561768	0.108737	-0.654129	-0.953700	-0.203142	0.283911	-1.562950	-0.844696	1.442259	-0.788213	0.317482	-0.803346	0.376394	-0.712387	-0.256317	-0.089060	-0.068665	-0.051584	0.249371	-0.534484	-0.536692	-0.520289	-0.317196
0.956505	-1.377666	0.939416	0.643760	-0.771666	0.294609	-0.362475	-1.542009	-2.017864	-0.909977	-0.681142	0.093481	0.033012	0.784025	-0.832759	-0.119600	-1.751102	-0.460396	-0.576624	1.416672	2.141837	0.580172	-1.126210	-0.422147	-1.345157	-0.088811	-0.375111	0.781244	-0.317502	0.518587	0.670126	-0.703840	-0.000276	-1.848476	-1.441046	-1.115304	-0.747458	-0.863858	-1.318593	-1.249321	1.194466	-0.803055	0.476648	-1.253272	-0.583667	-0.185728	0.124634	-0.277206	-0.680570	-0.395943	1.070721	-1.139884	-2.430582	-2.342008	-0.006365
-0.700335	-1.903227	0.542821	-0.891294	-1.529497	-0.278437	0.666132	-1.632364	-2.451642	-0.004202	-0.924345	-0.982020	-0.376832	0.326699	-2.605878	-0.669603	-1.214206	0.960148	0.220791	2.085263	0.706310	-0.472289	0.218769	0.366858	-2.554766	1.355516	-1.375366	-0.258399	-0.970018	-0.571158	-0.070035	0.417541	-1.722927	-2.519176	-1.416106	-0.256771	-1.028274	-1.563813	0.312049	-0.679252	-0.058649	-0.657717	0.554577	-1.175767	-1.032865	-0.037345	0.950452	-0.466563	-1.315862	-0.217128	1.506749	-0.977217	-2.831127	-2.230696	0.093585
-1.962631	-0.909693	-0.285514	-2.094718	-0.715899	-0.417469	1.066503	-0.615318	-1.243258	0.983721	-1.062951	-1.286825	-0.168948	-0.028591	-2.823186	-1.403250	0.007085	1.532537	1.282930	1.886421	-0.946558	-1.601578	0.954663	0.700880	-2.083190	1.403223	-1.127730	-1.420793	-1.196934	-1.266380	-0.992744	1.337154	-2.145769	-1.294561	-0.602727	0.676008	-1.103858	-1.089782	1.789857	0.168439	-0.922047	-0.431447	0.744669	-0.154722	-0.344756	-0.001920	1.252829	-0.598571	-1.573118	0.071703	1.073662	-0.573534	-1.283788	-0.082676	-0.366239
-2.148150	0.764069	-1.162572	-2.434631	0.348282	-0.518673	0.623407	0.724465	0.716174	1.422994	-0.865612	-0.915337	0.295794	-0.025212	-1.439819	-1.876637	0.978994	1.449329	1.877620	1.030997	-1.911584	-2.125355	0.835304	0.167461	-0.550160	0.295244	-0.299849	-2.045604	-0.812606	-1.213731	-1.555212	1.785383	-1.054016	0.225980	-0.058608	0.886182	-1.254133	-0.112516	1.679686	0.664330	-1.034121	-0.121287	0.927440	1.236639	0.566015	0.230284	0.787065	-0.579548	-1.438236	0.103538	0.129143	-0.349312	0.744007	2.351130	-1.040862
-1.617937	1.619677	-1.785736	-2.293555	0.169102	-0.995153	-0.015832	1.412296	1.983201	1.350758	-0.517617	-0.623882	0.591558	0.188339	-0.059866	-1.599066	1.056829	1.303027	1.902314	0.364028	-2.100295	-1.947579	0.560558	-0.398609	0.534401	-0.628151	0.085962	-2.034387	-0.016721	-0.896735	-1.400942	2.075625	0.457127	0.130352	-0.403830	0.687853	-1.413438	0.345318	0.400470	0.906412	-1.062305	0.353109	0.772354	1.792219	0.393053	0.505441	0.398968	-0.174871	-1.204515	-0.049780	-0.538682	-0.171688	1.406686	3.170824	-1.223192
-1.060158	1.256128	-2.049903	-2.045970	-0.977945	-1.498504	-0.181952	1.196452	1.876388	1.147583	-0.387865	-0.727269	0.618126	0.202617	0.133395	-0.418764	0.517912	1.266305	1.772500	0.421220	-1.823029	-1.310406	0.716005	-0.066683	0.579485	-0.650686	-0.137585	-1.699735	0.542122	-0.773202	-0.689743	2.317374	1.220220	-1.361787	-0.896459	0.812241	-1.181624	0.250556	-0.422562	1.127201	-1.264728	0.924600	0.197154	1.080027	-0.677215	0.541088	0.766688	0.591270	-1.098048	-0.213266	-0.692701	0.103359	0.558647	1.995452	-0.781676
-0.736293	0.521939	-1.962196	-1.530800	-1.604257	-1.397348	-0.081698	0.604033	0.807211	0.820321	-0.589767	-0.844632	0.389460	-0.107453	-0.311935	0.999404	0.111905	0.986371	1.542969	0.712532	-1.311362	-0.510714	0.975166	0.749754	0.198640	-0.417354	-0.293409	-1.256706	0.310732	-0.673299	0.071712	2.047391	0.967310	-2.175663	-0.483365	1.133906	-0.432336	0.267237	-0.143149	1.051718	-1.031273	1.176272	-0.457333	-0.010061	-1.171477	0.335070	1.267266	1.101960	-1.011072	-0.490433	-0.892287	0.158300	-0.300182	0.052208	-0.383774
-0.521230	0.112810	-1.588070	-0.581465	-1.107096	-0.773674	-0.412776	0.166789	-0.392162	0.009006	-0.932489	-0.662192	-0.201070	-0.418051	-0.265637	1.586128	0.192007	0.216475	0.756681	0.255275	-0.764961	0.171248	0.634844	0.740531	0.003044	-0.834531	-0.006969	-0.684888	-0.475003	-0.229066	0.509555	0.866615	0.183980	-1.108951	0.715785	0.790838	0.336937	0.515389	0.246864	0.337535	-0.058568	0.666112	-0.808970	-0.404861	-0.430067	-0.002116	0.779345	0.689881	-0.628742	-0.983558	-1.597947	-0.305420	-0.091918	-1.108559	-0.639959
-0.342766	-0.181599	-1.072654	0.434715	-0.393517	-0.348770	-1.210874	-0.152077	-1.176580	-1.282584	-1.192076	-0.399691	-1.104832	-0.429672	0.272562	1.052007	0.428501	-0.762522	-0.651660	-1.142029	-0.461691	0.560918	-0.319896	-0.465555	-0.120451	-1.734940	0.182433	-0.078250	-0.994292	0.419287	0.589796	-0.818366	-0.557776	0.603178	1.591292	-0.437419	0.481915	0.396816	-0.209872	-0.699245	0.850944	-0.425678	-0.821009	-0.152122	0.436399	-0.486419	-0.596970	-0.407995	0.107521	-1.393251	-2.396999	-0.951623	0.534829	-0.980689	-1.374236
-0.235262	-0.670958	-0.582299	0.991932	-0.377190	-0.400458	-1.682450	-0.608162	-1.381400	-2.367476	-1.222929	-0.345431	-1.786819	-0.249066	0.466530	0.350241	0.210340	-1.461952	-1.845965	-2.441211	-0.499496	0.728315	-1.088146	-1.658380	-0.415437	-2.081923	-0.324081	0.204564	-0.852711	0.700681	0.410743	-2.053986	-0.892463	0.997492	1.504195	-1.540147	0.037090	-0.260024	-0.969441	-1.310465	0.768507	-1.247925	-0.720077	-0.144780	0.125420	-1.038991	-1.474853	-1.022645	0.704291	-1.312045	-2.445733	-1.172030	0.296425	-0.368306	-1.899235
-0.076080	-0.917890	-0.201730	1.049397	-0.719592	-0.330365	-1.302026	-0.981706	-0.928198	-2.489098	-0.871738	-0.334386	-1.567333	-0.100680	0.254710	0.586443	-0.746300	-1.677499	-1.929577	-2.464683	-0.588112	0.891419	-0.943363	-1.557094	-0.571764	-1.325710	-1.108196	-0.030400	-0.510206	0.342802	0.021536	-2.313822	-0.583569	0.039450	0.996422	-1.409331	-0.169973	-0.549590	-0.796202	-1.147346	-0.034081	-1.103130	-0.708896	-0.715851	-0.999252	-1.264635	-1.025299	-0.289935	0.519860	-0.767073	-1.461192	-0.868005	-0.823333	-0.328334	-1.706920
0.352186	-0.252028	0.047908	0.959154	-0.509640	0.410627	-0.484795	-0.670087	0.231247	-1.553685	-0.075169	-0.004240	-0.407599	0.086581	0.552818	1.634157	-1.958757	-1.470136	-1.036302	-1.246713	-0.365564	1.115306	0.021248	-0.417419	-0.079848	-0.091733	-1.109020	-0.416858	-0.495155	-0.255544	-0.442889	-1.905995	0.361767	-0.412031	0.964092	-0.195961	0.509746	0.486553	0.428506	-0.523765	-0.396259	-0.209518	-0.849582	-1.083616	-1.381969	-0.812040	-0.119120	1.238242	-0.404141	-0.102676	0.012062	-0.391622	-1.403884	-0.892368	-0.776438
0.958989	1.140074	0.125207	0.902034	0.341203	1.373076	0.125007	0.435818	1.780598	-0.133669	0.882781	0.599944	0.863232	0.440358	1.664374	2.269994	-2.331856	-0.889749	-0.160911	0.024620	0.126586	1.243591	1.023024	0.432670	0.971504	0.567089	-0.016519	-0.345529	-0.583532	-0.456383	-0.624866	-1.355007	1.421175	0.754948	1.507078	0.912378	1.571644	2.415344	1.459911	0.058320	0.233708	0.536994	-1.047765	-0.406142	-0.384074	0.090399	-0.089625	2.110306	-1.152499	0.494206	1.152409	0.098544	-0.368167	-1.071880	0.460656
1.274377	2.160603	0.001073	0.758580	0.973779	1.519393	0.492843	1.562485	2.906726	1.052768	1.456211	0.961962	1.272175	0.678663	2.418227	1.653942	-1.153984	-0.041443	-0.018479	0.344061	0.471245	1.167066	1.290208	0.392323	1.875155	0.298117	1.260314	0.340811	-0.195141	-0.028831	-0.185584	-0.714535	1.780796	2.326057	1.880818	1.143629	1.797269	3.577223	1.244913	0.375847	1.139499	0.539905	-1.046977	0.991086	0.890507	0.758588	-0.862670	1.656955	-0.869003	0.951346	1.458129	0.661929	1.551139	-0.202278	1.311592
0.956724	1.859182	-0.211657	0.465594	0.709104	0.474354	0.868599	1.825035	2.854279	1.539829	1.348744	0.674164	0.598086	0.400714	1.514629	0.212036	0.912355	0.693992	-0.438378	-0.185687	0.371577	0.988676	0.689443	0.202201	2.101698	-0.337732	1.654135	1.154642	0.559083	0.703072	0.787957	0.236633	1.118384	2.331709	1.457093	0.883951	0.748374	2.802072	0.140295	0.519992	1.202655	0.090351	-0.628751	1.821706	1.072215	0.789699	-1.090405	0.757675	0.235904	1.019395	0.994949	1.091246	2.504276	1.057864	1.287130
0.254604	0.314568	-0.241463	0.179791	-0.145214	-0.970677	1.047105	1.152335	1.676018	1.237482	0.832555	-0.026542	-0.495325	-0.190652	-0.701071	-1.044052	2.219723	0.872888	-0.843765	-0.776998	-0.010739	0.824743	-0.176343	0.645099	1.834197	-0.608364	1.072188	1.479014	0.777436	1.224790	1.731268	1.277799	0.017716	0.545194	0.411229	0.857367	-0.672061	0.568968	-0.657079	0.654873	0.094611	-0.107372	0.028049	1.224376	0.188830	0.467108	-0.063484	0.662464	1.125441	0.578852	0.321261	1.061898	1.559968	1.390012	0.576047
-0.215727	-1.445028	0.140111	0.035219	-0.700760	-1.672143	0.575755	0.150155	0.251993	0.462888	0.448483	-0.409531	-1.118675	-0.409996	-2.473327	-1.609421	1.758622	0.468681	-0.936850	-0.883211	-0.228915	0.584722	-0.545553	1.313302	1.578240	-0.350924	0.269102	1.155597	-0.059013	1.257401	2.015742	1.636700	-0.655536	-1.317441	-0.586489	1.041579	-1.359538	-1.647739	-0.531579	0.758634	-1.429822	0.132236	0.383087	-0.268388	-0.575558	0.315120	1.253694	1.353343	1.151119	0.158354	0.086750	0.807157	-0.314421	0.360573	-0.110493
-0.130297	-2.216435	0.871740	-0.036572	-0.472194	-1.289771	-0.407961	-0.718935	-0.515326	-0.167565	0.488290	-0.010342	-0.899009	-0.011774	-2.574200	-1.649155	0.162587	-0.069654	-0.750342	-0.481172	0.020942	0.119787	-0.292719	1.194397	1.426655	0.034266	-0.139509	0.555167	-1.178244	0.920795	1.448099	0.827165	-0.717909	-1.678223	-1.086115	0.822924	-1.171163	-2.752028	0.052186	0.588719	-2.197879	0.287617	0.183179	-1.209300	-0.393110	0.442282	1.406936	1.549508	0.697724	0.518637	0.481075	0.988173	-1.392742	-1.029368	-0.284128
0.262635	-1.525344	1.584776	-0.142810	0.212437	-0.502221	-1.103556	-1.346362	-0.441065	-0.118259	0.869240	0.820159	-0.156023	0.517669	-1.443413	-1.438922	-1.054265	-0.259659	-0.300288	0.230218	0.648440	-0.458731	-0.005808	0.150716	0.992604	0.169400	-0.235202	0.161028	-1.263168	0.562290	0.421184	-0.551157	-0.715022	-0.695141	-1.133040	0.023009	-0.615845	-2.539118	0.368728	0.012426	-1.592237	-0.076644	-0.073949	-0.671984	0.422935	0.536434	0.223675	0.352970	0.540037	1.566296	1.055489	1.653884	-1.027714	-1.421973	-0.114914
0.534194	-0.066945	1.869459	-0.235715	0.753058	-0.089994	-0.943165	-1.478687	-0.005325	0.658970	1.368843	1.287637	0.549786	0.696310	-0.303826	-1.044962	-1.018861	0.042035	0.458271	0.994812	1.242466	-0.809995	-0.107108	-0.823768	0.106440	0.142931	-0.417428	0.115419	-0.079754	0.369939	-0.440475	-1.192490	-0.990228	0.300858	-1.031556	-0.732523	0.002854	-1.376544	0.391726	-0.623917	-0.104780	-0.646004	0.317936	0.782522	0.977102	0.387709	-1.042184	-1.514275	0.882502	2.232657	1.201154	1.922802	-0.122254	-0.516343	-0.003807
0.560250	0.814637	1.606218	-0.188910	1.036619	0.028270	-0.195979	-0.707394	0.241811	1.710036	1.766256	1.060159	0.949992	0.573492	0.272063	-0.463645	-0.096336	0.638370	1.310051	1.437994	1.358375	-0.771122	-0.180612	-0.862959	-0.719307	0.365604	-0.789677	0.150683	1.112231	0.134293	-0.858058	-0.450306	-1.094805	0.374883	-1.025324	-0.787627	0.524317	0.023139	0.691435	-0.698188	1.069792	-0.761629	1.285784	1.606404	0.689072	0.125251	-1.209988	-2.394080	1.302520	1.755005	0.793396	1.133964	0.079802	0.728715	0.078124
0.496402	0.342403	1.057695	0.020626	1.435436	0.613581	0.476721	0.725986	0.086480	2.441145	1.800557	0.562853	1.104289	0.369956	0.539571	0.219525	0.761111	1.155043	1.719736	1.231912	0.839399	-0.580770	0.387853	-0.262381	-0.820080	1.045160	-1.150690	-0.069013	1.003627	-0.499277	-1.119702	0.815716	-0.432932	-0.328637	-1.142390	-0.291758	0.499256	0.737278	1.453514	-0.067080	1.179401	-0.322256	1.899041	0.813946	-0.346051	-0.080733	-0.444897	-1.521912	1.442352	0.645080	0.220922	-0.168817	-0.652718	1.155816	0.483277
0.393707	-0.903394	0.574086	0.263999	2.049449	1.905696	0.748366	1.659944	-0.384582	2.448671	1.253906	0.288124	1.053150	0.091736	0.755531	0.806959	0.919530	1.230306	1.339896	0.465625	-0.046754	-0.596826	1.270312	-0.005928	-0.291190	1.839862	-1.426629	-0.598862	-0.234691	-1.501323	-1.651873	1.057520	0.703366	-1.044103	-1.208001	-0.021830	-0.335159	0.277690	1.979732	0.561333	0.588268	0.080545	1.411494	-0.944297	-1.490522	-0.289324	0.086514	0.076645	1.325610	-0.046445	-0.194751	-0.992993	-1.467276	0.520060	1.142488
0.069168	-1.523093	0.196433	0.331871	2.281624	2.914578	0.700725	1.138649	-0.928147	1.634920	0.238037	0.112452	0.707633	-0.243733	0.767136	0.963325	0.395434	0.801108	0.489815	-0.327581	-0.806551	-0.881631	1.359301	-0.499427	0.004393	2.091225	-1.751142	-1.187788	-1.208792	-2.301114	-2.368953	-0.187926	1.195535	-1.054063	-1.014792	-0.439285	-1.290866	-0.722445	1.471850	0.341318	0.129295	-0.054157	0.152686	-1.954263	-1.947095	-0.629818	-0.345143	0.659313	0.980459	-0.088370	-0.505374	-1.243009	-1.471789	-0.370658	1.407539
-0.564321	-0.786396	-0.277425	0.092329	1.504373	2.363450	0.495289	-0.385419	-1.175581	0.280548	-0.680820	-0.394841	0.145060	-0.449756	0.399454	0.353460	-0.318417	0.278071	-0.091826	-0.618412	-1.086497	-1.147047	0.254832	-1.082709	-0.515857	1.492752	-2.074901	-1.455627	-0.908906	-2.254933	-2.583755	-1.599030	0.336291	-0.111733	-0.568943	-1.124224	-1.278232	-0.995650	0.149764	-0.622473	0.024572	-0.541223	-0.750592	-1.195729	-1.337846	-0.993144	-1.186637	-0.340633	0.282519	-0.109367	-0.738415	-1.522010	-0.621418	-0.483601	0.927758
-1.200069	0.463694	-0.759492	-0.298696	0.034746	0.370186	0.327553	-1.505640	-0.780950	-0.950564	-0.858791	-1.143157	-0.235373	-0.580920	-0.172742	-0.888021	-0.587979	0.208249	0.007022	-0.279183	-0.842444	-1.056306	-1.003972	-0.822233	-1.401632	0.506795	-2.010523	-1.069380	0.344233	-1.258533	-1.721201	-1.471122	-1.261128	1.300732	-0.149204	-1.245102	-0.304910	-0.115508	-0.863628	-1.286628	-0.133155	-0.838749	-0.426803	0.535594	-0.111050	-1.014789	-1.284917	-1.726507	-0.527361	-0.426273	-0.575570	-1.808144	0.394506	0.448113	0.300112
-1.368724	0.686787	-0.716493	-0.412951	-1.003282	-1.325761	0.502456	-1.478900	0.171540	-1.385594	-0.232651	-1.452109	-0.090458	-1.059362	-0.598085	-1.912367	-0.086480	0.634478	0.464144	0.427086	-0.236175	-0.530752	-1.170087	0.395480	-1.729001	-0.041500	-1.271154	0.020847	1.509316	0.109152	-0.095160	0.259177	-2.226109	2.118325	-0.022280	-0.522657	0.296902	0.888245	-0.909295	-0.969981	-0.468289	-0.716957	0.957901	1.431956	0.805412	-0.420943	-0.235405	-1.958096	-0.655808	-0.531748	0.188800	-1.319825	0.919669	1.661890	0.349309
-0.956966	-0.501530	0.127749	0.025035	-0.935035	-1.188785	1.113999	-0.896019	0.969988	-0.976794	0.478147	-0.922924	0.385377	-1.887547	-0.698492	-1.800451	0.804802	0.983770	0.553351	1.052694	0.487166	0.210886	-0.390417	1.686504	-1.187569	0.158667	-0.140594	1.337000	1.881525	1.038561	1.250768	1.829223	-1.801530	1.521627	-0.108140	0.420285	-0.374050	0.752176	-0.649657	-0.265597	-0.485484	-0.354864	2.276120	0.586706	0.907753	0.578781	1.189193	-0.917746	0.311217	0.019243	1.070060	0.085383	0.863521	2.043670	0.927312
-0.331200	-1.759654	1.132864	0.737414	-0.311457	0.351607	1.680622	-0.663641	0.841909	-0.440609	0.457431	-0.016312	0.578179	-2.126549	-0.514107	-0.552803	1.223398	0.754029	-0.118526	1.159383	1.036190	0.880319	0.060794	2.036740	-0.283388	0.574604	0.702990	2.021161	1.350148	1.154667	1.599897	1.657606	-0.469991	-0.140914	-0.061059	0.718973	-1.355994	-0.436406	-1.156364	-0.226895	0.149110	0.079500	2.326991	-1.105072	0.541146	1.320260	1.894470	0.096552	1.497445	0.731529	1.227698	1.229985	0.584986	1.104170	0.991856
0.092770	-1.610450	1.252114	1.100533	-0.186860	1.408745	1.490212	-0.830557	-0.115518	-0.536424	-0.289956	0.493958	0.135374	-0.910685	-0.129077	0.863178	0.755347	0.133957	-1.142701	0.586463	1.172331	1.340701	-0.429992	1.233796	0.373148	0.454826	0.867165	1.512163	0.086478	0.793165	1.268697	0.126499	0.686062	-1.440294	0.256163	0.153167	-0.965240	-1.341271	-2.333795	-0.894920	0.899883	0.605611	0.916000	-2.011224	0.344692	1.263737	1.462091	0.053772	1.449921	0.664456	0.423170	0.933900	0.415963	-0.585784	-0.014070
0.250243	-0.258034	0.256031	0.785920	-0.853146	0.788971	0.390232	-0.752528	-0.856457	-1.249550	-0.946239	0.423333	-0.595617	1.123330	0.377142	1.560425	-0.016637	-0.296533	-1.643478	-0.315403	0.873927	1.547400	-0.997429	-0.056956	0.571697	-0.358922	0.623914	0.137121	-1.498895	0.562615	1.049351	-1.040839	0.990372	-1.169623	0.508393	-0.725856	0.801623	-1.029166	-2.846427	-1.248089	0.859400	1.121287	-0.891196	-1.478646	0.475397	0.552498	0.285447	-0.642934	-0.103968	-0.322648	-0.656559	-0.391120	0.337196	-1.818735	-1.312618
0.320432	0.702543	-0.921112	0.086656	-1.584201	-0.796482	-0.995560	-0.117944	-0.560408	-1.862080	-0.895356	0.245976	-0.906241	2.190374	0.846610	1.573241	-0.215590	-0.359855	-1.197780	-0.869569	0.368314	1.375963	-0.539817	-0.973332	0.341819	-1.342934	0.536146	-1.095015	-2.623512	0.642076	1.138875	-0.909402	0.543365	0.387006	0.286626	-1.222451	1.990518	-0.019142	-1.781604	-0.639289	-0.088405	1.209235	-1.748398	-0.277016	0.557706	-0.130778	-0.898229	-0.869201	-1.743293	-1.242981	-1.170940	-1.147745	0.074160	-1.731449	-1.646904
0.368046	0.292046	-1.227307	-0.393672	-1.555046	-1.699937	-1.838868	0.613029	0.277770	-1.783075	-0.447050	0.371089	-0.455622	1.339197	1.089393	1.523502	0.252447	-0.422245	-0.303988	-0.666851	-0.020866	0.768937	0.764776	-1.105294	-0.268048	-1.861458	0.796292	-1.368113	-2.528958	0.682252	1.026905	-0.223275	-0.127193	1.685174	-0.225104	-1.068101	1.177214	0.568848	0.119834	0.326231	-0.960481	0.558394	-1.243253	0.504023	0.292407	-0.243863	-1.403610	-0.242154	-1.915996	-1.081510	-1.049619	-0.580802	-0.509057	-0.610326	-0.802537
0.255996	-0.723579	-0.630666	-0.295190	-0.761658	-1.155214	-1.707909	0.772121	0.378131	-1.108926	-0.320543	0.652584	0.373716	-0.433441	1.055451	1.653896	0.730493	-0.693733	0.224840	0.034535	-0.079609	0.087867	1.687586	-0.634014	-1.070787	-1.655337	1.039329	-0.742284	-1.287604	0.422517	0.446660	-0.119650	-0.611634	1.543137	-0.238319	-0.470544	-0.557319	0.484969	1.270901	0.631880	-0.757037	-0.430958	-0.045614	0.612446	-0.086426	0.208756	-0.908034	0.522533	-0.705075	-0.066168	-0.930791	0.214637	-1.108169	0.302783	0.100543
-0.101422	-0.942851	0.019224	0.228161	0.040111	0.072726	-0.718883	0.239812	-0.663488	-0.364505	-0.635479	0.677692	0.803146	-1.300860	0.844493	1.454230	0.788692	-0.790046	0.158191	0.541966	0.140179	-0.017750	1.439545	-0.067675	-1.611244	-0.870692	0.797236	-0.001731	0.026361	0.111882	-0.055077	-0.592442	-0.877739	0.382205	0.727802	0.136837	-0.896232	0.412071	0.968423	0.141768	0.307832	-0.776848	0.920226	0.550765	-0.023567	0.860630	0.196543	0.564248	0.361836	0.448606	-1.212431	-0.249986	-1.128334	0.074387	-0.075634
-0.488779	-0.098284	0.104463	0.706487	0.226004	0.708660	0.556553	-0.397941	-1.713453	0.083030	-0.791579	0.351152	0.377161	-0.538334	0.546829	0.366496	0.632131	-0.332177	-0.122544	0.325792	0.318049	0.648001	0.422446	0.187175	-1.355366	0.122859	0.094605	0.166274	0.328233	0.124275	0.180769	-0.698413	-1.034472	-0.323535	2.026715	0.391375	0.812195	0.727600	-0.081769	-0.356455	1.012606	0.053768	1.141157	0.660155	0.712554	1.311052	0.941936	-0.136399	0.185378	-0.452976	-1.469642	-1.738225	-0.260662	-0.836004	-1.150073
-0.447361	0.813352	-0.107517	0.816515	0.031660	0.383951	1.295418	-0.382157	-1.399378	0.246859	-0.317302	0.056296	-0.528134	0.866313	0.241701	-1.211218	0.466299	0.243814	-0.310698	-0.567046	0.151453	1.400343	-0.452698	0.171668	-0.107481	0.857758	-0.440385	-0.131527	-0.270429	0.403427	0.934232	0.002630	-0.882833	0.255187	2.367900	0.294708	2.749800	0.926724	-0.755353	-0.206775	0.629023	1.319122	0.559293	0.723123	1.631684	1.258792	0.732797	-0.735664	-0.636084	-1.960390	-1.037559	-2.337346	1.038943	-1.093896	-1.862468
0.318598	0.991189	0.039133	0.665290	0.246282	-0.125085	0.911918	0.447991	0.216310	0.332397	0.536726	0.264765	-0.955528	1.390454	0.134542	-1.954101	0.040834	0.024468	-0.457114	-1.520940	-0.227467	1.330374	-0.696998	0.281276	1.628864	0.942851	-0.165073	-0.163118	-0.530340	0.609900	1.282952	0.792526	-0.002796	1.358552	1.277190	0.258922	2.806426	0.502799	-0.563397	0.432171	-0.171790	1.619015	-0.499769	0.496138	1.877793	0.633336	0.106155	-0.357730	-0.644971	-2.242584	0.026860	-0.765577	1.773361	-0.206266	-1.349293
1.491516	0.753544	0.693873	0.578384	1.118006	-0.013770	-0.360501	1.375595	1.677790	0.503251	1.177455	1.026482	-0.320630	0.626662	0.392925	-1.003803	-0.802048	-1.110100	-0.584329	-1.765424	-0.265564	0.404787	-0.351401	0.705963	2.757684	0.376538	0.808234	0.487355	0.403996	0.686160	0.788966	0.711177	1.441078	1.483667	-0.233266	0.646662	0.923553	-0.186904	0.230819	0.984190	-0.240700	0.539340	-1.332534	0.217134	1.113005	-0.211678	0.094620	0.997783	0.553855	-0.614348	0.935150	1.912386	1.290498	0.728075	-0.067950
2.206486	0.787962	1.305977	0.634700	1.836939	0.524758	-1.499219	1.483472	1.782111	0.763480	1.332777	1.820742	0.860241	-0.301663	0.747155	0.787758	-1.546304	-2.067107	-0.513584	-1.044292	0.329920	-0.407268	0.355673	1.060323	2.425253	-0.318207	1.587693	1.275843	1.764498	0.868109	0.081311	-0.205979	2.341493	0.133197	-0.770017	1.218285	-1.058211	-0.419809	1.054590	1.180491	0.485771	-0.703311	-1.270934	0.269215	-0.025195	-0.654049	0.814702	2.297333	1.651071	1.421368	1.109467	3.294860	-0.029561	0.403480	0.827524
1.833180	1.014089	1.289471	0.565053	1.475633	0.678069	-1.579766	0.705971	0.772960	0.929657	1.110574	1.947335	1.428468	-0.084435	0.632234	1.576353	-1.519519	-1.789119	-0.248399	0.018483	1.015830	-0.289760	1.047605	0.806785	0.965213	-0.467413	1.433604	1.265719	1.916335	1.100667	-0.010060	-0.921694	1.760697	-1.486158	-0.171408	1.288897	-1.494712	-0.155860	1.382176	1.154956	0.904024	-0.709016	-0.419463	0.526958	-0.576184	-0.419881	1.241978	2.394699	1.179513	1.801525	0.780717	2.205206	-1.108965	-0.879289	0.778015
0.720016	0.751716	0.681182	0.165260	0.288532	0.208417	-0.657246	-0.027894	-0.200081	0.773262	0.649174	1.191833	0.876317	1.111666	0.001868	0.679466	-0.791872	-0.559773	-0.077049	0.488907	0.913442	0.389826	1.197225	0.033754	-0.271919	0.111363	0.599115	0.310227	0.421321	0.888390	0.404287	-0.611473	0.312657	-1.740410	0.405472	0.585398	-0.437179	0.003117	0.996595	1.026135	0.288141	0.300829	0.300925	0.464520	-0.330105	0.071787	0.649244	1.273004	-0.571691	0.374296	0.515349	-0.100561	-1.230417	-1.484816	0.251403
-0.130584	-0.089910	-0.020992	-0.381885	-0.510555	-0.266693	0.373653	0.109433	-0.407011	0.322586	0.044885	0.109777	-0.064715	1.763930	-0.386504	-0.577154	-0.026044	0.451655	-0.018311	0.211366	-0.040091	0.551733	0.620880	-0.499103	-0.343539	0.845329	-0.003997	-0.712410	-1.225224	0.010362	0.469095	0.390362	-0.370532	-0.421659	0.049992	-0.268943	0.823416	-0.146207	0.227987	0.746224	-0.678021	0.846346	0.204240	-0.012309	0.082024	0.244162	-0.289939	0.114871	-1.770402	-0.988266	0.438825	-1.350599	-0.609642	-0.563713	-0.047734
-0.228075	-0.604066	-0.526205	-0.738041	-0.335019	-0.246534	0.757609	0.820618	-0.025795	-0.040894	-0.476690	-0.503312	-0.314897	0.928552	0.028639	-0.634549	0.405302	0.688508	0.377652	0.027415	-0.859445	-0.196002	-0.131580	-0.269523	0.244989	0.909691	0.101065	-0.972672	-1.297220	-0.921668	-0.153811	1.067337	0.277717	1.034305	-0.755317	-0.404177	1.209689	-0.073356	-0.242774	0.356686	-0.854571	0.305400	-0.271577	-0.279493	0.146001	0.097292	-0.417047	-0.137640	-1.254700	-0.862524	0.225174	-0.662017	0.092452	0.835956	-0.056776
-0.084699	-0.019761	-0.905478	-0.798214	0.107670	0.001281	0.539453	1.079925	0.402338	0.037900	-0.637826	-0.427931	0.342728	-0.509480	0.655250	0.256845	0.563471	0.609745	1.244385	0.668549	-0.665002	-1.062857	-0.369158	0.309715	0.317195	0.131042	0.514634	-0.614846	0.158780	-1.049046	-0.785876	0.972329	1.068693	1.162730	-0.933493	0.229091	0.644071	0.489359	-0.110863	0.058778	-0.234735	-0.294565	-0.185437	0.115225	-0.020191	0.021225	0.257316	0.085094	0.104099	0.035221	-0.247815	0.707738	0.501141	1.182750	-0.158814
-0.328693	1.117505	-1.112173	-0.677612	0.062648	0.081109	0.243646	0.463033	0.522578	0.421671	-0.415486	-0.122963	1.225043	-1.008676	0.456887	0.610176	0.375019	0.692424	1.821341	1.719402	0.271985	-1.105637	-0.170559	0.424188	-0.341894	-0.718088	0.626732	-0.366029	1.535729	-0.340554	-0.719676	0.598335	0.878634	-0.094899	-0.382585	0.739798	-0.310468	0.816979	0.172010	-0.098637	0.124557	0.016012	0.496147	0.598188	-0.217580	0.001358	0.626882	-0.195730	0.652459	0.190447	-0.609854	0.987719	0.583204	0.413552	-0.323357
-0.748620	1.475414	-0.870010	-0.473986	-0.101950	0.208742	0.142781	-0.352459	0.169559	0.577428	-0.157882	-0.066401	1.639926	-0.364805	-0.535458	-0.039557	-0.311345	0.763502	1.299705	2.082236	0.945500	-0.408016	-0.218397	-0.071199	-0.774814	-0.779936	0.370501	-0.561849	1.599314	0.309025	-0.236664	0.482229	0.272840	-1.623692	-0.091770	0.312056	-1.153397	0.079290	0.004193	-0.371159	-0.296090	0.609156	0.739812	0.167696	-0.585549	-0.400691	0.164669	-0.946663	0.005259	-0.529252	-0.515186	-0.081017	0.312605	-0.225518	-0.025193
-0.705882	0.607504	-0.264970	-0.282152	0.328549	0.744287	0.085472	-0.538339	-0.714919	0.205760	-0.348222	-0.311488	1.400563	0.196546	-1.188949	-0.592241	-1.070334	0.541163	0.085999	1.388641	0.810083	0.053082	-0.768980	-0.539146	-0.388903	-0.151346	0.132073	-0.919801	0.639578	0.130510	-0.182484	0.487082	0.484935	-2.353284	-0.722977	-0.874681	-1.669199	-1.342764	-0.574486	-0.944443	-0.726601	0.275791	-0.085445	-1.204284	-1.144455	-1.189508	-0.350975	-1.222454	-0.830035	-1.047967	-0.166869	-1.173623	-0.292355	-0.017607	0.847244
-0.248617	-0.461528	0.016805	-0.335582	0.991148	1.318046	-0.041833	-0.131008	-1.842807	-0.380112	-1.160586	-0.712586	0.657823	-0.202825	-0.845984	-0.213329	-1.083847	0.256734	-0.455539	0.508915	0.183191	-0.413347	-1.300154	-0.493388	0.048808	0.321676	0.143568	-1.093753	-0.218285	-0.682516	-0.775875	0.301082	1.387613	-1.991976	-1.698645	-1.833476	-1.715206	-2.106231	-0.983694	-1.480880	-0.306160	-0.829405	-1.174763	-2.301485	-1.438642	-1.666794	-0.091473	-0.686239	-1.047320	-0.899280	-0.033249	-1.172203	-0.877878	0.436570	1.561183
-0.153761	-0.538385	-0.522133	-0.816041	0.759950	1.092482	-0.069859	0.212404	-2.452513	-0.642007	-2.151443	-1.196093	-0.284394	-1.025354	-0.221841	0.385139	-0.225856	0.301514	0.346523	0.436672	-0.400500	-1.451534	-1.252906	-0.186792	-0.468776	0.196667	0.213078	-1.061172	-0.294322	-1.348328	-1.381865	0.157542	1.574395	-0.922884	-1.958072	-1.730906	-1.182655	-1.494698	-0.806219	-1.295953	0.547531	-1.315505	-1.257150	-1.972731	-1.056098	-1.313343	0.565536	-0.090356	-0.922661	-0.650550	-0.192285	-0.436051	-0.921142	0.422480	1.378106
-0.768206	0.245245	-1.374062	-1.467174	-0.569886	-0.099006	0.088450	0.118405	-1.882735	-0.463025	-2.533360	-1.623994	-1.019368	-1.276253	-0.347762	0.068395	0.649007	0.550630	1.570472	0.948915	-0.790908	-2.118194	-0.676844	-0.116992	-1.588905	-0.120674	0.026714	-0.922400	0.226408	-1.434999	-1.436748	0.469555	0.376591	0.130578	-1.257097	-0.604828	-0.312315	-0.272093	-0.122107	-0.137846	0.621711	-0.528269	-0.266261	-0.424360	-0.259268	-0.498374	0.630185	-0.044909	-1.025345	-0.647182	-0.286336	0.026014	-0.368404	0.203197	0.468304
-1.378101	0.647980	-1.436488	-1.660561	-1.750388	-1.356408	0.182976	-0.230181	-0.436986	-0.170236	-1.933612	-1.674490	-1.293001	-0.875067	-1.089420	-1.008759	0.782219	0.476472	1.709162	0.843239	-1.076851	-1.894954	-0.000239	-0.317652	-1.962629	-0.103437	-0.397939	-0.586490	0.775285	-1.130755	-1.074349	0.978119	-1.146620	0.434944	-0.361786	0.721943	0.259008	0.257425	0.666793	1.327910	-0.373329	0.514008	0.591290	0.969922	0.210411	0.037430	-0.037796	-0.104962	-1.235955	-0.485521	-0.071137	0.117945	0.136644	0.309383	-0.343725
-1.065985	-0.057803	-0.276683	-1.029954	-1.511109	-1.614053	0.014672	-0.453947	0.674399	0.039273	-0.756025	-1.130728	-1.248127	-0.508332	-1.293692	-1.568235	0.325533	-0.156881	0.306701	-0.452178	-1.181811	-1.104663	0.459336	-0.432969	-1.056089	0.231312	-0.608672	0.149488	0.953302	-0.750842	-0.716449	0.872899	-1.503890	-0.190951	-0.026124	1.349746	0.162096	-0.184251	1.090227	2.034682	-1.213194	0.467069	0.364143	1.058903	-0.070676	0.102601	-0.565533	0.452913	-0.954247	0.106673	0.338944	0.586983	-0.020448	0.418850	-0.464670
0.132910	-1.122544	1.292355	0.063488	-0.031387	-0.720377	-0.197082	-0.243850	0.618588	0.342109	0.324576	-0.224929	-1.184103	-0.419148	-0.347351	-0.891671	-0.231857	-1.039801	-1.638439	-2.001143	-0.928538	-0.442217	0.559414	-0.308732	0.249095	0.541288	-0.160994	1.239020	0.703337	-0.391249	-0.511230	-0.207059	-0.468081	-0.981636	-0.109417	1.035732	-0.114948	-0.539410	0.875439	1.561644	-0.592684	-0.616868	-0.641672	0.040545	-0.722689	0.084527	-0.373049	1.429780	-0.000362	0.782801	0.803049	1.512752	-0.526290	-0.161230	0.111299
1.267236	-1.241053	2.017231	0.845096	1.316451	0.471217	-0.127977	0.448648	-0.036286	0.821132	0.967702	0.469283	-1.106776	-0.037683	0.916583	0.291675	-0.820359	-1.685566	-2.726427	-2.412419	-0.439968	-0.275800	0.246125	-0.166705	0.947188	0.666262	0.768513	2.219033	0.270636	-0.094213	-0.397690	-1.668321	0.842898	-0.877320	0.082212	0.352354	0.201004	0.206680	0.214647	0.528067	1.176747	-1.429842	-1.489112	-0.802534	-0.952234	0.224714	-0.002707	1.847403	1.070887	1.187871	1.343534	1.874885	-0.384298	-1.190241	0.993195
1.483700	-0.158332	1.433143	0.874963	1.439069	0.967387	0.198263	1.134749	-0.045447	1.079608	1.124804	0.529141	-0.749027	1.000546	1.140134	0.747928	-1.431030	-1.757849	-2.388061	-1.441574	-0.149303	-0.386459	-0.308227	-0.162064	1.011021	0.676268	1.391347	2.484510	0.090309	0.050980	-0.337570	-2.494631	1.249062	0.170901	0.767277	0.101592	0.988856	1.604883	-0.352423	-0.145322	2.372003	-1.105579	-1.705487	-0.496997	-0.468710	0.269772	-0.255395	1.199259	1.531297	1.318241	1.811973	1.045357	0.759694	-1.569176	1.569497
0.769951	1.076664	0.191715	0.409299	0.504907	0.534358	0.513450	1.053323	0.853406	0.639438	0.818303	0.051505	-0.060634	1.952332	0.051690	0.189513	-1.572323	-1.148325	-1.192518	-0.157068	-0.273732	-0.263792	-0.696742	-0.078861	0.959319	0.572121	1.144347	1.806474	0.449911	0.140674	-0.215776	-2.106911	0.611852	1.024756	1.400277	0.499823	1.239259	2.176398	-0.473348	-0.241537	1.774520	-0.243613	-1.486018	0.565586	0.126183	-0.095855	-0.918921	0.137870	1.150869	1.105596	1.712036	-0.088825	1.941800	-0.770827	1.273338
-0.156944	1.366327	-0.693250	0.049558	-0.423742	-0.224277	0.611041	0.128735	1.597170	-0.374743	0.307141	-0.469720	0.510665	1.587001	-1.204071	-0.556665	-0.893925	-0.127507	-0.206754	0.285348	-0.514677	0.310488	-0.690798	0.277299	1.006534	0.162764	0.343664	0.625967	1.057813	0.436281	0.157998	-0.816068	-0.203430	0.829552	1.401142	0.964538	0.445725	1.262012	-0.256622	-0.285547	-0.023648	-0.041572	-1.178358	1.088366	0.048561	-0.742510	-1.033879	-0.240156	0.312167	0.358275	0.744312	-0.206741	1.915657	0.452475	0.147067
-0.517479	0.615911	-0.756724	0.092816	-0.552022	-0.644813	0.342589	-0.709328	1.263687	-1.204123	0.105947	-0.623426	0.381528	-0.303796	-1.421872	-0.748779	-0.035332	0.626714	-0.075462	-0.328142	-0.501286	0.878871	-0.517017	0.572385	1.032183	-0.640390	-0.298648	-0.245410	1.157539	0.858036	0.650630	0.396952	-0.340203	0.118077	0.720732	0.801710	-0.664243	-0.192077	0.045048	-0.588441	-1.442381	-0.757075	-0.905925	0.359479	-0.689627	-1.200225	-0.348312	0.384774	-0.385630	-0.621755	-0.575011	0.687303	0.586662	0.972013	-0.916982
-0.135735	-0.490417	-0.272467	0.274734	-0.077504	-0.707491	-0.339857	-0.659444	0.292689	-1.160581	0.431746	-0.398287	-0.482568	-2.355625	-0.718971	-0.656319	0.037394	0.606374	-0.554000	-1.308480	-0.320416	0.677870	-0.474287	0.287844	0.948923	-1.408915	-0.605465	-0.321733	0.375104	0.856906	0.741041	0.707590	0.088769	-0.100362	-0.368185	0.086993	-1.162903	-0.959008	0.334618	-0.648654	-1.686558	-1.445195	-0.566570	-0.910637	-1.288988	-1.180325	0.268676	1.249813	-0.577628	-0.982771	-1.213120	1.334348	-0.994548	0.486581	-0.919613
0.464097	-1.283694	0.273661	0.214244	0.242012	-0.778389	-1.041520	-0.149044	-0.185387	-0.304874	0.910164	-0.005642	-1.330936	-2.800929	-0.207940	-0.944424	-0.532941	0.131863	-0.870757	-1.754788	-0.263734	-0.342916	-0.438616	-0.388217	0.730768	-1.345973	-0.913438	0.199565	-0.680939	0.214847	0.261521	0.220798	0.202509	0.182797	-1.459360	-0.348293	-1.040778	-0.966834	0.501264	0.125451	-1.219145	-1.174083	0.007299	-1.371650	-1.084604	-0.808905	0.133398	1.387451	-0.277456	-0.304817	-0.681737	0.901538	-1.805882	-0.372828	0.090263
0.688288	-1.461591	0.683304	0.022985	0.079497	-0.853466	-1.032334	-0.187631	0.159449	0.574829	1.146753	0.471870	-1.266732	-1.210718	-0.376912	-1.409693	-0.616159	-0.012816	-0.571604	-1.240710	-0.207638	-1.073424	-0.077145	-0.557610	0.323047	-0.201299	-1.242611	0.789292	-1.027659	-0.319145	-0.093170	-0.229001	-0.434994	0.241649	-1.840671	0.031119	-0.785893	-0.858057	0.287117	1.287235	-0.646714	-0.119501	0.831748	-0.523426	-0.161119	-0.317551	-0.230435	0.593627	0.284933	0.707088	0.356113	-0.096837	-1.566499	-0.860445	0.850455
0.514704	-1.010159	0.947497	0.182367	-0.203012	-0.576509	-0.168081	-0.868409	0.621748	0.679084	1.214486	1.043621	-0.214941	0.970275	-0.393206	-1.033171	0.188576	0.326979	0.060625	-0.102922	0.242723	-0.361205	0.529034	0.197513	-0.216172	1.101909	-1.122550	1.092916	-0.469555	0.166769	0.420354	-0.110999	-1.170232	0.006702	-0.893680	0.644994	-0.478087	-0.717952	-0.353021	1.530180	0.086533	0.716338	1.630763	0.820286	0.906951	0.280800	0.074391	-0.525635	0.846797	0.939398	0.743441	-0.662522	-0.584357	-0.759455	0.222836
0.323110	-0.171152	0.901959	0.743767	-0.289836	-0.028271	0.636868	-1.276132	0.578015	-0.018424	1.216326	1.459393	0.884459	1.756473	0.578032	0.522614	0.841643	0.491972	0.483576	0.898585	0.954757	1.397695	0.861257	1.094823	-0.648702	1.305561	-0.438833	0.983712	0.220238	1.347475	1.387748	0.259416	-1.151039	0.119807	0.872207	0.449614	0.013895	-0.143469	-0.953165	0.240702	1.089504	0.688959	2.002213	1.541670	1.584642	1.011506	0.928095	-1.227570	1.152993	0.200507	0.117296	-0.530479	0.455969	-0.325407	-1.329202
0.225160	0.581364	0.369580	1.041432	-0.452906	0.144293	0.458422	-0.908672	0.228340	-0.701296	0.829311	1.222239	0.987542	0.628158	1.825889	2.111508	0.374501	0.117482	0.630125	1.296375	1.170344	2.424575	0.645063	1.084351	-0.816505	0.361199	0.052722	0.414853	0.294407	1.767053	1.510420	0.337873	-0.555997	0.597275	1.879195	-0.594209	0.419765	0.657815	-0.929052	-1.501219	1.792263	0.219441	1.793150	1.372035	1.621509	1.595513	1.313028	-1.210289	1.007925	-0.485611	-0.670986	-0.200607	0.718264	0.081885	-2.093287
-0.094841	0.846274	-0.370695	0.498245	-1.059351	-0.335408	-0.352578	-0.418486	0.078540	-0.549753	-0.164911	0.165107	-0.018064	-0.900480	1.706972	2.287867	-0.556007	-0.188192	0.921270	1.230274	0.475430	1.605831	0.253160	0.140483	-0.862856	-0.443899	-0.499571	-0.480337	-0.196596	0.605663	0.239185	0.143045	-0.411908	0.548763	1.270706	-1.270959	0.408847	0.844486	-0.206184	-1.934015	1.481845	0.286268	1.248981	0.883700	1.105819	1.644869	0.647494	-0.745532	0.420793	-0.045946	-0.619787	-0.123085	-0.030451	0.222242	-1.222867
-0.869238	0.649830	-0.734269	-0.582060	-1.864715	-0.887175	-0.626332	-0.582454	0.162748	0.334149	-1.237763	-1.161694	-1.254193	-0.956470	-0.125775	0.947059	-0.417392	0.264360	1.555959	1.043128	-0.565944	-0.179300	0.255749	-0.900993	-1.067800	-0.154932	-1.880513	-1.332806	-0.764817	-1.236029	-1.419440	0.123091	-1.236934	-0.376187	0.106461	-0.670239	0.258300	0.207251	0.741447	-0.584456	0.257406	1.246386	0.774682	0.631862	0.417294	1.226415	-0.594790	-0.443533	-0.391181	1.294159	0.117283	-0.325971	-0.890661	0.091029	0.041052
-1.866172	0.314182	-0.646256	-1.401556	-2.216915	-0.927543	0.000049	-1.070407	0.143820	1.010127	-1.620879	-1.931588	-1.688612	0.567396	-1.922220	-0.654674	1.117828	1.138217	2.074724	0.824462	-1.111147	-1.215825	0.747034	-1.487052	-1.497138	0.625294	-2.793922	-1.890348	-1.223574	-2.251863	-2.045724	0.464331	-2.340275	-1.160425	-0.041371	0.496859	0.527925	-0.340070	1.378693	1.186786	-1.130125	2.296052	0.599933	0.636473	-0.044059	0.867819	-1.570672	-0.723070	-1.194896	2.081702	0.415037	-0.738001	-0.745873	0.006593	-0.048625
-2.547699	-0.024494	-0.731178	-1.585328	-1.794363	-0.647402	0.685309	-0.811846	-0.039352	0.761177	-1.259186	-1.804866	-0.935328	1.982334	-1.774734	-1.278207	2.617356	1.449192	1.830203	0.506279	-1.016644	-0.938117	1.264224	-1.661174	-1.816864	0.631101	-2.157395	-2.241178	-1.689502	-2.050883	-1.350859	0.872240	-2.593128	-0.658813	0.774177	0.784072	1.224999	0.079972	1.458590	1.720562	-2.122990	2.294376	0.622220	0.586482	-0.168305	0.837474	-1.852280	-1.341116	-1.757114	1.239715	-0.300763	-1.351295	0.310211	0.406549	-1.311448
-2.412377	-0.469733	-1.299664	-1.250397	-0.760819	-0.382092	0.692650	0.497212	-0.067263	-0.148932	-0.682713	-1.067752	0.569596	1.887992	0.111061	-0.731683	2.584159	0.824929	0.765199	0.161569	-0.658649	-0.129473	1.243821	-1.373278	-1.461965	-0.378532	-0.270598	-2.373158	-1.994997	-1.341734	-0.181324	0.945183	-1.593237	0.885834	1.167951	-0.048698	1.741789	1.174075	0.978496	0.725581	-2.431157	1.062358	0.501602	0.209908	-0.096280	0.747725	-1.445113	-1.630404	-1.642924	-0.597954	-1.247027	-1.896703	1.202465	1.291055	-1.843616
-1.292770	-0.874462	-1.590055	-0.418108	0.609876	0.211582	0.318702	1.734612	0.181465	-0.897234	-0.104255	-0.134097	1.928691	0.693741	1.719902	0.250948	1.162249	-0.147005	-0.493223	-0.047077	-0.095046	0.491245	0.484129	-0.297553	-0.198112	-1.410355	1.466086	-1.818352	-1.602648	-0.561817	0.713657	0.533580	0.038559	2.149348	0.604428	-0.791260	1.501148	1.846192	0.040019	-0.813102	-1.640693	-0.413784	0.024633	-0.533060	0.090859	0.175487	-0.508800	-1.334597	-0.428837	-1.760000	-1.331826	-1.801163	1.451764	1.946197	-0.706545
0.372027	-0.742852	-0.682216	0.933704	1.950801	1.451468	0.181417	1.537774	0.361348	-1.003840	0.693452	0.802191	2.384202	-0.228367	1.637323	0.772099	-0.202849	-0.724885	-1.261995	-0.105804	0.899819	1.018156	-0.622381	1.364153	1.381560	-1.519315	1.947062	-0.310030	-0.379098	0.550433	1.350113	-0.152518	1.264925	2.226250	0.071634	-0.525434	0.457508	1.378707	-1.069004	-1.858304	0.238001	-1.050223	-0.518847	-1.287475	0.472290	-0.553682	0.634788	-0.887348	1.517932	-1.447329	-0.570058	-0.854729	1.548317	1.565752	0.779661
1.639152	0.046534	1.025296	2.220645	2.572971	2.448858	0.214389	0.034206	0.213199	-0.570382	1.591908	1.625897	1.826422	-0.332656	0.496139	0.487315	-0.484360	-0.710526	-1.321092	-0.143725	1.998534	1.663188	-1.213354	2.502539	2.235371	-0.754271	1.309250	1.365598	0.837774	1.940362	1.958973	-0.600659	1.422588	1.346825	0.396925	0.213149	-0.823354	0.052342	-1.718068	-1.930094	1.902733	-0.622202	-0.515277	-1.341930	1.032206	-0.637098	1.446054	-0.639803	2.806678	-0.411329	0.092237	0.305362	1.661844	0.261708	0.991139
1.802514	0.760461	2.014831	2.410738	1.900864	1.809015	-0.063126	-1.124389	0.035124	0.104317	1.934372	2.078181	0.794227	-0.190988	-0.155061	-0.185520	0.005439	-0.359161	-0.871687	-0.237235	2.257997	2.063118	-0.656838	2.107945	1.945417	0.163868	0.498679	1.908267	0.949633	2.692001	2.310062	-0.359529	0.650733	0.307878	0.988164	0.390953	-1.488025	-1.157771	-1.260037	-0.960962	1.677773	0.280813	0.203304	-0.294671	1.429876	0.124891	1.465485	-0.264314	2.224638	0.272761	0.119449	0.791469	1.130577	-0.862003	0.197164
1.060110	0.556831	1.440662	1.193045	0.324688	-0.308059	-0.585092	-0.723556	0.191498	0.738169	1.318128	1.821303	-0.089457	-0.274087	0.135366	-0.566832	0.356983	0.023093	-0.268283	-0.326524	1.215000	1.639910	0.610423	0.509061	1.063425	0.654525	0.155256	1.048365	-0.062745	2.004450	1.896551	0.400192	-0.261597	-0.348158	0.794896	-0.036360	-1.112927	-1.402445	0.147410	0.614004	-0.255502	0.820372	0.959303	1.154895	1.172929	0.899555	0.744191	0.586059	0.226868	0.376360	-0.090855	0.480478	-0.267649	-0.913731	-0.190776
0.220497	-0.407717	0.079874	-0.477907	-0.902193	-1.881963	-0.667444	0.516913	0.411972	1.021946	0.157998	0.745410	-0.624193	-0.280758	0.393695	-0.442640	0.244703	0.279883	0.157900	-0.289677	-0.404291	0.350584	1.281091	-0.846049	0.241399	0.625192	0.145532	-0.055420	-0.955434	0.261937	0.622548	0.891118	-0.541170	-0.582448	-0.207049	-0.199536	-0.209712	-0.667153	1.328404	1.733932	-1.595748	0.433865	0.915279	1.588546	0.115504	0.717701	-0.127253	1.402748	-1.333407	0.225881	-0.012326	0.071130	-1.493104	-0.233499	0.156985
-0.168154	-1.128567	-0.751094	-1.368550	-0.927795	-1.369128	0.026583	0.995840	0.140750	0.791173	-0.763752	-0.722675	-0.909948	0.139895	-0.220943	-0.153875	0.057742	0.392218	0.251160	-0.072737	-1.416990	-1.135551	0.606807	-0.921689	-0.416054	0.309056	0.075092	-0.255050	-0.672422	-1.305483	-0.900853	0.575341	-0.087252	-0.608124	-1.116823	0.363392	0.287310	0.280907	1.237521	1.519055	-0.657323	-0.713045	0.066818	0.446547	-1.218187	-0.375933	-0.525427	1.338548	-1.209150	-0.021246	0.287617	0.129695	-1.457113	0.172628	0.310932
-0.153110	-1.022956	-0.675000	-1.191772	-0.159894	0.357652	0.864149	0.396974	-0.505699	0.288651	-1.031033	-1.663251	-0.921764	0.646590	-1.141915	-0.006465	0.093337	0.386745	0.130563	0.203242	-1.357232	-1.898273	-0.612414	-0.126614	-0.869397	0.004900	-0.089647	0.240339	0.326873	-1.793909	-1.743926	-0.141366	0.529362	-0.564146	-1.295578	1.025777	0.104371	0.684665	0.226452	0.370454	1.364712	-1.662616	-0.746129	-1.118716	-1.923081	-1.329557	-0.350271	0.490976	-0.077482	-0.312977	0.417735	0.438091	-0.503632	-0.017134	-0.113890
-0.002653	-0.479817	-0.264097	-0.548082	0.385586	1.162513	0.888332	-0.125838	-0.766224	-0.029568	-0.737978	-1.302287	-0.486218	0.601937	-1.086033	0.082115	0.147338	0.270951	0.045215	0.314496	-0.629598	-1.417502	-0.926780	0.363364	-0.745168	-0.096053	-0.076316	0.370418	0.676955	-1.179268	-1.355679	-0.401416	0.710482	-0.428718	-0.876599	0.839398	-0.191686	0.406285	-0.408617	-0.403054	1.842695	-1.432897	-0.770967	-1.445886	-1.437353	-1.193519	0.009364	-0.121552	0.473159	-0.418763	0.223609	0.415796	0.079385	-0.227888	-0.339530
0.148027	-0.005496	0.017392	0.057134	0.345633	0.397304	-0.019968	0.114319	-0.350361	-0.023688	-0.173976	0.191949	0.347958	-0.067932	0.202824	0.260904	0.011382	0.069359	0.090309	0.204446	0.255811	0.018009	-0.022203	0.114807	0.039272	-0.007700	0.202391	-0.248309	-0.055747	0.029493	-0.013783	0.015494	0.408266	-0.184508	-0.253037	-0.283995	-0.179095	-0.237911	-0.156272	-0.274974	0.124291	-0.059104	-0.061414	-0.292870	-0.027567	-0.050998	0.259348	-0.017124	-0.050126	-0.228471	-0.162302	-0.073938	-0.194859	-0.064520	0.124307
