X1	X2	X3	X4	X5	X6	X7	X8	X9	X10	X11	X12	X13	X14	X15	X16	X17	X18	X19	X20	X21	X22	X23	X24	X25	X26	X27	X28	X29	X30	X31	X32	X33	X34	X35	X36	X37	X38	X39	X40	X41	X42	X43	X44	X45	X46	X47	X48	X49	X50	X51	X52	X53	X54	X55
-0.241402	-0.083405	-0.070540	-0.158239	-0.144285	-0.124424	-0.120724	-0.011642	-0.121502	-0.132833	-0.049184	-0.226330	-0.167516	0.196157	-0.013501	-0.214288	-0.147543	-0.159965	0.065680	-0.143313	-0.198068	-0.213893	-0.173273	-0.085616	0.067970	-0.078199	0.260028	-0.039277	0.100500	-0.115566	-0.180717	-0.149058	0.036964	0.031807	-0.198072	-0.126628	0.037595	-0.042737	-0.118608	-0.097848	-0.156196	-0.122480	-0.075166	-0.216536	-0.185406	-0.107754	-0.038038	-0.100612	-0.063878	-0.033311	-0.085134	-0.035687	-0.118629	-0.095489	-0.067976
-1.610869	0.214135	-1.259240	-1.121241	0.790215	0.364952	-0.620312	-0.686642	-1.959177	-1.323310	-0.592809	0.299045	-0.433738	1.425548	0.958433	0.600080	-0.249048	-0.816559	-0.444252	-1.391120	-1.175860	-1.068607	0.291848	-1.618091	0.279477	0.026655	-0.013488	-0.147842	0.235038	-0.690468	-1.100628	-0.402936	0.291037	1.419282	-0.768027	-0.089922	0.222927	0.303216	0.716200	-0.747925	0.734384	0.731264	-0.260840	-0.102034	-0.833008	0.341873	-0.980669	-1.006817	-0.491470	-0.294615	1.263312	0.933396	-0.117316	0.288025	-0.464366
-1.596223	0.639312	-1.360461	-1.112779	0.918995	0.882646	-0.313653	-0.642303	-1.986124	-1.135645	-0.701273	0.686004	-0.208662	1.200095	0.876564	0.918865	0.212779	-0.191936	-0.147374	-1.192870	-0.861388	-0.877755	0.513392	-1.487928	0.198704	0.353695	-0.454465	-0.031285	0.093796	-0.544816	-1.057152	0.341142	0.269628	1.424617	-1.095079	0.097907	-0.508515	0.197005	1.090453	-0.515665	1.054441	1.202840	0.158174	0.097619	-0.905571	0.788112	-0.625685	-1.042193	-0.645051	-0.650881	1.633749	1.087021	-0.426250	-0.042243	-0.683886
-0.316534	0.951993	-0.474103	-0.077792	0.473522	1.186784	0.683313	0.098268	-0.258419	0.390609	-0.417910	0.925571	0.446237	-0.191911	0.016637	0.635515	1.086703	1.175510	0.671931	0.265618	0.612668	0.181581	0.369428	-0.025189	-0.006124	0.824189	-0.918630	0.290654	-0.282672	0.149458	-0.077659	1.719070	0.120132	0.088884	-1.134092	0.250168	-1.400336	-0.221248	0.774995	0.364415	0.639823	1.147860	0.895493	0.308061	-0.476034	1.007424	0.600908	-0.318958	-0.501021	-1.137411	0.653915	0.308215	-0.766345	-0.792719	-0.442545
0.941772	0.778261	0.413106	1.203407	0.337022	1.006371	1.488008	0.855903	1.565935	1.918769	-0.084390	1.078743	1.005877	-1.249050	-0.407251	0.095729	1.628093	1.698183	1.009748	1.547155	1.893961	1.051551	-0.020430	1.054072	0.095751	1.104141	-1.084805	0.625665	-0.505913	0.616669	0.974077	2.371985	0.246419	-1.413179	-0.930830	0.163283	-0.996500	-0.442309	-0.027657	0.918807	-0.110559	0.657739	1.086918	0.369683	-0.118530	0.752334	1.212814	0.318433	-0.198857	-1.514536	-1.009784	-0.585533	-0.587925	-1.053764	0.327115
1.306121	0.158530	0.732527	1.974133	0.864699	0.477799	1.464825	1.075596	2.133176	2.233566	0.181106	1.169941	1.110732	-1.085425	0.251481	-0.165692	1.333200	0.933276	0.450695	1.757007	1.950591	1.155255	-0.280070	0.853009	0.607259	0.981932	-0.781621	0.862841	-0.147701	0.530853	1.429001	1.577255	0.791105	-2.110948	-0.371058	0.068654	0.690745	-0.217779	-0.723367	0.730345	-0.518989	-0.065089	0.406298	0.272703	-0.169800	0.145019	0.649218	0.384755	0.263120	-1.244819	-1.946831	-0.472501	0.169310	-0.444970	1.203997
1.095502	-0.383255	0.899879	2.106632	1.511569	0.101644	0.869955	0.862828	1.616503	1.347649	0.550861	1.194039	0.963382	-0.098674	1.390392	0.188639	0.517021	0.087796	-0.327511	1.420168	1.114262	0.970240	-0.014202	0.142147	1.125162	0.631059	-0.100782	1.033868	0.825831	0.396501	1.437132	0.097006	1.426133	-1.854991	0.757028	0.385227	2.019958	0.282041	-0.738436	0.388028	-0.211116	-0.767523	-0.484282	0.232586	-0.355080	-0.318873	-0.202342	0.256640	1.033481	-0.018494	-1.175517	0.894009	0.970836	0.547818	1.646238
1.040972	-0.397212	1.501540	1.926938	1.576169	0.217538	0.438693	0.682874	1.063013	0.242353	1.030204	1.125755	0.976679	0.884599	1.953288	0.995017	-0.027640	0.265116	-0.448855	1.452585	0.471159	1.195375	0.784932	0.059538	1.224952	0.403447	0.674294	1.165564	1.908466	0.770122	1.526793	-0.752427	1.650084	-0.912179	2.319849	1.071880	1.743939	0.795195	-0.014972	0.592148	0.559221	-1.179468	-0.718715	0.451266	-0.219665	-0.249254	-0.392535	0.526683	1.993341	1.660319	0.816637	2.377999	1.352785	1.275239	1.612114
1.207229	0.035131	2.314329	1.688244	0.966276	0.668455	0.544791	0.683742	0.998052	-0.237266	1.207168	0.850834	1.136271	1.370432	1.520102	1.604433	0.145176	1.014409	0.102845	1.760492	0.465033	1.731068	1.581041	0.666777	0.967107	0.417011	1.183318	1.232003	2.451047	1.401313	1.777840	-0.556207	1.217505	0.387415	3.591318	1.565873	0.418251	1.147362	0.907691	1.203654	1.241619	-1.108827	-0.201156	0.830978	0.275986	0.249106	-0.052432	1.140469	2.557518	2.721683	2.406216	2.446856	1.407144	1.551029	1.564066
0.989227	0.480057	2.453642	1.316657	0.129948	1.001969	0.904097	0.514630	0.976164	-0.106441	0.628270	0.181616	0.954578	1.110477	0.476726	1.335040	0.732249	1.069456	0.567525	1.373226	0.432817	1.757107	1.678967	1.083685	0.733931	0.456601	1.196335	1.233909	2.238891	1.413844	1.640531	-0.042233	0.296621	1.511693	3.702736	1.416313	-0.497290	1.129684	1.324439	1.419865	1.573430	-0.578852	0.395651	1.005629	0.745849	0.705268	0.069167	1.413459	2.166635	2.504023	2.341383	0.767057	1.453609	1.483193	1.776554
0.016136	0.631667	1.382421	0.580981	-0.539989	0.863789	0.963798	-0.164253	0.348541	0.006410	-0.654281	-0.913344	0.130510	0.014296	-0.582859	0.079146	1.016501	0.060835	0.371209	-0.122158	-0.435035	0.718337	0.855035	0.666097	0.627605	0.255296	0.837951	1.161834	1.590538	0.297343	0.588855	-0.052187	-0.686543	1.776764	2.473432	0.733937	-0.441846	0.536984	0.909242	0.724695	1.664884	0.101590	0.430878	0.697375	0.843691	0.714419	-0.340015	0.849153	0.945071	1.298058	0.841169	-1.388372	1.445010	1.026499	1.839977
-1.245694	0.508078	-0.449664	-0.539388	-0.993654	0.199200	0.430256	-1.119143	-0.802395	-0.346312	-1.991931	-2.042837	-0.924783	-1.443315	-1.287206	-1.481834	0.525134	-1.098365	-0.307019	-1.811256	-1.907549	-0.957943	-0.388203	-0.308719	0.339014	-0.219526	0.544799	0.917194	0.924685	-1.399980	-1.106603	-0.634084	-1.297868	0.963769	0.736216	-0.036351	-0.184862	-0.473704	-0.038928	-0.537312	1.565624	0.487988	-0.135360	0.032155	0.592765	0.243563	-0.913299	-0.244881	-0.316277	-0.100839	-0.788025	-2.449213	1.025568	0.074283	1.106295
-1.884743	0.284880	-1.948173	-1.626912	-1.251957	-0.740438	-0.508304	-1.619749	-1.588828	-0.951624	-2.578728	-2.471637	-1.420529	-2.176296	-1.421925	-2.333978	-0.562847	-1.448486	-0.931651	-2.405394	-2.734365	-2.159045	-1.222603	-1.036801	-0.251285	-0.749361	0.694877	0.462388	0.394390	-2.395795	-2.351640	-1.203614	-1.294852	-0.218686	-0.341393	-0.569695	-0.604816	-1.257144	-0.797631	-1.486857	1.046444	0.351519	-0.890249	-0.548667	0.275513	-0.383020	-1.145258	-1.030140	-0.850883	-1.093309	-1.421393	-2.092966	0.173943	-1.034331	-0.366550
-1.459196	0.069465	-2.260731	-2.039401	-1.128292	-1.512230	-1.339091	-1.160051	-1.200698	-1.224874	-2.056943	-1.710670	-1.037067	-1.462214	-0.892115	-1.938581	-1.557181	-1.087957	-1.269769	-1.710516	-1.951739	-2.086766	-1.202935	-1.050770	-0.666307	-1.054936	1.221525	-0.000072	-0.069538	-1.795934	-2.172215	-1.337402	-0.792816	-0.649653	-0.380283	-0.820773	-1.518075	-1.221332	-0.796407	-1.503442	-0.023244	-0.109379	-1.415080	-0.727693	0.084684	-0.780433	-0.900195	-0.970328	-0.522182	-1.475093	-0.956244	-1.296464	-0.566705	-1.510635	-1.627167
-0.449141	-0.165780	-1.425147	-1.492299	-0.449970	-1.753067	-1.621039	-0.099073	0.127335	-0.879160	-0.854866	-0.154374	-0.272595	0.048910	-0.005282	-0.691907	-1.827180	-0.829432	-1.454801	-0.764499	-0.056963	-1.000874	-0.621539	-0.654450	-0.407914	-1.004228	1.564757	-0.247219	-0.568110	-0.051691	-0.803825	-1.188458	-0.304802	0.044664	-0.130046	-0.916460	-1.939837	-0.507556	-0.169255	-0.727135	-1.233181	-0.482024	-1.493753	-0.609451	-0.049199	-0.845333	-0.490674	-0.320018	0.181352	-1.325463	-0.160966	-0.999995	-0.708413	-0.940619	-1.836214
0.227247	-0.489283	-0.280878	-0.410560	0.523293	-1.468534	-1.330035	0.554988	1.166684	-0.189893	0.086534	1.069973	0.150134	0.801636	0.496980	0.427518	-1.327071	-1.061862	-1.575940	-0.529981	1.365228	0.046594	-0.152021	-0.526918	0.203537	-0.712692	1.085621	-0.407825	-1.150071	1.297154	0.372694	-1.146102	-0.406143	0.987724	-0.503215	-0.978158	-1.300158	0.114610	0.335359	0.158423	-1.811093	-0.555088	-1.085199	-0.514147	-0.260548	-0.799739	-0.370881	0.226223	0.607769	-0.937924	0.110139	-1.095336	-0.445258	0.033078	-1.243658
0.138745	-0.869071	0.291236	0.429096	1.171245	-0.990898	-0.838990	0.164709	0.901302	0.389131	0.134744	1.168277	0.087472	0.063774	0.124310	0.749788	-0.597649	-1.342865	-1.536808	-0.828291	1.279875	0.281221	-0.140957	-0.897855	0.258392	-0.460865	-0.269193	-0.792289	-1.742650	1.112287	0.258411	-1.253947	-1.111042	0.976826	-1.375128	-0.941764	-0.071703	0.135124	0.173842	0.630284	-1.321583	-0.466548	-0.362625	-0.558553	-0.474572	-0.883868	-0.637020	0.293322	0.413777	-0.604079	-0.308086	-0.856125	-0.371360	0.260535	-0.780961
-0.269116	-1.120720	0.127508	0.592441	1.107369	-0.567735	-0.529947	-0.764687	-0.349221	0.695539	-0.395850	0.533918	-0.008033	-1.124699	-0.680335	0.478453	-0.237224	-1.107678	-1.334889	-0.788239	0.246412	-0.044315	-0.314612	-1.205795	-0.559900	-0.432760	-1.675958	-1.284662	-2.069069	-0.119917	-0.740792	-1.090230	-1.644750	-0.063240	-1.702800	-0.551356	0.877943	-0.095471	-0.330908	0.780345	-0.117802	-0.471805	0.209902	-0.592334	-0.475337	-1.083836	-0.780920	0.129792	-0.249668	-0.246184	-0.737782	-0.045662	-0.658497	-0.559695	-0.797274
-0.241870	-1.009324	-0.218056	0.222444	0.553553	-0.090614	-0.447811	-1.060676	-1.232082	0.838778	-0.583624	0.242138	0.175362	-1.124940	-0.947868	0.321991	-0.361047	-0.421671	-1.134373	-0.091786	-0.376139	-0.098630	-0.208096	-0.716996	-1.452889	-0.494849	-2.087825	-1.280052	-1.783354	-0.865241	-1.269905	-0.237641	-1.143830	-0.880951	-0.902091	0.292307	1.255242	0.154158	-0.379376	1.007706	0.958850	-0.637610	0.135355	-0.507459	-0.222601	-1.198043	-0.139165	0.157451	-0.894632	0.482542	-0.386468	0.777164	-0.841029	-1.398645	-0.715458
0.406935	-0.445592	-0.201873	-0.313482	0.015118	0.618001	-0.371171	-0.231632	-0.843309	0.851525	0.022025	0.698981	0.352027	0.310652	-0.367765	0.592767	-0.574321	0.190940	-0.883403	0.652229	-0.058822	0.413346	0.236769	0.536970	-1.472085	-0.326661	-1.393685	-0.492637	-0.857118	-0.364960	-0.700218	1.179834	0.296113	-0.412074	0.307789	1.160094	1.367191	0.982862	0.266123	1.342228	1.315628	-0.759935	-0.535297	-0.393148	0.069546	-1.056300	1.260224	0.381112	-1.069208	1.499082	0.680222	1.027086	-0.516304	-1.091120	-0.042913
1.118997	0.367299	0.118143	-0.752967	-0.277544	1.319267	-0.167928	0.880094	0.306383	0.586227	0.842123	1.178398	0.090987	1.715242	0.314971	0.847668	-0.446672	0.473817	-0.174702	0.803019	0.467230	0.886696	0.632620	1.632086	-0.719099	0.153547	-0.684449	0.442107	0.202985	0.552095	0.250007	2.470969	1.514088	0.760574	0.732278	1.336272	1.400180	1.596583	0.919419	1.317557	1.024574	-0.549688	-1.010531	-0.313420	0.197212	-0.600004	2.451809	0.413071	-0.695867	1.999321	1.491271	0.802103	0.003332	0.143318	0.789106
1.280993	0.980943	0.287632	-0.901411	-0.432900	1.423181	0.033230	1.039137	0.959233	-0.005796	0.976994	0.872990	-0.487060	1.664714	0.303105	0.537462	0.024824	0.678730	1.149784	0.541843	0.399658	0.679555	0.648906	1.676616	-0.161149	0.590326	-1.020320	0.586240	0.684772	0.704572	0.646749	2.915784	1.464568	0.945048	0.106523	0.616057	1.202879	1.219474	0.786340	0.633670	0.546756	0.068220	-0.495046	-0.131796	0.146477	0.106457	2.394505	0.048526	-0.120724	1.285640	1.265599	0.598315	0.011904	0.824879	0.963780
0.905024	0.983399	0.120764	-0.557530	-0.503821	0.689766	0.060441	0.092782	0.561781	-0.649001	0.327300	0.033805	-0.785487	0.355370	-0.208566	-0.160476	0.439762	1.073182	2.410227	0.547548	-0.019155	0.048002	0.383606	0.773395	-0.344147	0.561399	-2.072745	-0.110902	0.312076	0.162429	0.534262	2.389424	0.385085	-0.619633	-0.711144	-0.293996	0.805763	0.078370	-0.046174	-0.252775	0.183652	0.797445	0.788643	0.252343	-0.046347	0.785167	1.119343	-0.390423	0.200305	-0.207172	0.374908	0.537902	-0.660333	-0.009225	0.390174
0.500401	0.348091	-0.023403	0.317001	-0.295665	-0.255323	0.013264	-0.836749	-0.235473	-0.905801	-0.299219	-0.331293	-0.486927	-0.884503	-0.377649	-0.446257	0.482107	1.504571	2.568681	1.053495	0.083226	-0.100653	0.201474	-0.073295	-0.747310	0.128156	-2.424607	-0.634902	-0.454268	0.068643	0.627659	1.510528	-0.477822	-2.716015	-0.834988	-0.402772	0.562716	-0.826359	-0.641992	-0.471699	-0.053984	1.165189	1.628508	0.598911	-0.420595	1.000022	-0.174811	-0.397151	0.141362	-1.120466	-0.055388	0.293186	-1.307226	-1.527873	-0.142671
0.407781	-0.459572	0.313551	1.425095	0.335248	-0.357742	0.254268	-0.702604	-0.498459	-0.540676	-0.214696	0.256773	0.079740	-1.227064	0.123541	0.151993	0.350698	1.646662	1.422907	1.614023	0.948248	0.681625	0.342876	-0.004039	-0.560045	-0.131507	-1.250794	-0.103843	-0.807454	0.967219	1.170097	1.121285	-0.268665	-3.445723	-0.232996	0.546865	0.527810	-0.885039	-0.208530	0.309862	-0.127674	0.983011	1.166423	0.542515	-0.895390	0.589718	-0.320084	0.148155	0.036565	-0.568922	0.511376	-0.187045	-1.090080	-1.968603	0.107979
0.484747	-0.792700	1.035193	2.242215	1.123304	0.744004	0.999578	0.237138	-0.104421	0.265972	0.310581	1.194237	0.453804	-0.942562	0.789344	1.194691	0.582821	1.509611	0.009385	1.766321	1.812402	1.817227	0.767175	0.842337	0.241604	0.257283	0.705524	1.089087	-0.345747	1.908691	1.612253	1.476140	0.622706	-2.314833	0.516021	1.795419	0.221619	-0.452645	1.046653	1.452893	0.120613	0.611294	0.036746	0.183968	-1.068616	0.047227	0.588555	0.884381	0.293428	0.808746	1.306820	-0.337555	-0.020289	-0.646917	1.056254
0.428869	-0.360341	1.409155	2.307118	1.468248	2.085815	1.893369	0.793964	0.263249	0.973919	0.423135	1.566303	0.666133	-0.552359	1.092514	1.822729	1.337145	1.418915	-0.414473	1.538523	1.832966	2.326023	1.255219	1.546934	0.892806	1.033352	1.994922	1.616666	0.519017	1.533012	1.395066	1.913667	1.143095	-0.585215	0.941948	2.268916	-0.563559	-0.173267	2.050750	1.929195	0.559479	0.607043	-0.280787	0.175082	-0.542572	0.131875	1.302496	1.367285	0.862661	1.375740	1.047440	0.283481	0.971591	1.284505	1.939642
0.170808	0.483522	0.779858	1.487067	0.919010	2.144730	2.112148	0.319524	0.026660	0.992449	-0.217892	1.112806	1.081574	-0.056065	1.095852	1.645782	1.965492	1.498252	0.358605	1.184983	1.041854	1.825239	1.528024	1.394737	0.786954	1.312693	1.968401	0.681109	0.918558	-0.219807	0.655200	1.502035	0.750111	0.411834	0.958557	1.507761	-1.114006	-0.109965	1.846652	1.263076	0.586611	1.012917	0.705440	0.917582	0.426600	0.912671	0.779291	1.392825	1.189530	0.181026	-0.564219	1.164689	0.997159	2.168230	1.997227
-0.137879	1.049238	-0.599988	0.137377	-0.337444	0.491970	1.121319	-0.511705	-0.651477	0.171907	-0.928494	0.284093	1.726531	0.751953	1.072460	0.986729	1.593227	1.456459	1.427761	0.749624	0.205596	0.789528	1.339719	0.558607	0.146292	0.494944	1.175903	-1.083925	0.369181	-1.866560	0.014206	0.124977	-0.122255	0.761359	0.713994	0.011278	-0.501013	0.169571	0.506693	-0.115329	-0.217905	1.177000	1.804958	1.823140	0.919326	1.465980	-0.675962	0.971158	0.756169	-1.903429	-2.293232	1.242178	0.171830	1.619193	1.007814
-0.332795	0.987989	-1.604546	-0.984537	-1.406921	-1.436745	-0.582785	-0.496717	-1.145124	-0.886821	-0.684348	-0.357877	2.096995	1.613912	0.951580	0.398316	0.221084	1.009387	1.856540	0.158186	-0.058541	-0.051445	0.649870	-0.176437	-0.266511	-0.920749	0.541979	-2.247484	-0.709167	-1.908928	-0.122251	-1.250060	-0.587197	1.424578	0.453729	-1.204688	1.143977	0.844670	-0.908458	-1.329817	-1.337609	0.532069	1.613766	1.808018	0.369381	0.887984	-1.718600	0.227073	-0.358745	-2.908654	-2.530869	0.201649	-0.483430	0.713820	-0.490629
-0.293428	0.606983	-1.303164	-1.208826	-1.284456	-1.646319	-1.681745	0.686834	-1.059614	-1.215234	0.701867	-0.556921	1.729448	1.907980	0.518920	0.148498	-1.028508	0.298392	1.505738	-0.438993	0.178302	-0.391573	-0.242798	-0.277644	0.077007	-1.622633	0.532671	-1.971190	-1.369224	-0.408260	0.102181	-1.616886	-0.145731	2.597343	0.374888	-1.449337	2.491886	1.494301	-1.368204	-1.781584	-1.676761	-0.541441	0.299556	0.625036	-0.531725	-0.471029	-1.392778	-0.567721	-1.482931	-1.775478	-1.012475	-0.960678	-0.145318	0.572883	-1.397426
0.058930	0.422455	0.011747	-0.569136	0.136747	0.157775	-1.240250	2.067514	-0.532344	-0.423645	2.217995	-0.395924	0.745559	1.381308	-0.054700	0.112105	-1.038742	-0.305401	0.812659	-0.742833	0.387488	-0.454604	-0.869694	0.017334	1.005220	-0.789531	1.011983	-0.680187	-1.070035	1.105619	0.254423	-1.122208	0.875387	3.273585	0.360116	-0.901587	2.287582	1.499376	-0.854113	-1.490432	-0.821728	-0.999629	-0.636210	-0.686999	-0.432537	-1.203339	-0.143988	-1.045067	-1.912799	0.478591	0.817812	-0.929116	0.901472	1.156716	-0.870797
0.617904	0.492441	1.054675	0.139268	1.612224	1.968045	0.291603	2.392913	0.046725	0.783297	2.620412	-0.206136	-0.325577	0.461965	-0.320134	-0.039878	0.036939	-0.687078	0.099645	-0.731796	0.129170	-0.616634	-1.003395	0.046427	1.785451	0.940504	1.464278	0.510903	-0.173418	1.242157	0.051132	-0.859709	1.578570	2.550559	-0.011574	-0.347680	0.596078	0.656654	-0.245554	-0.889130	0.378370	-0.372461	-0.271334	-0.948027	1.055154	-0.428987	0.693531	-1.014854	-1.508667	1.811210	1.273418	0.437833	1.606561	1.590881	0.684107
0.975663	0.380080	0.867204	0.094542	1.514288	1.546822	1.452114	1.391574	0.439127	1.253174	1.716623	-0.371743	-1.125390	-0.265655	-0.186468	-0.550382	0.911211	-1.063660	-0.667154	-0.771446	-0.626830	-1.020950	-0.860899	-0.484864	1.686013	1.994993	1.289473	0.868146	0.535849	0.117517	-0.432538	-1.450179	1.248624	0.838267	-0.902825	-0.351862	-1.319209	-0.597850	-0.268474	-0.404060	0.729342	0.605820	0.654009	-0.180258	2.730511	1.121008	0.367049	-0.642955	-0.734105	1.319549	0.137081	1.804588	1.355063	1.344703	1.695865
0.632175	-0.237679	-0.262511	-0.749719	-0.432281	-1.034545	1.189419	-0.099665	0.641034	0.560707	0.450261	-0.986348	-1.675224	-0.661124	-0.088347	-1.319306	0.559680	-1.613138	-1.571397	-1.192706	-1.540730	-1.489617	-0.828525	-1.170409	0.583042	1.400834	0.288132	0.546651	0.706846	-0.948284	-0.867511	-2.252893	-0.012984	-0.588902	-1.758869	-0.737497	-2.276212	-1.525447	-0.764029	-0.226287	-0.013974	0.812085	0.736183	0.493950	3.036187	1.871644	-0.555904	-0.248408	-0.087376	0.054583	-1.230897	1.693379	0.569836	0.699312	0.969832
-0.548181	-1.117312	-1.282799	-1.683043	-2.610849	-3.377643	-0.169678	-1.128309	0.687138	-0.611305	-0.283401	-1.678967	-2.066221	-0.916483	-0.373160	-1.905390	-0.727043	-2.200778	-2.424566	-1.869025	-2.169650	-1.728267	-1.017627	-1.410193	-0.851889	-0.305593	-0.939268	0.168711	0.629646	-0.972087	-0.967509	-2.250376	-1.370006	-0.954518	-1.760733	-0.922734	-2.182418	-1.689761	-1.061250	-0.350091	-1.031348	-0.013909	-0.425858	0.174066	1.658749	1.107193	-1.019300	-0.009389	0.377488	-0.414253	-1.428105	0.096488	0.047931	0.131323	-0.892461
-2.046978	-1.646811	-1.532252	-1.999890	-3.070212	-3.316951	-1.319375	-1.450190	0.552392	-1.229962	-0.505551	-1.891924	-2.158516	-1.039692	-0.770782	-1.886230	-1.691540	-2.476254	-2.808653	-2.309699	-2.253065	-1.620025	-1.166354	-1.130715	-1.643917	-1.670695	-1.377259	0.047321	0.652787	-0.300158	-0.754110	-1.373388	-1.962571	-0.519852	-0.778150	-0.646427	-1.740314	-1.254193	-0.817084	-0.662162	-1.464285	-1.021829	-1.824612	-0.865140	-0.285129	-0.327187	-0.774077	0.021888	0.806389	0.107869	-0.463273	-1.420192	0.013332	-0.298617	-2.073787
-2.916805	-1.361047	-1.149098	-1.614656	-1.520059	-1.106158	-1.196879	-1.317576	0.305705	-0.866839	-0.641676	-1.349321	-1.716541	-0.773966	-0.695214	-1.249834	-1.332744	-2.152610	-2.448811	-2.166091	-1.823216	-1.329351	-0.976858	-0.814441	-1.321306	-1.661807	-0.631991	-0.020672	0.723238	0.034309	-0.528401	-0.491786	-1.509693	0.053280	0.436504	-0.206275	-1.376187	-0.654249	-0.265828	-0.947299	-1.211715	-1.130537	-2.088844	-1.524820	-1.395686	-0.965556	-0.483921	-0.216379	1.007666	0.382215	0.395846	-1.329114	0.109453	-0.718719	-1.626609
-2.490516	-0.256736	-0.522851	-0.975294	0.548511	1.080282	0.135793	-0.819041	0.208031	0.073192	-0.614240	-0.257774	-0.797984	-0.020181	0.037877	-0.396447	0.197412	-1.263511	-1.577244	-1.609055	-1.103394	-1.100296	-0.484661	-0.814070	-0.255897	-0.432037	0.614165	-0.188679	0.678021	-0.298067	-0.524363	-0.231789	-0.311667	0.421836	1.106711	-0.016070	-0.798310	-0.067873	0.186238	-0.945549	-0.716781	-0.037798	-0.767151	-1.011022	-1.103254	-0.182934	-0.647517	-0.657326	0.592122	-0.515010	0.099296	0.259845	0.136292	-0.951683	-0.506044
-1.027206	1.208377	0.176061	-0.549139	1.605788	1.474390	1.597912	0.168388	0.479072	0.840496	-0.010283	0.857061	0.148145	0.924611	0.990806	0.214471	1.720660	-0.256783	-0.837375	-1.146631	-0.330844	-0.976396	-0.050291	-0.873046	0.775243	0.995126	1.382172	-0.115077	0.691301	-0.551153	-0.621560	-0.335282	1.067263	0.573345	1.182875	-0.116958	0.319521	0.619231	0.310034	-0.571163	-0.347444	1.507291	1.259209	0.426762	0.113255	1.290336	-0.912107	-0.914936	-0.269586	-1.885530	-1.014842	1.757951	0.358506	-0.677345	-0.230630
0.436086	2.333177	0.807242	-0.426184	1.472281	0.280695	2.011860	1.424439	0.997864	0.982555	1.012024	1.481893	0.693593	1.602756	1.543185	0.372308	2.041336	0.281039	-0.643638	-1.018274	0.359262	-0.787499	0.011464	-0.514477	1.268121	1.655089	1.389124	0.543079	1.036528	0.006256	-0.503526	-0.295911	2.006904	0.474508	1.031868	-0.229025	1.558601	1.358044	0.057696	-0.075514	-0.172691	2.325151	2.523119	1.784564	1.257089	2.201991	-0.656434	-0.574228	-0.700233	-2.167572	-1.547297	1.775006	0.972528	-0.008255	-0.933224
1.047826	2.540588	1.028173	-0.323133	0.922022	-0.888456	1.068558	2.205477	1.367507	0.624873	1.609652	1.403858	0.861347	1.693136	1.374966	0.145432	0.985600	0.160617	-0.650894	-0.863956	0.922395	-0.431880	-0.245294	0.202742	1.224743	1.358582	0.997319	1.319948	1.491969	0.983894	-0.101599	-0.144410	2.019375	0.016726	0.662875	-0.201843	2.006179	1.705851	-0.470667	0.133138	-0.097391	1.803428	2.246207	2.205244	1.546125	1.988831	0.086261	0.218805	-0.135622	-0.786670	-0.494735	0.435290	1.572468	0.495462	-1.329695
0.901936	1.717219	0.607982	0.049570	0.465570	-0.814427	-0.510811	1.875087	1.249171	0.190340	1.201238	0.773537	0.948812	1.086808	0.573485	-0.250271	-0.532357	-0.217105	-0.110702	-0.170126	1.262246	-0.079231	-0.474975	0.615900	0.889412	0.608437	0.445888	1.199212	1.400938	1.244806	0.265561	-0.238984	1.095445	-0.693116	-0.274372	-0.236022	1.238637	1.223389	-0.977312	-0.106952	0.024834	0.368594	0.914276	1.552856	0.858132	1.044690	0.633281	0.716070	0.759411	1.163104	1.613224	-0.975588	1.434534	0.461009	-0.512953
0.682503	0.255053	-0.159339	0.605573	-0.024158	0.191934	-1.721661	0.584331	0.548755	-0.117735	0.129477	-0.081631	0.960646	-0.057710	-0.483059	-0.559742	-1.489647	-0.319057	1.136214	0.987205	1.149388	0.033269	-0.412986	0.286677	0.423490	-0.105500	-0.364586	-0.069456	0.451216	0.347543	0.290640	-0.518838	-0.159110	-1.191158	-1.657503	-0.544373	-0.201693	0.037415	-1.080496	-0.527083	0.284969	-1.028379	-0.439125	0.265627	-0.337838	-0.065891	0.507221	0.353743	0.769456	2.141715	3.066997	-1.414592	0.313321	0.070979	0.884254
0.682516	-1.223098	-0.647054	0.935782	-0.701312	0.857586	-2.086070	-0.863689	-0.579456	-0.428438	-0.802642	-0.849866	0.541276	-1.219248	-1.304038	-0.576425	-1.639359	-0.025599	2.263381	1.880584	0.470792	-0.018528	-0.125160	-0.331132	-0.173084	-0.745634	-1.325948	-1.386168	-0.867376	-0.828918	0.078861	-0.436910	-1.011912	-1.013294	-2.513217	-0.899543	-1.328875	-1.143335	-0.637196	-0.682323	0.531004	-1.777419	-1.282820	-1.075195	-1.393356	-1.201443	0.011742	-0.523230	-0.271996	1.712556	2.580064	-0.968322	-1.219489	-0.293911	1.531413
0.535152	-2.175508	-0.535464	0.778303	-1.298200	0.467304	-1.741329	-1.751800	-1.691789	-0.799784	-1.160941	-1.272544	-0.388663	-1.729351	-1.592537	-0.290401	-1.354479	0.382268	2.306627	1.881168	-0.405359	0.113015	0.101914	-0.391108	-0.900990	-1.388180	-1.862607	-1.541530	-1.755968	-1.175706	-0.050927	0.269220	-1.279864	-0.264219	-1.943952	-0.795525	-1.522567	-1.641312	0.066417	-0.389838	0.416735	-1.860613	-1.670687	-1.988534	-1.854770	-2.260617	-0.158480	-0.989068	-1.209169	0.633417	0.556029	-0.490491	-2.285225	-0.523880	0.908569
-0.015144	-2.307050	-0.114596	0.318080	-1.439867	-0.394850	-1.021578	-1.888463	-2.141690	-0.969080	-1.053050	-1.212484	-1.239833	-1.351284	-1.480933	0.030297	-0.926260	0.616420	1.299501	1.092865	-0.814574	0.514645	0.079972	0.233897	-1.541359	-1.750911	-1.509314	-0.751915	-1.887707	-0.726585	-0.071710	1.062456	-1.304551	0.325977	-0.342227	-0.143453	-0.870014	-1.395689	0.538330	0.095149	-0.134343	-1.479816	-1.605891	-2.192246	-1.614728	-2.698606	0.230791	-0.614234	-1.135010	-0.279601	-1.342909	-0.570683	-2.450354	-0.724540	-0.341722
-0.522350	-1.666673	0.114059	-0.050120	-1.117905	-0.684137	-0.228958	-1.447224	-1.592580	-0.697029	-0.741612	-0.819787	-1.326362	-0.570416	-1.285207	0.068970	-0.385764	0.594566	0.249441	0.178369	-0.543459	0.760730	-0.086709	0.761214	-1.675761	-1.433080	-0.541809	-0.257765	-1.502087	-0.409904	-0.228304	1.151137	-1.266617	0.157192	0.852481	0.477037	-0.016261	-0.877015	0.541827	0.356954	-0.632504	-0.818008	-0.967402	-1.716861	-0.919078	-2.028352	0.676496	0.052727	-0.533077	-0.815846	-1.844111	-0.927787	-1.925595	-0.875863	-1.206372
-0.422620	-0.697250	0.040656	-0.137086	-0.637658	-0.212166	0.308300	-0.729315	-0.534124	-0.184902	-0.400006	-0.452320	-0.706881	-0.087655	-1.021412	-0.149390	0.120483	0.379917	-0.056562	-0.280936	-0.119658	0.461317	-0.146669	0.548984	-1.112077	-0.561620	0.242392	-0.485280	-0.895400	-0.591828	-0.500770	0.462982	-0.926886	-0.454243	0.777737	0.491102	0.308618	-0.489827	0.286170	0.259238	-0.513283	-0.166928	-0.084012	-0.917887	-0.250400	-0.698679	0.578984	0.233968	-0.316215	-0.940970	-1.104369	-0.859238	-1.168923	-0.797698	-1.134058
0.067191	-0.020818	-0.011396	-0.052480	-0.253221	0.242641	0.334526	-0.131150	0.076747	0.105645	-0.154890	-0.286410	-0.110750	-0.065997	-0.490965	-0.263589	0.254018	0.100758	0.129412	-0.205659	-0.090679	-0.113555	-0.030503	-0.065603	-0.277780	0.167826	0.345902	-0.564616	-0.208106	-0.643045	-0.515840	-0.239042	-0.234416	-0.598157	0.057391	0.050007	-0.031194	-0.239700	0.106683	0.044816	0.084477	0.107929	0.306064	-0.257578	0.004657	0.151781	0.018098	-0.087872	-0.418342	-0.504373	-0.184351	-0.242087	-0.492350	-0.442754	-0.377050
0.221233	0.070909	0.142492	0.007978	-0.060443	0.099968	-0.029411	0.033868	-0.088424	0.004552	-0.079245	-0.189169	-0.023481	-0.112583	0.120053	-0.091637	-0.052816	-0.088087	0.126539	0.039496	-0.297633	-0.336222	0.066395	-0.281258	0.104101	0.227554	0.013886	0.023858	0.293639	-0.158206	-0.181075	-0.301458	0.267651	-0.035959	-0.206756	-0.214857	-0.360427	-0.011803	0.058484	-0.010325	0.412953	-0.041653	-0.001563	0.007256	-0.089115	0.018055	-0.331429	-0.262172	-0.208883	0.208337	0.156229	0.229811	-0.041904	-0.046764	0.226243
-0.097923	-0.097995	0.226685	-0.034049	-0.089954	-0.269107	-0.298204	-0.134944	-0.364605	-0.207531	-0.126580	-0.067610	-0.182540	0.045979	0.257446	0.079370	-0.360556	-0.074301	-0.098236	0.082381	-0.228934	-0.074187	-0.013474	0.088433	-0.176201	-0.138020	-0.150241	0.429191	0.264203	0.236120	0.034329	0.066584	0.097870	0.315489	0.115012	-0.041310	-0.062622	0.100172	-0.025636	0.084793	0.139747	-0.204091	-0.288931	-0.011811	-0.122617	-0.382622	-0.080523	0.036789	0.237276	0.386137	0.002954	0.015881	0.086473	0.086027	0.081727
-0.251071	0.001070	0.016608	-0.085044	-0.212500	-0.230282	-0.148774	-0.228340	-0.150811	-0.215967	-0.209278	-0.015769	-0.074407	0.241387	-0.112311	-0.023263	-0.226159	0.159118	0.005353	0.000342	0.171264	0.210935	-0.109394	0.480759	-0.600914	-0.201609	0.110403	-0.101212	-0.146239	-0.063347	-0.174428	0.242972	-0.381006	-0.329369	0.269729	0.214353	0.480179	-0.002738	-0.154988	0.172084	-0.117600	0.004738	0.098060	0.047787	0.089974	-0.176535	0.355107	0.386946	0.368243	-0.157174	-0.086576	-0.431114	-0.065666	-0.067013	-0.413856
0.172730	0.428983	-0.108931	0.037291	-0.077766	0.155889	0.165310	-0.051394	0.164989	-0.048619	-0.256436	0.043647	0.397045	0.289173	-0.203563	-0.088052	0.193795	0.529159	0.568989	0.222720	0.517758	0.248848	0.108095	0.466166	-0.588302	0.351692	0.456216	-0.688690	-0.266364	-0.433610	-0.326535	0.127444	-0.355816	-1.229543	-0.096883	0.203122	0.477569	-0.060479	-0.086557	0.264075	0.337449	0.443473	0.781691	0.424271	0.240848	0.448752	0.350129	0.357022	0.271909	-0.453987	0.264175	-0.253867	-0.178988	-0.136933	-0.390458
0.740235	0.737849	0.362899	0.400008	0.484310	0.386129	0.157838	0.207146	-0.066022	0.084039	-0.119349	0.417247	0.900728	0.325452	0.443287	0.399580	0.357830	0.842242	1.024790	0.834961	0.619461	0.313565	0.681981	0.273487	-0.078649	0.956525	0.399494	-0.045766	0.181557	0.118877	0.166336	0.161107	0.347164	-0.895016	-0.421552	0.084321	0.047047	0.301086	0.330621	0.460907	1.162821	0.660064	0.886770	0.852207	-0.016497	0.603138	-0.026224	0.161996	0.391583	0.165323	0.883891	0.568722	0.070017	0.233400	0.133990
0.796278	0.586491	1.163355	0.796772	1.056414	0.393003	-0.159785	0.339598	-0.569269	0.162650	0.326399	1.032493	1.063977	0.488714	1.001405	1.222252	0.147812	0.861785	0.937434	1.229546	0.592286	0.590789	1.146797	0.249102	0.579523	0.807117	-0.067920	1.329277	0.605213	1.206877	0.931589	0.497197	1.018350	0.748279	-0.104539	0.188902	-0.024876	0.920582	0.863088	0.589841	1.306009	0.486817	0.272441	0.676396	-0.542481	0.008241	-0.119441	0.168896	0.408223	0.830851	1.184591	1.077418	0.447650	0.753457	0.128231
0.315024	0.122525	1.381299	0.887001	0.995103	0.522735	-0.214701	0.355957	-0.529281	0.336519	0.835081	1.206387	0.725097	0.568631	0.385985	1.455312	0.075438	0.546646	0.533636	0.786443	0.437100	0.729288	0.958107	0.265007	0.994356	-0.055475	-0.442288	1.613587	0.380921	1.353174	0.974899	0.696335	0.956603	1.969921	0.608993	0.478749	0.281739	1.117920	1.089324	0.337526	0.398359	0.157001	-0.335566	-0.369023	-0.861968	-0.636106	0.320668	0.214865	-0.338855	0.374892	0.731313	0.488502	0.246578	0.577543	-0.840161
-0.152664	-0.323301	0.598342	0.526962	0.204005	0.739985	0.287383	0.309101	0.078602	0.562723	0.851981	0.451955	0.033271	0.266605	-0.977958	0.675773	0.457221	0.172153	0.170972	-0.270221	0.001739	0.405976	0.223557	0.073058	0.906290	-0.686927	-0.337001	0.202214	-0.278823	0.136960	0.094823	0.388375	0.250883	1.412158	0.959728	0.659228	0.177361	0.568450	0.874712	-0.127872	-0.763976	-0.104445	-0.376799	-1.544544	-0.720969	-0.615472	0.734212	0.027033	-1.440127	-0.778636	-0.243368	-0.823867	-0.718712	-0.580204	-1.620991
-0.214031	-0.653131	-0.585386	-0.114832	-0.738615	0.496550	0.768726	0.124960	0.414908	0.551570	0.164732	-0.769745	-0.599038	-0.323552	-1.443440	-0.373031	0.745353	0.011576	-0.213106	-1.083835	-0.614853	-0.084958	-0.280808	-0.117819	0.309655	-0.469334	0.066319	-1.485143	-0.723142	-1.099757	-0.794932	-0.193107	-0.464391	-0.184437	0.613041	0.620624	-0.465731	-0.206906	0.498151	-0.141900	-1.260603	-0.299024	-0.096717	-1.702145	-0.284097	-0.073214	0.539589	-0.060920	-1.685262	-1.111355	-1.021985	-1.669222	-1.551655	-1.741995	-0.868336
-0.035664	-0.890335	-1.261250	-0.722455	-1.190575	-0.413108	0.455637	-0.268048	0.089207	0.220071	-0.721339	-1.489289	-0.822709	-0.743501	-0.376911	-0.754910	0.203500	-0.057181	-0.761454	-1.138180	-1.001787	-0.271538	-0.086585	0.045507	-0.432089	0.058397	0.313145	-1.896219	-0.700380	-1.120708	-0.958538	-0.555705	-0.746028	-1.083514	-0.057027	0.428028	-0.768011	-0.520242	0.238130	0.511856	-1.030510	-0.425324	-0.007753	-0.612783	0.195265	0.301724	-0.031647	0.407037	-0.830194	-0.124678	-1.148788	-1.302504	-1.230440	-1.677421	0.999779
0.024417	-0.826312	-1.061823	-0.972013	-0.924743	-1.279660	-0.464078	-0.700769	-0.200361	-0.032252	-1.102827	-1.250005	-0.683041	-0.685884	0.867319	-0.567662	-0.875171	-0.371788	-1.172272	-0.645541	-0.881222	-0.237153	0.253416	0.377869	-0.752305	0.054799	0.201760	-0.988102	-0.325528	-0.379373	-0.726551	-0.528090	-0.590313	-0.771150	-0.477872	0.054005	-0.284520	-0.372315	0.001783	1.056705	-0.543066	-0.350728	-0.128352	0.708619	0.683172	0.201964	-0.244674	0.995222	0.066595	1.092755	-0.795437	-0.222524	0.087311	-0.456752	2.110454
-0.054251	-0.181780	-0.239998	-0.618025	-0.107228	-1.146833	-0.918531	-0.774801	0.324555	0.178874	-0.850653	-0.432089	-0.497577	-0.329974	0.750510	-0.619701	-1.299071	-0.916579	-0.999900	-0.038387	-0.416281	-0.415807	-0.139200	0.340584	-0.358132	-0.335321	-0.141272	0.312102	0.385794	-0.068961	-0.702277	-0.299412	-0.156245	-0.244039	-0.398124	-0.489854	0.226739	-0.275607	-0.463929	0.636232	0.021114	-0.110198	-0.130393	1.163066	1.175867	-0.045186	0.131933	0.702745	0.337276	1.421425	-0.324474	0.410353	1.248655	0.645453	1.422495
-0.006947	0.792968	0.692019	0.266076	0.822811	0.010389	-0.342469	-0.256222	1.342761	0.556157	-0.453180	0.277725	-0.422690	-0.093475	-0.402785	-1.108225	-0.532553	-1.224310	-0.369967	0.495913	0.001390	-0.804625	-1.192094	-0.131803	0.420959	-0.261793	-0.482865	1.343727	1.342912	-0.357146	-0.729908	-0.103509	0.387722	-0.368017	0.019310	-0.869872	0.006831	-0.452523	-1.097408	-0.447021	0.760572	-0.077174	-0.023357	0.687253	1.350110	-0.116746	0.509649	-0.566325	0.632996	0.946413	0.188264	0.132816	1.487330	0.777701	-0.031487
0.234166	1.303744	1.236931	1.111134	1.265025	1.112475	0.527824	0.514425	1.742763	0.395478	-0.360036	0.511932	-0.310595	-0.126811	-0.948698	-1.312207	0.481455	-0.953821	0.071399	0.894536	0.169088	-0.898033	-1.824024	-0.481773	0.842173	0.416082	-0.585792	1.871353	1.973963	-0.452089	-0.299437	-0.037092	0.761393	-0.844996	0.386692	-0.714972	-0.494117	-0.612985	-1.489998	-0.991412	1.484261	-0.482208	-0.161889	0.071856	0.826064	-0.149241	0.270745	-1.583568	1.587330	0.409244	0.751308	-0.307482	1.114671	0.399666	-0.505036
0.375165	0.927160	1.128345	1.203366	0.880540	1.134620	0.621475	0.798427	0.971449	-0.404229	-0.520244	0.402567	-0.038387	-0.169647	-0.161742	-0.717634	0.509176	-0.349793	-0.004778	0.994240	0.198358	-0.470723	-1.301444	-0.309505	0.410405	0.831060	-0.311173	1.681512	1.656227	-0.042438	0.377392	-0.047647	0.664096	-0.949765	0.389283	-0.211806	-0.305871	-0.476571	-1.367224	-0.435753	1.725251	-0.886004	-0.521183	0.022226	-0.100561	-0.341047	-0.402890	-1.253295	2.448376	0.151985	1.052003	0.019567	0.815588	0.357857	0.338645
0.149057	0.221463	0.518360	0.396051	0.061868	0.221406	-0.068878	0.220765	-0.339580	-1.066891	-0.619215	0.298738	0.192386	0.053604	0.923528	0.135391	-0.357682	0.048628	-0.230124	0.668598	0.250335	0.011829	-0.224646	0.085657	-0.615872	0.407453	0.129809	0.746294	0.562506	0.262462	0.457038	0.013944	0.111736	-0.576218	0.056658	-0.002579	0.571297	-0.174012	-0.930597	0.396871	1.339155	-0.597360	-0.510582	0.577138	-0.482118	-0.470872	-0.761842	-0.046048	1.962289	0.036823	0.686128	0.948768	0.725107	0.632945	1.160776
-0.286779	-0.006875	-0.122074	-0.629773	-0.338478	-0.580895	-0.542423	-0.721903	-1.124141	-0.893283	-0.544101	0.344737	0.078754	0.399500	0.979666	0.343031	-0.848684	0.063113	-0.178125	0.078338	0.266286	0.021308	0.223068	0.169957	-1.390747	-0.261294	0.217079	-0.410058	-0.431466	-0.020013	-0.320823	0.240906	-0.481408	-0.128774	-0.250846	-0.310832	1.124103	-0.009540	-0.579283	0.404764	0.669390	0.329170	0.178039	1.179668	0.132919	-0.202962	-0.439712	0.570867	0.216585	-0.063872	-0.226893	1.403273	0.451654	0.491488	0.693989
-0.468663	0.224485	-0.394205	-0.976148	0.055036	-0.543331	-0.096466	-1.079934	-0.938081	-0.091435	-0.402962	0.396172	-0.285828	0.462830	0.024462	-0.118063	-0.147677	0.053549	-0.000968	-0.394636	0.084053	-0.275348	-0.205088	-0.070602	-1.204050	-0.256707	-0.260078	-1.034059	-0.738864	-0.487401	-1.117669	0.544150	-0.659429	0.189433	-0.215526	-0.519164	0.757846	-0.002385	-0.382839	-0.311146	0.060478	1.000197	0.948684	1.166705	0.956522	0.323394	0.156451	-0.004408	-1.322073	-0.189682	-1.015646	0.820640	-0.198665	-0.311788	-0.709662
-0.118083	0.285526	-0.247224	-0.413832	0.709286	0.093915	0.891164	-0.393935	-0.172310	0.635329	-0.190010	0.378106	-0.391881	0.206994	-0.770709	-0.369650	1.161934	0.397660	-0.091505	-0.491712	-0.210642	-0.264031	-0.592507	-0.165977	-0.116825	0.426675	-0.748131	-0.853490	-0.540065	-0.454913	-1.006066	0.769178	-0.299358	0.451689	0.079139	0.028649	0.108213	0.128195	-0.070817	-0.611203	-0.415358	0.807884	0.988750	0.394631	0.893213	0.618414	0.441912	-0.807999	-1.606231	-0.463172	-1.141751	-0.103950	-0.843875	-1.032215	-1.526691
0.547930	0.027620	0.098183	0.424108	0.858419	0.618853	1.523759	0.837641	0.504905	0.973733	0.261829	0.507933	0.048271	0.138637	-0.563634	0.123899	1.878730	0.928381	-0.366146	-0.302949	-0.231053	0.202205	-0.221079	0.102518	1.060646	0.994218	-0.496129	-0.224030	-0.242029	0.117055	-0.124591	0.898998	0.342264	0.570122	0.231306	0.991897	0.116890	0.504037	0.414048	0.096396	-0.669252	0.209380	0.358332	-0.527146	-0.020858	0.503308	0.325084	-0.662587	-1.089413	-0.925669	-0.691056	-0.340212	-0.964252	-0.856980	-0.876860
1.002481	-0.036971	0.378728	0.747726	0.386660	0.642941	1.351661	1.623381	0.699743	1.073947	0.901592	0.921130	0.633042	0.584909	0.305138	0.795693	1.497787	1.065364	-0.327832	-0.120987	0.295467	0.569067	0.425966	0.346561	1.453539	0.939171	0.422624	0.375159	0.065715	0.672241	0.582879	0.997040	0.828931	0.331500	-0.011755	1.274614	0.734933	0.797484	0.665564	1.032806	-0.465784	0.015576	-0.105935	-0.822507	-0.711001	0.283992	0.134936	0.264332	-0.772446	-1.285133	-0.113165	0.189803	-0.559724	-0.027488	0.496272
0.887985	0.284579	0.431443	0.406347	-0.170270	0.287283	0.606013	1.384057	0.425010	0.970290	1.273839	1.222117	0.704387	1.062079	0.898112	0.767553	0.496081	0.525520	0.166283	-0.105632	1.106748	0.393100	0.447558	0.119326	0.889304	0.495796	1.100268	0.756959	0.422865	0.816292	0.594906	0.968780	0.830824	-0.119969	-0.404366	0.398842	1.034004	0.578249	0.386110	1.108873	0.162101	0.222719	0.046290	-0.428889	-0.564121	0.209956	0.113637	0.762445	-0.774936	-1.107129	0.317855	0.655465	-0.168611	0.366088	1.207220
0.324245	0.405206	0.242288	-0.096866	-0.329645	-0.149813	-0.238925	0.428503	-0.052170	0.449907	0.949178	0.798380	0.180610	0.840548	0.767449	0.086681	-0.420607	-0.265724	0.575945	-0.168489	1.505610	0.025275	-0.056791	-0.411597	0.023333	0.085024	0.963960	0.936462	0.633055	0.647880	0.304963	0.557160	0.391785	-0.325262	-0.404573	-0.745614	0.469156	-0.079371	0.015545	0.389625	0.688241	0.095954	0.297671	-0.043550	-0.215567	0.110436	0.177856	0.277447	-0.412031	-0.269903	0.656594	0.454713	-0.210908	-0.247384	0.863718
-0.224503	-0.107284	-0.048366	-0.267255	-0.106909	-0.426624	-0.782127	-0.397342	-0.398946	-0.400226	0.089640	-0.312032	-0.281931	0.045840	0.299231	-0.276890	-0.913412	-0.575455	0.338037	-0.170421	0.973007	0.164802	0.021142	-0.626195	-0.346130	-0.141538	0.523951	0.866801	0.450949	0.396185	0.269763	-0.315338	-0.057352	-0.174059	0.222704	-0.809626	-0.423733	-0.499186	0.373796	-0.010346	0.663156	-0.569875	-0.000765	-0.144916	-0.510162	-0.160461	0.088169	-0.289120	0.539288	0.854716	1.031552	-0.167903	-0.452424	-1.064155	0.284697
-0.359900	-0.580146	-0.203520	-0.073027	0.201317	-0.318286	-0.679215	-0.470089	-0.353059	-0.899835	-0.615724	-1.156534	0.031436	-0.349039	0.164564	0.379250	-0.847294	-0.061574	-0.299794	-0.066979	-0.239816	0.902561	1.346145	-0.185512	-0.067311	-0.058363	0.612799	0.473059	0.062472	0.127558	0.461193	-1.242834	-0.060347	-0.093769	1.097656	0.521479	-0.677539	-0.003730	1.600879	0.610671	0.378084	-0.819335	-0.526660	-0.246645	-1.074333	-0.152146	-0.238129	0.267516	1.350894	1.620716	1.394725	-0.643380	-0.220455	-0.698572	0.178600
-0.048216	0.107136	-0.030522	0.258443	0.443953	0.325594	0.173383	0.179606	0.145250	-0.419005	-0.624439	-0.758147	1.181109	0.250853	0.647071	1.675448	-0.087587	0.990402	-0.439656	0.195853	-1.159816	1.572617	3.129657	0.690452	0.362377	0.576226	1.222488	-0.074099	0.038695	-0.046745	0.551411	-1.522959	0.459540	-0.335349	1.628687	2.196098	0.033181	1.371695	2.753642	1.672537	0.540373	0.345252	-0.253208	0.467335	-0.608081	0.745032	-0.519449	1.856094	1.367549	1.517699	1.531831	-0.756519	0.846757	1.159253	0.235216
0.408439	1.895078	0.449787	0.601097	0.715594	1.281496	1.194336	1.040489	0.825659	0.699610	-0.025599	0.751868	2.486190	1.277416	1.448406	2.611007	1.091730	1.927927	0.350919	0.696671	-0.909806	1.565078	3.819603	1.588524	0.523460	1.557400	1.601426	-0.354499	0.617498	0.192323	0.596411	-0.805588	1.170697	-0.458214	1.614481	2.871238	1.096562	2.756211	2.678079	2.044044	1.220601	2.365969	1.072207	1.811607	1.220820	2.134723	-0.278769	3.070510	0.995263	0.573165	1.276152	-0.586332	2.285995	3.115361	-0.118774
0.655285	3.197266	0.961329	0.913559	1.104587	1.902538	1.317487	1.577688	1.174132	1.269831	0.688738	2.118017	3.035982	1.646409	1.947039	2.578751	1.739836	2.110260	1.368932	1.277920	0.402700	0.988984	2.669748	2.163396	0.533955	1.917104	1.313877	-0.146777	1.199422	0.989607	0.974168	0.434823	1.627384	0.082154	1.291855	2.102066	1.594573	3.115740	1.226104	1.311544	1.541887	3.334625	2.243923	2.453499	2.809444	2.513760	0.560850	2.736218	1.124758	-0.520574	0.722583	-0.109804	3.098129	3.370053	-0.586005
0.586902	2.607018	1.175205	1.067054	1.444840	1.689320	0.177620	1.561366	0.887628	0.603749	1.188769	2.204908	2.401722	0.924661	1.669981	1.804678	1.078375	1.304530	1.554454	1.488757	1.713363	0.431255	0.508158	2.066868	0.674190	0.886079	0.626329	0.227361	0.893631	1.889347	1.707100	1.231316	1.542375	1.077095	0.932181	0.562435	1.151091	2.205267	-0.502887	0.097117	0.733500	2.162481	1.912593	1.464956	2.280890	0.981934	1.311635	1.153312	1.792446	-0.849239	0.221380	0.720260	2.652444	1.662000	-0.363615
0.376543	0.622822	0.970519	0.907763	1.368861	0.887569	-1.140259	1.111577	0.283157	-0.562514	1.489491	1.132462	1.014531	-0.285347	0.744497	0.967483	-0.372382	-0.013419	0.795719	1.047634	2.020715	0.277047	-1.005562	1.116408	0.828486	-0.883388	-0.086672	0.217638	-0.356927	2.121747	2.233678	1.025274	0.905176	1.759176	0.642712	-0.629683	0.271168	0.841720	-1.159405	-0.696186	-0.759929	0.043002	0.338859	-0.328509	-0.057360	-1.260702	1.129589	-0.303308	2.029756	-0.104347	0.066940	1.551888	1.322259	-0.368333	0.499356
0.140990	-0.915677	0.417379	0.400252	0.634210	0.218402	-1.213070	0.489263	-0.024268	-0.966133	1.593876	-0.026671	-0.225154	-0.946877	-0.099635	0.512833	-1.204509	-0.938993	-0.000751	0.217132	1.255058	0.383593	-0.915060	-0.297098	0.583157	-1.809005	-0.707165	-0.330045	-1.509769	1.346929	1.937169	0.138633	-0.010596	1.761908	0.466543	-0.830255	-0.146336	0.034807	-0.436975	-0.733715	-1.665137	-0.932893	-0.860509	-1.157463	-1.826720	-2.006992	0.059700	-0.643922	1.112770	0.991332	0.146171	1.694898	0.107157	-0.969220	0.951635
-0.352788	-1.065238	-0.451041	-0.411043	-0.593656	-0.021530	-0.147620	-0.199444	0.007361	-0.507578	1.161550	-0.613754	-0.849186	-0.568678	-0.250062	0.251367	-0.890100	-1.050338	-0.186161	-0.546481	0.020737	0.260034	0.111626	-1.382654	-0.227565	-1.335034	-1.090392	-1.069888	-1.585577	-0.101641	0.683731	-0.731067	-0.802978	1.391401	0.356127	-0.408597	0.198601	-0.168542	0.575669	-0.441084	-1.352276	-0.405838	-0.796656	-0.474760	-1.465024	-0.753631	-0.951111	-0.199563	-0.536725	1.252770	0.001306	0.829086	-0.425102	-0.202756	0.393189
-1.411300	-0.763887	-1.626537	-1.442955	-1.810557	-0.260845	0.393667	-1.062981	-0.363117	-0.386260	-0.191059	-1.088968	-1.233424	0.216519	0.007262	-0.401214	-0.490625	-0.916459	-0.181704	-1.175903	-1.254138	-0.508986	0.447918	-1.760934	-1.321667	-0.713519	-0.985676	-1.663484	-0.926072	-1.671971	-1.141920	-1.305378	-1.247670	0.895568	0.035503	-0.396803	0.553746	-0.673981	0.445033	-0.524796	-0.512890	-0.084475	-0.399767	0.301679	-0.136489	0.547718	-1.265167	-0.128765	-1.908868	0.166934	-0.666756	-0.526789	-0.656177	0.332919	-0.429446
-2.766917	-1.247191	-2.800032	-2.418637	-2.539241	-0.907654	-0.646787	-2.078281	-1.616138	-1.348749	-2.128426	-2.139994	-1.923824	0.170229	-0.230711	-1.652713	-1.108576	-1.308046	-0.660504	-1.863719	-2.473197	-1.802314	-0.715572	-1.751833	-2.246185	-1.296383	-0.404000	-2.102115	-0.808357	-2.936512	-2.818046	-1.751271	-1.441648	0.044165	-0.777559	-1.321226	-0.000556	-1.995021	-1.041671	-1.242831	-0.232452	-1.200110	-0.932550	-0.406736	0.036406	-0.009782	-1.273773	-1.034305	-2.476924	-1.553043	-1.634138	-1.485693	-1.222989	-0.350268	-0.483645
-3.445399	-2.136393	-3.289972	-2.809389	-2.601429	-1.633881	-2.176517	-2.726491	-2.927656	-2.433284	-3.362748	-3.364061	-2.675556	-1.116143	-1.254269	-2.812040	-2.146979	-1.976932	-1.318933	-2.404215	-3.242843	-2.796845	-2.345682	-1.634394	-2.608520	-2.555587	0.326261	-2.396159	-1.721795	-3.424354	-3.479554	-2.010170	-1.542256	-1.199681	-1.851987	-2.385614	-1.192037	-3.241397	-2.467479	-2.036641	-0.744279	-2.554761	-1.967789	-2.190465	-0.988472	-1.726547	-1.507988	-2.161301	-2.394816	-2.612966	-2.359008	-1.670191	-1.988804	-1.366309	0.089199
-2.570050	-1.976976	-2.614316	-2.227454	-2.080780	-1.768238	-2.235726	-2.263357	-2.791445	-2.075159	-2.647642	-3.421719	-2.565403	-2.422038	-2.175802	-2.820538	-1.950052	-1.793815	-1.133999	-2.169191	-2.766574	-2.532355	-2.649043	-1.094780	-2.106302	-2.656126	0.928792	-2.262268	-2.595831	-2.639747	-2.602489	-1.595098	-1.448088	-2.057498	-2.426747	-2.235127	-1.624205	-2.964831	-2.243395	-2.009915	-1.440193	-2.019974	-1.788332	-2.972925	-1.208930	-2.198545	-1.546360	-2.160887	-1.918586	-2.328779	-2.454411	-1.427141	-2.111492	-1.216001	0.241067
-0.358992	-0.508253	-1.153972	-0.963769	-1.192058	-1.276677	-0.518844	-0.597015	-0.872376	-0.210353	-0.192111	-1.710570	-1.215127	-2.052701	-1.951909	-1.461586	-0.109452	-0.321055	0.116568	-0.992859	-0.851132	-0.929893	-1.178104	0.117751	-0.716492	-0.928819	1.230652	-1.484429	-2.174423	-0.694665	-0.628868	-0.342105	-0.974265	-1.659238	-2.022927	-0.665431	-0.531237	-1.027228	-0.463117	-0.936705	-1.881343	0.436364	0.163889	-1.512596	0.344070	-0.529123	-0.586813	-0.685083	-1.122789	-1.131734	-1.902283	-1.189923	-1.216288	0.120020	-0.462664
1.823321	0.692395	0.043729	0.094479	-0.241412	-0.888535	1.217471	1.246411	1.289726	1.474711	2.238829	0.604666	0.480087	0.115697	-0.678459	0.225126	1.763524	1.314963	1.236025	0.317214	1.354647	0.907446	0.610719	1.361366	0.986289	1.136449	0.914886	-0.424670	-0.711030	1.361500	1.159226	1.014428	-0.317865	-0.274962	-1.100623	0.930930	1.018299	0.957405	1.123305	0.361673	-2.198474	2.410596	2.197570	1.056072	1.998739	1.537699	1.073386	1.069572	-0.182676	0.057879	-0.937598	-0.858786	-0.055220	1.072522	-1.257535
2.577114	0.283925	0.318444	0.318092	0.488257	-1.091108	1.370220	1.918478	1.888148	1.566692	2.953253	1.772648	1.257869	2.247797	0.608214	1.008777	1.961219	1.659714	0.943391	0.803209	2.301882	1.717422	1.104215	1.617477	2.019008	1.751435	-0.189145	0.294794	0.414313	2.369659	1.760373	1.539223	0.025813	0.856578	-0.517291	1.174871	1.277393	1.404436	1.147231	0.894372	-2.374753	1.981568	2.308292	2.548930	1.675904	1.994557	2.032902	1.626210	0.503440	0.781673	0.140613	0.010189	0.367066	0.503967	-1.170403
1.687150	-0.977393	0.062616	0.010750	0.953717	-1.396521	0.323313	1.116438	0.853824	0.554800	1.885230	1.427891	0.913801	2.479920	1.212198	0.724910	0.699646	0.683321	-0.515419	0.479849	1.693990	1.299059	0.329724	0.735034	1.848777	0.965566	-1.468009	0.620394	0.575104	2.137561	1.322518	1.211092	-0.036729	1.020075	-0.457900	0.283116	-0.048032	0.514771	0.123050	0.586802	-1.807230	-0.047315	0.586063	2.123939	-0.292925	0.986119	1.468585	0.772311	0.665845	1.218500	1.049561	1.424720	0.030620	-0.859152	-0.115680
0.194964	-1.276630	0.083757	-0.027479	1.289899	-0.993350	-0.385620	-0.132331	-0.292238	-0.033435	0.279358	0.728249	0.307964	0.864171	1.250417	0.122424	-0.407784	-0.381551	-1.633428	0.134790	0.630976	0.422207	-0.461710	-0.486674	0.982467	0.245057	-1.822516	1.091139	0.544852	1.294333	0.637707	0.767087	0.023167	0.708289	-0.409885	-0.510127	-1.511200	-0.315536	-0.502892	0.114276	-0.150746	-1.437935	-1.077635	0.790126	-1.717014	0.093548	0.078494	-0.497591	0.390455	1.505292	1.489812	2.563375	-0.240869	-1.434235	1.113563
-0.707356	-0.166968	0.509045	0.460475	1.418892	0.085540	-0.104298	-0.694642	-0.417864	0.337807	-0.828562	0.605730	0.053856	-0.957264	0.928855	-0.294771	-0.436459	-0.753482	-1.433092	0.131974	0.096314	-0.274710	-0.590538	-1.419989	0.406857	0.360782	-0.955769	1.908893	1.127077	0.290168	0.059864	0.503863	0.554678	0.623862	-0.134390	-0.695258	-1.782137	-0.456914	-0.315941	-0.188944	1.768904	-1.275363	-1.351380	-0.159102	-1.405504	0.033971	-0.973831	-1.317653	-0.131326	1.271599	1.191698	2.422776	-0.026354	-0.771838	1.626268
-0.688495	0.977602	0.771464	0.943777	0.978545	0.914964	0.472825	-0.512844	0.061980	0.768230	-1.295336	0.717023	-0.132889	-1.685705	0.132312	-0.682074	0.076396	-0.806190	-0.465905	0.044034	-0.027812	-0.765590	-0.552618	-2.075262	0.463003	0.640544	0.120438	2.485482	1.958365	-0.821043	-0.575975	-0.009875	1.053817	0.652320	-0.002923	-0.807737	-1.112302	-0.557241	-0.187143	-0.631017	2.588127	-0.542374	-0.693074	-0.458474	-0.275774	0.167545	-1.335401	-1.633461	-0.787953	0.199557	0.221515	0.962146	0.179497	0.065590	1.138416
-0.186010	0.853606	0.614101	0.928591	-0.110349	0.786472	0.605023	-0.294806	0.117180	0.394526	-1.269800	0.392265	-0.635139	-1.437015	-0.975038	-1.138780	0.278007	-0.989104	0.077147	-0.431379	-0.243865	-1.065720	-0.877376	-2.348517	0.580461	0.348924	0.310578	2.226864	2.163395	-1.675953	-1.141853	-0.829349	0.781566	0.253883	-0.231782	-1.118306	-0.657181	-1.139408	-0.727769	-1.266596	1.938453	-0.343583	-0.262411	-0.561985	0.338233	-0.046211	-1.227974	-1.585823	-1.296427	-1.116572	-0.779750	-0.594641	-0.174643	-0.004777	0.171870
0.330245	-0.248418	0.502752	0.600247	-1.216889	-0.020437	0.444380	-0.357715	-0.418289	-0.435871	-0.697606	-0.174378	-1.139790	-0.985858	-1.573304	-1.252658	0.105935	-0.960003	-0.217677	-0.841562	-0.471995	-0.876411	-1.204031	-1.684695	0.171311	-0.113615	-0.199723	1.376851	1.652216	-1.530106	-1.058472	-1.074587	-0.128691	-0.551369	-0.406165	-0.981875	-0.852799	-1.619424	-1.361805	-1.399457	0.810066	-0.571679	-0.406896	-0.702880	0.383628	-0.231417	-0.666135	-0.967050	-1.118647	-1.458752	-1.021553	-0.885108	-0.795543	-0.756569	-0.384035
0.665468	-1.030964	0.800529	0.411179	-1.508274	-0.643320	0.512340	-0.313450	-0.733287	-0.739390	0.313269	-0.303917	-1.067274	-0.607199	-0.982942	-0.682759	0.036295	-0.288840	-0.757720	-0.636404	-0.351996	-0.138563	-0.901077	-0.007323	-0.565838	0.075311	-0.366186	0.640429	1.103388	-0.279357	-0.172785	-0.103592	-0.743377	-1.081738	-0.077561	0.097567	-1.000650	-1.146856	-1.234478	-0.496716	0.281514	-0.477922	-0.568279	-0.671599	0.664528	0.082386	0.332849	0.265066	-0.055327	-0.406298	-0.414632	0.158502	-0.828940	-0.993697	-0.110255
0.664073	-0.765703	1.050793	0.363956	-0.866714	-0.527883	0.789534	0.127732	-0.196070	-0.194746	1.138001	0.039654	-0.433075	-0.047532	0.358289	0.196594	0.246945	0.581511	-0.844416	-0.013099	-0.066471	0.526907	-0.118286	1.618828	-0.948258	0.757283	0.136533	0.201072	0.849203	1.014267	0.745614	1.268420	-0.533254	-0.783723	0.573025	1.404536	-0.374214	0.118038	-0.435707	0.803619	0.328059	0.119765	-0.277613	-0.301012	1.367311	0.585065	1.176598	1.375714	1.202822	0.952142	0.271970	1.240351	0.078669	-0.017011	0.505512
0.200996	0.063984	0.597689	0.102524	-0.003851	0.147681	0.721826	0.589798	0.792248	0.538047	1.113814	0.186223	0.151582	0.679779	1.166660	0.620346	0.399276	0.751538	-0.403022	0.372129	-0.170452	0.430590	0.344334	1.943217	-0.660929	0.852649	0.498266	-0.335419	0.446313	1.160630	0.800372	1.517888	0.018880	0.128409	0.959020	1.663395	0.726042	1.093540	0.199601	1.258575	0.149045	0.604249	0.194497	0.153390	1.662007	0.542738	1.140238	1.395344	1.572236	1.207178	0.324803	1.117610	1.218703	1.433249	0.620228
-0.416406	0.511460	-0.299064	-0.378407	0.395708	0.722600	0.021075	0.559448	1.268976	0.692389	0.318612	-0.236728	0.235604	1.030753	0.638320	0.294880	0.143518	0.063743	0.168590	0.322822	-0.663337	-0.276489	0.118195	0.959999	-0.004217	-0.131553	0.089514	-1.002670	-0.447339	0.202926	0.041039	0.295136	0.220035	0.830515	0.758271	0.586182	1.291889	1.021255	0.251143	0.537540	-0.588343	0.370945	0.241661	0.213506	0.803962	-0.244932	0.334847	0.292427	0.760683	0.329581	-0.077403	-0.150325	1.453839	1.856400	-0.001120
-0.481333	0.278480	-0.593779	-0.542729	0.373463	0.689964	-0.827180	0.159546	0.892783	0.285736	-0.415881	-0.756028	0.000822	0.607301	-0.682102	-0.302557	-0.367797	-0.652864	0.551709	0.259619	-0.825440	-0.716848	-0.259160	-0.128381	0.574196	-1.246899	-0.519012	-1.097517	-1.254913	-0.668573	-0.595083	-1.099950	0.115181	0.673990	0.202922	-0.729015	0.833607	0.277592	0.143013	-0.390105	-1.237421	-0.365053	-0.194111	-0.244529	-0.711649	-1.119465	-0.330011	-0.832727	-0.317397	-0.384814	-0.208813	-1.442828	0.488489	0.723823	-0.770353
0.237829	-0.058344	0.136342	-0.038741	0.373410	0.210526	-1.035624	-0.031022	0.328964	-0.007479	-0.404556	-0.700877	-0.056241	-0.210954	-1.478150	-0.499994	-0.589979	-0.614397	0.714464	0.474381	-0.213518	-0.361097	-0.123779	-0.343953	0.852078	-1.212038	-0.406256	-0.186640	-1.083246	-0.541319	-0.394028	-1.301233	0.200892	-0.126894	-0.182212	-1.043760	-0.057065	-0.169318	0.367810	-0.520307	-1.013361	-0.732523	-0.450909	-0.722410	-1.487833	-1.220991	-0.239169	-0.941801	-0.551373	-0.091450	0.194427	-1.786745	-0.653430	-0.728989	-1.026304
0.935261	0.068948	0.953069	0.642477	0.468632	-0.093605	-0.464390	0.164920	0.292932	0.202223	0.112386	-0.129182	0.200896	-0.604051	-1.085359	-0.192784	-0.258491	-0.010721	0.704526	0.666127	0.571749	0.304834	0.357906	0.092187	0.764590	-0.126678	0.269305	0.902303	-0.052413	0.188963	0.288577	-0.443689	0.475153	-0.686521	-0.113357	-0.341073	-0.464088	0.036750	0.696487	-0.000422	-0.100876	-0.278212	-0.068141	-0.630173	-0.843390	-0.463194	0.260145	-0.214554	0.059137	0.539484	0.609745	-1.156716	-0.757473	-0.905978	-0.742132
0.693099	0.386395	0.734576	0.647578	0.299590	0.032363	0.155739	0.305875	0.551529	0.478382	0.342325	0.227334	0.335243	-0.239286	-0.182004	0.079125	0.197073	0.322222	0.498563	0.430900	0.567980	0.395591	0.385885	0.338511	0.340565	0.573620	0.464813	0.868387	0.622034	0.412335	0.464080	0.249225	0.404184	-0.446646	0.130109	0.287685	-0.173120	0.286240	0.485790	0.262399	0.438861	0.349538	0.441714	-0.078973	0.300060	0.265761	0.450074	0.279110	0.463820	0.424905	0.431559	-0.298231	0.042002	0.106951	-0.365457
-0.188366	0.199189	-0.252911	-0.100914	-0.244589	0.131306	0.112198	0.059099	0.345369	0.199102	0.041798	-0.057249	-0.070613	0.349474	0.090122	-0.148861	0.153071	-0.007885	0.145236	-0.085289	-0.210111	-0.230922	-0.338093	0.098296	-0.178407	-0.000336	-0.192930	-0.282073	0.151005	-0.202616	-0.196298	0.139130	-0.145967	0.181524	0.054966	0.037159	0.281918	-0.025868	-0.338514	-0.138980	-0.048225	0.213017	0.269167	0.178257	0.567528	0.103722	0.189562	-0.049426	-0.010213	-0.335883	-0.253311	0.027624	0.412466	0.673559	-0.226904
-0.586896	-0.490478	-0.730507	-0.732099	-0.736895	-0.213864	-0.442620	-0.314058	-0.382157	-0.493749	-0.204004	-0.555684	-0.739145	0.396735	-0.489312	-0.645984	-0.391584	-0.528030	-0.093335	-0.373888	-0.699641	-0.802001	-1.108631	-0.213321	-0.478275	-1.046525	-0.833188	-1.112764	-0.797536	-0.781712	-0.847746	-0.213073	-0.603362	0.384518	-0.361818	-0.691533	0.377515	-0.594486	-1.013114	-0.724818	-0.950948	-0.564161	-0.449815	-0.295042	-0.169523	-0.709891	-0.075738	-0.698158	-0.763588	-0.729167	-0.750759	-0.282931	-0.347326	-0.083845	-0.375846
-0.271148	-0.877001	-0.273908	-0.618145	-0.797859	-0.632651	-0.846933	-0.442433	-0.857974	-0.907031	0.031875	-0.656682	-0.983429	-0.169344	-1.092215	-0.824495	-0.857056	-0.636775	0.058577	-0.275825	-0.269195	-0.705007	-1.137165	-0.306549	-0.590644	-1.292168	-0.596429	-0.739490	-1.086858	-0.555267	-0.611334	-0.155499	-0.567083	-0.007650	-0.644480	-0.995577	0.111607	-0.731275	-0.882747	-0.958173	-1.135446	-0.943529	-0.816062	-1.050305	-0.890014	-1.201893	-0.101594	-0.950788	-0.796181	-0.419942	-0.545334	-0.638668	-1.321580	-1.050884	-0.771355
-0.217354	-0.502770	0.140445	-0.234046	-0.606504	-0.460140	-0.865924	-0.405440	-0.671192	-0.882770	0.302369	-0.429494	-0.667220	-0.613911	-1.028817	-0.565867	-0.902026	-0.417905	0.494198	-0.127507	0.327199	-0.333237	-0.631713	-0.416341	-0.850225	-0.760930	0.145615	-0.043365	-0.649447	-0.031707	0.113138	0.043063	-0.389528	-0.361398	-0.522482	-0.738101	-0.158120	-0.459471	-0.323224	-0.947595	-0.375321	-0.526412	-0.565547	-1.334183	-0.983409	-1.023599	-0.169771	-0.858967	-0.063678	-0.143534	0.146972	-0.451612	-1.275306	-0.773842	-1.237193
-0.933531	0.049457	-0.268773	-0.368553	-0.551801	0.231258	-0.775605	-0.456902	-0.386147	-0.948517	0.013134	-0.390653	-0.393817	-0.317034	-0.535283	-0.318900	-0.752113	-0.410180	0.668815	-0.214004	0.005240	-0.468135	-0.434724	-0.714333	-1.239282	-0.494196	0.366386	-0.255093	-0.338340	-0.207096	0.163473	-0.254994	-0.485917	-0.114022	-0.263365	-0.542566	-0.159998	-0.378064	-0.239267	-1.050558	0.384740	-0.125632	-0.413236	-0.978917	-0.837542	-0.768965	-0.531453	-0.913439	0.530185	-0.415152	0.628483	0.130487	-0.354075	0.432970	-1.349374
-1.476510	-0.024643	-0.867273	-0.887110	-0.655711	0.657069	-0.662076	-0.505541	-0.584802	-1.199565	-0.563192	-0.648356	-0.571126	0.367930	-0.230272	-0.373519	-0.640699	-0.739849	0.151148	-0.448407	-1.066861	-1.074461	-0.716549	-0.885340	-1.162869	-0.801299	-0.107200	-1.086622	-0.496826	-0.993320	-0.685516	-0.950107	-0.596131	0.493580	-0.173850	-0.658271	0.015521	-0.568187	-0.710164	-1.127959	0.251566	-0.431604	-0.784116	-0.491838	-0.812910	-0.831974	-0.934844	-1.072721	0.261744	-0.728664	0.418652	0.369317	0.201449	0.933562	-0.790569
-0.791441	-0.626157	-0.607466	-0.927547	-0.655416	0.374517	-0.256822	-0.289804	-0.850497	-0.817907	-0.626867	-0.794949	-0.763492	0.513409	-0.265482	-0.460193	-0.398594	-0.879393	-0.755002	-0.647769	-1.640561	-1.265543	-0.672804	-0.622727	-0.265755	-0.798014	-0.339815	-1.205719	-0.477299	-1.288005	-1.340863	-1.255679	-0.279905	0.737359	-0.131651	-0.558705	0.029831	-0.424185	-0.750479	-0.662343	-0.505241	-0.897980	-1.044805	-0.398037	-0.544227	-0.720331	-0.940901	-0.746698	-0.696643	-0.448321	-0.302799	-0.137024	-0.233318	-0.014455	0.185465
0.652678	-0.909601	0.395277	-0.167773	-0.469209	-0.174069	0.447479	0.107158	-0.311608	0.735737	-0.024439	-0.567021	-0.316765	-0.141186	-0.325295	-0.214877	0.165467	-0.339811	-1.186700	-0.767016	-0.997767	-0.475020	0.294001	-0.107937	0.811403	0.138600	0.355492	-0.183837	0.279826	-0.507267	-0.852158	-0.733188	0.231556	0.302205	0.200032	0.157494	-0.282821	0.311710	0.336595	0.450591	-0.827364	-0.596648	-0.481569	-0.699597	0.271498	0.067548	-0.455509	0.280186	-1.499211	0.131984	-0.844864	-0.913265	-0.943321	-1.369508	0.932097
1.393061	-0.409472	1.097891	0.753737	-0.246128	-0.316928	0.977194	0.344806	1.038502	2.561104	0.543282	-0.138417	0.669462	-0.778041	-0.168699	0.299971	0.832519	0.670525	-0.667007	-0.716467	0.261060	0.824546	1.619027	0.376489	1.046592	1.324240	1.431650	0.992408	1.293440	0.723243	0.417447	0.192298	0.335332	-0.446612	0.900373	1.097058	-0.655080	1.049385	1.889976	1.652177	-0.178387	0.347784	0.570995	-0.975937	1.006278	1.054828	0.270882	1.452236	-1.293921	0.198557	-0.631129	-1.195146	-0.920211	-1.683107	1.013056
0.929185	0.458041	1.081160	1.174814	-0.012430	0.014319	1.030169	0.395061	2.187453	3.089868	0.541972	0.275048	1.410681	-0.531709	0.146185	0.754867	1.232352	1.468515	0.345881	-0.247875	1.122262	1.742919	2.213754	0.942477	0.383708	1.691303	1.881588	1.354484	1.580350	1.470374	1.380080	0.802317	0.075879	-1.080658	1.658630	1.648703	-0.640125	1.185445	2.629638	2.342516	0.858707	0.960603	1.204046	-0.847538	0.738502	1.299788	0.987667	2.107540	0.069446	-0.385376	0.192637	-0.870683	-0.098886	-0.720249	0.436788
0.378505	1.080272	1.042186	1.220657	0.416903	0.372946	0.921412	0.610901	2.298053	1.921962	0.287997	0.702578	1.417295	0.423445	0.434267	0.994787	1.318457	1.657564	1.063193	0.718136	1.322205	1.937027	1.784831	1.749568	-0.095720	1.212103	1.527418	1.092085	0.924685	1.456070	1.492985	0.866565	0.189740	-1.575884	2.014908	1.748060	-0.073328	0.909247	2.146998	2.410997	1.363174	0.865835	1.209992	-0.221126	-0.353804	0.698059	1.552603	2.136364	1.727164	-0.821022	0.870827	-0.472134	0.741469	0.555831	-0.500207
0.901015	1.386510	1.551629	1.347851	1.071402	0.497920	1.015182	1.082810	1.516525	0.251632	0.321644	1.160704	1.026220	1.161995	0.573668	1.077547	1.253369	1.429586	1.255328	1.747932	1.292456	1.661276	1.032001	2.374738	0.392135	0.755257	0.961872	0.936410	0.165149	0.956439	1.029483	0.702917	0.967881	-1.899433	1.695559	1.632838	0.780776	0.779632	1.131522	2.011296	1.169820	0.741054	1.205327	0.789555	-0.905277	0.171351	1.774607	1.779664	2.438470	-0.348922	0.922064	-0.267153	1.024375	1.204784	-1.254389
1.960893	1.595060	1.948183	1.417622	1.566225	0.555088	1.021696	1.274944	0.414163	-0.668565	0.483378	1.391014	0.817120	1.177654	0.625022	1.023604	0.947173	1.107168	1.185762	2.109538	1.253887	1.118693	0.592381	2.052982	1.157297	0.768935	0.488414	0.924695	0.087778	0.263908	0.378829	0.606244	1.626311	-1.559937	0.789777	1.209869	1.446372	0.860986	0.271820	1.177802	0.892592	1.147713	1.510770	1.907798	0.003450	0.428339	1.396638	1.128241	1.775880	0.809307	0.696677	0.134274	0.923543	1.121511	-1.124610
1.851385	1.578137	1.092754	0.786173	1.426999	0.686732	0.379082	0.653507	-0.800637	-0.878396	0.144998	1.123327	0.814205	0.842276	0.836677	0.804905	0.150375	0.705441	0.930497	1.448639	0.895151	0.260838	0.332949	0.674074	0.840389	0.799992	-0.165004	0.372529	0.378416	-0.411887	-0.369738	0.488537	1.242091	-0.214171	-0.329563	0.274052	1.564459	0.756428	-0.421841	0.028434	0.973444	1.589610	1.596872	2.653744	1.540280	1.016421	0.400188	0.201800	0.490058	1.632669	0.740439	0.997258	0.880897	0.766164	0.112160
0.040956	1.046306	-0.870960	-0.583551	0.684647	0.707334	-0.718882	-0.447439	-2.002530	-1.108681	-0.701629	0.523423	0.617480	0.705372	1.329145	0.541815	-0.889973	0.178533	0.365205	0.238095	0.071450	-0.707261	-0.085771	-0.777056	-0.686828	0.401200	-1.023573	-0.925360	0.126516	-0.789636	-1.086137	0.201681	0.049544	1.389821	-1.197603	-0.758741	1.157952	0.348300	-1.057752	-0.864366	1.133622	1.272823	0.976515	2.587073	2.035318	1.007025	-0.691600	-0.624651	-0.422386	1.376709	0.889516	1.741943	0.948294	0.496173	1.574994
-1.757518	0.264102	-2.215924	-1.618669	-0.037235	0.446728	-1.260779	-1.013342	-2.516905	-1.368969	-1.189381	0.104325	0.168853	0.757997	1.707857	0.430833	-1.332157	-0.185941	-0.244239	-0.567147	-0.636998	-1.136695	-0.450267	-1.113660	-1.883017	-0.108846	-1.426435	-1.993279	-0.726476	-0.669564	-1.342313	-0.045058	-0.729863	1.862488	-1.414370	-1.025987	0.633533	0.018617	-1.270908	-0.856026	0.911965	0.393225	0.124224	1.759794	1.076470	0.334089	-1.068688	-0.771603	-0.681211	0.366196	0.575946	1.563385	0.829120	0.330544	1.889468
-1.578098	-0.073406	-1.581379	-1.283033	-0.179561	0.099509	-0.681983	-0.548278	-1.676001	-0.996998	-0.721805	0.104207	-0.116841	0.621387	1.339432	0.410400	-0.726831	-0.094943	-0.362679	-0.471021	-0.554022	-0.678589	-0.337001	-0.299180	-1.389879	-0.176438	-0.831403	-1.653626	-1.108167	-0.250343	-0.896269	0.028736	-0.393900	0.848615	-0.869640	-0.359701	0.382476	0.052659	-0.732198	-0.100377	0.372417	-0.090918	-0.111000	0.740682	-0.029554	-0.165409	-0.485438	-0.217186	-0.577662	-0.370704	-0.113217	0.576293	0.402539	0.159034	0.794412
0.173309	0.195730	0.201960	-0.035438	0.130476	-0.037120	0.258020	0.263170	-0.052975	-0.013105	0.075866	0.196145	-0.056503	0.204802	0.265445	0.171095	0.180696	0.126396	-0.075359	0.023390	0.062325	0.034491	0.057591	0.426539	0.173850	0.117398	0.291275	-0.097456	-0.282079	-0.025409	-0.234054	0.177919	0.412780	-0.401762	0.008705	0.302455	0.358095	0.211998	0.082981	0.453181	-0.011174	0.114536	0.234312	0.089693	-0.070371	-0.018323	0.255838	0.272641	-0.316469	-0.215639	-0.407910	-0.254497	-0.042427	-0.065673	-0.312480
1.199705	0.489843	1.064037	0.600602	0.365534	0.080115	0.441295	0.444683	0.808845	0.597263	0.126535	0.034036	0.004857	-0.149490	-0.492737	-0.312626	0.282580	-0.147461	-0.137014	0.066207	0.239718	0.025704	0.119229	0.049514	1.013595	0.287297	0.888327	1.116028	0.997883	-0.237207	-0.149919	-0.137976	0.686872	-0.599905	0.473291	0.112350	0.233951	0.147648	0.318116	0.255762	0.088993	0.292495	0.333272	-0.011998	0.574520	0.303054	0.135861	0.062050	0.045076	0.457660	0.029136	-0.289511	-0.083608	-0.282813	0.014319
0.433913	0.481112	0.380075	0.069189	0.421666	0.409692	0.000649	0.053442	0.317719	0.339689	-0.558472	-0.125404	-0.113396	-0.085508	0.008177	-0.489652	-0.294823	-0.749687	-0.736237	-0.360450	-0.318835	-0.673642	-0.152488	-0.840406	0.534944	0.353588	0.574500	0.881067	1.387067	-0.551586	-0.708155	-0.794147	0.452471	0.036638	0.246293	-0.448335	-0.000906	0.005786	-0.079823	-0.048777	0.669595	0.038795	-0.015657	0.372250	0.803294	0.338238	-0.680928	-0.418628	0.265043	0.837302	0.626629	0.234712	0.446349	-0.263939	1.390152
-0.614843	0.647560	-0.349736	-0.436337	0.728966	1.006187	0.139464	0.074221	-0.347142	0.066646	-0.799583	0.270371	0.062668	0.455246	1.413412	0.193176	-0.231302	-0.596544	-0.892267	-0.359099	-0.683008	-0.878276	-0.007973	-0.699116	-0.046821	0.830568	0.004168	-0.133087	0.673727	-0.401689	-1.016139	-0.825463	0.565469	0.438632	-0.069183	-0.156050	0.097221	0.286029	-0.220452	0.478408	1.465308	0.071250	0.082762	1.065911	0.526913	0.463403	-0.815653	-0.147705	0.098029	0.599089	0.762838	0.799380	1.294276	0.308880	2.030830
-0.197843	1.363152	0.151993	0.259235	1.394276	1.632274	1.197208	0.936219	0.039166	0.654378	0.121150	1.171310	0.941557	1.217398	2.355207	1.452402	1.015536	0.853366	0.239504	0.570828	0.040627	0.222668	0.890376	0.911136	0.353425	1.674806	-0.086636	-0.470395	-0.073487	0.340889	-0.303542	0.353647	1.275483	0.322493	0.242822	1.187706	0.759448	1.089608	0.469829	1.611572	1.917274	1.044214	1.195365	1.654973	0.609928	1.140953	0.562761	1.059611	-0.197277	0.128971	0.540358	1.096398	1.878972	1.360554	1.028904
1.119348	1.945953	1.008249	1.464180	1.660748	1.522747	1.772340	1.671141	0.921090	1.415830	1.311462	1.711283	1.918117	1.627983	1.906961	2.184851	2.041586	2.439126	1.893033	1.611402	1.329405	1.779921	1.700681	2.468962	1.077781	1.870152	0.162606	0.130026	-0.058552	1.088459	0.981150	1.856359	1.642595	0.240360	0.907110	2.200991	1.397618	1.725160	1.313502	1.993342	1.416813	2.122036	2.311368	1.599158	1.224783	1.779951	2.320337	2.048997	-0.045154	-0.066294	0.392272	0.850039	1.613549	2.015457	-0.575097
1.297227	1.278079	0.525862	1.417330	0.684645	0.147354	0.430093	0.937489	0.735750	0.785144	1.200345	1.066191	1.752629	0.986452	0.349507	1.456799	1.073081	2.303388	2.336808	1.527600	1.733618	2.059237	1.257587	2.098387	0.646377	0.531400	-0.014777	0.448321	0.175750	1.017225	1.521680	2.028508	0.634657	0.296165	0.820982	1.421862	1.035200	1.238648	1.087224	0.708725	-0.007803	1.680018	1.808070	0.735945	1.233397	1.151772	2.368499	1.516619	0.601803	0.054232	0.330663	-0.109736	0.355024	1.195238	-1.302405
-0.312411	-0.712445	-1.202491	-0.309867	-1.223579	-1.825949	-2.183567	-1.274745	-0.831351	-1.466142	-0.547121	-0.590173	0.029136	-0.814309	-1.405904	-0.530566	-1.595370	0.094722	0.952600	0.262226	0.640246	0.485191	-0.479460	-0.196982	-1.199160	-1.798112	-0.943742	-0.446658	-0.398330	-0.054204	0.640383	0.367121	-1.500152	-0.065704	-0.484578	-0.923979	-0.539420	-0.541398	-0.483496	-1.556293	-1.449726	-0.558465	-0.479721	-0.471630	-0.316303	-0.967148	0.186493	-0.461645	1.028703	0.162499	0.010151	-1.252661	-1.346112	-1.018247	-1.108018
-2.057480	-2.679345	-2.251226	-2.107615	-2.602386	-2.880514	-3.736725	-3.304873	-2.260931	-3.485937	-2.433381	-2.085469	-2.107250	-2.695078	-2.583294	-2.441423	-3.577171	-2.364631	-0.990140	-0.954888	-0.979613	-1.550953	-2.198362	-2.350500	-2.992819	-3.388915	-1.943007	-1.809843	-1.696294	-1.289146	-0.836610	-1.660756	-3.222543	-0.854978	-1.958094	-2.958689	-2.256696	-2.487646	-2.219192	-3.086138	-1.945485	-2.824070	-2.793974	-1.346162	-2.569345	-3.102575	-2.242859	-2.326897	0.622389	0.084137	-0.611039	-1.474998	-2.524203	-2.985263	-1.041074
-2.066369	-3.138317	-1.408495	-2.247182	-2.344156	-2.196991	-2.753720	-3.343323	-2.008080	-3.220649	-2.599152	-2.262570	-2.954934	-3.069245	-2.689189	-2.848794	-2.989110	-2.922755	-1.829770	-1.134245	-1.716488	-2.180953	-2.503774	-2.400135	-3.051464	-2.986180	-1.956735	-2.097625	-2.383076	-1.562058	-1.474628	-2.097891	-3.093564	-1.145460	-2.067200	-2.946021	-2.665542	-2.985132	-2.559446	-2.705712	-1.449106	-3.129478	-3.235680	-1.584750	-3.457965	-3.421322	-2.516244	-2.510216	-0.349370	-0.054776	-1.086877	-0.415755	-2.501772	-3.029334	-1.422155
-0.482379	-1.932915	0.284236	-0.866471	-0.937089	-0.550209	-0.202966	-1.261389	-0.310368	-0.732990	-0.786132	-1.088474	-1.957983	-1.478184	-1.591373	-1.497583	-0.510689	-1.371207	-1.307551	-0.635866	-1.237299	-1.083315	-1.254275	-0.574482	-1.191157	-1.066638	-0.704955	-0.909096	-1.489703	-0.653337	-0.836850	-0.687867	-1.180679	-0.374998	-0.612270	-0.956653	-1.406969	-1.540128	-1.107825	-0.767134	-0.729506	-1.451988	-1.709458	-1.394410	-2.028943	-1.675389	-0.576606	-0.948680	-1.106217	-0.196741	-1.052318	0.757388	-1.433202	-1.272521	-1.337382
0.873932	-0.263178	1.008194	0.450106	0.182721	0.611516	1.689980	1.214787	1.201620	1.823099	1.373630	0.292249	-0.191325	0.735042	0.130094	0.419879	1.531688	0.495178	-0.508162	-0.454939	-0.374600	0.366870	0.423270	1.071570	1.135967	0.714224	0.954355	0.590551	0.314045	0.520756	0.191243	0.860079	0.964572	0.714265	1.013953	1.254685	0.372298	0.588875	0.953164	1.229719	-0.418221	0.373090	0.137114	-1.143039	0.340866	0.521625	1.261912	0.902881	-1.238643	-0.476479	-0.665138	0.613077	-0.143283	0.538125	-0.146048
0.786050	0.638364	0.463011	0.702609	0.365884	0.765997	1.820216	2.247665	1.451071	2.553860	2.110028	0.749688	0.890938	1.754671	1.319860	1.405238	1.774965	1.009517	-0.307461	-0.787988	0.050761	0.844905	1.325498	1.020572	2.322910	1.239070	1.883298	1.187733	1.482367	0.987776	0.656864	0.912006	1.831329	1.047499	1.485038	1.993634	1.202177	1.686957	2.045502	1.946638	-0.452730	0.828484	0.779425	-0.966866	1.460937	1.457298	1.121722	1.548025	-0.916424	-0.786684	-0.277234	-0.640467	0.612567	1.037340	1.325807
-0.057526	0.597272	-0.107126	0.364441	0.248742	0.572979	0.968979	1.652762	0.936905	1.677185	1.330102	0.307022	0.903646	1.157752	1.248658	1.078172	0.924054	0.314897	-0.469692	-0.897891	0.029173	0.426684	1.216784	-0.143444	2.069618	0.824031	1.736340	0.905116	1.338589	0.714492	0.569601	-0.251329	1.363174	0.611350	0.931712	1.184783	0.764226	1.348578	1.720819	1.293151	-0.439951	0.210996	0.276166	-0.740720	0.764448	1.013992	-0.332671	0.859999	-0.465323	-0.654034	0.044652	-1.352593	0.707056	0.541756	1.730007
-0.290007	0.242549	0.090476	0.225679	0.453353	0.623368	0.397970	0.704183	0.677418	0.748279	0.391088	-0.145232	0.513366	0.121925	0.399553	0.305853	0.341940	-0.295483	-0.390192	-0.388904	-0.041909	0.021881	0.706772	-0.773685	1.267403	0.397788	1.064581	0.479688	0.550161	0.320076	0.441104	-1.030191	0.647998	0.242320	0.369847	0.136476	0.002326	0.573084	0.846873	0.299895	-0.271975	-0.236083	-0.252442	-0.395855	-0.342692	0.330525	-1.090051	-0.042434	-0.128148	0.025447	0.342700	-0.659502	0.485505	0.173756	0.950638
0.150584	0.043980	0.361073	0.177127	0.577251	0.627810	0.356223	0.389370	0.693393	0.537423	0.247541	-0.093406	0.300001	-0.125597	-0.075995	0.015200	0.323854	-0.192575	-0.154508	0.051610	-0.064166	0.005122	0.365069	-0.352648	0.675528	0.276737	0.569253	0.182622	0.030209	0.161346	0.355448	-0.628081	0.403512	0.374536	0.257158	-0.103606	-0.135189	0.289821	0.369823	-0.074303	-0.180203	-0.067010	-0.203192	-0.126797	-0.488511	0.174932	-0.537584	-0.214801	-0.101360	0.487401	0.393508	0.404157	0.240431	0.273482	0.197784
0.093494	-0.028547	-0.152446	-0.287355	0.041528	0.204047	0.297581	0.438396	0.201908	0.437286	0.459538	0.132809	0.187708	0.388873	0.340007	0.250510	0.242029	0.070923	-0.310795	-0.370458	-0.193783	-0.031536	0.243195	0.040464	0.223598	0.169201	0.518129	-0.172799	-0.007539	0.103624	0.050381	0.091691	0.340306	0.648357	0.222968	0.198549	0.289310	0.395090	0.310558	0.137246	-0.233313	0.146905	0.000683	-0.131806	0.089092	0.298869	-0.031971	0.132628	-0.393804	-0.024095	0.015976	0.537327	0.039736	0.278525	0.376214
-0.845033	-0.039371	-0.904110	-0.879926	-0.648825	-0.183042	0.080740	0.215466	-0.835898	-0.101375	0.255097	0.153950	-0.007663	0.758046	1.055693	0.494328	-0.099220	-0.088974	-0.808390	-1.243079	-0.351500	-0.346098	0.192117	-0.491743	-0.301610	0.061001	0.740875	-0.385362	0.174662	0.014816	-0.350873	0.003811	0.083911	0.626974	-0.007222	0.195549	0.548813	0.335240	0.180822	0.286981	-0.044802	0.068117	-0.075487	-0.224342	0.352791	0.313972	-0.647848	0.231370	-0.651885	-1.046326	-0.405244	0.064564	-0.006578	-0.059702	1.003403
-1.424642	0.185072	-0.630254	-0.706249	-0.430960	0.136482	0.214653	-0.136207	-1.273740	-0.520346	-0.143974	0.176158	-0.102056	0.426184	1.213972	0.488258	-0.094777	-0.385432	-0.869695	-1.322741	-0.228199	-0.513690	0.218697	-1.222036	-0.528088	0.344844	0.837307	0.074936	0.398352	0.031990	-0.325080	-0.668274	-0.027174	0.347434	-0.138693	-0.187374	0.226843	0.022869	-0.071480	0.118401	0.716631	0.160847	-0.076106	0.006423	0.139838	0.403633	-1.414114	-0.026799	-0.473760	-1.306071	-0.324796	0.243285	0.326631	-0.158665	0.992361
-0.624090	0.629783	0.609113	0.341129	0.633371	0.740210	0.837379	-0.067931	-0.350925	-0.121071	0.004182	0.467377	0.027515	-0.334990	0.703835	0.352189	0.558017	-0.267304	-0.136810	-0.251516	0.189979	-0.094288	0.277375	-0.813834	-0.006833	0.918608	0.431521	1.030124	0.560130	0.241228	0.243109	-0.746360	0.417558	0.107721	0.073043	-0.237427	-0.480541	-0.245551	-0.111550	-0.041283	1.546976	0.716987	0.447278	0.545840	0.152344	0.774383	-0.654579	-0.013111	0.008665	-0.412164	0.019861	1.167674	0.959835	0.401163	0.071891
0.605684	0.774099	1.144972	1.118054	1.141485	0.405940	1.123139	0.273495	0.974067	0.560214	0.550880	0.676897	-0.025635	-0.942971	0.136231	0.102104	1.075547	0.068036	0.610294	0.780635	0.441148	0.526584	0.007705	0.621915	0.865398	0.855991	-0.432551	1.390089	0.436729	0.362454	0.675752	0.155369	0.984694	0.043842	0.242266	0.257529	-1.146468	-0.427062	-0.039038	-0.010266	1.322604	1.036710	1.000614	0.776604	0.547626	0.967343	1.426193	0.508302	0.150721	0.569863	-0.245345	1.557889	1.256916	0.996059	-0.934879
0.580720	0.165833	-0.110797	0.543903	0.162264	-1.129852	0.262934	0.169122	1.094395	0.293348	0.500067	0.266003	-0.685790	-1.046320	-0.008187	-0.459292	0.479351	-0.114072	0.363412	0.497126	0.126355	0.434130	-0.876173	1.435922	1.094404	-0.428224	-1.115995	0.460685	-0.065300	-0.005362	0.226007	1.032704	0.851716	0.023123	-0.192432	0.459386	-1.361241	-0.753888	-0.445591	-0.127390	-0.322535	0.274823	0.605149	0.252131	0.569445	0.373223	2.634977	0.788810	-0.381568	0.527372	-1.279474	0.698236	0.615895	0.711516	-1.084982
-0.635820	-0.811545	-1.991347	-1.006721	-1.415584	-2.496174	-1.239627	-0.478987	-0.120238	-1.039942	-0.454892	-0.595345	-1.579387	-0.613958	0.065816	-1.295383	-0.977839	-0.955939	-0.756894	-0.778500	-0.541228	-0.646488	-1.979573	0.551267	0.294065	-2.034510	-0.929758	-1.000274	-0.601038	-0.817799	-0.932401	0.818789	-0.025294	-0.170526	-1.109601	-0.362714	-0.807795	-1.191091	-1.460425	-0.694376	-2.165140	-1.199739	-0.737535	-0.568535	-0.179688	-0.760635	1.424881	0.017292	-0.986763	-0.295246	-1.967447	-0.484442	-0.664151	-0.289446	-0.301621
-1.353933	-1.263952	-2.424877	-2.080180	-1.946601	-2.250170	-1.949251	-0.896555	-1.178066	-2.101467	-1.307588	-1.171641	-1.803061	0.088726	-0.214214	-1.938493	-1.928576	-1.659136	-1.557504	-1.492553	-0.950621	-1.833630	-2.445347	-1.140131	-0.869658	-2.374728	-0.016401	-1.610840	-0.730488	-1.430928	-1.707201	-0.263652	-0.910128	-0.563356	-1.725699	-1.663980	0.379963	-1.355495	-2.322750	-1.451736	-2.561342	-2.055729	-1.814848	-0.801680	-0.934013	-1.481994	-1.224807	-1.510645	-0.679311	-0.774341	-1.271173	-0.762747	-1.498159	-0.850562	0.599865
-0.796197	-0.964329	-1.078485	-1.768007	-1.077781	-0.645572	-1.268751	-0.630041	-0.979221	-1.817133	-1.050949	-1.169895	-1.062580	0.525049	-1.072434	-1.935217	-1.529509	-1.435583	-1.128033	-0.768727	-0.785015	-1.967413	-1.911489	-1.950140	-1.575268	-1.150756	0.526711	-1.051917	-0.570044	-1.174480	-1.167316	-1.069639	-1.425496	-0.846822	-1.537290	-2.237649	1.373796	-1.091448	-2.280480	-1.915124	-1.408025	-1.647884	-1.715652	-0.306970	-0.777449	-1.343397	-2.997603	-2.619224	0.677600	-0.420519	0.268490	-0.297064	-1.196294	-0.331900	0.738455
-0.098537	-0.683984	0.339632	-0.525455	-0.024001	0.714134	-0.185944	-0.277932	-0.083449	-0.690362	0.004239	-1.017109	-0.057591	0.221717	-2.072127	-1.308341	-0.420305	-0.415543	0.253362	0.675847	-0.270106	-0.825906	-0.908327	-1.379198	-1.704929	0.199075	-0.280423	-0.320035	-0.704377	-0.076547	0.481623	-0.918975	-1.936668	-0.619670	-0.893665	-1.702781	1.260472	-0.744409	-1.488678	-1.939846	-0.272159	-0.736130	-0.923895	0.121172	0.037285	-0.898356	-2.715729	-2.521118	2.010782	0.186271	1.091472	-0.254013	-0.260796	0.558347	-0.027539
-0.310806	-1.050522	0.456728	0.616297	0.159316	0.759736	0.087693	-0.540035	0.370551	0.075328	0.745168	-1.025522	0.431117	-0.719080	-2.509670	-0.451072	0.248477	0.626180	1.567476	1.602826	0.237882	0.753643	-0.118465	-0.296047	-1.531339	0.343035	-2.045917	-0.262624	-1.306992	1.101424	2.076529	-0.160998	-2.559157	0.057131	-0.441777	-0.729586	0.021441	-0.647720	-0.590492	-1.628463	-0.356390	-0.312881	-0.434400	-0.127148	0.413996	-0.782998	-1.083091	-1.447252	2.153816	0.406805	0.570725	-1.027057	0.238726	0.707116	-1.085768
-0.668332	-1.556308	-0.110528	1.172798	-0.174054	-0.070232	-0.343922	-1.076469	0.234716	0.171339	0.687916	-0.864745	0.409835	-1.596899	-2.095484	0.268740	0.247726	1.154803	2.058936	1.647799	0.628687	1.811201	0.402579	0.472473	-1.022157	-0.324261	-3.137756	-0.505157	-1.731877	1.584552	2.583981	0.506017	-2.537156	0.494702	-0.306672	0.048632	-1.384240	-0.638006	0.206189	-0.956737	-1.021060	-0.324565	-0.330115	-0.640888	-0.141267	-0.814658	0.594858	-0.109940	1.131101	0.379252	-0.302707	-1.631019	-0.120435	-0.054175	-1.739833
0.104486	-1.275744	-0.000920	1.312793	-0.087296	-0.698728	-0.487182	-1.009406	0.187383	0.210706	0.304721	-0.196688	0.368334	-1.767638	-1.202091	0.675569	0.201692	1.197536	1.716886	1.314263	0.917459	2.024367	0.936478	0.889961	-0.045314	-0.504067	-2.411216	-0.223528	-1.315815	1.254213	1.937771	0.782442	-1.276540	0.119662	-0.153454	0.603497	-1.985871	-0.372550	1.043716	0.050437	-0.897220	-0.077707	0.026169	-0.633323	-0.986295	-0.441032	1.619830	0.948229	0.004307	0.568806	-0.348988	-1.097737	-0.807595	-0.917032	-1.762048
1.527926	-0.294843	0.795789	1.221274	0.449583	-0.670640	-0.045165	-0.292680	0.456236	0.485905	0.118596	0.575374	0.462176	-1.241096	-0.445938	0.717687	0.402339	0.974932	1.032896	1.010126	0.993172	1.609039	1.325538	1.083053	0.920155	0.068991	-0.622224	0.490983	-0.338044	0.592903	0.882166	0.738380	0.412460	-0.660467	0.131938	0.943485	-1.621817	0.070006	1.633055	0.894201	0.058756	0.483664	0.668566	-0.094888	-1.246037	0.234779	1.852693	1.391442	-0.423704	0.888922	0.301906	0.096299	-1.093984	-1.146026	-1.344088
1.774435	0.344701	1.053172	0.824792	0.596394	-0.294310	0.272240	0.214144	0.527319	0.550907	0.103476	0.676486	0.404568	-0.508393	-0.136972	0.422095	0.431916	0.577785	0.477511	0.639972	0.693727	0.856996	1.031032	0.835655	1.003410	0.432802	0.428544	0.732824	0.285982	0.105915	0.157100	0.459820	0.976111	-0.819734	0.270056	0.754437	-0.767577	0.260899	1.308616	0.884363	0.580464	0.660040	0.823458	0.243793	-0.717151	0.495343	1.283446	1.012703	-0.276948	0.775112	0.600646	0.593765	-0.753443	-0.713165	-0.744073
0.307044	0.182066	0.273798	0.125943	0.011038	0.080243	0.032815	0.082720	0.117680	0.136415	0.055781	-0.012901	0.054534	0.112684	-0.158239	-0.084009	0.028944	0.047384	0.151763	0.074527	0.073737	-0.044858	-0.005193	0.085889	0.082123	0.058382	0.157804	0.170456	0.228301	-0.110671	-0.118781	0.014850	0.085139	-0.067134	0.117467	-0.021358	0.159071	0.060450	0.029990	0.001612	0.090077	0.160843	0.180597	0.040052	0.243613	0.089026	0.125224	-0.013694	0.005256	0.071104	0.138132	-0.014437	-0.031283	0.023168	-0.097806
