X1	X2	X3	X4	X5	X6	X7	X8	X9	X10	X11	X12	X13	X14	X15	X16	X17	X18	X19	X20	X21	X22	X23	X24	X25	X26	X27	X28	X29	X30	X31	X32	X33	X34	X35	X36	X37	X38	X39	X40	X41	X42	X43	X44	X45	X46	X47	X48	X49	X50	X51	X52	X53	X54	X55
0.045290	0.311473	-0.253340	-0.255240	-0.079478	-0.337833	-0.140984	0.397130	0.081176	-0.325373	0.304503	0.257414	-0.218294	0.023826	0.137015	-0.443711	0.439470	-0.564786	-0.350696	-0.685210	0.173336	-0.326214	-0.402904	-0.024362	0.271255	-0.227439	0.034122	0.046261	0.209078	0.489540	0.272227	-0.069169	0.410614	0.386121	0.169338	-0.143340	-0.005450	0.306441	-0.067254	-0.345630	-0.182682	0.291944	0.148016	0.091531	0.205425	0.066908	-0.122451	-0.133789	0.618228	0.230526	-0.119210	0.166814	0.537704	0.605784	-0.045284
-0.059615	0.211988	0.137054	-0.023230	-0.709410	-0.544034	-0.227755	0.093854	0.955578	0.445098	1.367810	-0.053805	-0.318932	1.870236	-0.148735	0.518740	-0.543249	-0.934763	-0.674973	-1.753726	-0.285932	-0.382465	-1.176279	-0.789015	-0.688370	-0.422047	0.635210	1.186869	-0.444435	-0.674296	-0.891595	-0.872722	0.173111	-0.899213	0.057445	-0.558182	-0.439352	0.148580	-1.004096	-0.945665	-1.512825	0.247741	-0.187007	0.073827	1.211901	0.574391	-0.613673	-0.652563	-0.782377	1.760311	1.042437	-0.196432	0.691334	2.043118	1.303334
-0.022857	0.199373	0.728969	0.502352	-0.307317	-0.210039	-0.189107	-0.373254	1.145953	0.454643	1.618749	0.074284	0.366123	1.796332	-0.468701	0.865381	-1.074530	-0.440604	-0.255652	-1.217269	-0.219800	0.228506	-1.385826	-1.121618	-0.590776	-0.351707	1.002035	1.371235	-0.543775	-0.612821	-0.663759	-1.239224	0.254170	-1.277239	0.453388	-1.193013	-0.557678	0.156074	-0.920799	-1.318571	-1.274208	0.078473	-0.380398	0.618357	1.118203	0.097388	-0.644703	-1.099626	-0.816742	2.133911	1.669857	-0.106246	0.734063	1.709718	0.800678
0.019460	0.373003	0.962653	1.051200	0.885581	0.529552	-0.102801	-0.913825	0.393687	-0.189071	0.914673	0.590901	1.454488	0.106275	-0.683346	0.479256	-1.013247	0.715397	0.692106	0.611494	0.250996	1.116006	-0.998469	-0.937800	0.319386	-0.238277	0.929684	0.494643	-0.186428	0.342410	0.547521	-1.042635	0.361607	-0.565664	0.937946	-1.721175	-0.451342	0.301324	-0.026486	-1.391829	0.189813	-0.145194	-0.479010	1.428689	-0.055455	-0.984907	-0.249007	-1.295246	0.508700	1.227988	1.672074	0.326832	0.704914	-0.035306	-1.007395
-0.119525	0.585647	0.216945	1.085934	1.585143	0.945487	-0.095050	-1.123187	-0.899318	-0.696276	-0.117228	1.015199	1.790378	-1.114098	-0.622786	-0.146280	-0.518264	1.600700	1.185531	1.849882	0.528141	1.276353	-0.346146	-0.410276	0.820828	-0.474652	0.431634	-0.675255	0.010891	0.821772	1.138069	-0.432803	0.020163	0.680792	0.692580	-1.476707	-0.437748	0.403859	0.755890	-1.068062	1.070396	-0.259091	-0.618665	1.541381	-1.301975	-1.437081	0.216230	-0.951230	1.849513	-0.048874	1.323212	0.619415	0.648671	-1.206069	-1.868957
-0.319615	0.389557	-1.001542	0.561409	0.949733	0.502074	-0.102948	-0.606289	-1.866539	-0.620650	-0.649658	0.953758	0.902233	-0.479270	-0.307933	-0.389639	0.125673	1.661091	0.613721	1.223322	0.293775	0.406865	0.276729	0.269956	0.261055	-0.946088	-0.134885	-1.278277	-0.330653	0.239486	0.402124	0.329942	-0.564240	1.727544	-0.277598	-0.284343	-0.549372	0.316103	1.047455	-0.228952	0.282934	-0.263289	-0.796511	0.435058	-1.720304	-0.824868	0.519866	0.020284	1.945515	-0.743221	0.914734	0.517085	0.458653	-0.563742	-0.743729
-0.259254	-0.418965	-1.345588	0.090929	-0.397267	-0.472745	0.004263	0.490601	-1.786469	-0.340146	-0.368288	0.513356	-0.336272	1.196599	0.126922	-0.141744	0.570577	1.114591	-0.513106	-0.467726	-0.087240	-0.679166	0.621466	0.868137	-0.659472	-1.047574	-0.287305	-1.090505	-0.891659	-0.544689	-0.697731	0.899415	-0.566396	2.108872	-1.075068	1.085354	-0.471044	0.062130	1.087795	0.819081	-1.304042	-0.341739	-0.860117	-1.210658	-1.250843	-0.037361	0.617024	1.103634	0.873286	-0.744239	0.645063	0.206137	0.064229	1.125401	0.850630
0.169047	-1.296002	-0.264617	0.262984	-1.014609	-1.010813	0.129479	1.368629	-0.639113	-0.285123	0.350285	0.187486	-0.648248	2.006549	0.637980	0.196791	0.485686	0.457825	-1.106914	-1.246729	0.000970	-0.985490	0.426940	1.037484	-0.865925	-0.469235	0.154619	-0.499351	-1.034562	-0.461195	-0.913419	0.924064	0.405313	1.681707	-1.123997	1.548329	-0.076116	-0.147668	0.889185	1.292449	-1.954745	-0.576601	-0.727681	-2.097316	-0.412690	-0.036401	0.460086	1.382535	-0.225382	-0.612342	0.673293	0.018957	-0.313791	2.231985	0.872480
0.711181	-1.371286	1.224593	0.951047	-0.268231	-0.481282	0.035206	1.244460	0.870304	-0.106990	0.865401	0.300127	0.275993	1.120617	1.185732	0.400896	-0.155815	0.037751	-0.688387	-0.125674	0.686597	-0.346668	-0.251310	0.588858	-0.322072	0.352675	0.835738	0.055418	-0.520681	0.422331	-0.233545	0.356288	1.631526	0.558826	-0.865238	0.833463	0.245461	-0.090015	0.166397	0.804452	-0.983680	-0.769967	-0.538232	-1.669716	0.343661	-0.649710	0.064554	0.480860	-0.496275	-0.629331	0.989135	0.099090	-0.363816	2.015729	-0.506724
1.001939	-0.465405	1.743000	1.446343	0.904238	0.673187	-0.232478	0.208633	1.806414	0.762705	0.805152	0.629773	1.539869	-0.500626	1.546534	0.771374	-0.875133	0.042021	0.167632	1.900304	1.445834	0.599482	-0.835289	-0.165560	0.011070	0.759473	1.088892	0.437382	0.293987	1.145989	0.376406	-0.362750	1.919087	-0.825041	-0.919666	-0.211068	0.073177	0.180607	-0.842953	0.075199	0.685868	-0.674216	-0.508907	-0.659341	0.861436	-0.983870	-0.296516	-0.808938	-0.155380	-0.340208	1.251442	0.326080	-0.109464	0.919790	-1.133223
0.847898	0.585601	1.107472	1.233941	1.021502	1.298576	-0.286424	-0.770663	1.608070	1.889147	0.296907	0.741095	2.013822	-1.383237	1.527058	1.499365	-1.029794	0.428893	0.540984	2.988439	1.682677	1.171515	-0.769083	-0.598189	-0.491174	0.597217	0.521442	0.688410	0.873223	1.104169	0.368438	-0.624598	0.836515	-1.717257	-1.045980	-0.554897	-0.334783	0.292031	-1.256574	0.191896	1.645264	-0.349119	-0.638266	-0.123517	1.073945	-0.669075	-0.272219	-1.228532	0.076314	0.689255	1.014525	0.478421	0.122940	-0.334227	0.214989
0.289788	0.793267	0.269835	0.525586	-0.203233	0.747515	0.063910	-0.865848	0.418279	2.062499	-0.202501	0.596124	1.344431	-1.105005	1.303430	1.981652	-0.537062	0.776830	0.139038	2.373693	1.310814	1.165939	-0.209156	-0.406379	-1.414517	0.210594	-0.546059	0.788362	0.901886	0.529426	0.119991	-0.210219	-0.877784	-1.517340	-0.521064	-0.086483	-0.186615	-0.026277	-0.641500	1.188221	1.374804	-0.157389	-0.665224	-0.179129	0.874889	-0.189357	0.129317	-0.451780	-0.079276	1.838428	0.218598	0.469873	0.089324	-1.382035	2.110488
-0.456092	0.058096	0.027155	0.015079	-1.435622	-0.347764	0.450626	-0.250033	-1.042098	1.004523	-0.347998	0.534559	0.118227	-0.394499	1.150458	1.365862	-0.087436	0.613218	-0.485734	1.038899	0.693691	0.791039	0.210131	0.089343	-2.030870	-0.071797	-1.318881	0.666679	0.363441	-0.133673	0.094810	0.538774	-2.053693	-0.454924	0.633555	0.410668	0.845088	-0.536850	0.260674	1.937275	0.512367	-0.354866	-0.422276	-0.053410	0.278280	-0.075216	0.498338	0.572003	-0.318040	1.744126	-0.651158	0.425525	-0.263234	-2.109049	2.215219
-1.089094	-0.794208	0.298213	0.145804	-1.254382	-0.770135	0.410096	0.287390	-1.987629	-0.075349	-0.205139	0.655042	-0.757794	0.085619	0.860320	-0.218641	-0.323732	0.031197	-0.600080	0.424357	0.181823	0.343296	0.263452	0.363585	-2.111615	-0.202418	-1.247750	0.397261	-0.455976	-0.756370	0.124372	1.079831	-1.993061	0.506980	1.450765	0.290451	2.040887	-0.733912	0.432579	1.579095	-0.065963	-0.733844	-0.093690	0.650385	-0.396904	-0.239321	0.495497	0.833068	-0.267917	-0.052305	-0.966424	0.482872	-0.870628	-2.300960	0.180135
-1.414755	-0.900910	0.527010	0.624118	0.123932	-0.145299	0.069453	0.356603	-2.073687	-0.142425	-0.067170	0.557131	-0.864701	0.526349	-0.057995	-1.514408	-0.925770	-0.335278	-0.032643	0.694619	-0.178954	-0.029613	0.380270	0.263400	-1.780867	-0.275387	-0.464204	0.230232	-0.989628	-1.363232	-0.230282	1.137792	-0.804309	0.710057	1.198137	-0.198690	2.289896	-0.473715	-0.061965	0.572029	-0.186201	-0.768789	0.086216	1.237820	-0.675584	-0.250255	0.234849	0.466894	0.125140	-2.211726	-0.506629	0.542059	-1.436997	-1.610567	-1.955134
-1.475663	-0.135455	0.349448	0.728507	1.143166	0.737646	0.006146	0.194632	-1.472210	0.382336	-0.071218	-0.134244	-0.548457	1.268498	-1.445544	-1.401721	-0.975935	-0.052473	0.830203	0.781288	-0.580290	-0.349301	0.930206	0.090581	-1.167260	-0.317749	0.371183	0.307033	-0.747078	-1.889420	-0.967555	0.874328	0.690075	0.439522	0.347063	-0.247528	1.191865	-0.053228	-0.197527	0.098678	-0.189870	-0.184117	0.277021	0.814770	-0.372407	0.061032	0.141684	0.402258	0.540649	-2.889321	0.342583	0.363261	-1.484486	-0.083329	-2.182501
-1.354629	0.909148	-0.139223	0.178035	0.878512	1.087965	0.433430	0.049592	-0.588373	0.634404	-0.144355	-1.152885	-0.361534	1.758892	-2.250553	-0.037456	-0.194011	0.638510	1.575514	0.108448	-1.125428	-0.613388	1.602251	0.181488	-0.558358	-0.260682	0.503185	0.408858	0.137709	-2.173689	-1.539796	0.666865	1.379186	0.306723	0.049678	0.533462	-0.593331	0.386696	0.614622	0.677778	-0.096706	0.671462	0.838619	-0.399421	0.185604	0.523889	0.460783	1.004115	0.559812	-1.762167	0.881286	-0.011559	-0.820813	1.347054	-0.708201
-0.966768	1.501073	-0.534828	-0.477378	0.057302	1.024452	0.911855	-0.136007	0.178285	0.576825	-0.276555	-1.754026	-0.340023	0.987504	-1.649940	1.358715	0.737701	1.159449	1.976803	-0.537625	-1.543757	-0.597438	1.736375	0.485892	-0.405916	-0.100728	-0.397954	0.171607	0.898255	-1.956981	-1.351734	0.695277	0.670269	0.400339	0.761302	1.568166	-1.860879	1.073131	1.783262	1.579264	0.401396	1.137627	1.667451	-1.203406	0.506514	0.955969	0.912289	1.554342	0.222410	-0.306335	0.669021	-0.176803	0.187565	1.458041	0.527038
-0.362707	1.334982	-0.543860	-0.562055	-0.112635	1.051537	0.992245	-0.393232	0.546809	0.474951	-0.662913	-1.575345	-0.079785	-0.942464	-0.220112	1.735613	1.110943	1.263061	1.883607	-0.207483	-1.407354	0.013220	1.186659	0.654338	-0.803113	0.022037	-1.812124	-0.462410	0.904626	-1.070172	-0.355531	0.779919	-0.936487	0.375401	1.693433	1.859910	-1.702170	1.949375	2.245998	1.644735	1.129201	0.960084	2.096882	-0.902077	0.433012	1.247766	0.948859	1.228308	0.094479	-0.086248	-0.060967	0.053459	0.937034	0.137727	0.159407
-0.080474	0.718073	-0.296578	-0.199107	0.484229	1.174443	0.803200	-0.469561	0.521695	0.110276	-1.453063	-1.098993	0.525950	-2.450576	0.519211	1.233180	0.923117	1.282824	1.407970	0.850714	-0.751997	1.146312	0.581796	0.571476	-1.272194	0.095988	-2.610868	-1.189387	0.362504	0.102280	0.757821	0.722200	-2.226012	0.110936	1.757504	1.101813	-0.262750	2.288687	1.518850	0.613905	1.376229	0.602141	1.690787	-0.134171	0.183236	1.224799	0.484313	0.233534	0.394969	-1.121577	-0.580922	0.265679	1.069069	-1.244614	-1.164406
-0.640615	0.295972	-0.135979	-0.161932	0.933765	1.023079	0.766275	-0.061122	0.455684	-0.544259	-2.367347	-0.994131	0.978252	-2.207095	-0.176571	0.956257	0.614262	1.664654	1.124436	1.558450	-0.221001	2.066437	0.550708	0.582297	-1.312045	0.481282	-2.100781	-1.696428	0.044653	0.669171	1.073668	0.680219	-2.260783	-0.045555	0.808213	0.040321	1.183998	1.496677	0.013692	-0.571282	0.896017	0.759416	0.897568	0.112707	0.020762	0.809344	0.162783	-0.390038	0.442033	-2.033980	-0.373804	0.049081	0.703275	-1.237227	-1.701883
-1.646785	0.498367	-0.147073	-0.839105	0.553031	0.550106	0.951452	0.801304	0.710445	-0.717577	-2.737118	-1.209082	0.736450	-0.768366	-1.464604	1.615730	0.541710	2.244975	1.515857	1.304127	-0.349594	1.866895	0.879808	0.957668	-0.925232	1.466074	-0.797732	-1.832447	0.367124	0.163662	0.324429	0.931120	-1.044034	0.299056	-0.322849	-0.387688	1.327178	0.070784	-1.301934	-0.858594	0.315132	1.594073	0.594242	-0.086129	0.053442	0.344229	0.572271	-0.018518	-0.409092	-1.636784	0.322656	-0.314003	0.356579	0.164338	-0.678130
-1.942149	1.156782	-0.102292	-1.710761	-0.394440	0.124708	0.996569	1.656705	1.201402	0.076501	-2.130576	-1.117695	-0.119779	0.143832	-2.040231	2.538016	0.795581	2.215701	2.187603	0.406085	-0.892679	0.424726	0.793112	1.316202	-0.485917	2.529526	0.117229	-1.474616	0.959793	-0.769512	-0.797550	1.293379	0.548283	0.982681	-0.848740	-0.052933	0.186367	-0.782247	-1.531038	-0.204059	0.225703	2.527749	1.053745	0.219958	0.255550	0.371622	1.316557	0.845980	-1.593218	-0.208304	0.738275	-0.267751	0.491175	1.647033	0.876435
-0.893655	1.668344	0.169568	-1.961896	-1.087278	0.029198	0.607443	1.946370	1.452437	0.970056	-0.899564	-0.442544	-0.958344	-0.233840	-1.589344	2.356906	1.149800	1.035671	2.150478	-0.464071	-1.129537	-1.292230	0.013655	0.956479	-0.284991	2.589168	0.064984	-0.579446	1.195819	-1.007077	-1.300233	1.145658	1.396227	1.243492	-0.667987	0.413734	-0.923729	-0.460358	-0.569012	0.576318	0.422138	2.782046	1.637974	1.292720	0.472449	0.909532	1.311988	1.170906	-1.857973	0.914393	0.362337	0.176179	0.967778	2.019254	1.376915
0.825904	1.530888	0.582759	-1.385941	-0.876185	0.224708	-0.077099	1.500150	1.148803	0.767902	0.095106	0.403753	-1.232393	-1.008520	-0.710968	0.684420	1.080526	-0.746015	1.035628	-0.887104	-0.769152	-2.102817	-0.878994	-0.232521	-0.264426	1.318950	-0.472665	0.492887	0.915720	-0.214291	-0.860289	0.172690	0.965634	0.514831	-0.055631	0.442459	-0.920480	0.475893	0.637114	0.770049	0.448308	2.019472	1.503386	2.013322	0.399670	1.207551	0.070144	0.449016	-0.919653	0.910382	-0.497940	0.561720	1.109265	1.200629	0.484547
1.928224	0.719928	0.917150	-0.536480	0.277410	0.582153	-0.655833	0.648774	0.492047	-0.325757	0.326816	0.861656	-0.906245	-1.092159	0.140587	-1.264968	0.142678	-1.862239	-0.365026	-0.787149	-0.317870	-1.722271	-1.229280	-1.524046	-0.080211	-0.204599	-0.695820	0.981540	0.462427	0.778385	-0.106250	-1.155807	-0.253785	-0.738588	0.715006	0.026358	-0.084056	1.035136	0.899645	0.283594	0.425733	0.464628	0.394082	1.193177	-0.236816	0.497909	-1.675400	-0.918779	0.071642	0.310661	-0.978108	0.673150	0.498506	-0.080597	-0.606944
1.734347	-0.335439	0.919532	-0.088918	1.703990	0.983261	-0.880906	-0.171617	-0.033912	-0.959892	0.060007	0.732873	-0.294493	-0.611793	0.958221	-1.906922	-1.435776	-1.577920	-1.007757	-0.323469	-0.448320	-0.806069	-1.031391	-2.121361	0.536315	-0.686257	-0.335521	0.371165	0.150431	0.896597	0.071628	-2.044547	-1.195420	-1.307711	1.228383	-0.480509	0.502531	0.778721	0.075234	-0.583768	0.723945	-1.348313	-1.214939	-0.780017	-1.292217	-1.035064	-2.757356	-2.056126	-0.021201	0.131680	-0.530472	0.503507	-0.402772	-1.050938	-0.608860
0.607574	-1.047485	0.370241	-0.164745	2.341626	1.113592	-0.839234	-0.788292	-0.115305	-0.480290	-0.010591	0.159765	0.318045	-0.392870	1.603434	-0.963467	-2.655583	-0.429559	-0.803358	0.122484	-1.090744	-0.027414	-0.680147	-1.914570	1.398769	-0.201737	0.319073	-0.925561	-0.043799	0.004952	-0.479161	-2.146889	-1.203923	-0.556619	0.951397	-0.763817	0.244340	0.067755	-0.740463	-1.453633	1.050828	-2.754874	-2.474869	-2.207516	-2.034577	-2.231266	-2.687211	-2.283734	-0.835253	0.564466	0.463427	-0.165479	-0.647400	-1.168712	0.457541
-0.519069	-1.105090	-0.620442	-0.255289	1.559445	0.552638	-0.769294	-1.222430	0.200502	0.337811	0.510415	-0.545516	0.790453	-0.533387	1.643181	0.330713	-2.548117	0.362026	-0.597950	0.124731	-1.354882	0.542831	-0.339946	-1.307963	1.972503	0.014483	0.899327	-1.726174	-0.273105	-0.907544	-0.912740	-1.687356	-0.561455	0.719500	-0.096358	-0.682909	-0.555224	-0.438145	-0.536596	-1.901833	0.639922	-3.147321	-2.663877	-2.015597	-1.662444	-2.049829	-1.787497	-1.540084	-0.982594	0.919337	1.056024	-1.393727	0.131921	-0.234292	1.441175
-0.829723	-0.825426	-1.389025	0.226744	-0.097659	-0.621150	-0.772550	-1.480795	0.584630	0.488146	1.299567	-0.972637	1.003872	-0.300763	0.959358	0.647701	-1.205657	0.157777	-1.012321	-0.305538	-0.504339	1.114037	0.121024	-0.545942	1.959723	-0.666767	1.196984	-1.157179	-0.564381	-0.754148	-0.280675	-0.970871	-0.030849	1.015702	-1.015903	-0.214356	-1.263051	-0.460389	0.382861	-1.536236	-0.536273	-2.429988	-1.702489	-0.927837	-0.226929	-0.681338	-0.542236	-0.339065	0.039677	0.647022	0.726815	-2.392256	1.168876	1.146463	1.401900
-0.118832	-0.910378	-1.212293	1.254752	-1.256533	-1.582949	-0.738659	-1.555122	0.618200	-0.040277	1.577764	-0.795442	0.848386	0.534422	0.094711	-0.108390	0.204460	-0.546984	-1.683823	-0.588311	1.087034	1.589126	0.709612	0.412303	1.621112	-1.429030	1.107857	0.349480	-0.871970	0.489188	1.287228	-0.108338	0.026032	-0.237252	-0.939336	0.517088	-1.440933	-0.337039	0.858097	-0.387071	-1.451195	-1.284215	-0.355981	-0.423375	1.143726	0.588161	0.723066	0.677869	1.072842	-0.060007	-0.140222	-2.019896	1.277521	1.577324	0.468083
1.020522	-1.547309	-0.214353	2.014357	-1.095369	-1.550975	-0.541006	-1.439241	0.128586	-0.508098	0.906391	-0.087013	0.369513	1.064931	-0.289445	-1.004915	0.659214	-0.864128	-1.842796	-0.299695	2.171955	1.553291	1.112880	1.370022	1.386515	-1.223847	0.669759	1.340572	-1.142250	1.750024	2.517113	0.718287	-0.039484	-1.917887	-0.125732	1.144506	-0.957683	-0.557400	0.362874	0.832595	-1.301769	-0.579411	0.322333	-0.847868	1.290173	0.712499	1.593915	1.177582	0.837869	-0.608934	-0.797376	-0.242669	0.191016	0.241240	-0.522908
1.571947	-1.929002	0.569577	1.589464	-0.199881	-0.738764	-0.253057	-1.039187	-0.475116	-0.434951	-0.210446	0.624898	-0.204746	0.461886	-0.130274	-1.270588	0.313297	-0.599892	-1.324809	0.123769	1.868446	0.768855	0.980412	1.699454	1.314180	-0.228163	0.181844	0.880398	-1.161694	1.960310	2.264150	1.057890	0.252720	-2.339606	0.366944	1.205521	-0.094601	-1.094263	-0.457378	1.223191	-0.538142	-0.440488	-0.016324	-1.078669	0.260385	-0.069299	1.579223	1.145719	-0.295523	-0.511248	-0.894110	1.432228	-1.052581	-1.753771	-0.845694
1.028059	-1.168637	0.331365	0.014993	0.221260	-0.124655	-0.096072	-0.305244	-0.395078	-0.008264	-0.650595	0.799445	-0.646282	-0.620061	0.087165	-0.943814	0.069627	-0.355395	-0.664588	-0.113309	0.547686	-0.472497	0.324872	0.997617	1.159669	0.458812	0.058618	-0.275411	-0.623438	1.065666	0.732316	0.584795	0.781205	-1.142737	0.018201	0.573525	0.447581	-1.404704	-0.734459	0.637285	-0.125317	-0.247877	-0.674921	-0.124741	-0.780385	-0.665744	0.685131	0.659644	-0.833535	0.393903	-0.567938	1.400898	-1.316464	-2.275116	-0.330394
0.023688	0.341253	-0.569843	-1.466331	-0.235143	-0.298731	-0.153553	0.427030	0.725900	0.355688	0.270275	0.444872	-0.870787	-0.570720	0.058070	-0.531409	0.376138	-0.640264	-0.366450	-1.024937	-0.546285	-1.501453	-0.372650	-0.247444	0.903311	0.250983	0.447228	-0.418896	0.345563	-0.047298	-0.725625	-0.370553	0.937037	0.214124	-0.651181	-0.293306	0.136230	-1.166975	-0.366068	-0.090631	-0.263767	0.373989	-0.704284	1.451741	-0.821016	-0.409650	-0.332183	-0.073614	-0.202684	1.718174	-0.083538	-0.314907	-0.756750	-0.679801	0.592378
-0.236405	1.101609	-1.121835	-1.515874	-0.901603	-0.936928	-0.251157	0.545004	2.198379	0.550074	2.091563	0.154035	-0.897985	1.207481	0.092858	-0.458267	0.851792	-1.265201	-0.484528	-1.746316	-0.482350	-1.767159	-0.512939	-1.020609	0.897577	-0.411555	1.058972	1.079375	0.950769	-0.459932	-0.967081	-1.005564	0.505183	0.066150	-0.894669	-0.712987	-0.664547	-0.730364	0.133487	-0.070096	-0.492626	0.980859	0.049924	2.168830	0.102520	0.382479	-0.669554	-0.539686	0.621176	2.499615	0.297392	-2.080518	-0.553949	1.297235	1.121590
0.694166	0.258618	-0.870851	-0.137019	-1.081921	-1.434616	-0.230883	-0.142921	2.749079	0.720443	3.574329	0.478859	-0.787837	3.391595	0.612408	-0.848209	0.963970	-1.724638	-0.859976	-1.650844	0.560236	-1.278766	0.018458	-0.863185	1.341371	-0.906862	1.449041	2.856118	0.460748	-0.014174	-0.129734	-0.900117	0.088479	-1.526416	-0.586601	-0.477249	-0.950062	-0.617870	0.362824	0.596485	-0.710454	0.911376	0.836956	1.498672	1.184659	0.991614	-0.351500	-0.244172	0.652568	1.950250	0.261838	-2.394019	-1.279037	1.583113	0.715429
1.935463	-1.331177	-0.244112	1.242423	-0.863093	-1.575487	-0.220883	-1.054847	1.686472	0.765652	3.692137	1.272307	-0.654207	4.073351	1.300655	-1.460813	0.624759	-1.811191	-1.316331	-1.048011	1.545526	-0.604597	0.621053	-0.322553	1.820124	-1.145209	1.438498	3.022694	-0.856806	0.627860	0.603484	-0.484832	0.315524	-2.824473	-0.175843	-0.089660	-0.240463	-0.867344	0.275944	0.934285	-1.228334	0.161687	0.887221	0.519850	1.637981	1.044657	-0.098823	0.588438	0.211018	0.426594	-0.333862	-1.412964	-2.128531	0.097140	-0.249922
2.194109	-2.128869	0.164203	1.256550	-0.733306	-1.378787	-0.401012	-1.452589	-0.411927	0.286089	2.304402	1.757501	-0.617561	2.739743	1.205021	-1.760500	0.100636	-1.574143	-1.514132	-0.569102	1.536404	-0.332909	0.586359	-0.158092	1.684215	-1.210680	1.199046	1.348061	-1.870520	0.629918	0.280386	-0.422522	0.845839	-2.443081	-0.133568	-0.163009	0.810082	-1.170570	-0.066041	0.306339	-1.802906	-0.582595	0.241078	0.483236	1.219428	0.651314	-0.315942	1.056203	0.166442	-0.771009	-1.161961	-0.552559	-2.076732	-1.519454	-0.708191
1.169331	-1.626316	0.225238	0.006481	-0.780043	-0.784130	-0.559311	-1.238524	-2.153591	-0.680851	0.170644	1.367123	-0.669838	0.640948	-0.009380	-1.402673	-0.282141	-1.004079	-1.072332	-0.339582	0.516385	-0.478198	-0.035158	-0.320589	0.903533	-0.831577	0.931980	-0.465590	-1.695505	-0.142166	-0.735347	-0.636386	0.748772	-0.932226	-0.517716	-0.629081	1.167452	-1.366014	-0.569685	-0.732689	-1.522999	-0.668292	-0.364545	1.201160	0.355572	0.150942	-0.526345	0.679922	0.497762	-0.788279	-1.648965	-0.650006	-1.246587	-2.048348	-0.085861
-0.118847	-0.637939	0.224540	-1.166687	-0.645205	0.059799	-0.220823	-0.879255	-2.504937	-1.226228	-1.475961	0.465223	-0.681731	-0.649764	-1.266099	-0.782833	-0.245814	-0.229705	-0.152837	-0.122481	-0.588425	-0.550390	-0.465648	-0.076738	0.222762	0.227296	0.616903	-0.712055	-0.476638	-0.844368	-1.096704	-0.338006	-0.071350	0.029780	-0.890618	-0.793910	0.591156	-1.393890	-0.944362	-1.048597	-0.125778	-0.096680	-0.346075	1.405359	-0.178202	-0.119627	-0.029389	0.123114	0.475115	-0.059550	-1.589723	-0.971671	-0.601313	-1.803219	0.934163
-0.474992	-0.125252	0.467653	-1.187170	-0.157670	0.537715	0.658024	-0.684881	-1.635840	-0.506871	-1.681055	-0.017000	-0.595643	-0.681315	-1.169244	-0.712259	0.271860	0.173222	0.420901	0.092362	-0.797363	-0.267895	-0.195204	0.868477	0.222614	1.423710	0.217813	0.505030	0.863642	-0.553128	-0.104251	0.836597	-0.513167	-0.232393	-0.737443	-0.260895	-0.140083	-1.058304	-0.838722	-0.319278	1.219026	0.514337	0.089538	0.543150	0.006631	-0.029338	1.072139	0.309827	0.064729	0.430640	-1.309986	-0.372604	-0.620462	-1.690162	1.189367
0.174343	-0.182980	0.969484	-0.277485	0.368211	0.201497	1.422561	-0.471387	-0.629840	0.933888	-0.597857	0.256951	-0.470800	-0.153145	0.188435	-1.309298	0.873101	-0.310642	0.070066	0.143555	-0.109632	0.043244	0.384323	1.801283	0.463895	1.728831	-0.020874	1.593689	1.438811	0.503176	1.245352	2.083044	0.263276	-0.659576	-0.140112	0.485861	-0.128297	-0.334085	-0.326105	0.536187	1.169653	0.547653	0.207617	-0.461879	0.462316	0.242181	1.853417	1.062762	0.162116	0.331675	-1.156861	0.946309	-0.869567	-1.886791	0.468672
0.899471	-0.206495	1.396103	0.532754	0.546560	-0.470940	1.435337	0.053265	-0.328790	1.493949	0.483992	0.580041	-0.260405	0.070559	1.238477	-1.627985	0.935026	-1.268827	-0.708272	0.158162	0.514375	-0.021704	0.544612	1.799296	0.031122	0.866674	0.180605	1.353028	1.074179	1.113632	1.371187	2.213766	1.561904	0.032624	0.180685	0.670685	0.638033	0.318127	0.011670	0.441364	-0.024677	0.031842	-0.336065	-0.489287	0.486056	0.443342	1.605049	1.289605	1.163209	0.026910	-1.080415	1.583590	-0.710786	-1.756559	-0.270886
1.040665	0.263080	1.307264	0.617972	0.378396	-0.556322	0.890399	0.764862	-0.579447	0.387563	0.374194	0.164454	0.243035	-0.301117	0.911154	-0.806887	0.351166	-1.573342	-0.871789	0.433816	0.331318	-0.248481	0.117058	0.829346	-1.090431	-0.188739	0.601168	0.159356	0.452886	0.679034	0.145266	1.039384	1.936525	1.646681	-0.238586	0.192479	1.252587	0.472154	-0.237046	-0.632985	-0.780673	-0.358134	-0.962732	0.249529	0.106051	0.567002	0.583507	0.517227	2.079428	-0.147076	-0.834681	0.864271	0.059045	-0.779385	-0.154694
0.816183	1.025807	0.533808	0.202885	0.160631	0.070563	0.506836	1.109776	-0.721756	-1.417102	-0.741866	-0.803834	1.039829	-1.019890	-0.158833	0.705430	-0.242820	-0.701549	-0.129768	0.839024	-0.324520	-0.044304	-0.488780	-0.286468	-1.753305	-0.363849	0.623130	-0.766494	0.479820	0.001825	-0.930360	-0.459309	0.970830	2.743280	-0.924810	-0.352553	0.906988	0.390533	-0.737154	-1.791495	-0.223951	-0.097900	-0.827202	0.494059	0.000161	0.639689	-0.408430	-0.480646	1.617788	-0.266113	-0.356203	-0.171493	1.165679	0.716138	0.584672
0.569256	1.426056	-0.648614	-0.212958	0.099549	0.566250	0.413345	0.681970	-0.582619	-2.477653	-1.617021	-1.469431	1.680050	-1.666486	-0.766112	1.571995	-0.317883	0.565804	0.704335	0.764991	-0.609726	0.643870	-0.954679	-0.874000	-1.051697	0.115205	0.043620	-0.917768	1.187366	0.065839	-0.731822	-1.323887	-0.319681	2.372794	-1.062509	-0.536659	-0.147149	0.597168	-0.841225	-2.303735	0.708094	0.409770	-0.025586	-0.395537	0.341156	0.263821	-0.936778	-0.863219	-0.239732	-0.438604	0.233719	-0.147303	2.020995	1.795942	1.020504
0.084678	0.970417	-1.683123	-0.437971	0.177532	0.339491	-0.119075	-0.199950	-0.617564	-2.517893	-1.460829	-1.391613	1.689297	-1.872797	-0.731358	1.122512	-0.252365	1.080804	0.735555	-0.101385	-0.294432	1.079919	-1.339703	-1.033291	0.441658	0.042277	-0.546945	-0.930110	1.451337	0.610999	0.077101	-1.553135	-0.797213	1.043768	-0.585455	-0.591574	-0.852922	0.930947	-0.463391	-2.200660	0.551739	0.172407	0.317245	-1.604304	0.347068	-1.058827	-1.201288	-0.910340	-2.214531	-0.547323	0.839808	0.817361	1.983367	1.850763	0.632485
-0.877204	-0.150383	-2.055750	-0.509020	0.333914	-0.095819	-1.491194	-0.688104	-1.086932	-2.253636	-0.693812	-0.865805	1.178555	-1.450222	-0.708043	0.068189	-0.784917	0.703641	0.071917	-1.158584	0.079753	0.636903	-1.704579	-1.243507	1.290681	-1.021736	-0.493056	-1.473803	0.287540	0.565627	0.123289	-1.719541	-0.410097	-0.115988	-0.211880	-0.922203	-0.580474	0.710621	-0.108796	-1.839477	-0.706006	-1.092358	-0.489109	-1.906922	-0.608925	-2.918444	-1.516056	-1.470758	-3.096946	-0.529255	1.411915	1.319987	0.871781	1.162235	-0.272592
-1.827051	-1.088870	-1.580639	-0.377066	0.603759	0.165277	-2.765541	-0.332862	-1.502824	-2.010643	-0.190405	-0.336618	0.734447	-0.601844	-0.898363	-0.381540	-1.769553	0.372190	-0.331811	-1.348733	0.030424	-0.300327	-1.801730	-1.631233	0.837879	-1.975862	-0.009497	-2.191587	-1.672790	-0.375363	-0.733157	-2.022816	0.019317	-0.644719	-0.359113	-1.433843	0.165278	-0.067370	-0.073657	-1.297296	-1.504300	-2.322628	-1.551654	-1.170483	-1.912104	-3.867933	-1.799563	-2.531182	-2.705005	-0.540846	1.815505	0.586605	-0.626176	0.461329	-1.067977
-1.997817	-1.035745	-0.543004	0.038395	1.014375	1.169980	-2.511484	0.351555	-1.184849	-1.300276	-0.292380	0.011704	0.669943	0.028109	-0.798007	0.175437	-2.079362	0.854782	0.150622	-0.319159	-0.282117	-0.677182	-1.347942	-1.811181	-0.242284	-1.563916	-0.058715	-2.141187	-2.657113	-1.255041	-1.247659	-2.037643	-0.162421	-0.821263	-0.473637	-1.612498	0.428159	-0.403093	-0.110338	-0.462871	-0.606066	-2.207627	-1.341643	-0.388410	-2.330125	-2.852194	-1.671657	-3.024330	-1.568810	-0.628942	1.834158	-0.506209	-1.326795	0.070214	-1.455436
-1.443714	-0.005719	0.431976	0.561625	1.407869	1.979678	-0.642005	0.529601	-0.218334	0.156189	-0.751965	0.105198	0.654389	-0.165278	-0.129141	1.042480	-0.996318	1.788353	1.045429	1.062524	-0.373948	-0.020444	-0.512858	-1.379089	-0.991256	-0.059441	-1.229919	-1.129313	-1.829626	-1.027537	-0.483430	-1.325708	-0.873109	-0.830058	0.185042	-1.197115	-0.014646	0.409944	-0.035966	0.442595	1.342843	-0.776714	0.297795	-0.327285	-1.555228	-0.577493	-0.966066	-2.209127	-0.195403	-0.544008	1.349376	-0.614837	-0.654444	-0.316053	-1.571089
-1.044402	1.166240	0.816573	0.783087	1.441156	1.717237	1.188529	0.225276	0.503096	1.596959	-1.189560	-0.089116	0.219109	-1.033659	0.687538	1.293420	0.716316	2.133380	1.342822	1.557654	-0.054683	0.945120	0.087048	-0.425871	-1.242159	1.047317	-2.897219	-0.080638	-0.285641	0.194648	0.980354	-0.083257	-1.542484	-0.438447	1.275913	-0.509648	-0.395977	1.624411	-0.157492	0.842750	2.478179	0.604912	1.763155	-0.631254	-0.580057	1.044725	-0.036932	-0.751369	1.077376	-0.138516	0.517791	0.324174	0.663766	-1.001078	-1.633978
-1.263522	1.678228	0.573989	0.455726	0.819455	0.450392	1.306741	0.491074	0.318094	1.884134	-1.289152	-0.350007	-0.592966	-1.633917	1.138017	0.759886	1.570794	1.402641	0.697967	0.840999	0.439573	1.098451	0.039927	0.491272	-1.397934	0.846760	-3.661653	0.088691	0.331101	1.312701	1.769946	0.927835	-1.581126	0.505127	1.491306	-0.009935	0.150264	1.766891	-0.660376	0.517194	1.730082	0.871357	1.563182	-0.452760	-0.501829	0.875522	0.505296	-0.006033	1.818945	0.266946	-0.252519	1.106193	1.317696	-1.628761	-1.690007
-1.507885	1.475531	0.058498	-0.267238	-0.390014	-0.951147	-0.156734	2.091442	-0.370382	0.853614	-0.896682	-0.345758	-1.329056	-1.189007	1.131248	0.108928	1.069487	0.175455	-0.176294	-0.298329	0.723158	0.152100	-0.302924	0.868375	-1.540210	-0.084688	-2.728803	-0.463354	-0.269938	1.419152	1.248137	1.112356	-0.741414	1.654706	0.221265	0.289237	1.592710	0.419084	-0.926834	0.105286	-0.155326	0.424326	0.123314	0.382277	-1.331751	-0.330290	0.372035	-0.387476	1.594877	0.180578	-0.596358	0.896316	0.849550	-1.403321	-1.684734
-1.128885	1.072672	-0.448283	-1.064165	-1.635195	-1.569529	-1.438800	4.175110	-0.584507	-0.431835	-0.318468	-0.220942	-1.754045	-0.040000	0.676963	0.010317	0.240318	-0.607053	-0.307603	-0.987629	0.445022	-1.150833	-0.200652	0.693467	-1.296454	-0.521226	-0.800430	-0.913968	-0.911892	0.495062	-0.026261	0.651026	0.560116	2.365944	-1.364836	0.713850	2.923684	-1.205063	-0.117848	0.477630	-1.499633	0.471890	-0.691851	1.195858	-2.048317	-0.836928	-0.126017	-0.924388	0.464931	-0.482032	-0.528823	0.213908	0.022165	-0.102557	-1.572740
-0.546759	0.908889	-0.932115	-1.746604	-2.167619	-1.033618	-0.991797	4.762211	-0.000286	-0.864839	-0.263227	-0.628736	-2.040411	0.667189	-0.385199	0.348743	0.358473	-0.617243	0.552961	-1.126737	-0.597042	-1.936703	0.487137	0.359288	-0.590289	0.172827	0.567410	-0.901266	-0.452478	-0.888784	-1.124072	0.277707	1.327798	2.181617	-1.489576	1.297478	3.045407	-1.555936	1.549023	1.562978	-1.278592	1.532445	0.317093	1.344511	-1.553401	0.284706	-0.403281	-0.543458	-0.798144	-1.266877	-0.413896	0.071504	-0.296199	1.353517	-1.275304
-0.678047	1.050139	-1.347696	-2.178132	-1.641573	0.276916	1.044933	2.825017	0.673324	-0.379243	-1.033617	-1.790822	-2.298620	0.292065	-1.852718	0.365201	1.459127	-0.288534	1.764428	-1.077452	-2.109534	-1.964254	1.017820	0.237631	-0.037504	1.646869	0.524956	-0.680349	1.034811	-2.063200	-1.558131	0.464417	0.869198	1.171569	0.109913	1.598818	1.772874	-0.361154	2.686181	2.236243	0.143324	2.878830	2.400979	0.948042	0.386658	2.341248	-0.160354	0.614328	-1.222474	-1.555478	-0.508387	0.638556	-0.138061	1.736253	-0.712039
-1.457569	1.321471	-1.366279	-2.057216	-0.523981	1.371853	3.092080	-0.354304	0.659411	0.304249	-1.895873	-2.832457	-2.251005	-0.599336	-2.763288	-0.401308	2.378580	-0.169647	2.395567	-0.923843	-3.093134	-1.474402	0.691014	0.429768	-0.253947	2.934181	-0.312218	-0.313671	2.513070	-2.370608	-1.266728	0.986556	-0.351652	-0.028759	1.813339	1.291390	0.011830	1.159958	2.203842	1.639447	1.516179	3.362422	3.647228	0.616194	2.780414	3.734998	0.418468	1.492744	-0.490132	-0.997950	-0.605220	1.214844	-0.038980	0.908070	-0.001102
-1.721978	1.465246	-0.677986	-1.093567	0.206825	1.247348	3.594592	-2.267717	0.122215	0.616327	-1.707496	-2.572381	-1.568712	-0.953729	-2.207207	-1.429532	2.116452	-0.371475	1.918907	-0.473480	-2.481829	-0.665506	-0.234041	0.830186	-0.961267	3.089400	-0.695493	0.544467	3.041058	-1.354819	-0.293813	1.326920	-1.149359	-0.556157	1.981273	0.658833	-1.061252	1.592209	0.559779	0.270212	1.771822	2.586587	2.822595	0.648195	3.986413	3.369030	0.957413	1.484866	0.755665	0.243570	-0.275595	1.299768	-0.024937	0.015791	0.507675
-0.712996	1.237314	0.458710	0.517652	-0.017102	-0.211436	2.265330	-1.685960	-0.137535	0.456979	-0.231872	-0.917276	-0.352195	-0.365272	-0.502383	-1.665328	0.842614	-0.634709	0.549433	0.226990	-0.304379	0.375846	-0.863791	1.222362	-1.228364	1.821929	-0.107191	1.799122	2.447649	0.628007	1.087347	1.285552	-0.924430	0.026745	0.717664	0.233030	-1.034634	0.773645	-0.823467	-0.651235	0.788723	1.208608	0.454398	0.741027	3.102756	1.532546	1.241762	1.025531	1.546970	1.454833	0.502519	1.119505	0.426012	0.155171	0.573738
0.914371	0.586752	1.224050	1.978127	-0.714548	-1.869143	0.159067	0.123826	0.148533	-0.102008	1.473109	0.947741	0.914458	0.681541	0.943739	-0.709775	-0.459323	-0.717433	-0.880503	0.872432	2.016567	1.353971	-0.697665	1.301718	-0.669122	-0.224475	0.859260	2.475772	1.195121	2.200217	2.076754	1.025443	-0.126877	1.226823	-0.502712	0.089640	-0.512805	-0.127671	-1.190732	-0.666509	-0.609472	0.153682	-1.718352	0.493202	0.965296	-0.408498	1.256077	0.847144	1.487693	1.686399	1.096350	0.976501	1.379494	1.116480	0.406957
1.910716	-0.219912	1.030652	2.416542	-0.843142	-2.231785	-1.285250	0.839444	0.349917	-0.867233	2.082860	1.814800	1.793213	1.428050	1.055871	0.635352	-1.036417	-0.594895	-1.482779	1.320955	2.859612	1.735738	0.011529	0.837920	0.073392	-1.861028	1.318595	1.737055	-0.080944	2.044395	1.754940	0.686359	0.539251	1.881400	-0.645428	-0.173170	-0.377190	-0.069087	-1.045443	-0.413068	-1.332405	-0.276003	-2.287429	-0.017268	-0.551775	-1.207255	1.020785	1.109530	0.907223	0.528789	0.792175	0.601134	1.934389	1.666812	0.501618
1.876787	-0.785789	0.248627	1.588844	0.014407	-0.918983	-1.360856	-0.396560	-0.060399	-1.340551	1.269811	1.579808	2.117110	1.432477	0.100395	1.197270	-0.879927	-0.378313	-0.999167	1.610556	1.908352	1.217169	0.736516	-0.017524	0.326745	-2.179341	1.039311	0.121128	-0.822675	0.404605	0.135315	0.241501	0.828941	1.156009	-0.123641	-0.733103	-0.879606	0.569023	-1.138389	-0.532314	-0.864533	-0.387503	-1.273996	-0.341493	-0.410763	-0.731592	0.558658	1.426996	0.255791	-1.223616	-0.353079	-0.397648	1.143465	0.953237	1.074574
1.502319	-0.944847	-0.147218	0.092781	1.155865	0.901852	-0.500025	-2.199559	-0.560974	-1.028180	-0.083378	1.020959	1.868581	0.752202	-0.742918	0.690340	-0.417986	-0.186436	-0.017873	1.629042	0.332812	0.124276	1.119071	-0.675270	0.388093	-1.190556	0.539950	-0.838829	-0.699558	-0.989546	-1.492610	-0.233402	0.815364	-0.632380	-0.016913	-1.106387	-1.518581	0.531684	-1.388966	-0.796186	0.343051	-0.445380	0.121740	-0.295365	0.644574	0.112735	0.043913	1.427373	-0.348147	-1.991596	-1.452632	-1.692231	-0.712410	-0.579333	1.792551
1.524568	-0.886076	0.280135	-1.065278	1.524010	1.700083	0.290613	-2.681317	-0.194849	-0.084255	-0.762700	0.801534	1.087741	-0.116458	-0.540225	-0.111757	0.014059	-0.120809	0.527472	1.181092	-0.450299	-0.790302	1.026276	-0.568569	0.938379	0.180063	0.410351	-0.314233	0.091381	-0.826682	-1.754430	-0.395712	0.625399	-2.231809	-0.686754	-0.657504	-1.687408	-0.602331	-1.105682	-0.538295	1.239490	-0.409514	0.713610	-0.231727	1.144873	0.352020	-0.167745	1.064441	-0.922209	-0.909235	-1.744758	-2.365237	-2.203580	-1.680730	2.134381
1.837537	-0.910877	0.943714	-1.208411	0.784432	1.084928	0.422486	-1.540339	0.956750	0.722860	-0.275899	0.971783	0.026933	-0.544837	0.669524	-0.405259	0.373259	-0.247993	0.128582	0.358605	-0.055764	-0.988829	0.546606	0.230320	1.757468	0.822462	0.675567	0.930434	0.779254	0.341981	-0.691678	0.024159	0.517717	-2.553502	-1.457551	0.486510	-1.251857	-1.828444	-0.043085	0.369037	1.066135	-0.255924	0.298396	-0.516029	0.597657	-0.154219	0.145904	0.544988	-1.279002	1.129477	-1.392078	-1.892553	-2.219378	-1.579272	1.913917
1.734519	-1.103668	1.081543	-0.493106	-0.400591	0.014410	0.179474	-0.131931	1.598232	0.877755	0.781772	1.204734	-0.754911	-0.326338	1.956187	-0.178492	0.692559	-0.475420	-0.885975	-0.463651	0.709839	-0.572601	-0.015053	0.951751	1.792754	0.437533	0.845172	1.520722	0.698847	0.916333	0.314111	0.737242	0.708044	-1.629467	-1.525841	1.319897	-0.543108	-1.917650	1.091507	1.264283	0.069840	-0.166251	-0.390493	-0.935410	-0.168278	-0.688580	0.709861	0.123613	-1.157232	2.284127	-1.043970	-0.693670	-1.095406	-0.673180	1.383577
0.834003	-1.248236	0.792019	0.284848	-1.002586	-0.344046	0.160859	0.253930	0.849480	0.662069	1.298200	1.108668	-0.721590	0.066199	2.200598	0.128130	0.748226	-0.493963	-1.591795	-0.940270	0.745343	-0.057497	-0.321820	0.859371	0.564832	-0.207936	0.525708	1.003645	0.041123	0.140810	0.158499	1.005936	0.880950	-0.510310	-0.812921	1.009815	-0.043525	-0.728284	1.278347	1.390975	-0.685326	-0.307911	-0.585787	-0.975831	-0.232220	-0.522312	0.918487	-0.067335	-0.636915	1.714047	-0.827739	0.297391	-0.090987	0.047946	0.948302
-0.421739	-1.067827	0.800573	0.509101	-0.517903	0.254346	0.376374	-0.303383	-0.468446	0.590592	0.701269	0.408799	0.106686	0.018227	1.060357	0.388221	0.107431	-0.044800	-1.258853	-0.857919	-0.255810	0.244486	-0.204446	0.050263	-1.099314	-0.292131	-0.120106	0.099755	-0.447651	-1.281527	-0.808218	0.431870	0.389653	-0.157876	0.172913	-0.051586	-0.117196	0.828701	0.280272	0.710857	-0.386516	-0.666592	-0.323911	-0.637484	0.227617	0.205389	0.511911	-0.066094	-0.154798	0.368537	-0.293509	0.414196	0.082461	0.114865	0.820001
-1.198607	-0.544338	1.270260	0.329673	0.624379	1.116798	0.173747	-0.801230	-0.763191	0.599543	-0.448357	-0.726216	1.075363	-0.434963	-0.552357	0.829985	-1.291281	0.707971	-0.096122	-0.138960	-1.475351	0.503256	0.314099	-0.656657	-1.925463	-0.068302	-0.591397	-0.396392	-0.503753	-2.215055	-1.387022	-0.505019	-0.742928	-0.470435	0.997144	-0.622108	-0.766941	1.740187	-1.006135	-0.055037	0.650592	-1.133921	-0.301751	-0.522150	0.197925	0.570623	-0.092730	-0.012656	0.011033	-0.342547	0.668600	-0.295649	-0.092974	-0.062468	0.832382
-1.105536	0.052766	1.374236	0.268920	1.525571	1.494371	-0.792050	-0.624297	0.346449	0.266744	-1.016404	-1.522271	1.498389	-0.623787	-1.212832	1.480025	-2.671467	1.275166	0.906776	0.948086	-1.787837	0.940835	0.998086	-0.701894	-1.415446	-0.424835	-0.649599	-0.545856	-0.586086	-2.182480	-1.019209	-0.959287	-1.530454	-0.577301	1.547344	-0.126909	-1.490537	1.625357	-1.400628	-0.226020	1.356356	-1.524461	-0.859329	-0.911391	-0.800719	-0.028512	-0.351967	-0.074596	0.059163	-0.234473	1.465039	-1.153494	0.195507	0.100873	0.621734
-0.539114	0.476146	0.336997	0.374779	1.690153	1.267636	-1.798558	-0.069593	1.627818	-0.297565	-0.522378	-1.239255	1.276216	-0.115900	-0.443398	1.957291	-2.867394	1.403811	1.070367	1.744305	-0.978770	1.294512	1.374508	-0.426882	-0.119380	-1.325245	-0.535062	-0.925868	-0.974486	-1.470786	-0.311655	-0.712421	-1.199403	-0.058137	1.767776	0.592425	-1.569229	0.812871	-0.603137	0.094243	1.116794	-1.484684	-1.340772	-1.159398	-1.930776	-0.987769	-0.304339	-0.373054	0.242473	-0.219163	1.567180	-1.411610	0.896306	0.584208	0.108827
-0.233551	0.738321	-1.427256	0.143821	1.316174	0.776221	-1.715878	0.299654	1.844719	-0.441609	0.350079	-0.134245	0.751844	0.688605	0.738411	1.828282	-1.460919	1.287397	0.758103	1.685593	0.018319	1.011603	1.028581	-0.529427	0.997493	-1.535301	-0.551292	-1.631410	-1.203861	-0.634385	-0.102661	-0.343753	-0.272052	0.534404	1.503731	0.373710	-0.735801	-0.061254	0.613475	0.225385	0.320589	-0.717217	-0.795441	-0.446479	-1.922782	-1.091067	-0.432268	-0.843617	0.343846	-0.765904	1.160257	-0.939095	1.140795	0.891348	-0.360291
-0.526765	0.956359	-2.628322	-0.659247	0.782115	0.254710	-0.470866	0.400533	1.128168	0.007989	0.620090	0.634153	0.060581	1.014787	0.942485	0.950034	0.597574	1.059982	0.718514	0.783300	0.209253	-0.007038	0.085562	-1.068874	1.370734	-0.337002	-0.620086	-2.013873	-0.766434	-0.054376	-0.382640	-0.396321	0.091435	0.545576	0.772955	-0.688696	0.470648	-0.559867	1.297960	-0.188314	-0.302629	0.504822	0.708528	1.017477	-0.655819	-0.062817	-0.919651	-1.188772	0.004182	-1.226639	0.744672	-0.313881	0.503540	0.801732	-0.550199
-1.049886	1.050458	-2.449928	-1.468521	0.183060	-0.310271	0.609918	0.520442	0.423091	0.377726	0.204673	0.338632	-0.974190	0.639266	-0.063823	-0.449297	1.687807	0.450564	0.927722	-0.508913	-0.355678	-1.116864	-0.795321	-1.383507	1.217761	1.215239	-0.431019	-1.474055	0.017565	0.253141	-0.417460	-0.735480	-0.407316	0.144163	0.044665	-1.299720	1.175546	-0.652383	1.184078	-0.724809	-0.514602	1.300359	1.852640	2.027690	0.574571	0.920143	-1.399576	-1.116792	-0.529360	-0.845403	0.482271	-0.071682	-0.249383	0.617484	-0.732946
-1.098633	0.761466	-1.257423	-1.451451	-0.515089	-0.904594	0.258150	0.721932	0.112778	0.129682	-0.063880	-0.402387	-2.159842	0.152976	-1.159036	-1.777195	0.988973	-0.658558	0.621468	-1.705436	-0.764557	-1.496729	-1.057965	-1.022380	1.124669	1.467248	0.045003	-0.232268	0.307818	0.535167	0.217852	-0.912585	-0.980222	-0.054313	-0.041298	-0.651865	1.024527	-0.518846	0.662155	-0.740803	-0.591684	0.994063	1.418560	1.719083	0.544029	0.632896	-1.482365	-0.668233	-0.581715	0.143764	0.242645	-0.016538	-0.083755	0.604961	-1.181247
-0.357630	0.011348	-0.019327	-0.463043	-1.151094	-1.382047	-1.198619	0.742484	-0.161568	-0.363323	0.411676	-0.413607	-2.622869	0.237047	-1.107081	-2.287857	-0.695423	-1.614943	-0.503664	-2.385237	-0.368985	-0.923816	-0.772172	-0.392403	1.197469	0.191041	0.416963	0.854300	-0.219693	0.934404	1.076816	-0.856405	-0.952271	0.052854	0.601895	0.471290	0.474131	-0.281277	0.166655	-0.213789	-0.800578	-0.098724	-0.269395	0.517841	-0.504937	-0.605332	-1.242780	-0.232925	-0.090321	0.804740	-0.019471	0.387448	0.861435	0.580938	-1.532602
0.706690	-0.857004	0.627183	0.729592	-1.395995	-1.594296	-2.186530	0.457006	-0.535278	-0.452458	1.180649	0.505452	-1.701539	0.775939	0.187418	-1.672490	-1.675512	-1.538858	-1.657611	-2.176653	0.533210	0.027856	-0.427667	-0.214974	0.891657	-1.259230	0.301630	1.101537	-1.025582	1.238013	1.372602	-0.849708	-0.543951	0.027307	1.210579	0.693124	0.206450	0.016903	-0.182664	0.217148	-1.069785	-0.997666	-1.568361	-0.449310	-1.283516	-1.314593	-1.022489	-0.191803	0.169466	0.608096	-0.253691	1.031395	1.320714	0.277877	-1.202693
1.261570	-1.306434	0.667108	1.206573	-1.032399	-1.389408	-1.670786	0.097899	-0.558358	-0.134455	1.302783	1.288748	-0.010645	0.925740	1.604721	-0.490247	-1.027389	-0.482887	-1.803296	-1.099712	1.119887	0.513119	-0.307375	-0.517235	-0.059807	-1.612424	-0.225442	0.531303	-1.360878	1.124926	0.852979	-0.918373	-0.275721	-0.324275	0.886686	-0.123196	0.380947	0.270288	-0.360653	0.098992	-1.103926	-1.119951	-1.237185	-0.652055	-1.004378	-0.722465	-0.897479	-0.503433	-0.249329	-0.074807	-0.463721	1.088748	0.472035	-0.169674	-0.351285
0.953856	-1.066906	0.387925	0.780550	-0.218485	-0.623780	-0.122653	-0.061571	0.020054	0.169317	0.561283	0.926611	0.947063	0.229660	1.877919	0.293854	0.590894	0.482353	-0.825014	0.111831	0.940081	0.198084	-0.201959	-0.536395	-0.919968	-0.852623	-0.631815	-0.231148	-0.958920	0.618194	0.022993	-0.641201	-0.112798	-0.657885	-0.358654	-0.657200	0.585662	0.299276	-0.112095	-0.179691	-0.730063	-0.661665	0.329743	-0.504725	-0.035008	0.416911	-0.547970	-0.646796	-0.633500	-0.488965	-0.600363	0.116049	-1.014578	-0.373466	0.126800
0.217135	-0.338467	0.059177	0.065331	0.443234	0.482565	1.314916	-0.012890	0.717144	0.379117	-0.200486	-0.300074	0.409228	-0.586425	0.816884	0.292004	1.819182	0.516120	0.446132	0.518718	0.301904	-0.412874	0.234938	0.294859	-0.754131	0.204158	-0.349535	-0.432050	-0.055820	0.097407	-0.398324	0.279715	0.353392	-0.618742	-1.518100	0.122619	0.462148	0.031924	0.833316	0.150837	-0.146076	0.025617	1.703057	-0.469790	0.884874	1.000395	0.308787	-0.112423	-0.045952	-0.268107	-0.479094	-1.178832	-1.785934	-0.189610	-0.287716
-0.282414	0.393918	-0.117109	-0.236323	0.304886	1.144953	2.053409	0.055448	0.925640	0.698366	-0.066756	-1.186258	-0.758207	-0.401666	-0.463222	-0.039645	1.998210	-0.051803	1.165642	0.023852	-0.126188	-0.481383	0.935991	1.568975	0.170348	0.841607	0.684838	0.284540	0.956390	-0.119250	-0.111619	1.498500	1.061824	-0.301256	-1.612890	1.547394	0.180531	-0.356117	2.136186	1.172421	0.185818	0.848505	1.935635	-0.308615	1.471937	0.898478	1.476060	0.930359	1.211608	0.339572	-0.040655	-1.575297	-1.367694	0.097202	-1.045505
-0.303564	0.687993	0.000544	0.041140	-0.563106	0.687238	2.163779	-0.035861	0.653301	0.962467	0.835416	-0.991514	-1.061281	0.768184	-0.663864	-0.173519	1.454757	-0.272632	1.117654	-0.461038	0.007665	0.292914	1.349769	2.331846	0.544954	0.786976	1.800647	1.527805	1.690172	-0.014541	0.627279	2.287045	1.315583	-0.098298	-0.611066	2.036431	0.192727	-0.549144	2.773532	1.989621	-0.057285	1.551999	1.195742	0.421274	1.737728	0.693164	2.366452	1.595834	1.806099	0.876270	0.455505	-0.556486	-0.524234	0.039210	-1.180944
-0.088366	0.421849	0.375418	0.552612	-1.157248	-0.491731	1.771122	-0.331265	0.296963	0.681903	1.453285	-0.138019	-0.072405	1.625054	0.268567	-0.180351	0.718570	0.208839	0.569365	-0.209827	0.430212	1.353733	0.993041	2.093409	-0.239533	0.173306	2.043958	2.305844	1.758273	0.260728	1.312379	2.201920	0.618190	-0.283905	0.694899	1.010954	0.607753	-0.324257	1.996318	1.662197	-0.740590	1.499999	0.163448	1.396469	1.519473	0.591455	2.480537	1.139981	1.109546	1.139730	0.736930	1.240435	-0.136207	-0.516563	-0.445025
-0.030478	-0.081123	0.709144	0.831159	-0.539015	-1.113551	0.929553	-0.671291	0.017155	-0.143157	0.986337	0.407924	1.172946	1.155970	1.016342	-0.389837	-0.001169	0.795435	-0.108656	0.300360	0.543101	1.831519	0.005088	1.129796	-1.238301	-0.482860	1.037006	1.802991	0.975169	0.535398	1.517817	1.334258	-0.630126	-0.766017	1.450253	-0.527552	0.972109	0.351220	0.287747	0.247444	-1.327209	0.423400	-0.684785	1.613165	0.702633	0.227842	1.706444	-0.173546	0.081369	1.166580	0.896151	2.525265	-0.142259	-1.146801	0.423949
-0.405928	-0.268750	0.640723	0.568089	0.912259	-0.463110	-0.044514	-0.760683	-0.250911	-0.703569	-0.291591	0.154524	1.435217	-0.211285	0.381524	-0.691865	-0.584510	0.709138	-0.576521	0.075093	0.043810	1.322271	-0.981873	-0.046277	-1.284961	-0.541500	-0.628541	0.218791	-0.263264	0.635393	1.074991	0.065507	-1.539675	-1.128821	1.278750	-1.288746	0.741853	1.338911	-1.054263	-1.247643	-1.220725	-0.906735	-1.139798	0.556035	-0.236796	-0.541717	0.276046	-1.277475	0.022364	0.901273	1.175992	2.253320	0.159952	-1.148732	0.513950
-1.151715	0.102679	0.163033	-0.209237	1.727374	0.745156	-0.632518	-0.453340	-0.437197	-0.196664	-1.421778	-0.559991	0.618509	-1.331446	-1.221967	-0.608249	-0.794010	-0.084397	-0.554451	-0.857616	-0.737081	0.173840	-1.493380	-1.057860	-0.564249	0.194676	-1.887455	-1.276019	-1.012002	0.450316	0.184303	-1.123302	-1.624840	-0.960771	0.373364	-1.021679	-0.066099	2.249721	-1.327858	-1.853773	-0.164666	-1.337672	-1.065588	-1.102521	-0.485387	-1.195621	-1.282772	-1.407620	0.857996	0.197267	1.408516	0.509115	0.958825	-0.321831	-0.273341
-1.701614	0.639829	-0.214009	-1.000368	1.083521	1.306780	-0.619034	0.040473	-0.484011	1.126703	-1.759309	-1.017017	-0.313479	-1.711232	-2.102874	-0.051984	-0.566675	-0.806386	-0.019382	-1.273533	-1.160109	-0.843037	-1.517849	-1.502282	-0.142113	1.209418	-2.035360	-1.603355	-0.590366	0.046136	-0.617350	-1.653086	-0.963366	-0.245475	-0.663226	-0.357367	-0.793882	2.388191	-0.979484	-1.454183	1.444573	-0.678100	-0.501676	-2.197784	0.086020	-1.140204	-2.164244	-0.812100	1.283655	-0.767944	0.996723	-1.253904	1.505486	0.643662	-1.084893
-1.298136	0.673348	0.052799	-1.096198	-0.117215	0.978296	-0.276501	0.352936	-0.675758	1.993899	-1.451866	-0.793485	-0.570722	-1.675994	-1.234391	0.356226	-0.223587	-0.763631	0.566170	-0.355959	-0.934290	-1.150170	-1.113053	-0.986176	-0.283188	1.688044	-1.139396	-0.785695	0.537737	-0.357253	-0.837311	-1.085703	0.276081	0.617734	-1.186173	0.227815	-0.808460	1.165127	-0.660561	-0.674338	2.581074	0.044935	0.127238	-2.217167	0.531994	-0.482129	-1.709679	-0.229073	0.545210	-1.419658	-0.364258	-1.373336	1.038042	0.803243	-0.993516
0.206449	-0.022822	0.808090	-0.325521	-0.372625	0.471685	0.034379	0.337988	-1.241012	1.416288	-1.033696	-0.062579	-0.311913	-1.504859	0.446877	-0.016718	-0.114841	-0.239333	0.458747	1.085183	-0.370794	-0.816186	-0.073729	0.305973	-0.120579	1.226299	0.177214	0.200379	1.070817	-0.527352	-0.498053	0.350801	1.842603	1.207674	-0.990736	0.807852	-0.223037	-1.104680	-0.328582	-0.086715	2.278321	-0.169866	0.219391	-1.518556	-0.109696	0.129574	-0.138084	0.157797	-0.597398	-1.411193	-2.082399	0.173048	-0.144017	-0.042478	0.040368
1.954009	-0.972396	1.193753	0.585981	0.495950	0.250606	0.248663	0.146673	-1.673914	-0.077562	-0.735719	0.658945	-0.102439	-1.028032	1.052543	-0.933418	-0.183248	-0.194096	-0.614989	1.555728	0.042594	-0.445459	1.589257	1.379142	0.926156	0.195753	1.264938	0.513367	0.344716	-0.317422	-0.061248	1.638148	2.982777	1.388277	-0.458699	1.424148	0.208607	-2.988534	0.314463	0.358507	0.667455	-1.086698	-0.397398	-0.654396	-1.489964	0.358581	1.363841	0.859050	-0.930280	-1.066740	-2.990619	1.533002	-0.907832	-1.149486	1.180110
2.767652	-1.465871	0.591608	0.787345	1.176200	0.027655	0.474299	-0.037951	-1.141888	-0.890803	-0.310542	1.019651	-0.002345	-0.141784	-0.047719	-1.423118	-0.090342	-0.968976	-1.913648	0.780692	0.218384	-0.520084	2.975379	1.229374	2.133929	-0.547075	1.830194	0.229437	-0.792882	0.272247	0.178423	1.699620	2.797132	1.225658	-0.116295	1.573536	-0.014692	-3.028627	0.941896	0.996827	-0.827180	-1.539156	-1.137069	0.133169	-2.150308	0.480096	1.630528	2.046099	-0.277264	-0.825166	-2.368293	1.161793	-0.593508	-1.580797	1.605278
2.261648	-1.206204	-0.583139	0.383235	0.610704	-0.481046	0.641653	-0.218840	0.202129	-0.230231	0.464942	1.106257	0.354526	0.729756	-1.513513	-0.905106	0.268610	-1.677392	-2.235506	-0.020554	0.501412	-0.877331	2.740181	-0.098974	2.247467	-0.448294	1.890966	0.036114	-0.996270	0.981533	0.336956	0.372336	1.369313	0.791577	-0.112580	0.654599	-0.551987	-1.294897	0.780868	1.635516	-0.808716	-0.839254	-1.149167	0.796022	-1.197264	0.715556	0.600305	2.806269	0.483287	-0.475006	-0.652213	-0.225996	0.191737	-1.033680	1.217934
1.123381	-0.481053	-1.275783	0.287029	-0.727029	-0.944557	0.473709	-0.488220	0.950997	0.872963	1.266079	1.232431	0.886505	0.978144	-1.689630	0.080438	0.550048	-1.270317	-1.212949	0.154521	1.116462	-0.987107	0.571286	-1.512276	0.935556	0.140752	1.481199	0.340654	-0.117858	1.296120	0.443536	-1.425232	-0.020595	0.173923	-0.269122	-1.099816	-0.717330	0.436881	-0.397602	1.463582	0.502183	0.432362	-0.249447	1.250748	0.570220	0.709411	-0.732144	2.006088	0.575794	0.494655	0.903655	-0.708778	0.262114	-0.005674	0.520932
0.302958	0.211654	-0.917291	0.882652	-1.583892	-0.919641	-0.170510	-0.744347	0.023072	0.807446	1.432416	1.482358	0.853412	0.486624	-0.494527	0.512355	0.345645	0.046176	0.180158	0.743260	1.704004	-0.697678	-2.121282	-1.967411	-0.814133	0.311997	0.585546	0.841700	0.657112	0.830922	0.123543	-2.526571	-0.294478	-0.391705	-0.512030	-2.484800	-0.392646	0.464640	-1.907988	0.040692	1.424985	1.139882	0.777347	1.420031	1.494505	0.066069	-1.374304	-0.130733	0.076578	1.835047	1.313782	0.159816	-0.707550	0.721172	0.047593
0.086827	0.597421	0.051369	1.326941	-1.504121	-0.605645	-1.029059	-0.627725	-1.817827	-0.644392	0.762682	1.515207	-0.186780	-0.241525	0.772675	0.112424	-0.272855	0.986660	0.664968	0.415581	1.574257	-0.405899	-3.418600	-1.380331	-1.632050	-0.292592	-0.552124	0.951770	0.404359	-0.161720	-0.778123	-2.459709	0.146230	-0.558372	-0.936788	-2.392307	-0.086861	-0.921981	-2.802475	-1.836793	0.758501	0.860086	0.966174	1.309051	0.855718	-0.844511	-1.176764	-1.908708	-0.379584	2.486377	0.616533	0.848821	-1.617754	0.775505	-0.011241
0.040626	0.653790	0.734596	0.605530	-1.186129	-0.651077	-1.601946	0.083029	-2.635579	-2.076430	-0.143268	0.885745	-1.571360	-0.609142	1.149060	-0.428894	-0.749380	0.744065	0.042561	-1.097305	0.507713	-0.367700	-2.680222	-0.389886	-0.966997	-0.944167	-1.263807	0.487811	-0.386023	-0.851485	-1.506185	-1.573972	0.055074	-0.159087	-1.387650	-0.929383	-0.089092	-1.761160	-2.603271	-2.654317	-0.843946	0.187669	0.183583	0.928586	-0.470076	-1.156016	-0.649391	-1.921062	-0.339776	1.822481	-0.388537	0.182820	-1.074102	0.431258	0.202929
-0.296935	0.370498	0.619919	-0.994342	-1.384061	-1.263401	-1.597450	1.006904	-1.502173	-2.138084	-0.557012	-0.422547	-2.141846	-0.471675	0.838709	-0.463265	-0.691513	-0.165825	-0.738592	-2.522489	-0.813241	-0.185335	-0.869693	0.499592	0.537395	-0.695049	-0.943656	-0.196033	-0.576999	-0.627731	-0.975982	-0.442245	-0.921043	0.509560	-1.309021	0.728895	0.003904	-0.836866	-1.449611	-1.701935	-1.772326	-0.137093	-0.811652	0.298135	-1.109025	-0.604134	-0.196724	-0.564577	0.020234	0.457129	-0.985839	-0.957692	0.858103	0.160387	0.418971
-0.895633	-0.237350	-0.167951	-2.060419	-1.892921	-1.866191	-1.181522	1.337804	0.498536	-1.000536	-0.469626	-1.826898	-1.560439	-0.190764	0.400228	-0.177858	-0.369913	-0.750096	-0.783107	-2.471174	-1.391991	0.630426	0.641391	1.237685	1.711478	0.386520	0.198902	-0.740430	0.098372	0.194639	0.801697	0.598103	-1.771202	0.793654	-0.335079	1.516835	0.632904	0.752275	0.046462	0.066053	-1.384603	-0.047913	-1.227857	-0.367224	-0.612484	0.125279	0.227945	0.544111	0.080840	-0.515074	-1.034290	-0.991083	2.389876	0.062190	0.432812
-1.368592	-0.851771	-1.159607	-1.747750	-1.846340	-1.780384	-0.755874	0.680848	1.607381	0.051716	-0.444220	-2.538185	-0.569382	-0.223634	-0.058242	-0.094271	-0.292939	-0.694097	-0.164531	-0.986802	-0.947294	1.747195	1.197933	1.804579	1.866183	1.251572	1.103207	-1.199315	0.790139	0.694037	2.388150	1.349939	-1.543267	0.242688	1.067223	1.314491	1.411053	1.017014	1.011256	0.924496	-0.521019	0.057162	-0.923418	-0.634971	0.362207	0.351500	0.753940	0.441136	-0.526293	-0.719213	-0.782680	0.068859	1.915286	-0.100712	0.221825
-1.335217	-0.946811	-1.855680	-0.729769	-0.884314	-1.046337	-0.518872	-0.399268	1.315675	0.260648	-0.691225	-2.128891	0.108712	-0.617206	-0.498302	-0.126135	-0.349787	-0.321424	0.369969	0.572873	-0.116795	2.170772	0.993167	1.902790	1.203662	1.090369	0.827073	-1.718013	0.659661	0.447386	2.402001	1.583783	-0.629262	-0.843067	1.871589	0.724266	1.379811	-0.273838	0.877798	0.214913	-0.234240	0.038095	-0.266284	-0.238347	1.003984	0.298218	1.180200	-0.297149	-1.366935	-0.592032	-0.476727	0.729510	0.004100	-0.383401	-0.035880
-0.602898	-0.422983	-1.905181	-0.173882	0.271571	-0.346401	-0.320727	-0.905824	0.600256	0.160779	-0.741556	-0.810784	0.616918	-0.864236	-0.449407	0.327978	0.150119	0.170569	0.296135	1.056317	0.414194	1.431282	0.615466	1.297737	0.391775	0.113498	-0.440613	-2.002219	-0.226960	0.058961	1.054819	1.212985	-0.101886	-1.531676	1.478835	0.322178	0.230930	-1.304278	0.062970	-0.922533	-0.587791	0.136783	0.362873	0.492280	1.087779	0.630380	1.144740	-0.512817	-1.536539	-0.572683	-0.244650	0.183059	-1.165793	-0.496900	-0.058847
0.648259	0.079390	-1.318386	-0.252698	0.582868	-0.168585	0.033492	-0.508175	0.467591	0.481215	-0.228693	0.674469	1.380252	-0.379609	0.376256	1.368316	1.368215	0.827350	-0.210979	0.639286	0.652119	0.203735	0.570770	0.285878	-0.114756	-0.920170	-1.493059	-1.560972	-1.160660	0.305727	-0.240489	0.502269	-0.149435	-1.119644	0.219971	0.206149	-1.066674	-0.733533	-0.281885	-0.896163	-0.889818	0.438051	0.756423	0.735239	0.774002	1.294093	0.619077	0.110064	-0.717969	-0.668121	-0.216500	-0.773987	-0.528099	-0.278053	0.301285
1.673073	-0.147856	-0.577905	-0.225105	-0.071563	-0.289162	0.454746	0.121264	0.798712	0.788530	0.408009	1.477041	2.085805	0.754751	1.257970	2.152798	2.349687	1.354628	-0.550412	0.350893	0.960653	-0.510615	0.925642	-0.450619	-0.339427	-1.531199	-1.318570	-0.527343	-1.538590	0.968746	-0.616451	-0.097444	0.033782	0.118846	-1.144317	0.088223	-1.183741	0.446402	0.399703	0.418421	-0.690036	0.611141	0.795879	-0.064628	0.122486	1.362735	0.013661	0.848864	0.257351	-0.756111	-0.542856	-1.196975	0.465858	-0.038168	0.809886
1.556842	-0.940664	-0.264567	0.234840	-0.682790	-0.160451	0.679200	0.218798	0.799138	0.043635	0.454583	1.263077	1.882584	1.635013	1.085940	1.731052	2.086797	1.038668	-0.366665	0.690714	1.300817	-0.555900	1.220114	-0.543922	-0.511022	-1.657121	-0.136874	0.241422	-1.208229	1.056248	-0.534826	-0.310307	0.823453	1.212140	-2.122084	-0.338686	0.109703	0.324810	1.241147	1.494731	-0.165790	0.369085	0.506224	-1.420880	-0.817048	0.228638	-0.292048	0.930060	0.243149	-0.880724	-1.206833	-1.318221	-0.195875	-0.177185	0.919127
0.244273	-1.299837	-0.393825	0.508580	-0.227811	0.382777	0.668502	-0.042999	0.164788	-1.576231	-0.018386	0.557726	0.588218	1.372023	-0.091445	0.141252	0.916770	-0.383137	0.040813	1.034646	1.209719	-0.630757	0.844766	-0.384631	-0.654465	-1.292300	0.868820	0.193314	-0.369661	0.223003	-0.791518	-0.206955	1.513460	1.521357	-2.555028	-1.101582	1.688918	-1.187237	0.939185	0.927177	0.298449	-0.064709	0.206529	-1.979343	-1.589964	-1.387075	-0.400960	0.295314	-0.796798	-1.070033	-1.863986	-1.732699	-2.237262	-0.579937	0.295634
-1.051955	-0.467563	-0.326583	0.025229	1.187202	0.999852	0.688626	0.175302	-0.664066	-2.498144	-0.220092	0.203563	-0.866643	0.103237	-0.875170	-1.528719	0.157025	-2.026972	0.091598	0.544797	0.476896	-1.209771	-0.329754	-0.671488	-0.549044	-0.431854	0.802425	-0.133267	0.596468	-0.682580	-1.379577	-0.103627	1.438211	1.250944	-2.339396	-1.881460	2.267940	-2.084088	-0.555539	-0.962736	0.504244	-0.232214	0.330106	-0.844826	-1.523902	-2.023233	-0.695304	-0.602721	-1.552259	-1.119734	-1.971252	-2.003956	-3.253158	-0.706953	-0.697692
-1.035456	1.204441	0.412078	-0.794319	2.498728	1.370144	0.874992	1.089036	-1.248038	-1.861618	0.131578	0.330347	-1.418318	-1.073361	-0.280204	-2.132807	0.336220	-2.494755	-0.225381	-0.579588	-0.514718	-1.851922	-1.675764	-1.467510	-0.116926	0.608397	-0.124077	0.148481	1.270594	-0.830459	-1.730792	-0.282194	0.990593	0.877496	-1.499943	-2.196860	1.563993	-0.848060	-1.907178	-2.503364	0.420771	-0.077303	0.928920	1.242546	-0.547186	-1.116624	-1.178168	-1.330313	-0.807911	-0.846124	-1.193479	-1.169729	-1.801155	-0.327687	-1.262473
0.083749	2.593212	1.354840	-1.092248	2.879524	1.585981	0.926900	1.784886	-1.547747	-0.820682	0.291758	0.210609	-0.940314	-1.259595	0.857727	-1.431841	0.582585	-1.319242	-0.148756	-1.183604	-1.212639	-1.799073	-2.251884	-1.948631	0.312111	1.180080	-1.007250	0.900209	1.376262	-0.574639	-1.654625	-0.670698	0.914124	0.436310	-0.461461	-1.758451	0.270711	1.568238	-2.009361	-2.462513	0.141523	0.048072	1.511628	2.487671	0.517727	0.285157	-1.278239	-1.605829	1.080390	-0.464434	0.222097	0.492511	0.661914	0.112629	-1.026723
0.760665	2.908704	1.469558	-0.797622	2.441971	1.862859	0.528480	1.346861	-1.462215	-0.849335	-0.354139	-0.617868	-0.136606	-0.591199	0.900845	-0.150781	0.105221	0.457216	0.899544	-0.569628	-1.423736	-1.035169	-1.621521	-1.345181	0.340203	0.883943	-1.220043	1.007944	0.957484	-0.782010	-1.461846	-0.812122	1.094458	-0.294591	0.183786	-0.752443	-0.733938	2.882233	-1.106947	-1.149356	-0.050003	0.050993	1.558589	1.989540	0.823327	0.731088	-0.549343	-1.255163	2.497012	-0.383528	1.500864	1.316632	1.543056	0.036666	-0.474535
0.047432	2.310042	0.369062	-0.684209	1.744868	2.034522	-0.024943	0.113459	-0.622945	-1.491989	-1.154260	-1.533013	0.307373	0.216729	-0.412055	0.758656	-0.515263	1.328556	2.347167	0.579877	-1.325163	-0.362969	-0.272187	-0.002252	0.035419	0.079868	-0.825939	0.011635	0.399649	-1.394330	-1.304651	-0.353890	0.766282	-1.112866	0.310344	0.254366	-0.961576	2.128643	-0.053086	0.245169	0.124778	0.328495	1.095787	0.706197	0.467454	0.078628	0.557250	-0.412275	2.343607	-0.577759	1.930626	0.323531	0.213308	-0.533044	-0.334714
-1.244273	1.526322	-1.149780	-1.192858	1.027016	1.664468	-0.051039	-0.691379	0.878621	-1.095340	-0.972908	-1.635526	0.188100	0.791162	-1.581864	0.841306	-0.264106	0.824050	2.924046	0.999201	-1.167195	-0.400715	0.776977	0.845399	-0.166836	-0.428029	-0.297262	-0.984944	0.184640	-1.501604	-0.981438	0.384418	-0.284186	-1.369682	0.367738	0.770570	-0.421766	0.516121	0.850736	0.967531	0.539542	1.057338	0.576371	0.156995	0.232871	-0.477019	0.958206	0.333105	1.183121	-0.521520	1.505783	-1.334534	-1.455978	-0.993796	-0.684051
-1.724464	1.130093	-1.947174	-1.772234	0.234151	0.712680	0.549033	-0.422077	2.023880	0.452677	0.101167	-1.076823	-0.354304	1.186436	-1.286015	0.258320	0.590383	-0.226463	2.114225	0.296001	-1.123040	-0.868819	0.818245	0.429854	-0.132187	-0.276629	-0.123000	-0.645776	0.478089	-0.817416	-0.492775	0.591670	-1.360638	-0.740868	0.717648	0.770498	0.466330	-0.223286	1.627918	1.065326	0.710345	1.645682	0.283841	0.538613	0.481065	-0.095776	0.100639	0.359903	0.440624	0.035508	0.902112	-1.726227	-1.501440	-0.827954	-0.945542
-1.237408	1.179478	-1.677599	-1.639526	-0.453257	-0.190513	0.953993	0.365850	1.813810	1.193945	0.677132	-0.910230	-1.030982	1.284224	-0.042784	-0.526359	0.705189	-0.796076	0.747325	-0.748958	-1.263515	-1.055653	0.021185	-0.653439	-0.259542	0.067266	-0.563495	0.738663	0.930324	-0.236264	-0.274321	-0.074438	-1.753531	0.252378	1.149481	0.663527	1.076870	0.304894	1.775884	0.823844	0.416382	1.378620	0.071715	0.672249	0.732420	0.578000	-1.308681	-0.263998	0.676344	0.535221	0.722171	-0.482038	-0.063374	-0.114984	-0.741861
-0.774431	1.289705	-0.839140	-0.781898	-0.602625	-0.358648	0.406224	0.743348	0.566163	-0.161251	-0.112330	-1.586126	-1.443829	0.709643	0.532785	-1.028352	-0.426298	-0.694491	-0.024853	-1.189572	-1.446142	-0.698988	-0.733568	-1.080942	-0.828642	-0.044560	-1.417254	1.548582	1.028271	-0.539192	-0.545959	-0.886795	-1.522104	0.715441	1.257257	0.884690	0.932211	1.150509	0.706775	0.457771	0.051720	0.430528	-0.299249	-0.288415	0.424628	0.386828	-1.915971	-0.698558	1.031886	0.274766	0.878463	1.008712	1.112824	0.579755	-0.387480
-0.819832	0.980924	0.061194	0.137084	-0.108274	0.185919	-0.671020	0.455724	-0.338136	-2.079150	-1.362132	-2.191421	-1.238407	-0.475478	-0.186666	-0.927959	-1.639364	-0.434323	0.016040	-0.825227	-1.304017	-0.133704	-0.657401	-0.277691	-1.374068	-0.517094	-1.944622	0.970973	0.713004	-1.159745	-0.780071	-0.767853	-1.135499	0.336853	1.023377	1.402746	0.042989	1.390226	-0.933622	0.275021	0.138892	-0.273183	-0.735612	-1.685934	-0.248768	-0.623669	-1.082559	-0.246190	0.493495	-0.488472	0.854558	1.482779	0.923079	0.788140	-0.346891
-0.709284	0.168497	0.923807	0.611063	0.569865	0.809915	-1.005837	-0.034041	-0.093965	-1.893282	-1.464955	-1.542468	-0.413009	-1.428720	-1.110052	-0.277275	-1.566038	-0.363579	0.250576	-0.070238	-0.625983	0.256656	0.147883	0.925100	-1.105982	-0.513485	-1.337295	-0.028850	0.461842	-0.941260	-0.316045	0.368182	-0.669511	-0.317872	0.718260	1.582405	-1.045952	0.995592	-1.456457	0.503496	0.673407	-0.218043	-0.854796	-2.135999	-0.536834	-1.169542	0.459479	0.690670	-0.697496	-0.635039	0.446890	1.002401	0.039753	0.579281	-0.463395
0.113912	-0.669297	1.655733	0.685950	0.911151	1.046776	-0.043978	-0.329421	0.629311	0.693735	-0.144083	0.261457	0.593045	-1.308033	-0.890901	0.482486	-0.405176	-0.224686	0.270871	0.694626	0.234831	0.444774	0.720602	1.248869	0.047831	0.490183	0.402950	-0.202926	0.595070	0.143418	0.653687	1.371660	0.117499	-0.559901	0.450536	0.764904	-1.632448	0.423414	-0.195353	0.819555	1.184407	0.109129	-0.488493	-1.154780	-0.094939	-0.482694	1.400593	0.933440	-1.352842	0.399519	0.022066	0.319087	-0.248570	0.319308	-0.117976
1.014157	-1.031940	1.879439	0.672371	0.793124	0.913967	1.206032	-0.579188	0.675753	3.016418	1.173407	1.844036	1.240568	-0.307002	0.355808	0.891788	0.376256	0.397413	0.234152	1.307855	0.651801	0.655622	0.249730	0.478262	1.156617	1.846567	2.090466	0.296612	0.703685	0.915716	1.299429	1.183232	0.920490	-0.411712	0.245913	-0.803585	-1.445033	-0.100503	1.363501	0.588655	1.282600	-0.033127	-0.032563	0.331829	0.558094	0.613081	1.227383	-0.006609	-0.912316	1.777891	0.056538	-0.023463	0.315046	0.121424	0.792421
0.999258	-1.045239	1.390740	0.818399	0.301167	0.489746	1.304964	-1.051077	-0.081306	2.765500	1.115754	2.103655	1.327727	0.480938	1.257584	0.879553	-0.041263	1.390057	0.218110	1.552340	0.526584	1.051363	-0.933186	-0.311429	1.200037	2.275133	2.257929	0.414791	0.113401	0.739361	1.347105	0.113050	0.797974	-0.412889	0.393234	-1.864298	-0.898656	-0.568571	1.324591	-0.185130	0.925125	-0.613257	-0.062363	1.042696	0.719712	0.879314	0.601490	-1.151625	-0.142660	2.247516	0.587798	0.253740	0.968735	-0.123086	1.429592
0.202669	-1.205421	0.671896	1.220866	-0.505653	-0.246811	0.213189	-1.510707	-0.677898	0.867478	-0.007410	1.325001	1.052382	0.332193	0.968629	0.721739	-0.854866	2.090546	-0.041841	1.205140	0.425497	1.519937	-1.623526	-0.138760	0.131437	1.353566	0.717192	-0.095049	-1.068650	0.391722	1.372354	-0.580383	-0.533373	-0.721465	1.108903	-1.397875	-0.659309	-0.776770	-0.146953	-0.626504	0.341714	-0.878258	-0.545444	0.602135	0.417569	0.401363	0.379733	-1.190260	-0.076007	1.647310	1.134523	1.158158	1.183870	-0.242667	0.980730
-0.279362	-1.481236	0.498859	1.698717	-1.293022	-0.924370	-0.598457	-1.425574	-0.423316	-0.015085	-0.757822	0.556706	0.690488	-0.305749	0.150366	0.649101	-0.818717	1.953248	-0.490654	0.489332	0.670111	1.674916	-1.158686	0.646616	-1.063562	0.161115	-1.023280	-0.344515	-1.734430	0.666333	1.687515	-0.258991	-1.812056	-0.843650	1.863980	0.058821	-0.939380	-0.425071	-1.058893	-0.102834	-0.019120	-0.369582	-0.736564	-0.349073	0.283064	0.328962	0.601580	-0.184454	-0.685777	0.914255	1.095627	2.070648	1.172804	0.138580	-0.089287
0.033143	-1.213129	0.968553	1.715943	-1.330836	-0.752423	-0.080068	-0.771833	0.227628	0.771523	-0.457381	0.276883	0.335679	-0.519563	-0.106191	0.620909	0.062606	1.089073	-0.472392	0.070168	0.695680	1.152227	-0.266164	0.877668	-1.315318	0.076589	-1.311345	0.240902	-0.952906	0.929046	1.628970	0.410093	-1.535901	-0.384857	1.740576	0.855080	-1.336915	0.328531	-0.292412	0.767767	0.305718	0.447504	-0.117023	-0.999064	0.552843	1.028800	0.672955	0.487921	-1.070094	0.729781	0.313572	2.011658	1.183309	0.880673	-0.368046
0.391616	-0.181600	1.261962	0.847646	-0.318993	0.418830	0.923852	-0.188708	0.425283	1.225577	0.130848	0.125133	-0.005296	-0.140311	0.193944	0.496897	0.560444	0.127715	0.347392	0.318044	-0.142531	0.114037	-0.079791	0.120155	-0.466539	1.034922	-0.196304	0.886236	0.695194	0.048147	0.539109	0.448041	-0.039740	0.310194	0.716840	0.167586	-1.341553	0.784241	0.943191	0.789365	1.203941	0.744020	0.774485	-0.989886	0.654594	1.464571	0.288733	-0.015911	-0.804792	0.742972	-0.666571	0.753314	0.998773	1.239253	0.684919
0.063172	0.709521	0.616472	-0.466315	0.800071	1.360076	0.735460	-0.102370	0.115543	-0.078676	0.085141	-0.189289	-0.208119	0.195177	0.175627	0.320511	-0.117631	-0.316076	1.154135	0.784660	-1.283956	-0.592351	-0.524255	-0.787279	0.607047	1.481835	0.757696	0.427704	1.429619	-1.537590	-0.897848	-0.181746	0.734600	0.595813	-0.014232	-0.994493	-0.804552	0.388537	0.848761	-0.205932	1.685312	0.320822	0.860758	-0.378335	0.023813	0.755712	-0.226250	-0.888203	-0.532963	0.318933	-1.026771	-0.647069	0.460071	0.822719	1.812863
-0.505823	0.363219	-0.635979	-1.021546	0.607883	0.581019	-0.896581	-0.084705	-0.059919	-1.764679	-0.390550	-0.312210	-0.116381	0.087574	-0.376292	0.300540	-1.268975	-0.051401	0.746418	0.692547	-1.232236	-0.136805	-0.421080	-0.826535	0.847367	0.295747	0.463554	-0.987747	0.208347	-1.832980	-1.081413	-0.679403	-0.222215	0.386680	0.499454	-1.124558	0.093310	-0.613502	-0.572868	-1.049301	0.716555	-0.268373	-0.134032	0.500342	-1.017650	-0.471139	-0.464659	-0.848600	-0.974374	-0.419594	-0.514347	-0.857519	-0.008781	0.158777	1.388938
-0.377674	-1.055664	-1.298218	-0.119082	-0.974161	-1.692017	-2.386641	0.487555	0.092382	-1.659470	-0.428223	0.143292	0.163724	-0.078883	-0.598345	0.463282	-1.635550	0.593122	-0.869543	-0.122111	0.545332	1.248459	0.666917	-0.020553	0.044907	-1.679205	-0.472753	-1.880799	-1.956873	0.182682	0.531577	-0.543618	-1.617532	0.189293	1.589991	-0.131017	1.055686	-1.364238	-1.710424	-0.753511	-1.432548	-0.562819	-1.276733	1.035200	-1.605644	-0.996161	-0.437605	0.088339	-1.773138	-0.783103	0.270184	0.260960	0.097242	-0.100858	-0.568119
0.420158	-2.104495	-0.626881	1.440853	-2.261174	-3.325649	-2.274808	1.384794	-0.041746	0.029494	0.176417	0.786651	0.245462	0.149673	0.101240	0.457796	-1.009135	0.983629	-2.208089	-1.001270	2.536771	2.224273	1.573278	0.743428	-0.934575	-2.545152	-0.736308	-1.256212	-3.012680	2.814582	2.426140	-0.088099	-1.555472	0.368022	1.688789	0.759486	1.697801	-1.213126	-1.500382	0.225417	-3.093659	-0.742348	-1.521881	0.700510	-1.385826	-0.740097	-0.346689	0.770319	-1.775777	-0.557619	0.611538	1.503551	0.578275	-0.062098	-2.423784
0.879761	-1.608549	0.760707	2.074630	-1.701765	-2.546451	-0.886236	1.699507	-0.813046	1.001882	0.710684	0.738409	-0.113109	0.476031	1.008837	-0.048706	-0.313403	0.673404	-1.914436	-1.225219	2.670322	1.698005	1.144258	0.909072	-1.012857	-1.611097	0.006767	0.174345	-2.020108	3.322136	2.555566	0.232584	0.081029	0.757803	0.340614	0.856046	1.592793	-0.292394	-0.442108	0.752086	-2.830466	-1.075914	-0.879960	-0.290048	-0.779573	-0.648527	-0.120108	0.656180	-0.384503	-0.288455	0.542305	1.658789	0.761595	-0.143649	-2.814339
0.430623	0.058007	1.487263	1.152272	0.185436	-0.045272	0.341642	1.046968	-1.429420	0.108467	0.537491	-0.285058	-0.640487	0.239708	0.954916	-0.766652	-0.220195	-0.138312	-0.312582	-0.747992	0.725361	0.099670	0.070611	0.841686	-0.058275	-0.098182	0.870250	0.958877	0.049336	1.115401	0.697409	0.497451	1.645924	0.972170	-1.157108	0.890735	0.607352	0.664118	0.453705	0.632696	-0.985245	-1.209475	-0.209013	-1.025689	-0.257988	-1.008337	0.479890	0.530380	1.622654	-0.432265	0.604389	0.725067	0.416517	-0.211334	-1.844545
-0.284701	1.396100	0.910867	-0.330247	1.388974	1.761788	0.615901	0.069329	-0.815036	-1.157527	-0.138426	-1.511959	-0.809779	-0.496143	-0.176088	-0.921644	-0.364536	-0.754022	1.029835	-0.082007	-1.384441	-1.071005	0.069139	1.097600	0.923803	0.492595	0.990696	0.640933	1.515674	-1.589507	-1.312264	0.954492	1.813460	0.783343	-1.384155	1.669796	-0.756500	0.966672	0.836909	0.672691	0.726711	-0.560992	-0.068705	-0.920520	0.146407	-0.920941	1.298306	1.159640	2.692943	-0.691957	0.813191	-0.342259	-0.054096	0.137380	-0.416126
-0.315753	1.375250	-0.237786	-0.987609	0.765831	1.435828	0.307809	-0.382487	0.792016	-0.939659	-0.587581	-1.875679	-0.517776	-0.833984	-1.296387	-0.250266	-0.077815	-0.789379	1.077693	0.263911	-1.820153	-0.990033	1.380154	1.450952	0.921958	0.060548	0.482725	0.021731	1.591044	-2.409055	-1.769411	1.307468	0.926670	0.254347	-0.561444	2.539432	-1.528630	0.488201	0.921514	1.160093	1.048455	0.677567	-0.160305	-0.405391	0.495239	0.222292	1.651157	1.945584	1.975734	-0.497031	0.430335	-0.837899	-0.305939	0.705900	0.839568
0.324896	0.435846	-0.881085	-0.690440	-0.797886	-0.146799	0.070478	-0.160214	1.827210	0.395094	-0.379474	-1.124548	-0.291919	-0.257218	-1.383627	0.419179	0.687848	-0.696383	0.216052	0.027939	-0.744999	-0.402583	2.243556	1.103641	0.121756	-0.406443	0.032485	-0.074877	0.809558	-1.262690	-0.919719	0.945157	0.181253	-0.252486	-0.141601	2.098256	-1.012306	-0.272508	0.881614	1.240121	0.276059	1.525909	0.107876	-0.212575	0.616039	1.567465	0.980247	1.665218	0.254738	0.069624	-0.928542	-0.911909	-0.449770	0.825151	1.596746
0.714651	-0.150763	-0.947232	-0.568200	-1.629923	-1.198227	0.093374	0.250899	1.226023	1.038929	0.213885	-0.069774	-0.618681	0.537335	-0.554783	0.027479	1.466173	-1.139358	-0.567157	-0.777477	0.242552	-0.541368	1.312788	-0.136140	-0.324984	-0.311775	-0.067776	0.274609	0.227600	0.141843	-0.249342	-0.097348	0.085661	-0.330311	-0.842384	0.298737	0.475907	-0.624203	0.727689	0.272439	-0.430752	1.343460	0.808915	-0.277374	0.432733	1.766575	-0.420861	0.314611	-0.780819	0.215978	-2.424106	-1.025464	-0.677317	0.254378	1.513151
0.269146	0.219636	-1.241412	-1.370604	-1.119145	-1.081867	0.180510	0.388233	-0.258706	0.433114	0.571772	0.303583	-1.232549	0.533269	0.198839	-1.345823	1.881984	-1.967931	-0.851726	-1.711123	0.166139	-1.496670	-0.383794	-1.383743	0.278600	-0.027561	-0.130150	0.478841	0.360112	0.553875	-0.481133	-0.948204	0.211536	-0.031617	-1.778504	-1.172032	1.698930	-0.340127	0.474800	-0.947280	-0.445158	0.534400	1.404797	0.040268	0.264648	0.727704	-1.569138	-0.671999	-0.346595	-0.544273	-2.806768	-1.234887	-0.902519	-0.558365	0.615393
-0.461189	0.888524	-2.073378	-2.365113	-0.087582	-0.590653	0.069885	0.205319	-0.957445	-0.185728	0.445124	-0.091855	-1.415307	-0.171192	0.203414	-2.428623	1.817452	-2.319777	-0.907214	-2.040525	-0.387748	-2.164049	-0.799506	-1.677555	1.338295	-0.139927	-0.435969	0.294087	0.792574	0.228201	-0.948697	-0.939636	0.134796	0.072419	-1.746877	-0.992951	1.644412	0.107108	0.160577	-1.129856	-0.161517	-0.059872	1.359252	0.783256	0.388640	-0.291261	-1.771236	-0.309839	0.638081	-1.565744	-1.930343	-1.265342	-0.969512	-1.044982	-0.299596
-0.481720	0.879744	-2.580248	-2.250858	0.340181	-0.584048	-0.356729	-0.003404	-0.200596	0.143553	0.214914	-0.436619	-0.954501	-0.489466	-0.135394	-2.157178	1.279620	-1.747738	-0.978580	-1.430365	-0.334373	-1.717767	0.377926	-1.067825	1.692387	-0.625524	-0.750895	-0.008352	0.728104	0.050971	-0.821808	-0.431322	-0.043547	-0.402944	-0.813358	0.141174	0.656564	0.086981	-0.175602	-0.244196	-0.245796	-0.118331	0.710177	1.184287	0.520107	-0.289612	-1.246625	0.583694	0.820910	-1.657724	-0.867634	-1.040850	-0.973024	-1.014484	-0.386710
0.363042	0.082458	-1.692840	-0.814584	-0.081315	-0.934939	-0.826266	0.067379	1.072110	0.793010	0.301738	-0.079513	-0.380382	0.102537	0.112075	-0.777126	0.489203	-0.679623	-0.898231	-0.344449	0.468470	-0.545979	1.447370	-0.290305	0.906135	-0.907342	-0.624755	-0.155173	-0.112866	0.356454	-0.201514	-0.185408	-0.087296	-1.076013	-0.137825	0.659297	0.087735	-0.473613	-0.418817	0.540890	-0.732156	0.040926	0.006851	0.751080	0.200450	0.380545	-0.620157	0.572544	0.130844	-0.535019	-0.498776	-0.760505	-1.103242	-0.681100	0.164547
1.184822	-0.806693	0.436117	0.852174	-0.651184	-0.923842	-0.694653	0.389972	1.493508	0.779011	0.503732	0.684697	-0.144791	0.799696	1.125063	0.558163	-0.041475	0.297392	-0.523997	0.464900	1.200367	0.431267	1.068953	0.306727	-0.359171	-0.522835	-0.021511	-0.183072	-1.155535	0.802030	0.292022	-0.222970	0.045311	-1.199194	-0.448062	0.272577	0.626675	-1.049390	-0.399260	0.505580	-1.062366	0.026554	-0.286030	-0.072380	-0.367760	0.729321	-0.072556	-0.341530	-0.290633	0.747687	-0.546213	-0.483822	-1.201888	-0.394575	0.371625
1.152385	-1.246236	2.276271	1.647257	-0.657090	-0.312791	0.336825	0.548285	0.682574	0.320800	0.295004	1.095201	-0.016655	0.556966	1.893777	0.962242	0.069669	0.961580	-0.227678	0.655460	1.213215	0.829368	-0.164761	0.873381	-1.113717	0.352268	0.575775	-0.169462	-1.529598	0.991137	0.469427	0.086096	0.331875	-0.530238	-1.199306	0.005621	1.350967	-1.100370	-0.064413	0.107244	-0.861640	-0.242985	-0.249284	-0.594944	-0.426006	0.431603	0.595082	-0.768161	0.244877	1.059004	-0.242920	-0.025722	-0.780101	-0.261829	-0.160261
0.419245	-1.262827	2.354141	1.449584	-0.158817	0.352231	1.509840	0.136752	-0.569733	0.322134	-0.251543	0.897988	0.403457	-0.475106	1.307814	0.447167	0.528539	1.124075	-0.476626	0.354985	0.688133	0.828223	-0.848478	1.225595	-0.941241	0.997187	0.741751	0.022808	-0.919489	0.822413	0.575614	0.814015	0.683107	0.420361	-1.337319	0.312124	0.868099	-0.539540	0.427412	-0.025674	-0.317744	-0.599729	-0.274652	-0.715912	0.224814	-0.042947	1.193208	0.003734	0.977881	0.499100	0.460245	0.579210	0.284765	-0.023798	-0.661236
-0.226551	-0.978845	0.804576	0.802090	0.276172	0.512382	1.557563	-0.719737	-1.237337	0.839555	-0.336780	0.534261	0.941147	-1.089173	-0.416626	-0.306784	0.591156	0.517663	-0.961951	-0.135368	0.162057	0.551592	-0.613759	0.703042	-0.168194	0.805703	0.604904	0.449352	0.168666	0.358518	0.623639	1.049322	0.781941	0.943877	-0.538197	0.303386	-0.828385	0.307673	0.800306	-0.027262	0.252317	-0.793859	-0.418802	-0.711842	0.749160	-0.312070	1.055160	0.937692	0.690401	0.041172	0.801401	0.826460	1.288274	0.526763	-0.256321
-0.334714	-0.336944	-0.749371	0.141765	0.390775	0.302744	0.229409	-1.360736	-0.987451	1.045334	0.493515	0.498913	1.089583	-0.536241	-1.758067	-0.582831	-0.000618	-0.572476	-0.779908	-0.466968	-0.124505	-0.015338	-0.252630	-0.796913	0.597622	-0.066537	0.572519	0.750081	0.921999	-0.227271	0.352763	0.097706	0.372636	0.751637	0.535002	-0.783849	-2.217262	0.995996	0.821810	-0.332459	0.799761	-0.643625	-0.297179	-0.584367	0.358205	-0.492755	-0.029848	0.686992	-0.624342	0.182408	0.283442	0.301511	1.352161	1.070776	0.807030
-0.117040	0.440326	-0.978321	-0.344450	0.413870	0.219036	-1.153215	-1.264603	-0.294200	0.611517	1.506037	0.807843	0.800741	0.537773	-1.503092	-0.220137	-0.604037	-1.157461	0.201874	-0.360113	-0.191373	-0.584747	-0.428271	-2.186278	0.907446	-0.764181	0.681192	0.539013	0.907003	-0.544094	-0.146169	-1.319479	-0.258571	0.101855	0.999925	-2.205690	-2.016537	1.163205	0.454066	-0.825791	1.241760	-0.249283	0.216463	-0.134354	-0.505947	-0.703833	-1.224129	-0.572227	-1.623843	0.525855	-0.540121	-0.608451	0.501315	1.006921	1.425306
0.042533	0.635263	-0.185898	-0.439178	0.474515	0.313486	-1.111565	-0.654042	0.146956	0.212849	1.511194	1.103478	0.534876	0.910956	-0.081621	0.267210	-0.481072	-0.582937	0.815805	0.114175	-0.004107	-0.599202	-0.907346	-2.179132	0.604863	-0.568744	0.558562	0.035695	0.281464	-0.238020	-0.327809	-1.722757	-0.522088	-0.475435	0.573925	-2.513708	-0.591174	0.665399	-0.069279	-0.986746	1.144640	-0.009976	0.561830	0.466606	-0.694961	-0.686743	-1.430323	-1.432652	-1.244476	0.595583	-0.647710	-0.943439	-0.316978	0.239499	0.992541
0.058482	-0.141815	0.432430	0.028105	0.332553	0.176889	0.190048	-0.179718	0.065090	0.392054	0.380614	1.082153	0.552565	0.293641	0.997813	0.334959	0.161102	0.612094	0.127280	0.526118	0.420514	0.101994	-1.027550	-0.783713	-0.128823	0.283877	0.083794	-0.190655	-0.491009	0.476189	0.087220	-0.692678	-0.291973	-0.557259	-0.186270	-1.373778	0.629186	-0.236367	-0.401241	-0.644869	0.254522	-0.186838	0.186171	0.713865	0.029772	-0.228048	-0.533937	-1.071370	-0.011580	0.447287	0.181362	-0.255835	-0.337101	-0.537116	0.036537
0.076343	-1.158685	0.448243	0.812295	-0.130848	-0.301687	1.063833	-0.058223	-0.231441	0.651459	-0.688357	0.735294	0.604500	-0.394544	0.861150	0.160541	0.335619	1.342159	-1.012660	0.571084	0.761779	0.977945	-0.496339	0.680120	-0.781904	0.754967	-0.280363	-0.088741	-1.014326	0.861792	0.683929	0.585658	-0.032110	-0.111744	-0.322738	0.093370	0.754222	-0.896943	-0.407540	-0.130533	-0.814079	-0.511245	-0.584363	0.451382	0.583917	0.328258	0.523582	-0.070180	0.629722	0.329099	1.047884	0.794591	0.261232	-0.534477	-0.554052
0.162518	-1.282421	0.414138	1.321566	-0.567934	-0.666233	0.358912	0.058865	-0.295454	0.225267	-0.636202	0.275369	0.407362	-0.281270	0.004886	0.342686	-0.444223	1.210295	-0.991471	0.395332	0.649118	1.352660	0.353558	1.075933	-0.864728	0.175650	-0.083584	-0.151915	-1.129750	0.479813	0.877511	0.819321	-0.100508	0.488342	0.555585	0.713031	0.110815	-0.819921	-0.261671	0.210253	-1.083058	-0.508402	-0.907282	0.088715	0.035858	0.412527	0.871906	0.547282	0.058260	0.238180	1.036815	1.197817	0.771539	0.239684	-0.515759
0.209511	-0.466761	0.609856	1.185499	-0.582493	-0.545511	-1.039118	0.314471	-0.092632	-0.655267	0.150285	-0.062217	0.082036	0.349426	-0.586305	0.832778	-1.397087	0.676199	0.195342	0.279233	0.172309	1.079658	0.863764	0.553012	-0.428005	-0.810172	0.407591	-0.495811	-0.882969	-0.242099	0.589164	0.134766	-0.310501	0.767614	1.603146	0.427307	-0.442593	-0.240933	-0.180910	0.277119	-0.465090	-0.157825	-0.554683	0.000984	-1.016011	0.019058	0.548783	0.467604	-0.867667	0.092971	0.337986	0.771160	0.784016	0.940838	-0.213579
0.093408	0.225572	0.533534	0.546320	-0.193355	-0.115751	-1.267071	0.322175	0.019292	-0.980331	0.425745	-0.163453	-0.047336	0.525232	-0.505280	0.835019	-1.307929	0.264192	0.889867	0.245757	-0.190639	0.488753	0.566579	0.024826	0.001103	-0.888319	0.482926	-0.581662	-0.409522	-0.512730	0.171532	-0.341343	-0.286559	0.507526	1.469606	-0.052693	-0.428871	0.116477	-0.199679	0.084761	0.149596	0.103996	-0.103523	0.098751	-1.132993	-0.272467	0.150346	0.068154	-0.910455	-0.000049	-0.097772	0.187408	0.395711	0.743415	-0.008150
-0.169372	0.221734	-0.108125	-0.271030	0.346484	0.315977	0.114094	-0.121353	-0.138638	-0.415601	-0.223229	-0.084177	0.090826	-0.060041	0.010541	0.038932	-0.023756	0.061583	0.300821	0.189363	-0.225773	-0.129749	-0.405831	-0.081865	0.135535	0.241850	-0.055360	-0.132941	0.160249	-0.149098	-0.144286	-0.115317	0.030679	-0.138031	-0.049080	-0.308289	0.027052	-0.030103	-0.248239	-0.290020	0.232962	0.057194	0.040070	0.167471	0.036073	-0.161240	-0.018425	-0.311338	0.101261	0.050460	0.112484	-0.099238	-0.143909	-0.321028	0.056556
