X1	X2	X3	X4	X5	X6	X7	X8	X9	X10	X11	X12	X13	X14	X15	X16	X17	X18	X19	X20	X21	X22	X23	X24	X25	X26	X27	X28	X29	X30	X31	X32	X33	X34	X35	X36	X37	X38	X39	X40	X41	X42	X43	X44	X45	X46	X47	X48	X49	X50	X51	X52	X53	X54	X55
-0.039076	-0.016414	0.015354	-0.050027	-0.012445	-0.020165	-0.045521	0.045871	-0.080533	-0.053985	-0.054228	-0.059797	-0.048258	0.233034	0.040459	-0.174592	-0.065175	0.082208	-0.023371	0.002877	-0.021196	0.016629	-0.094461	0.038936	-0.010732	0.061152	0.060724	0.049586	0.031989	-0.006923	0.063331	0.063782	0.132097	0.162846	0.017487	-0.011156	0.118433	0.016610	-0.214315	-0.135706	0.068097	-0.032072	0.042753	-0.040728	-0.037667	0.029816	0.062870	-0.021473	-0.154942	-0.030040	-0.002469	-0.010891	0.104943	0.149389	0.117040
0.015976	-0.012760	-0.188219	-0.295786	-0.063834	-0.180195	-0.721544	-0.372453	-0.346269	-0.272429	-0.498404	0.033333	0.569980	-0.303966	0.549006	0.511399	-0.436075	0.528939	0.281553	0.128582	0.241159	0.492129	-0.237189	-0.183722	-0.482536	-0.748056	-0.433666	-0.276372	-0.354533	-0.392292	-0.059641	-0.393693	-0.216967	-0.017095	1.131610	-0.663314	-0.795803	0.655762	0.578630	-0.591615	0.389768	-0.309527	0.212315	0.307024	-0.312134	-0.252842	-0.069809	-0.381369	-0.380207	-0.314482	-0.152300	0.191355	0.746208	0.633212	-0.128010
0.167788	0.050890	-0.251899	-0.335967	-0.122508	-0.135340	-0.652074	-0.472658	-0.438171	-0.426378	-0.626759	-0.081726	0.549875	-0.507443	0.202207	0.678804	-0.372136	0.564103	0.373222	0.068371	0.151712	0.708188	-0.066556	-0.087999	-0.242304	-0.716349	-0.378714	-0.200807	-0.174449	-0.363937	0.241920	-0.189328	-0.071338	-0.008103	1.041890	-0.434258	-0.399545	0.645318	0.561302	-0.263233	0.411310	-0.210115	0.254227	0.119846	-0.269804	-0.166550	0.065830	-0.015356	-0.239823	-0.410954	-0.277773	0.354344	0.839925	0.725181	-0.367900
0.305663	0.248358	-0.060395	-0.173651	-0.130312	0.053774	0.110469	-0.051700	-0.259232	-0.407663	-0.291809	-0.279895	-0.003048	-0.077091	-0.497948	0.300490	0.104752	0.276472	0.250273	-0.070402	-0.191641	0.534466	0.204026	0.233016	0.446030	0.115967	0.210419	0.229224	0.346812	0.010974	0.682288	0.373162	0.544287	0.234630	-0.048190	0.367347	0.749453	0.134326	-0.145826	0.473475	0.230698	0.184188	0.239883	-0.188112	0.066572	0.176718	0.299067	0.697589	0.232993	-0.198196	-0.121313	0.544914	0.384830	0.424567	-0.365103
0.281509	0.428666	0.224478	-0.018498	-0.110059	0.031521	0.782419	0.560112	0.045126	-0.225759	0.250833	-0.293499	-0.424974	0.709924	-0.441438	-0.195743	0.563324	-0.050937	0.019453	-0.169191	-0.418398	0.013802	0.127074	0.436529	0.728349	0.862802	0.803464	0.532064	0.477316	0.271617	0.593878	0.544486	1.038521	0.411678	-0.913296	0.744946	1.134737	-0.312795	-0.745782	0.588206	-0.009898	0.424468	0.258639	-0.035880	0.333140	0.333098	0.305932	0.814329	0.535194	0.158462	0.331417	0.690607	-0.218137	0.002326	0.064991
0.162391	0.250696	0.153448	-0.065092	-0.231392	-0.455813	0.738365	0.570214	0.124386	-0.101308	0.439393	-0.128717	-0.334796	0.975926	0.429900	-0.381217	0.665108	-0.408622	-0.259242	-0.372625	-0.404538	-0.638758	-0.288640	0.417677	0.323476	0.776283	0.973444	0.306646	-0.039783	0.135175	-0.077404	0.286278	0.839224	0.106791	-0.872013	0.433360	0.487118	-0.565859	-0.799751	-0.144270	-0.463005	0.239091	0.199666	0.193108	0.224058	0.096495	0.164580	0.184029	0.180815	0.237760	0.538236	0.521640	-0.684954	-0.358815	0.655049
0.120820	-0.255239	-0.436184	-0.269785	-0.544671	-1.082936	0.213874	-0.261255	-0.149299	-0.198794	0.061582	-0.058248	-0.062671	0.362253	1.062807	-0.205359	0.517563	-0.841038	-0.498742	-0.745861	-0.383594	-1.101183	-0.523395	0.397707	-0.133665	0.110760	0.873472	-0.251985	-0.631648	-0.177729	-0.561084	0.233528	0.109209	-0.583841	-0.483012	0.153792	-0.016355	-0.884606	-0.668549	-0.822419	-1.120446	-0.131397	-0.058714	-0.226474	-0.128266	-0.268506	0.236947	-0.387669	-0.587947	-0.112877	0.124951	0.036547	-1.005723	-0.649114	0.916966
0.144932	-0.517099	-0.987935	-0.372452	-0.785100	-1.173426	-0.050521	-1.005227	-0.399667	-0.341920	-0.298971	-0.197269	-0.187627	-0.275081	0.769669	-0.021272	0.439688	-1.096583	-0.564103	-0.961971	-0.539408	-1.180498	-0.268326	0.500790	0.049416	-0.235589	0.956900	-0.498798	-0.661116	-0.304822	-0.316889	0.570904	-0.335453	-1.002020	-0.668446	0.421641	0.374978	-1.253897	-0.882324	-0.702517	-1.457793	-0.261122	-0.383031	-0.985632	-0.320893	-0.415820	0.503286	-0.328960	-0.843184	-0.439602	-0.392569	-0.306405	-1.214212	-0.893131	0.778846
0.046523	-0.234969	-0.777892	-0.164073	-0.663344	-0.584518	0.217410	-0.621449	-0.179447	-0.212398	0.099747	-0.289038	-0.772573	0.024142	0.001626	-0.257932	0.487395	-0.966864	-0.496148	-0.732337	-0.688850	-1.032570	0.083250	0.486397	0.720181	0.075211	1.242520	-0.141013	-0.280200	-0.244226	0.106448	0.647222	-0.042312	-0.762441	-1.540429	0.758233	0.978262	-1.343468	-1.340485	-0.217485	-1.126232	-0.129917	-0.574345	-1.059703	-0.232249	-0.363581	0.425353	-0.032893	-0.093767	-0.224088	-0.261282	-0.229013	-1.275241	-1.094278	0.616704
-0.225989	0.030865	0.146274	0.290025	-0.224108	0.026760	0.541164	0.595625	0.420040	0.231163	1.114613	0.007435	-1.165505	0.900501	-0.423093	-0.914019	0.429908	-0.672800	-0.515469	-0.272758	-0.452115	-0.938158	-0.040285	0.057981	1.043387	0.406758	1.149992	0.318293	-0.154233	-0.237197	-0.188215	-0.054520	0.431785	-0.268119	-2.275526	0.426211	0.823371	-1.031453	-1.361278	-0.238321	-0.606052	-0.131727	-0.673943	-0.263272	-0.149947	-0.364268	-0.327061	-0.141948	0.871130	0.345321	0.350660	-0.136497	-1.170174	-1.197882	0.561523
-0.389181	-0.289046	0.993882	0.729151	0.313177	0.151518	0.476605	1.369147	0.936350	0.745450	1.816445	0.725165	-0.643307	1.157383	-0.226532	-1.345948	0.190173	-0.434887	-0.603578	0.069964	0.322146	-0.797227	-0.500050	-0.668667	0.557660	0.160586	0.316225	0.284602	-0.388791	-0.241395	-1.042235	-1.061782	0.332118	-0.089240	-1.978417	-0.471609	-0.001997	-0.454285	-0.514869	-0.699145	-0.453025	-0.417253	-0.764022	0.550046	-0.237101	-0.422541	-1.272191	-0.575920	0.847634	0.599791	0.592362	-0.501324	-0.873213	-0.989759	0.247978
-0.037769	-0.673019	1.219054	0.960347	0.875346	0.187885	0.272005	1.123618	1.183528	1.109106	1.674571	1.514596	0.664289	0.442043	0.355802	-0.833877	0.030594	-0.032920	-0.399360	0.341256	1.275876	-0.212570	-0.532209	-1.146911	-0.117154	-0.271436	-0.641494	0.039201	-0.244839	0.117103	-1.287223	-1.398160	-0.113271	-0.193247	-0.577354	-1.056915	-0.653086	0.334466	0.753122	-0.662481	-0.258127	-0.550497	-0.638854	0.834736	-0.185351	-0.242757	-1.518203	-0.707750	-0.132429	0.384684	0.264890	-0.981065	-0.292842	-0.256045	-0.459729
0.826343	-0.135805	1.046756	0.967943	1.363179	0.699893	0.403610	0.521997	1.276947	1.193215	1.083747	1.842305	1.608315	-0.400026	0.927290	0.430719	0.137702	0.620107	0.161943	0.653437	1.660466	0.686037	0.141869	-0.887501	0.040698	-0.110223	-0.695408	0.394423	0.754501	0.913989	-0.363852	-0.710993	-0.062285	-0.177255	0.998794	-0.700838	-0.696133	1.191488	1.485578	0.267087	0.697299	-0.114764	-0.113265	0.874825	0.307941	0.257848	-0.733381	-0.291413	-0.720944	0.286871	0.096034	-0.752545	0.499442	0.736554	-0.977029
1.486496	1.118995	0.910828	0.809623	1.390759	1.336214	0.731074	0.278752	1.120463	0.894723	0.563725	1.308549	1.110316	-0.640515	0.972946	1.196475	0.234083	0.890226	0.446164	0.700948	0.968933	0.988660	0.759264	0.017241	0.979010	0.532514	0.145621	1.320223	1.827444	1.535534	0.761877	0.380888	0.436596	0.020698	1.536973	0.318902	-0.487792	1.501318	1.218779	1.287152	1.947145	0.568392	0.442562	0.827104	0.943623	0.679509	0.460651	0.218449	-0.060614	0.680694	0.489562	0.253142	1.016030	1.191752	-0.765952
1.068904	1.683679	0.830975	0.560528	0.750788	1.308788	0.660294	0.259689	0.501563	0.370921	0.057858	0.069560	-0.473857	-0.534243	0.121270	0.478298	-0.074338	0.247206	-0.085529	0.264284	-0.325925	0.178130	0.510662	0.876252	1.300280	0.742865	0.529688	1.668212	1.708518	1.315098	0.828531	1.002438	0.276343	0.088739	0.705169	1.165147	-0.607990	0.711705	0.485394	1.467814	2.177027	0.783337	0.432060	0.312084	1.120874	0.646070	1.123689	0.292364	0.965625	1.082169	0.798162	1.008210	0.707038	0.645650	-0.254705
-0.311448	0.898017	0.614246	0.368018	0.059212	0.755996	0.139492	0.061668	-0.221904	0.187319	-0.600850	-0.974073	-1.448030	-0.662794	-1.136700	-0.993269	-0.590950	-0.589076	-0.842480	-0.078002	-0.942325	-0.784259	-0.195166	0.997546	0.018879	0.244150	-0.570218	0.727152	0.422635	0.520592	-0.004053	0.863453	-0.956674	-0.133249	-0.435982	1.237076	-1.237262	-0.631288	0.214798	1.000220	1.211769	0.447308	-0.023594	-0.604295	0.776640	0.396510	0.936370	-0.001881	0.860052	0.869456	0.351901	0.588201	-0.288306	-0.264991	-0.315981
-1.308674	-0.105280	0.302123	0.359655	0.241526	0.657745	-0.085186	-0.211945	-0.230555	0.709009	-1.068756	-0.831945	-0.583595	-1.077183	-1.477667	-1.279817	-0.561841	-0.368667	-0.599686	0.405592	-0.174178	-0.451659	-0.125971	0.343813	-1.793745	-0.039989	-2.242692	-0.556812	-0.438841	0.213900	-0.440452	0.353847	-1.976017	-0.523229	-0.440502	0.577474	-1.980586	-1.137638	0.719614	0.849234	0.465625	0.275845	-0.050969	-0.961360	0.488723	0.502934	0.400138	-0.093973	-0.433407	0.276303	-0.363322	-0.597400	-1.079775	-0.463810	-0.945906
-0.805702	0.050963	0.064232	0.422276	1.203352	1.278747	0.517888	-0.259511	0.625754	1.384208	-0.915288	0.404348	1.374418	-1.441570	-0.238548	0.453167	0.353215	0.782220	0.803353	1.310400	1.046755	1.021118	1.058097	-0.452999	-2.033965	0.697910	-2.511522	-0.656287	0.373009	0.899095	0.085903	-0.009402	-1.396787	-0.990054	0.853700	-0.321568	-2.169139	-0.249765	1.402655	1.323100	0.923007	0.743759	0.774191	-0.154817	0.657544	1.039799	0.151816	0.365960	-1.329869	0.132041	-0.265263	-1.206499	-0.982091	0.104249	-1.145422
0.570296	1.076109	-0.107691	0.279608	1.686617	1.647435	1.417810	-0.201887	1.385062	1.243448	-0.365527	1.380404	2.443103	-1.560946	1.384330	2.638137	1.421523	1.261330	1.952883	1.398118	1.117506	1.779041	2.144420	-0.727917	-0.262490	1.851409	-0.851869	0.528271	2.082219	1.741147	0.733799	-0.059372	0.233207	-1.471602	2.074134	-0.929637	-1.499800	0.934328	1.453285	1.596126	1.742257	1.353086	1.677898	0.990978	0.990064	1.429309	0.280944	0.989574	-0.597544	0.732256	0.792155	-0.573004	-0.295953	0.332841	-0.247774
1.079649	1.471655	-0.278864	-0.100705	0.841538	0.970715	1.574060	-0.344952	1.122123	0.220638	-0.037968	0.933862	1.594467	-1.425704	1.489280	2.937150	1.511364	0.157143	1.489849	0.367134	-0.159656	0.654244	1.800203	-0.390026	1.557446	2.051890	0.998968	1.502783	2.711956	1.533095	0.629084	0.026230	1.030729	-1.640331	1.983551	-0.974584	-0.463256	1.028111	0.739871	0.862235	1.580550	1.284966	1.573205	1.175057	0.974748	1.189219	0.398166	0.993992	1.061361	1.434968	1.687428	0.475634	0.164912	-0.454918	1.140335
0.035335	0.536340	-0.340258	-0.386981	-0.591530	-0.209373	0.629500	-0.576098	0.121181	-0.632879	-0.075785	-0.463465	-0.203819	-1.067535	-0.160368	0.962137	0.350286	-1.428100	-0.220501	-0.585463	-1.187437	-1.186949	0.224970	0.065533	1.422444	0.850212	1.120642	1.026460	1.378807	0.171883	0.061813	-0.008003	0.209231	-1.121170	0.940662	-0.597081	0.063608	0.102808	-0.050141	-0.501055	0.467750	0.447266	0.387666	0.278223	0.514503	0.468954	0.181285	0.113643	1.901330	1.432943	1.317583	0.615083	0.136898	-1.417995	1.807192
-1.359265	-0.902962	-0.188742	-0.308079	-1.177043	-0.793290	-0.742699	-0.492751	-0.574157	-0.492664	-0.057596	-1.212119	-1.171805	-0.626549	-1.727033	-1.263266	-1.154230	-1.765973	-1.518033	-0.344887	-0.568929	-1.637531	-1.105647	0.075500	-0.332393	-0.810562	-0.342731	-0.499140	-0.797813	-1.256653	-0.163352	-0.298874	-1.041733	-0.133371	0.261554	-0.289257	-0.220831	-0.517797	-0.165083	-1.354497	-0.453529	-0.522300	-0.913985	-0.624961	-0.142626	-0.284999	-0.327416	-0.975033	1.259103	0.630154	-0.162434	-0.381618	0.120800	-1.245160	1.316920
-1.579910	-1.673398	0.007245	-0.019872	-0.521008	-0.518580	-1.549476	-0.026450	-0.480961	0.217293	0.266311	-0.482717	-0.538121	-0.282185	-1.505154	-1.599247	-1.827508	-0.511333	-1.259772	0.731151	1.127690	-0.163997	-1.137094	-0.453581	-1.661255	-1.707823	-1.584934	-1.668156	-2.047846	-1.732985	0.065359	-0.792974	-1.207611	0.550956	0.492670	-0.481524	-0.660605	0.024136	0.370261	-1.174284	-0.526976	-1.079536	-1.445899	-0.694485	-0.788682	-0.837717	-0.866659	-1.312720	0.152089	-0.333573	-1.523989	-1.356673	0.568278	0.096739	0.422010
-0.613804	-1.486297	-0.035605	0.080766	0.407861	-0.061324	-1.351830	0.437874	-0.054454	0.489635	0.617075	0.857484	0.927363	0.026704	0.113379	-0.055224	-1.300700	1.184871	0.166911	1.444572	2.110558	1.726155	-0.253263	-1.069412	-1.384984	-1.483693	-1.384906	-1.652770	-1.712631	-1.258616	0.205741	-1.252749	-0.211974	0.515483	0.907368	-1.058661	-0.418560	1.137083	0.746284	-0.555998	-0.167689	-1.184902	-1.159746	-0.144663	-1.268614	-1.134192	-1.197725	-0.703620	-0.195850	-0.760908	-1.711251	-1.102276	1.195795	1.269499	0.094870
0.232389	-0.868381	-0.373932	-0.223489	0.547956	-0.071888	-0.575630	0.533464	0.115816	0.015873	0.650705	1.325922	1.831322	0.495690	1.287188	1.428507	-0.235220	1.993703	1.414767	1.178285	1.491511	2.242897	0.347730	-1.218236	-0.333064	-0.684279	-0.251674	-0.835014	-0.523617	-0.578960	-0.062639	-1.382415	0.796684	0.197747	0.628258	-1.404631	0.461408	1.506047	0.235070	-0.346680	-0.086646	-0.979795	-0.580928	0.301677	-1.324115	-1.070690	-1.201798	0.074238	0.229455	-0.534304	-0.797567	0.233962	1.281290	1.130430	0.433259
0.056014	-0.353107	-0.783626	-0.789669	-0.135630	-0.549327	-0.095064	0.264626	0.011582	-0.606688	0.441839	0.489206	1.410761	0.974545	0.905768	1.156184	0.365099	1.359137	1.429963	0.233837	0.110222	0.990160	-0.032492	-0.773451	0.076493	-0.032260	0.600537	-0.070677	0.460142	-0.284087	-0.554346	-1.061398	0.936179	0.238357	-0.270666	-1.052199	1.055905	0.517943	-0.950535	-0.664515	-0.504332	-0.482933	-0.153840	0.297159	-0.788965	-0.607653	-0.905940	0.148843	0.560252	-0.151584	0.240411	1.273890	0.559619	-0.054666	0.762688
-0.645664	-0.036684	-0.953392	-1.197025	-0.843062	-1.025122	-0.380423	-0.080391	-0.012171	-0.735761	0.334178	-0.685963	0.110227	0.997163	-0.382836	-0.648204	0.085324	-0.360864	0.273027	-0.769439	-0.654040	-0.967477	-0.977600	-0.126544	-0.365477	0.188322	0.724657	0.283902	0.815118	-0.318184	-0.975852	-0.481704	0.421561	0.624539	-0.961103	-0.215122	0.686133	-1.075715	-1.744980	-0.965995	-1.100155	0.242836	0.054376	0.123485	0.072582	0.021501	-0.493258	-0.502908	0.311168	-0.151440	0.586720	0.925692	-0.366937	-1.044839	0.649430
-0.745050	0.211970	-0.681414	-1.001163	-0.902094	-1.064350	-0.973636	-0.220083	0.172830	-0.354634	0.458782	-1.000496	-0.897880	0.476488	-1.163725	-2.272248	-0.549526	-2.118273	-1.025281	-1.336610	-0.399301	-2.233988	-1.483021	0.219606	-0.688420	0.187576	0.578440	0.468459	0.738235	-0.254081	-1.157445	0.002600	0.038718	0.738547	-0.933671	0.439011	-0.244486	-1.888916	-1.310677	-0.842537	-1.411526	0.866966	0.189114	0.261249	0.672685	0.460149	-0.205005	-1.099890	-0.192602	-0.527353	0.301332	-0.440580	-0.696058	-1.029349	0.394322
0.141588	0.360307	-0.042253	-0.139856	-0.355974	-0.635235	-0.962214	-0.106714	0.316085	0.097116	0.575798	-0.286353	-0.857065	-0.019859	-0.784031	-2.341001	-0.648412	-2.762962	-1.417964	-1.227252	0.114048	-2.215751	-0.966770	0.099577	-0.155504	0.265507	0.616819	0.651664	0.441127	0.083928	-1.012807	0.187481	0.159604	0.110798	-0.621462	0.497948	-0.746564	-1.347869	-0.022835	-0.429745	-1.268677	0.975865	0.310446	0.745534	0.624065	0.543347	-0.157830	-0.950982	-0.503353	-0.818826	-0.030035	-1.495288	-0.454961	-0.427063	0.429913
1.303896	0.200219	0.576932	0.851162	0.260229	-0.116884	-0.039296	0.071311	0.197846	0.279819	0.409591	0.571379	-0.132492	0.011489	0.232584	-1.004941	0.107286	-1.899768	-0.743885	-0.597684	0.029362	-1.375994	0.237079	-0.252553	0.882398	0.405562	0.759344	0.548574	-0.133702	0.367920	-0.636100	0.148811	0.439770	-1.032833	-0.830927	0.168694	-0.413746	-0.270119	0.854245	-0.045535	-0.946189	0.498182	0.309374	0.999165	0.084249	0.345335	-0.275013	-0.151282	-0.621459	-0.750240	-0.102926	-1.442921	-0.513172	-0.264394	0.583554
1.825159	-0.242073	0.788166	1.266370	0.524538	0.125538	1.108350	0.127248	-0.021484	0.234136	0.010753	0.725443	0.323813	0.293512	0.975650	0.582584	1.163339	-0.196198	0.327787	0.067963	-0.618279	-0.512230	1.283849	-0.470092	1.525591	0.332539	0.739752	-0.083990	-0.960178	0.207963	-0.327861	0.083369	0.393333	-1.906862	-1.654544	-0.046545	0.165996	0.187034	0.559521	0.239909	-0.800027	-0.142231	0.127643	0.497243	-0.413454	0.032353	-0.384102	0.611188	-0.702932	-0.504967	-0.072828	-0.661197	-1.389934	-0.883210	0.251973
1.537390	-0.502698	0.618101	0.972658	0.439550	0.163423	1.564642	0.062577	-0.024677	0.189204	-0.353622	0.236142	0.110306	0.140590	1.021720	1.550099	1.717805	1.301074	1.123763	0.393437	-1.045152	0.097384	1.571615	-0.308483	1.355497	-0.057558	0.582691	-0.813530	-1.585365	-0.266472	-0.216131	0.115798	0.041293	-1.837891	-2.278487	0.106317	0.187674	-0.128706	-0.387862	0.469431	-0.762678	-0.388743	-0.045528	-0.482071	-0.438551	-0.207924	-0.313964	0.799538	-0.615624	-0.280961	-0.065395	0.107232	-2.399710	-1.514128	-0.761476
0.993548	-0.180480	0.417090	0.498756	0.210283	0.303621	1.115031	-0.058684	0.148093	0.176706	-0.595733	-0.227192	-0.310497	-0.560739	0.552690	1.797944	1.485822	2.014766	1.443216	0.365661	-0.742956	0.676036	1.074574	0.250675	0.747817	-0.521550	0.513414	-0.867903	-1.501172	-0.531287	-0.008779	0.276531	-0.183514	-0.903879	-1.999813	0.476815	-0.356517	-0.497652	-0.981170	0.480549	-0.469261	-0.126217	0.014501	-1.125951	-0.052048	-0.251488	0.057519	0.486409	-0.193949	0.050777	0.045358	0.674645	-2.377666	-1.224554	-1.835215
0.682732	0.457338	0.334943	0.304367	-0.093625	0.504489	0.288996	-0.269782	0.060459	-0.051610	-0.837356	-0.297182	-0.421546	-1.091924	-0.024553	1.512472	0.795962	1.922592	1.259879	0.091853	-0.124251	1.213487	0.138076	0.978317	0.297962	-0.772386	0.571515	-0.155994	-0.832415	-0.376975	0.550323	0.553634	-0.067197	0.147532	-1.072106	0.795069	-0.617845	-0.514112	-0.933305	0.097912	0.094228	0.176344	0.191223	-1.081029	0.252761	-0.206712	0.695698	0.128212	0.244752	0.556025	0.262053	1.222317	-1.093271	-0.026626	-2.077924
0.561293	0.775829	0.213218	0.273039	-0.479180	0.371719	-0.261691	-0.512249	-0.500417	-0.601118	-1.014521	-0.201843	-0.366132	-0.699159	-0.312608	0.764038	0.151331	1.187883	0.492029	-0.384001	0.024952	1.214591	-0.818763	1.512404	0.178038	-0.713659	0.569053	0.537856	-0.251745	-0.123986	1.165323	0.899986	0.166328	0.736921	-0.233627	0.991599	0.101480	-0.430090	-0.726380	-0.400021	0.501273	0.050192	0.159713	-0.735849	0.132605	-0.305576	1.338913	0.026597	0.125369	0.842257	0.286963	1.610111	0.487136	1.237467	-1.246342
0.394938	0.684677	0.095646	0.126790	-0.736309	-0.139678	-0.192410	-0.427532	-1.066262	-1.043682	-0.795724	-0.227789	-0.598808	0.535976	-0.035404	-0.274958	-0.112856	0.134204	-0.603672	-0.844064	-0.417608	0.429474	-1.420363	1.665944	0.149830	-0.282458	0.407819	0.621035	-0.078110	0.024622	1.350545	1.252856	0.323621	1.067480	0.275282	1.220173	1.428845	-0.363127	-0.723100	-0.394583	0.603182	-0.284326	-0.021419	-0.462244	-0.065230	-0.435738	1.695516	0.123041	-0.560075	0.540887	0.013147	1.446791	1.359280	1.953066	-0.028415
0.252115	0.749592	0.397314	0.008639	-0.527996	-0.432920	0.471825	0.277922	-0.962490	-0.790466	-0.118285	-0.299473	-1.072812	1.719939	0.637917	-1.098898	0.090535	-0.603949	-1.221390	-0.829868	-0.762597	-0.501079	-1.421023	1.610876	0.033614	0.585339	0.220242	0.481366	0.121802	0.391826	1.183929	1.558457	0.563777	1.658634	0.742510	1.589534	2.231103	0.035912	-0.725558	0.341567	0.829344	-0.104017	0.175299	-0.105608	0.364196	-0.067279	1.730861	0.274841	-1.044189	0.025877	-0.124058	0.804975	1.492999	2.244626	0.623723
0.366941	1.218279	1.207302	0.231123	0.100557	-0.027193	1.271880	1.223506	-0.224560	0.044937	0.466171	-0.253432	-1.193762	1.974163	0.959510	-1.207560	0.513266	-0.497929	-0.774246	-0.174945	-0.454477	-0.625680	-0.889633	1.579704	-0.085416	1.553265	0.135746	0.773729	0.732358	1.147455	1.176968	1.690301	0.997137	2.392648	1.217487	1.880162	1.838431	0.826251	-0.426218	1.237645	1.403908	0.792638	0.938629	0.502445	1.415513	0.950546	1.592070	0.490373	-0.654240	0.054121	0.282035	0.349287	1.487035	2.366780	0.400450
0.628611	1.460994	1.746612	0.580896	0.558705	0.645360	1.371878	1.492880	0.293010	0.529213	0.333463	-0.221999	-0.639480	1.206642	0.288955	-0.654821	0.558896	0.163683	0.210868	0.579801	0.176312	0.106279	-0.271519	1.441965	-0.101024	1.768784	0.083321	1.281432	1.262729	1.573096	1.370672	1.408154	1.246756	2.456519	1.309224	1.636339	0.706745	1.308322	0.069156	1.425185	1.718145	1.546725	1.529122	0.948214	1.986607	1.738228	1.274556	0.720579	0.309222	0.603446	0.842062	0.527705	1.560386	2.079784	-0.178978
0.583401	0.805059	1.080333	0.399864	0.314065	0.658320	0.217312	0.603357	-0.110031	-0.017014	-0.424927	-0.443815	0.116258	0.127603	-0.988607	-0.058416	-0.232579	0.463603	0.547970	0.692330	0.371034	0.704295	-0.052490	0.884793	-0.086536	0.660054	-0.049069	1.103200	0.840796	0.744394	1.148775	0.632687	0.823721	1.381646	0.832308	0.722822	-0.220683	0.822251	0.358812	0.635240	1.050580	1.121095	1.024113	0.610172	1.061033	1.176539	0.654907	0.647861	0.835735	0.665614	0.680652	0.931383	1.349325	1.070375	-0.451047
0.060949	-0.420605	-0.628758	-0.478398	-0.451273	-0.225065	-1.623636	-0.856718	-1.134657	-1.081705	-1.079044	-0.830229	0.343753	-0.445669	-1.646250	0.037118	-1.469889	0.032196	-0.124998	0.108982	-0.044452	0.429389	-0.246696	0.037836	-0.166101	-1.182335	-0.180150	-0.088363	-0.569512	-1.032010	0.210556	-0.230030	-0.135809	-0.172434	0.163917	-0.276427	-0.500642	-0.280013	0.268225	-0.457310	-0.324715	-0.374227	-0.394771	-0.481712	-0.861542	-0.571096	-0.087174	0.075439	0.316659	-0.459427	-0.423206	0.765857	0.669224	-0.215302	-0.337605
-0.500964	-1.203941	-2.056935	-1.292291	-1.043390	-1.204213	-2.698856	-1.763698	-1.864793	-1.544356	-1.132075	-1.027954	-0.072747	-0.295744	-0.929172	-0.258108	-2.045467	-0.397581	-0.856383	-0.487288	-0.480938	-0.195086	-0.356036	-0.475588	-0.371054	-2.376362	-0.151539	-1.505035	-1.938506	-2.199269	-0.779557	-0.545631	-0.901909	-0.951983	-0.250146	-0.546473	-0.300783	-0.939690	0.065780	-0.859607	-1.325829	-1.695867	-1.459468	-1.521107	-2.133046	-1.963232	-0.438059	-0.537496	-0.791531	-2.104870	-1.641796	-0.128035	0.012416	-0.708317	-0.275144
-0.606354	-1.086642	-2.105755	-1.202069	-1.075730	-1.392006	-2.148166	-1.551598	-1.842912	-1.082747	-0.834733	-0.905892	-0.597876	0.153306	0.554900	-0.355220	-1.351415	-0.002080	-0.668015	-0.550269	-0.426126	-0.092036	0.008993	-0.300550	-0.718974	-2.146414	-0.065486	-2.101943	-2.262992	-1.703483	-0.959622	-0.169241	-0.996744	-0.338006	-0.379295	-0.007887	0.164388	-0.588629	0.105343	-0.277006	-1.309583	-1.882280	-1.293222	-1.719812	-1.842213	-1.819172	-0.155841	-0.408781	-1.469091	-2.941143	-2.039065	-0.999548	0.027684	0.139787	-0.518046
-0.401315	-0.586264	-1.041530	-0.360925	-0.828219	-0.787797	-0.684782	-0.645798	-1.432105	-0.491088	-0.730978	-0.728191	-0.775515	0.400975	1.436608	0.039663	-0.092405	0.946726	0.163950	-0.272828	-0.099017	0.889177	0.583764	0.157724	-1.256882	-1.040486	-0.296820	-1.667475	-1.552339	-0.233478	-0.369799	0.345480	-0.725153	1.109576	-0.376453	0.541151	0.811549	0.313580	0.385305	0.597200	-0.670664	-1.210094	-0.379214	-1.051769	-0.745590	-0.647785	0.352612	0.543457	-1.208756	-2.486415	-1.574607	-1.000195	0.695760	1.614615	-0.806366
-0.524418	-0.350301	-0.034398	0.230285	-0.746446	-0.104100	0.275311	0.108072	-1.127723	-0.532743	-0.915231	-0.771520	-0.676965	0.344303	0.942084	0.474800	0.533324	1.423701	0.596776	-0.201278	-0.076414	1.704205	0.723430	0.258466	-1.873420	-0.110536	-1.024367	-0.882135	-0.573985	0.715202	0.184514	0.419109	-0.716954	2.230404	-0.190307	0.405499	1.350270	0.922657	0.588614	0.874904	-0.168302	-0.527249	0.255046	-0.165206	-0.093170	0.172718	0.502489	1.377667	-0.479337	-1.442166	-0.905715	-0.097122	1.291651	2.356119	-0.836054
-1.275949	-0.339846	0.171011	-0.122001	-0.820285	0.149628	0.225961	0.275902	-0.884953	-0.955287	-0.963434	-0.938054	-0.615115	0.213722	-0.457805	0.230725	0.253563	0.957949	0.258885	-0.512252	-0.502786	1.323464	0.164999	-0.100025	-2.180212	0.287419	-1.844450	-0.454409	0.116090	0.590120	0.180024	0.098719	-1.111031	2.237160	0.277367	-0.223215	1.300630	0.866958	0.476764	0.369629	-0.040895	-0.074422	0.388393	0.318134	-0.104991	0.128772	0.200014	1.086828	-0.082198	-0.649436	-0.439026	0.932194	1.181236	1.671242	-0.752345
-2.176180	-0.086794	-0.184361	-1.087194	-0.631278	0.131906	-0.141965	0.068513	-0.342529	-0.914600	-0.546352	-0.857924	-0.695377	0.238776	-1.625233	-0.793366	-0.154678	0.074801	-0.183735	-0.856631	-0.935391	-0.155115	-0.680018	-0.499872	-1.784201	0.577974	-2.054409	-0.407586	0.611640	0.059646	-0.177871	-0.160202	-1.383222	1.234885	0.797630	-0.701159	0.600501	0.376148	0.084546	-0.432962	0.054038	0.551878	0.631051	0.340544	-0.079149	-0.082711	-0.172818	-0.295514	-0.191736	-0.208066	0.032039	1.271873	0.487086	0.122931	-0.865982
-2.445265	0.520087	-0.467910	-1.746252	0.064016	0.273004	-0.106691	-0.108023	0.488766	-0.096566	0.115847	-0.318196	-0.755722	0.453043	-1.825753	-1.847868	-0.046379	-0.493227	-0.030439	-0.777241	-0.898789	-1.663109	-1.184772	-0.603094	-0.738710	1.083982	-1.396704	-0.256843	1.195148	-0.181154	-0.472972	-0.152462	-0.987224	0.010413	0.914788	-0.817606	-0.127242	-0.176235	-0.418646	-1.029726	0.450044	1.436219	1.288852	0.302195	0.365726	0.225563	-0.280886	-1.730878	-0.275768	0.278803	0.764443	0.664888	-0.142978	-1.152874	-1.065503
-1.816588	1.048841	-0.392162	-1.498242	0.966104	0.676937	0.216400	-0.145778	1.075252	0.913914	0.516538	0.473728	-0.588906	0.656209	-1.243819	-2.039000	0.335400	-0.544942	0.595245	-0.135899	-0.374179	-2.164866	-1.079911	-0.417377	0.368703	1.510299	-0.419295	0.245564	1.733434	-0.201040	-0.573460	-0.082374	-0.047910	-0.674775	0.460172	-0.853389	-0.247841	-0.618930	-0.855718	-1.206828	1.051184	1.919527	1.789849	0.508842	0.781500	0.781284	-0.107847	-2.196851	0.029544	0.967632	1.497702	-0.608795	-0.331011	-1.558528	-0.923662
-0.766154	1.063625	-0.088480	-0.481546	1.499575	1.043731	0.315843	-0.210769	0.966082	1.324338	0.470297	1.046287	-0.120039	0.498913	-0.584816	-1.154592	0.410177	-0.271696	1.036941	0.775065	0.275495	-1.422194	-0.528726	-0.070855	0.915164	1.374150	0.041085	0.736715	1.725363	-0.346096	-0.517179	-0.158708	0.712086	-0.720398	-0.179780	-0.931841	0.089978	-0.930723	-1.024253	-0.858763	1.455928	1.362138	1.418975	0.777187	0.616037	0.823084	0.182036	-1.506868	0.307695	1.547538	1.668626	-1.979942	-0.333435	-1.388861	-0.385234
0.055366	0.569735	0.238000	0.688874	1.383840	1.075944	0.126641	-0.337499	0.384160	0.958735	0.313658	1.085700	0.545508	-0.156874	-0.301270	0.241197	0.118385	0.190080	0.924238	1.425937	0.707326	0.004975	0.189102	0.319855	0.880077	0.642237	-0.231835	0.708664	0.918847	-0.512104	-0.262611	-0.325859	0.777507	-0.632306	-0.397008	-0.785472	0.177610	-1.045034	-0.763807	0.049674	1.337900	0.025181	0.264577	0.640152	-0.030191	0.162236	0.384468	-0.212597	-0.068078	1.638853	1.086964	-2.712476	-0.562441	-1.219450	0.060293
0.489820	-0.102847	0.493140	1.425413	0.873164	0.801980	0.034763	-0.237973	0.049166	0.348423	0.487260	0.730169	1.152977	-0.836391	-0.241886	1.369194	-0.123630	0.736684	0.444144	1.432304	0.846892	1.283733	0.880750	0.504618	0.853431	-0.229492	-0.540173	0.243604	-0.243822	-0.278090	0.215420	-0.453894	0.441852	-0.782090	0.039381	-0.267232	-0.243213	-0.798386	-0.132529	1.206781	0.711552	-1.126941	-0.866147	-0.002994	-0.569443	-0.569385	0.265079	1.016197	-0.861246	1.217903	0.195655	-2.139664	-0.917282	-1.166476	0.093414
0.820700	-0.630914	0.612171	1.470994	0.428215	0.462242	0.183701	0.356640	0.394198	0.121649	0.997864	0.415603	1.407331	-0.731327	0.002883	1.770563	-0.145354	1.003999	-0.062365	0.867629	0.808123	1.834258	1.352275	0.136914	1.241496	-0.756619	-0.042939	0.022460	-0.903073	0.403962	0.702272	-0.588934	0.401095	-0.872907	0.746159	0.237715	-0.575905	-0.071815	0.596179	1.915882	-0.055398	-1.433720	-1.349026	-0.550604	-0.612173	-0.689829	-0.318788	1.755099	-0.924929	0.610619	-0.384037	-0.246603	-0.807631	-0.859342	0.135269
1.099681	-0.868844	0.471948	0.911340	0.205198	0.168053	0.181040	1.183347	1.049415	0.356529	1.364255	0.376005	1.146600	0.302218	0.506268	1.427475	-0.281491	0.543703	-0.474971	0.171229	0.669016	1.541043	1.350842	-0.824937	1.578816	-0.825792	1.139839	0.419050	-0.607654	0.973718	0.770031	-0.873622	0.751513	-0.381619	1.088844	0.162369	-0.204304	0.957024	1.151725	1.611498	-0.540798	-1.117269	-1.304339	-0.300115	-0.310014	-0.253437	-1.194233	1.762652	0.438553	0.138893	-0.461538	1.881900	0.076671	-0.104133	0.780714
0.852215	-0.889165	-0.020073	0.059123	-0.037628	-0.189097	-0.347636	1.476239	1.211539	0.535386	1.128208	0.367304	0.479164	1.259557	0.847653	0.620629	-0.783690	-0.519831	-0.790643	-0.300598	0.387303	0.684512	0.792834	-1.880496	0.980369	-0.713397	1.800752	0.785521	0.133670	0.801988	0.069959	-1.293316	0.715667	0.544318	0.750407	-0.571128	0.526704	1.678940	1.382251	0.430401	-0.712637	-0.842773	-1.246007	0.569908	-0.119089	0.049273	-1.911139	0.946073	2.281488	-0.170113	-0.356202	2.575063	1.131339	0.597509	1.745411
-0.255667	-0.907095	-0.711733	-0.658942	-0.479594	-0.627147	-1.105154	0.750052	0.572485	0.197796	0.397689	0.043420	-0.224574	0.976272	0.604155	-0.221557	-1.246510	-1.293387	-0.854382	-0.537395	-0.037717	-0.248890	0.007157	-2.365325	-0.628885	-0.736441	0.907635	0.111516	0.326201	-0.108872	-1.296018	-1.624997	-0.333248	1.012321	-0.045104	-1.420775	0.604010	1.400169	1.205280	-0.846352	-0.960780	-0.886957	-1.349458	1.040005	-0.315963	-0.259987	-2.126704	-0.407782	2.730390	-0.491400	-0.408030	1.040885	1.232830	0.438443	1.932463
-1.610447	-1.025020	-1.127114	-0.847036	-0.818758	-0.825918	-1.281164	-0.470123	-0.213838	-0.381240	-0.194519	-0.429891	-0.522960	-0.410023	-0.069218	-0.655552	-0.942689	-0.962748	-0.443901	-0.638336	-0.370276	-0.801586	-0.431474	-2.075059	-2.075094	-0.840416	-1.018981	-1.490345	-0.356333	-1.017472	-2.585268	-1.647910	-1.754621	0.389844	-0.773222	-1.775078	-0.321324	0.114274	0.683892	-1.448892	-1.497979	-0.892139	-1.231494	0.542283	-0.690858	-0.821200	-1.893905	-1.527649	1.095958	-0.817172	-0.514019	-1.579937	-0.051915	-0.708673	0.805009
-1.972077	-1.069268	-0.794319	-0.377011	-0.561297	-0.463536	-0.445685	-1.019137	-0.178116	-0.403538	-0.115549	-0.425594	-0.215457	-1.465161	-0.518588	-0.427122	0.237094	0.163597	0.310826	-0.540606	-0.264169	-0.772726	-0.204244	-1.401564	-2.016976	-0.638960	-2.139503	-2.477050	-1.121842	-1.091616	-2.773053	-1.347171	-2.071381	-0.847001	-1.000726	-1.517766	-1.303476	-1.169352	0.189544	-1.181877	-1.905212	-0.451889	-0.528933	-0.198127	-0.728781	-0.816726	-1.504208	-1.600789	-1.139360	-0.778452	-0.263474	-3.002862	-1.783949	-1.940824	-0.742709
-0.811310	-0.836278	0.187044	0.419551	0.243916	0.202688	0.822737	-0.352158	0.816281	0.407537	0.534314	0.324426	0.436227	-1.118757	-0.302515	0.318717	1.407407	0.807499	0.774465	-0.222632	0.298250	-0.324620	0.446687	-0.858539	-0.364372	0.000794	-1.151858	-1.522633	-0.997309	-0.245413	-1.460694	-0.902924	-0.695337	-1.523366	-0.603695	-1.022820	-1.144765	-1.252575	0.181604	-0.427320	-1.586102	0.216560	0.414461	-0.080111	-0.200291	-0.008521	-1.132748	-0.503874	-1.803368	-0.048595	0.418266	-1.967090	-2.450704	-2.199345	-1.321505
0.934704	-0.449573	1.030580	0.903208	0.865356	0.462841	1.375785	0.799088	1.794040	1.242260	1.153937	1.204449	0.879821	0.068942	0.313599	1.076082	1.466766	0.138459	0.372247	0.020179	0.825656	0.144541	0.951658	-0.603682	1.577836	0.580968	1.226500	0.772839	-0.001706	0.689742	0.510043	-0.530513	1.190684	-0.973786	0.252379	-0.711328	0.126849	0.005281	0.618973	0.217146	-0.577879	0.425224	0.736243	0.883920	0.466313	0.827362	-0.749644	0.937505	-0.321433	1.049964	0.901400	0.482909	-1.466117	-1.378382	-0.598053
1.751455	-0.281942	0.975816	0.668792	0.696356	0.041217	0.647873	1.240385	1.704316	1.050629	1.251355	1.319593	0.822466	0.642349	0.679449	1.361940	0.268056	-1.147949	-0.614075	-0.097170	0.815514	0.317727	0.945930	-0.470969	2.342218	0.477636	2.885813	2.341316	0.921410	0.753398	1.638056	-0.349457	1.844673	0.295657	1.225236	-0.702485	1.251833	1.531306	0.820320	0.288033	0.405980	-0.110302	0.076578	1.548777	0.566879	0.725431	-0.334365	1.557077	1.784413	1.587742	0.406120	2.050670	0.302034	-0.326796	0.555694
1.104691	-0.529864	0.111776	-0.037848	-0.018473	-0.496376	-0.704446	0.604012	0.563875	-0.154031	0.845368	0.541715	0.561509	0.007026	0.488455	1.104894	-1.142741	-1.531158	-1.146487	-0.322564	0.373980	0.185026	0.538912	-0.324776	1.575363	-0.229364	2.435992	1.806356	0.987194	-0.167407	1.134130	-0.339891	0.855244	1.107675	1.879522	-0.814937	1.211519	2.172610	0.215362	-0.305113	0.709720	-0.814510	-0.860812	1.051547	-0.105361	-0.321971	-0.018801	0.839070	2.563165	0.893471	-0.973449	1.412994	1.481497	0.172705	1.296100
-0.155722	-0.983111	-0.742577	-0.590664	-0.550511	-0.516138	-1.421010	-0.419337	-0.670555	-1.256172	0.270832	-0.369885	0.568169	-0.993086	0.041719	0.608959	-1.563221	-0.498686	-0.626288	-0.125357	0.031896	-0.075619	0.053918	-0.199019	0.174367	-0.742560	0.506037	-0.190411	0.271583	-1.257202	-0.384248	-0.338978	-0.551203	0.687676	1.812831	-0.753468	0.290108	1.679087	-0.864808	-1.181387	0.281229	-0.885521	-1.076478	-0.233401	-0.991079	-1.310735	0.072881	-0.640664	1.484992	-0.667928	-2.046634	-0.688399	1.444179	0.140657	1.626100
-0.862135	-1.166055	-0.972664	-0.670421	-0.610653	-0.170949	-0.858313	-0.995792	-1.231454	-1.346312	-0.292010	-0.712714	0.791833	-1.237496	-0.211531	0.174068	-0.803944	0.730844	0.271728	0.484227	-0.051685	-0.369698	-0.390175	-0.090696	-0.679452	-0.415506	-1.108430	-1.828381	-0.553707	-1.638998	-1.575332	-0.095699	-0.992579	-0.696169	0.921683	-0.284452	-0.506640	0.507349	-1.469748	-1.686023	-0.409844	-0.206383	-0.428245	-1.235884	-1.288567	-1.304950	0.066188	-1.743971	-0.337711	-1.902847	-1.630856	-2.355561	0.573216	0.088065	1.925951
-0.627492	-0.643077	-0.690606	-0.485620	-0.521044	-0.066593	0.499610	-0.964835	-1.195146	-0.666762	-0.931594	-0.570598	0.696474	-0.660155	-0.227545	-0.134539	0.317464	0.665172	0.411118	0.859134	-0.278491	-0.672885	-0.883384	0.189067	-0.565584	0.594983	-1.353498	-1.890295	-0.848644	-1.141859	-1.563579	0.544041	-0.306878	-2.038218	-0.387206	0.610921	-0.717431	-0.868591	-1.111801	-1.358317	-0.725618	0.645591	0.358333	-1.320755	-0.667852	-0.329850	0.283244	-1.731682	-1.412988	-1.793244	0.113604	-2.330280	-0.418901	0.259215	2.217459
0.158374	0.623852	-0.284618	-0.304084	-0.524309	-0.315376	1.662787	-0.713952	-1.015471	-0.073325	-1.617169	-0.445301	0.062227	-0.189327	-0.308042	-0.370397	1.010087	-0.564548	-0.316987	0.577659	-0.835917	-0.789638	-1.339350	0.800749	0.036494	1.586921	-0.714232	-0.605237	-0.398141	-0.212161	-0.457686	1.420366	0.625672	-2.502546	-1.386866	1.637864	-0.675692	-2.062027	-0.266476	-0.298963	-0.258120	1.167406	0.718425	-0.723341	0.492749	0.828652	0.879425	-0.759081	-1.168465	-0.356585	1.682951	-0.983634	-1.138508	0.419778	2.235341
0.974877	2.021285	0.158723	-0.071350	-0.398793	-0.450233	2.060424	-0.541342	-0.815651	0.086410	-1.905433	-0.468194	-0.602245	-0.518514	-0.554125	-0.539249	1.227966	-1.347696	-0.895459	-0.016433	-1.173893	-0.429017	-1.365071	1.568794	0.498571	1.984484	-0.216736	0.895448	0.483804	0.656885	0.993911	2.091600	1.039147	-2.062152	-1.571085	2.308528	-0.634155	-2.500946	0.288256	0.881416	0.755146	1.349134	0.797171	-0.117025	1.434414	1.441594	1.596516	0.417664	-0.207631	1.337656	1.714192	0.276988	-1.509617	0.314848	1.918865
1.476225	2.567145	0.707441	0.330499	0.045837	-0.237423	1.815366	-0.387228	-0.421015	0.174041	-1.325401	-0.335976	-0.701484	-1.235879	-0.630970	-0.616614	1.326330	-0.666449	-0.626717	-0.356913	-0.681206	0.320112	-0.711455	2.061847	0.692878	1.663283	-0.100924	1.629949	1.138481	1.225517	2.043446	2.204832	0.932335	-1.299294	-1.025301	2.301829	-0.266630	-1.710454	0.323165	1.463904	1.444737	1.322145	0.890365	0.023461	1.572415	1.322374	1.986172	1.105810	0.433458	2.002347	0.388405	0.473495	-1.453513	0.080451	1.409295
1.395750	1.785364	1.104287	0.684684	0.452046	-0.061077	1.303187	-0.144531	0.083958	0.463204	-0.113430	0.049560	-0.367189	-1.330724	-0.212728	-0.605964	1.333844	0.571708	-0.087375	-0.397822	0.334849	0.827048	0.266914	2.038465	0.785986	0.840910	0.185225	1.405276	1.062821	1.410742	2.376549	1.846063	0.698112	-0.678388	-0.264412	1.750058	0.635710	-0.065769	0.153303	1.103690	1.105677	0.980989	0.821388	-0.301412	0.890253	0.718189	1.882725	1.142030	0.263508	1.204430	-0.819906	-0.084872	-0.862073	0.068989	0.672698
0.633927	0.294653	0.852265	0.610652	0.275745	-0.317258	0.655300	0.023015	0.212042	0.606077	0.713518	0.276796	-0.261853	-0.447082	0.486797	-0.497026	0.862264	0.678331	-0.285027	-0.500935	0.859728	0.538826	0.864547	1.683720	0.667564	-0.140910	0.889480	0.722869	0.359684	1.184618	2.129658	1.417109	0.480557	-0.129069	0.242013	1.113337	1.404133	1.179778	0.064613	0.144495	0.025718	0.203570	0.230372	-0.785095	-0.081339	-0.001074	1.537781	0.881915	-0.275990	-0.243419	-0.792783	-0.311835	0.123579	0.376476	-0.433653
-0.429399	-0.731761	-0.106742	0.116062	-0.401540	-0.737078	-0.222165	-0.104963	-0.318130	0.166255	0.355011	-0.030026	-0.617872	0.665201	0.849066	-0.268065	-0.271300	-0.628618	-1.193157	-0.750676	0.428932	-0.284667	0.771039	1.280039	0.022459	-0.961260	1.396723	0.177356	-0.371784	0.657887	1.544919	1.112205	0.093179	0.638382	0.376712	0.715121	1.041607	1.073833	0.095710	-0.521048	-0.774882	-0.714763	-0.710091	-1.120565	-0.671882	-0.512813	1.215557	0.748022	-0.375457	-1.043062	0.081481	0.420430	1.041535	0.729305	-1.656091
-1.012676	-0.701687	-1.005271	-0.260414	-0.748891	-0.581059	-1.203795	-0.316511	-0.960169	-0.522375	-0.703841	-0.553456	-0.864659	1.087859	0.536642	-0.013563	-1.536141	-1.760656	-1.622059	-0.720782	-0.246205	-0.762235	0.346963	0.758421	-0.987575	-1.372694	0.999862	-0.037028	-0.597418	0.138388	0.660193	0.643103	-0.524438	1.537457	0.306064	0.428024	-0.451555	0.072593	0.253905	-0.186655	-0.636952	-1.127952	-1.242322	-1.081084	-0.526453	-0.585804	0.782487	0.712442	0.154342	-0.644970	0.607702	1.585744	1.460293	0.859034	-2.306477
-0.618849	0.015328	-0.834430	0.005936	-0.063109	0.510444	-1.742560	-0.024482	-0.700965	-0.511429	-1.020628	-0.509435	-0.406321	0.858757	-0.096994	0.051451	-2.013116	-1.178413	-0.644978	-0.024614	-0.185596	-0.420707	0.069103	-0.140781	-1.553641	-1.206085	-0.084574	-0.019595	-0.224393	-0.035187	-0.509078	-0.319285	-0.998267	2.026506	0.223938	-0.081411	-1.816340	-0.446848	0.534078	0.869185	0.208505	-0.643576	-0.801493	-0.457674	0.217726	-0.166646	-0.066390	0.324074	0.643529	0.350706	0.395686	2.048712	1.347452	0.822078	-1.967563
0.372179	0.735625	0.509142	0.786526	1.295585	1.948541	-1.376279	0.917024	0.675472	0.515969	0.093357	0.358441	0.485679	0.764038	-0.384529	-0.144413	-1.339875	0.629500	1.131790	1.037832	0.577244	0.236325	-0.039868	-1.210654	-1.081329	-0.483343	-0.880946	0.217141	0.461202	0.221639	-1.511335	-1.454007	-0.864678	1.714412	0.191076	-0.779461	-1.913052	0.148975	0.703632	1.532814	1.130994	0.381292	0.272684	0.703464	1.046347	0.482666	-1.144968	-0.577796	0.494214	1.003178	0.223739	1.335326	1.002315	0.817620	-1.026288
1.003787	1.066476	1.804477	1.327790	2.077569	2.571437	-0.425976	1.683149	1.943701	1.530679	1.506475	1.254359	0.920915	1.065481	-0.116552	-0.362284	-0.220922	1.673516	2.072279	1.597614	1.050991	0.413390	-0.197678	-1.676482	-0.035236	0.367006	-0.808895	0.644997	0.981343	0.599407	-1.622491	-1.886058	-0.229701	0.883646	0.140358	-1.144804	-1.030392	0.981417	0.467073	1.087401	1.628567	1.052874	0.971991	1.698992	1.354045	0.843710	-1.679055	-1.349088	0.031538	0.973183	0.659727	0.201083	0.661163	0.787338	-0.280914
0.747594	0.885708	1.674719	1.033675	1.475124	1.780430	0.186246	1.318272	1.689006	1.287241	1.546455	1.160577	0.524140	1.060006	0.206917	-0.332821	0.282587	0.976135	1.378268	1.137537	0.632486	0.048893	-0.328851	-1.109367	0.508863	0.659421	-0.290951	0.846196	0.891256	0.610655	-0.800215	-1.224197	0.205071	0.189744	-0.023069	-0.819360	-0.345256	0.855767	-0.033343	0.108394	1.378957	0.805412	0.690351	1.560254	0.886561	0.587117	-1.189779	-1.182859	-0.050960	0.560053	1.032567	-0.293753	0.310820	0.464629	-0.112324
0.091875	0.328106	0.327561	0.216228	0.183399	0.345459	0.045948	0.143163	0.239388	0.086079	0.254625	0.197298	-0.073336	0.288320	0.082216	-0.117253	0.000320	-0.214346	0.093910	0.197534	-0.082620	-0.223547	-0.180711	-0.142206	0.175150	0.207273	-0.047998	0.411134	0.240706	0.148256	-0.007751	-0.195902	0.028990	-0.055083	-0.258387	-0.166730	-0.338276	-0.085646	-0.263146	-0.269319	0.477007	0.078967	-0.033736	0.346368	0.110158	0.035408	-0.232371	-0.267406	0.191584	0.174851	0.510206	-0.043714	-0.054335	-0.071340	-0.225950
-0.072758	-0.050094	-0.472000	-0.163871	-0.304454	-0.272527	-0.207554	-0.406970	-0.531964	-0.443037	-0.576495	-0.362460	-0.109427	-0.448715	-0.195714	0.014992	-0.216227	-0.250081	-0.204982	-0.162854	-0.153123	-0.043410	0.117319	0.264982	-0.303306	-0.246333	-0.151417	-0.196427	-0.227271	-0.194799	0.022279	0.205881	-0.257534	-0.018388	-0.326213	0.180469	-0.465040	-0.531790	-0.038265	0.173329	-0.228349	-0.134488	-0.162618	-0.503902	-0.113649	-0.096095	0.233215	0.298183	0.138360	0.064527	-0.319014	0.222578	-0.204094	-0.229278	-0.198158
0.400898	0.227523	0.286774	0.300808	0.406281	0.346242	0.120683	0.271944	0.244101	0.361053	0.070106	0.205480	0.288826	-0.152173	0.028016	-0.024525	0.195499	0.616042	0.531658	0.320576	0.396545	0.233505	0.139452	0.058131	-0.181623	0.053835	-0.154222	-0.064641	0.082095	0.178014	-0.185593	-0.034378	0.003783	0.091519	-0.091078	0.145195	-0.281714	0.104035	0.174007	0.575339	0.083808	0.414178	0.428763	0.024948	0.422071	0.362581	0.052030	-0.016330	-0.257257	0.239188	-0.189485	0.106208	0.017600	0.286177	-0.058933
0.723603	0.690097	1.265402	0.800561	1.006572	0.958579	0.633184	0.967547	1.104729	1.088714	0.956079	0.909351	0.385933	0.679419	0.547643	-0.104389	0.635328	0.808720	0.878229	0.737042	0.643189	0.162618	-0.130671	-0.058315	0.272013	0.660137	0.081881	0.611063	0.608690	0.776776	0.095441	-0.152864	0.515704	0.182655	0.122232	0.112077	-0.011453	0.733859	-0.026149	0.311451	0.825861	0.800868	0.735419	0.890521	0.821114	0.673456	-0.125043	-0.442992	-0.395781	0.373735	0.667621	-0.074210	0.273618	0.763682	-0.106022
0.248639	0.387593	0.594472	0.322449	0.261241	0.291997	0.434650	0.367557	0.399980	0.292993	0.472676	0.372154	-0.091066	0.612700	0.431250	-0.131461	0.318615	-0.119549	0.064079	0.209251	0.036049	-0.183719	-0.238636	0.194172	0.295652	0.488322	0.222849	0.547924	0.308161	0.463269	0.422997	0.164906	0.411786	0.095873	-0.117700	0.205848	0.086262	0.147070	-0.375220	-0.218306	0.528294	0.228667	0.114687	0.434572	0.245647	0.178414	0.083864	-0.155962	-0.085104	0.102372	0.676550	0.008416	0.061221	0.303412	-0.258776
-0.587088	-0.536022	-1.193517	-0.823359	-1.141737	-1.088868	-0.341305	-0.924816	-1.128351	-1.205068	-0.887086	-1.010897	-0.642254	-0.479653	-0.349816	-0.122936	-0.367218	-0.929761	-0.912605	-0.856066	-0.882163	-0.456146	-0.047987	0.398500	-0.161772	-0.396656	0.090321	-0.535884	-0.634319	-0.690125	0.063979	0.476290	-0.317051	-0.235999	-0.566415	0.228888	0.123651	-1.073233	-0.439366	-0.357270	-0.821714	-0.673604	-0.646749	-0.925949	-0.729815	-0.630986	0.381028	0.412307	0.153801	-0.387493	-0.492702	0.217678	-0.507541	-0.720823	-0.082500
-0.720544	-0.784122	-1.632505	-1.205805	-1.388610	-1.403929	-0.564823	-1.164239	-1.306486	-1.350490	-1.187193	-1.386741	-0.664894	-1.043096	-0.569446	-0.095970	-0.344182	-0.593986	-0.736283	-1.188079	-1.098003	-0.473078	0.009177	0.268189	-0.371306	-0.680114	-0.042062	-1.143777	-0.863519	-1.115713	-0.469405	0.406227	-0.640124	-0.456277	-0.463675	0.149836	0.235920	-1.198220	-0.286647	-0.138939	-1.345978	-0.630908	-0.415196	-1.122987	-0.757430	-0.664942	0.397486	0.281470	-0.081812	-0.495342	-1.186844	0.244793	-0.705707	-0.912762	0.392868
0.224404	0.165032	0.179872	-0.179434	-0.029588	-0.098648	0.185562	0.075750	0.307294	0.153396	0.173018	-0.035278	-0.094246	-0.116078	0.350857	-0.053461	0.485873	0.413506	0.420567	-0.260817	-0.244369	-0.209434	-0.300494	0.001058	0.082347	0.185439	0.088667	-0.153796	0.101771	-0.037031	-0.195313	0.068526	0.053817	-0.113363	0.286801	0.076762	0.344439	0.218497	-0.217408	-0.066031	0.012150	0.402532	0.602005	0.437492	0.331727	0.220879	0.106147	-0.489710	-0.498012	-0.099508	-0.285224	0.005729	-0.116686	0.224402	0.442550
1.353309	1.140168	2.140977	1.113336	1.312329	1.292548	0.879964	1.306001	1.707396	1.344821	1.561843	1.487338	0.564958	1.131972	1.187036	0.000860	0.995560	0.998771	1.226815	0.958773	0.930960	0.268063	-0.571950	-0.197388	0.675913	0.984540	0.304978	1.342148	1.020491	1.129660	0.555598	-0.320895	1.006299	0.572525	0.735879	-0.092655	0.270940	1.604817	-0.172983	-0.318342	1.654622	1.094232	1.116087	1.879855	1.163771	0.944672	-0.338637	-0.862926	-0.477711	0.233882	1.062636	-0.251157	0.761285	1.434472	-0.334471
1.365205	0.879786	1.848587	1.134466	1.029170	1.118192	0.474809	1.054684	1.126431	0.725695	1.184439	1.335990	0.690614	0.916520	0.558181	0.108377	0.450237	0.791451	0.946328	1.103964	1.213401	0.649051	-0.384498	-0.329279	0.595754	0.433540	0.198572	1.371745	0.637657	0.700511	0.575835	-0.624841	0.993631	0.730168	0.111711	-0.432860	-0.145882	1.323788	0.077609	-0.553214	1.375530	0.582044	0.545699	1.405416	0.665786	0.629545	-0.682134	-0.345055	0.131963	0.120326	1.129492	-0.140081	0.973447	1.205589	-1.207173
-0.051666	-0.320745	-0.430578	-0.137734	-0.476804	-0.319259	-0.616405	-0.419513	-0.761613	-0.800925	-0.767778	-0.330153	0.131030	-0.734925	-1.046756	0.264413	-0.471913	0.232851	0.132102	0.018280	0.187384	0.542616	0.091115	-0.309516	-0.318380	-0.970557	-0.385132	-0.384819	-0.681535	-0.873267	-0.283758	-0.570709	-0.196859	-0.079446	-1.064090	-0.571614	-0.815258	-0.435960	0.357925	-0.373843	-0.660953	-0.432848	-0.342911	-0.514467	-0.574141	-0.323663	-0.557977	0.394802	0.658121	-0.125219	-0.078719	0.382160	0.069532	-0.374860	-1.123546
-1.815536	-1.197960	-2.366542	-1.304429	-1.490598	-1.327636	-1.137703	-1.628145	-1.952091	-1.386054	-2.449727	-1.753018	-0.609757	-1.948854	-1.822401	0.265087	-0.725968	-0.169946	-0.372116	-1.077738	-1.200346	0.002923	0.385837	0.041059	-1.493906	-1.602360	-1.171802	-2.287253	-1.620234	-1.689609	-0.908887	0.067527	-1.572844	-1.087746	-1.566316	-0.088683	-1.197960	-2.108753	0.201937	0.195220	-2.227492	-0.811054	-0.672122	-2.050536	-1.236300	-0.920888	0.167389	0.537640	0.224276	-0.107118	-1.156702	0.753966	-1.342446	-1.693146	-0.137018
-2.474557	-1.086877	-2.380924	-1.291658	-1.138199	-0.964957	-0.605904	-1.569625	-1.613635	-0.659183	-2.437873	-1.729551	-0.884901	-1.294840	-0.837891	-0.071085	-0.259739	-0.245884	-0.379723	-0.993625	-1.589791	-0.426065	0.319536	0.628861	-2.259819	-0.713453	-1.648042	-2.670992	-1.518130	-0.898292	-0.607648	0.978501	-2.048249	-1.047946	-0.887025	0.758020	-0.788331	-2.463004	-0.431286	0.712224	-1.843894	-0.405672	-0.453791	-2.142787	-0.863711	-0.775947	1.069449	0.092017	-1.133213	0.002344	-1.205688	0.360503	-1.980937	-1.356725	0.584731
-1.537202	-0.263375	-0.930481	-0.350211	-0.072595	0.159187	0.376243	-0.570677	-0.617795	0.273870	-1.023031	-0.584359	-0.565457	0.606614	1.088658	-0.459810	0.305321	0.000071	-0.058549	0.197541	-0.665787	-0.377773	0.079815	1.073966	-2.293943	0.919861	-1.387392	-1.399548	-0.687732	0.587435	0.066470	1.449809	-1.407946	0.281051	0.335562	1.235993	0.113492	-1.425210	-0.964528	0.793544	-0.151782	0.191099	-0.031885	-1.100217	0.043743	-0.164538	1.512278	-0.359716	-2.291765	-0.173902	-0.478953	-0.619919	-1.066409	0.409751	0.221596
0.219966	0.770358	0.628622	0.630032	0.742444	0.993399	1.128109	0.386299	0.058764	0.693849	0.464841	0.723174	-0.063769	1.985069	2.526061	-0.317622	0.796834	0.524718	0.634649	1.406412	0.615797	-0.104311	-0.087350	1.132907	-1.592894	2.036196	-0.399184	0.422260	0.359166	1.580142	0.332332	1.125046	-0.219760	1.717827	1.090119	1.041985	0.590262	0.247410	-0.914084	0.537285	1.345767	0.698332	0.640476	0.253234	0.973085	0.655666	1.288672	-0.439391	-2.250592	-0.503891	0.466095	-1.288985	0.757714	2.060861	-0.749731
1.565620	1.609070	1.503607	1.160960	1.080035	1.159211	1.494165	0.765496	0.478710	0.986455	1.147975	1.617603	0.205413	1.910509	2.773742	0.394984	1.469836	1.100232	1.638582	1.699921	1.200781	-0.058551	-0.093680	0.895308	-0.374229	1.965577	0.700225	1.655468	1.255487	1.790233	0.225233	0.349276	0.817126	1.876236	0.816897	0.558961	0.208033	1.506389	-0.555947	0.336781	1.865809	1.188623	1.538854	1.265796	1.682382	1.522130	0.698503	-0.211920	-1.244085	-0.470443	1.323797	-1.097421	1.888434	2.230691	-1.316105
1.792310	1.749495	1.676256	1.282276	1.132350	0.842369	1.486450	0.761580	1.082891	1.505492	1.168555	1.927196	0.185584	0.953498	2.039880	0.853665	2.091151	1.293469	2.281434	1.031172	0.962810	-0.251219	-0.000125	0.554849	0.917088	0.852356	1.069106	1.825842	1.528491	1.482928	0.302582	-0.282422	1.263982	0.657236	-0.338088	0.230331	-0.441462	1.548589	-0.581776	0.289181	1.458863	1.389370	1.951252	1.482998	1.777463	1.945176	0.109423	0.097541	-0.373630	0.013132	1.735905	-0.524086	1.333569	0.934119	-1.234959
1.043281	0.793269	1.300943	1.057423	0.834662	0.180281	0.948839	0.711228	1.605251	1.697648	1.064739	1.566166	0.035290	0.157502	0.866454	0.289138	1.868944	0.843570	1.735920	-0.018458	0.476160	-0.286789	0.081475	0.195481	1.773098	-0.643199	0.483331	1.044661	0.743879	0.785919	0.725817	-0.488386	1.009604	-0.666108	-1.623074	0.083692	-0.411820	0.470026	-1.120565	0.028336	0.375057	0.728390	1.110268	0.717389	0.793978	1.283481	-0.319928	0.311825	-0.316785	0.312979	1.204037	-0.396188	-0.277101	-0.579157	-1.079210
-0.035070	-0.913918	0.395425	0.361418	0.014710	-0.794659	-0.168504	0.582239	1.280155	0.841456	1.047412	0.629214	-0.143892	-0.067657	-0.284224	-0.947158	0.475896	-0.008810	0.004296	-0.910671	0.130747	0.017709	0.069515	-0.190450	1.968391	-1.777961	-0.262393	-0.227135	-0.820430	-0.303805	0.972067	-0.406523	0.337993	-0.886226	-2.068049	-0.089838	0.603267	-0.637772	-1.416460	-0.712378	-1.034470	-0.783076	-0.672564	-0.566538	-1.057594	-0.438988	-0.585789	0.295181	-0.655735	-0.185387	-0.279522	-0.716513	-1.376079	-1.101457	-1.093655
-0.814482	-2.194723	-0.820226	-0.759352	-1.004230	-1.709090	-1.421317	0.190156	0.001330	-0.798949	0.948634	-0.455539	-0.325995	0.020118	-1.139092	-1.650415	-1.311727	-0.722968	-1.855466	-1.424686	-0.197918	0.323847	-0.031781	-0.615834	1.666031	-2.080906	-0.129499	-1.248511	-2.008325	-1.539821	0.461023	-0.351890	-0.125917	-0.172222	-1.228127	-0.408133	1.943291	-0.699476	-0.694362	-1.520348	-2.017681	-2.153986	-2.044413	-1.273966	-2.621806	-2.188222	-0.752233	0.037097	-0.434247	-1.202534	-1.815518	-0.604245	-1.074161	-0.626618	-0.706916
-0.969572	-1.984622	-1.556252	-1.698205	-1.439006	-1.780439	-1.979150	-0.280099	-1.259230	-2.067818	0.588263	-1.216236	-0.428934	0.098025	-1.691230	-1.121869	-2.234169	-0.931587	-2.557879	-1.436112	-0.677660	0.228022	-0.105592	-1.006463	1.160287	-1.426641	0.892025	-1.261904	-1.737451	-2.335894	-0.606713	-0.502054	0.115828	0.322534	0.272378	-0.816381	2.510767	0.176788	0.767562	-1.544991	-1.716215	-2.209689	-1.879781	-0.618368	-2.656458	-2.656889	-0.880266	-0.161766	0.735927	-1.676241	-2.228282	0.474735	0.029803	-0.206120	0.411815
-0.526547	-0.456141	-0.929062	-1.599288	-0.845884	-0.592177	-1.250736	-0.279556	-1.415609	-2.086716	0.066168	-1.492046	-0.325680	0.122142	-2.127201	0.048282	-1.672080	-0.638100	-1.656268	-0.811760	-1.048348	-0.131896	0.005296	-1.120830	0.665895	0.021079	1.626232	-0.144096	-0.183150	-2.119280	-1.214649	-0.702875	0.921022	0.044441	1.182265	-1.109277	1.765918	0.859319	1.712755	-0.429784	-0.133797	-0.779000	-0.328218	0.890663	-1.044192	-1.415832	-0.899704	0.173313	2.118924	-0.853565	-1.183507	1.774215	0.621832	-0.626305	1.361971
0.154605	0.989439	0.879950	-0.326854	0.309740	1.080166	0.481445	0.475261	-0.426478	-1.028790	-0.211705	-1.304860	0.004077	0.227296	-2.410352	0.712777	-0.110500	-0.077154	0.069398	0.276839	-0.831034	-0.190531	0.330520	-0.703773	0.356913	1.702612	1.111367	1.228175	1.265614	-0.878941	-0.585440	-0.616842	1.648720	-0.283820	0.824735	-1.006361	0.377461	0.584038	1.210694	1.118513	1.467374	1.020253	1.378244	1.818669	0.953892	0.640163	-0.639302	1.138213	2.473158	0.777993	0.455027	1.969964	0.124180	-1.421734	0.932956
0.509590	1.054248	2.282675	1.041771	1.056797	1.688923	2.081050	1.510592	0.717662	0.219693	0.134468	-0.603584	0.426457	0.509920	-2.032323	0.496016	1.342505	0.470657	1.267444	1.183041	0.036592	0.307633	0.698931	0.102999	0.337878	2.672374	-0.123020	1.627009	1.413656	0.589292	0.773190	-0.178417	1.834653	0.203141	-0.229652	-0.437376	-0.274962	-0.146487	-0.239418	1.887811	1.630628	1.757974	2.017541	1.368218	1.775596	1.987218	-0.134776	2.123404	1.365688	1.809496	1.425634	0.771334	-0.742396	-1.476805	-0.561316
0.140431	-0.196589	1.703642	1.128026	0.831145	0.502478	2.383442	1.889821	1.025518	0.845172	0.914819	0.465489	0.767050	0.885710	-0.620782	0.110382	1.785345	0.770597	1.187835	1.253519	0.935911	0.924591	0.882219	0.619573	0.440629	2.182914	-0.665698	0.639510	0.420569	1.170361	1.424124	0.179747	1.514136	1.160127	-0.828377	0.167607	0.499555	-0.309360	-1.186561	1.303158	0.208170	0.950743	1.286708	0.198499	0.911367	1.677114	0.197395	2.266237	-0.226019	1.285700	1.146976	-0.599664	-0.882134	-0.529506	-1.296304
-0.794389	-1.573100	-0.641184	-0.263150	-0.113390	-1.443387	1.121602	1.048159	0.323614	0.517196	1.274585	1.157056	0.888408	1.035349	1.142079	0.329009	1.016508	0.693719	0.227767	0.448185	1.047705	1.024442	0.780093	0.190306	0.275594	0.434557	-0.025784	-0.972860	-0.644369	0.360131	0.526536	-0.043535	0.877837	1.339043	-0.472359	0.117635	1.847996	0.215504	-0.841899	-0.101103	-1.516409	-0.666399	-0.199055	-0.566394	-0.821636	-0.008878	-0.071779	1.274284	-0.885768	-0.309022	0.003501	-0.816659	-0.163173	0.362362	-0.166611
-1.637061	-2.106385	-2.850234	-1.893784	-1.092210	-2.332297	-0.895440	-0.668744	-0.812945	-0.586357	0.475727	0.591920	0.667981	0.526822	1.765213	0.971310	-0.473220	0.306737	-0.665721	-0.651813	0.122186	0.528880	0.435752	-1.026095	-0.320502	-1.450688	0.726504	-2.122857	-1.122415	-1.274176	-1.227582	-0.756449	-0.065722	0.135867	0.314327	-0.773434	2.138131	0.450958	0.123925	-1.285017	-2.215365	-1.976249	-1.573511	-0.703784	-2.198605	-1.918613	-0.813542	-0.283786	-0.299875	-1.581874	-1.228621	-0.034537	0.433046	0.080781	1.670712
-1.785428	-1.815799	-3.309747	-2.422238	-1.594869	-1.443681	-2.430431	-2.278186	-1.632766	-1.854410	-1.185516	-1.123673	0.063774	-0.812628	0.533817	1.207209	-1.807761	-0.075411	-0.923600	-1.376351	-1.230079	0.020088	-0.058683	-2.021970	-1.023471	-2.345135	0.282500	-2.394041	-1.228130	-2.551114	-2.313324	-1.245958	-1.296365	-1.636653	0.798211	-1.762272	0.656042	-0.325527	0.591321	-1.580966	-1.686243	-2.385090	-2.283777	-0.803573	-2.583806	-2.944611	-1.330936	-1.495251	0.491827	-1.670801	-2.000076	0.405222	0.063551	-1.117409	2.091713
-1.178962	-1.201984	-2.182219	-1.688533	-1.546841	0.200106	-2.691577	-2.961503	-1.694755	-2.527654	-2.515109	-2.643279	-0.703200	-2.521601	-1.441687	0.721775	-2.212129	-0.050598	-0.609575	-1.412000	-2.023196	0.110523	-0.592449	-1.867799	-1.359912	-1.985263	-1.332967	-2.104611	-1.340069	-2.545697	-1.827531	-0.918950	-2.439265	-2.595204	0.912267	-1.800259	-1.524503	-1.474468	0.427651	-1.036937	-0.640264	-1.984009	-2.204326	-1.149004	-2.121543	-2.724475	-1.043849	-1.838226	0.429009	-0.931947	-2.091251	-0.248499	-0.855406	-1.801767	0.563106
-0.233237	-0.500772	-0.849527	-0.586164	-1.225090	0.997780	-1.810983	-2.657791	-1.089079	-2.269491	-2.589112	-2.657257	-1.170897	-3.625255	-2.256706	0.151123	-1.543468	0.482444	-0.078837	-0.903672	-1.730362	0.799569	-1.011401	-0.631680	-1.185833	-0.980486	-2.757722	-1.642299	-1.362334	-1.183133	-0.193592	0.046152	-2.888975	-2.098832	1.126509	-0.656044	-2.445131	-1.672648	0.442441	-0.226994	0.180699	-1.169770	-1.529082	-1.340039	-1.295471	-1.696894	-0.101893	-1.457357	-0.360338	-0.241329	-1.466122	-1.236844	-1.075292	-0.987799	-1.166254
0.563985	0.269146	-0.323379	-0.012114	-1.043576	0.327109	-0.630709	-1.975853	-0.385417	-1.507054	-1.635960	-1.315994	-1.045095	-3.397191	-1.263534	0.220264	-0.419520	1.073523	0.296902	-0.349791	-0.739519	1.438593	-1.190617	0.724941	-0.707395	-0.119900	-2.688343	-1.056222	-0.966690	0.691736	1.327808	0.914259	-2.375060	-0.654898	1.617595	0.766221	-1.122741	-0.562718	1.042975	0.129918	0.432914	-0.309457	-0.630476	-1.032579	-0.490647	-0.611085	0.801466	-0.895914	-0.902715	0.013867	-0.327233	-1.320381	-0.016498	0.740856	-1.015098
0.894260	0.865870	-0.503598	-0.193967	-1.276631	-1.068316	0.054265	-1.587067	-0.252114	-1.015316	-0.705242	-0.051756	-0.595489	-2.100867	0.313581	0.754886	0.366586	1.014130	0.221425	-0.326897	-0.023852	1.274635	-1.203135	1.334104	-0.187070	0.257179	-1.138624	-0.300592	-0.157496	1.798043	1.675115	1.205932	-1.338356	0.681885	1.915652	1.357671	1.422505	0.736293	1.514180	-0.392391	0.129797	0.369566	0.162618	-0.490275	0.138470	0.054964	1.185805	-0.661826	-0.651850	0.051981	0.760231	-0.308755	1.457688	1.876878	1.096690
0.624152	0.942067	-0.723687	-0.813250	-1.804613	-2.000867	0.169001	-1.669502	-0.889359	-1.095087	-0.620217	0.018501	-0.479409	-0.815339	0.905401	0.856665	0.626270	0.026230	-0.336713	-1.050706	-0.283939	0.080857	-1.336309	1.208482	0.176913	0.322914	0.597480	0.434567	0.673552	1.338583	0.755168	1.157560	-0.584628	1.140054	1.487065	0.960326	3.029150	0.892219	0.886479	-1.569464	-0.373514	0.807473	0.777652	-0.144879	0.596248	0.329776	1.229183	-0.932220	-0.057409	0.097088	1.117401	0.750188	1.933645	1.590325	3.118143
-0.147390	0.616415	-0.584878	-1.425943	-2.143188	-1.967101	0.280990	-1.845406	-1.759928	-1.279642	-1.320493	-0.794786	-1.070395	-0.396078	0.327750	-0.022362	0.814446	-1.361117	-1.006688	-2.096012	-1.314332	-1.631244	-1.797599	1.042678	0.188963	0.390560	1.158916	0.871592	1.184395	-0.276861	-0.542654	1.325179	-0.453033	0.669786	0.429477	0.445640	2.371439	-0.184384	-0.803426	-2.582969	-0.487455	1.101805	1.336374	0.065435	0.946214	0.550483	1.422417	-1.454667	0.105976	0.045727	0.503683	0.742097	0.964246	0.451963	3.050062
-1.023103	0.502280	-0.186325	-1.719702	-1.854080	-1.391135	0.816090	-1.583409	-1.998868	-0.922109	-2.054376	-1.354220	-2.003525	-0.692477	-0.361514	-1.452592	1.238065	-2.239181	-1.314624	-2.658574	-2.194788	-2.970533	-2.372462	1.328659	-0.243885	0.567473	0.348803	1.003616	1.380312	-1.712352	-1.118343	1.821280	-0.436477	-0.145930	-0.612462	0.665736	0.125880	-1.367635	-2.435707	-2.595496	0.102346	1.375134	1.830483	0.552275	1.233420	0.976681	1.874768	-1.668915	-0.335515	-0.262622	-0.627605	-0.374924	-0.516881	-0.402464	0.984338
-1.471637	0.929581	0.208761	-1.555765	-0.952633	-0.910788	1.437137	-0.659390	-1.208639	0.033022	-2.041290	-1.094262	-2.431666	-0.856520	-0.457779	-2.497674	1.473805	-2.158432	-1.186965	-2.214509	-2.121696	-3.267576	-2.467478	1.780907	-0.854266	0.703633	-0.775908	1.056767	1.441994	-1.880527	-0.616109	2.090547	0.181342	-0.555620	-1.069007	1.503111	-1.805819	-1.584729	-2.851359	-1.377615	0.982623	1.574559	1.959644	1.333615	1.424879	1.536859	2.097322	-1.071224	-0.844226	-0.685167	-1.465480	-1.543816	-1.230662	-0.508091	-1.229639
-1.192490	1.398889	0.532218	-0.906988	0.168386	-0.606428	1.349257	0.709283	0.174497	1.005349	-1.017663	-0.457019	-1.731423	-0.275088	-0.424373	-2.589543	0.825436	-1.476989	-0.969276	-0.936266	-1.046228	-2.429766	-1.584147	1.670989	-1.033064	0.568022	-0.996754	1.131216	1.399820	-0.840238	0.350494	1.488461	1.373589	-0.193181	-0.781238	2.029962	-2.173239	-0.750286	-1.737761	0.562179	1.367334	1.445693	1.431615	1.793528	1.422536	1.897820	1.515426	0.358775	-0.792451	-0.804009	-1.407133	-1.607696	-0.741562	-0.264193	-2.073992
-0.324961	1.149466	0.935783	0.191730	1.203505	-0.019282	0.228585	2.075011	1.353255	1.488557	0.640633	-0.018980	-0.015948	0.930310	-0.936749	-1.846635	-0.728074	-0.871851	-0.885407	0.547637	0.464095	-0.884144	0.207059	0.638644	-0.331166	0.050002	-0.079492	1.130539	1.107020	0.474510	0.932424	-0.015254	2.313667	0.644012	0.104094	1.462115	-1.393752	0.487762	0.347544	2.346433	1.000010	0.802059	0.400859	1.393453	1.167641	1.781517	0.103560	2.013710	-0.002388	-0.299068	-0.399021	-0.382786	0.419655	-0.113069	-1.633486
0.708885	0.166408	1.515735	1.590170	2.169773	1.152497	-1.300254	3.020545	1.916157	1.620497	2.203588	0.352806	1.933642	2.175715	-1.645652	-0.727592	-2.311343	-0.623284	-0.692626	1.739452	1.843188	0.716467	2.229516	-0.922585	1.015598	-0.735103	1.132494	1.042076	0.498501	1.266357	0.890032	-1.754733	2.305713	1.250345	1.226463	-0.132348	-0.730014	1.548522	2.450314	3.223451	0.440313	-0.174697	-0.564429	0.429703	0.708405	1.206583	-1.549974	2.989763	1.168432	0.684525	1.046726	1.182985	1.488849	0.040500	-0.865302
1.518564	-0.765778	2.042217	2.910979	3.089274	2.520170	-2.200043	3.257321	1.992242	1.889034	3.051325	1.182962	3.213282	2.923004	-1.451118	0.387379	-2.940734	-0.458901	-0.056615	2.545506	2.865422	1.829728	3.629369	-2.213778	2.176569	-1.462690	1.643429	0.983097	-0.251235	1.486639	0.621613	-2.871215	1.493884	1.139992	1.997190	-1.895669	-0.751928	2.253539	3.697245	2.955263	0.294902	-1.011724	-1.041809	-0.265545	0.130187	0.413740	-2.703099	2.727944	2.008718	1.521028	2.102247	1.903440	2.029518	0.444875	-0.302246
1.871697	-1.072226	2.035140	3.586782	3.587009	3.233424	-1.968850	2.660271	1.775326	2.349751	2.993557	2.407809	3.365829	2.900434	0.027639	1.266598	-2.391944	-0.004553	0.843623	3.019292	3.430569	2.259494	3.910696	-2.641628	2.396415	-1.743565	1.203951	0.880663	-0.867374	1.519255	0.487635	-2.873934	0.478924	0.456098	1.824567	-2.805107	-0.954388	2.548595	3.660840	1.961722	0.430290	-1.389822	-1.165038	-0.382566	-0.529334	-0.382782	-2.906854	1.490273	1.858995	1.536877	2.092527	1.391967	1.896558	0.845630	0.121165
1.615923	-1.055956	1.231575	3.185819	3.094948	2.767195	-1.002473	1.390671	1.215107	2.406703	2.253307	3.110717	2.556011	2.100307	1.688081	1.695359	-1.248938	0.765783	1.357837	3.040184	3.295622	2.136539	3.155572	-2.174119	1.551126	-1.355051	0.310471	0.419745	-1.206444	1.479014	0.323090	-1.943944	-0.497862	-0.269692	0.574297	-2.429885	-0.747662	2.231183	2.504052	0.981810	0.273743	-1.429450	-1.338936	-0.505055	-1.221358	-1.098277	-2.193870	0.179484	0.734117	0.569749	0.969985	0.228224	1.048867	0.613691	0.396973
0.718500	-1.283489	0.001732	1.828502	1.594554	1.503350	-0.102706	-0.006659	0.338831	1.541822	1.250385	2.463215	1.342335	0.840063	1.961328	1.500317	-0.242069	1.532515	1.112121	2.435418	2.301356	1.676740	1.808481	-1.315684	0.136187	-0.411596	-0.435216	-0.452752	-1.287958	1.022564	-0.325357	-0.870194	-1.553665	-0.678338	-1.222684	-1.320843	-0.231518	1.150717	0.752922	0.356605	-0.238600	-1.422514	-1.612775	-1.190120	-1.756959	-1.663812	-1.088041	-0.477882	-0.442146	-0.849384	-0.580281	-0.762271	-0.358672	-0.397821	0.255237
-0.465432	-1.562019	-0.824427	0.269109	-0.007799	0.492373	0.274758	-0.784332	-0.347548	0.142133	0.445694	0.848090	0.362294	-0.205594	0.597420	0.792388	0.354806	1.952772	0.533889	1.388629	0.857544	1.021629	0.318264	-0.740570	-1.104913	0.681988	-0.688687	-1.161996	-1.098227	-0.081120	-1.553366	-0.496841	-2.366548	-0.751296	-2.665298	-0.553590	0.196224	-0.343541	-1.056520	-0.261726	-0.451483	-1.330866	-1.542146	-1.958987	-1.795489	-1.896915	-0.343230	-0.602705	-0.607682	-1.832701	-1.559800	-1.204369	-1.770353	-1.379142	-0.286463
-1.132402	-1.011035	-0.653422	-0.547229	-0.536255	0.534271	0.328047	-0.472015	-0.155747	-0.672909	0.222921	-0.248271	0.076899	-0.349016	-0.820132	0.093815	0.744687	1.905808	0.408849	0.499703	-0.114828	0.324696	-0.980851	-0.717794	-1.582790	1.478227	-0.246273	-0.974016	-0.474655	-1.313120	-2.743962	-0.934384	-2.006854	-0.502796	-3.001923	-0.627631	0.452740	-1.356394	-2.412963	-1.205520	0.133812	-0.755319	-0.762874	-1.659227	-1.025068	-1.549096	-0.332611	-0.869357	0.289759	-1.659235	-1.303598	-1.155402	-2.355454	-1.214660	-0.623986
-0.613461	0.698308	0.339539	-0.165977	0.293116	1.412155	0.562638	0.679217	0.949154	-0.192324	0.608469	0.269574	0.481440	0.475271	-0.476220	-0.010971	1.162858	1.462840	0.926809	0.251549	-0.022631	-0.181915	-1.759029	-0.807630	-1.204357	1.733865	0.867558	0.113339	0.617346	-1.602332	-2.937740	-1.347546	-0.118882	0.149748	-2.051168	-0.876382	0.607415	-1.135361	-2.726977	-1.949557	1.068730	0.457631	0.407443	0.064100	0.501292	-0.557751	-0.614391	-1.523885	1.199688	-0.182409	0.097687	-0.701397	-1.600387	0.324744	-0.139732
0.792999	2.505109	1.351590	0.971812	1.482272	2.051365	1.146867	1.744412	2.017962	1.037174	1.042297	1.759217	0.967241	1.465311	1.534018	0.480955	1.485779	0.711630	1.385134	0.462907	0.672590	-0.381943	-1.718422	-0.334578	-0.477389	1.487437	1.981206	1.175550	1.680768	-0.392764	-1.724455	-0.794730	2.022374	1.037112	-0.378525	-0.281479	0.499384	0.062011	-1.710171	-1.537394	1.343856	1.712089	1.123087	1.981670	2.101713	0.704034	-0.376048	-1.957707	1.187413	1.930319	1.810654	0.069412	0.072418	2.145974	1.016080
1.796015	2.824186	1.591246	1.786913	1.716883	1.556975	1.643344	1.807862	1.940005	1.737587	0.753980	2.355366	0.780442	1.579276	3.096879	0.851288	1.346904	-0.274187	1.001839	0.489424	0.878279	-0.451743	-0.878336	0.714956	-0.112169	0.991329	1.986628	1.262113	1.908487	1.527865	0.181651	0.654525	2.465027	1.526766	0.983621	1.118776	-0.026476	1.004641	0.005367	0.034287	0.557861	2.094243	0.878707	2.361016	2.754821	1.565626	0.556377	-1.448020	0.457787	3.350031	2.709033	0.734901	1.399269	2.729557	1.969246
1.306325	1.348895	0.877180	1.446517	0.737034	0.163979	1.503919	0.776459	0.665597	1.301652	-0.364074	1.067061	-0.130088	0.547339	2.450251	0.465427	0.682074	-1.245245	-0.074385	0.048806	0.133474	-0.635975	0.266285	1.519461	-0.360190	0.577800	0.536145	0.427295	1.091982	2.584612	1.461420	1.875329	0.815284	1.037202	1.313197	2.080194	-0.711519	0.707878	1.131996	1.470486	-0.544660	1.423027	0.146472	0.885839	2.031777	1.647341	1.421352	-0.138100	-0.120719	2.983255	2.161588	0.668894	1.307917	1.538770	1.986269
-0.285121	-0.425712	-0.230925	0.190172	-0.450830	-0.971610	0.800254	-0.509625	-0.652255	0.393789	-1.452814	-0.957105	-0.937550	-0.809797	0.303475	-0.360230	0.004405	-1.726739	-0.850193	-0.398968	-0.830814	-0.873377	1.035661	1.399634	-0.805989	0.450170	-1.212281	-0.368524	0.051325	2.009304	1.460681	1.921247	-1.144984	-0.187145	0.820702	1.684104	-1.110199	-0.435431	0.991101	1.618869	-0.905101	0.550640	-0.111522	-0.879189	0.702991	1.248544	1.458280	1.001287	-0.238052	1.119663	0.664623	-0.179273	0.013859	-0.440592	1.139032
-1.378175	-0.862744	-0.890918	-0.838222	-0.794512	-1.037005	0.192350	-1.079107	-0.928746	-0.006511	-1.570591	-1.729243	-0.894988	-1.385547	-1.044830	-0.710872	-0.127685	-1.421042	-0.684591	-0.317729	-1.017183	-0.862496	1.067448	0.718410	-0.875760	0.492353	-1.684093	-0.402724	-0.252130	0.661357	0.784131	1.086789	-1.520654	-1.096721	0.318565	0.583696	-1.102153	-1.101187	0.211851	0.798252	-0.394874	0.324895	0.350482	-1.242544	-0.011853	0.921206	0.868741	1.180356	-0.336108	-0.595227	-0.491900	-0.951707	-1.098139	-1.584021	0.106301
-0.949195	-0.072250	-0.705398	-0.777274	-0.333172	-0.398829	0.090237	-0.727792	-0.324844	0.181058	-0.767848	-0.799124	-0.257694	-0.897426	-0.571528	-0.309879	0.145827	-0.638927	-0.071788	0.112549	-0.377566	-0.506186	0.554116	0.359630	-0.465284	0.387143	-0.719165	0.057571	0.127196	-0.040924	0.419302	0.424096	-0.455804	-0.891137	0.242002	0.124520	-0.862595	-0.649340	-0.163828	0.181837	0.133951	0.544124	0.709784	-0.311698	0.156673	0.748154	0.439713	0.566184	-0.617184	-0.812802	-0.514505	-0.807910	-0.927874	-1.144887	-0.474284
0.249526	0.478071	-0.041171	0.043656	0.137651	0.064223	0.196644	-0.056251	0.175088	0.311709	0.055167	0.372962	0.137608	-0.077073	0.412784	0.139849	0.187153	-0.042485	0.119698	0.298253	0.277657	-0.066485	0.036630	0.470722	0.005733	0.056369	0.296113	0.298302	0.340879	0.220908	0.508332	0.354044	0.393551	0.030069	0.276460	0.486934	-0.514532	0.171855	0.055467	0.230105	0.078612	0.436148	0.264195	0.382749	0.390795	0.419930	0.396222	-0.021477	-0.597058	0.060662	0.091147	-0.033070	0.107360	0.061009	-0.427614
0.702691	0.114458	0.435675	0.613753	0.237843	0.157556	0.116077	0.315262	0.159199	0.179620	0.285816	0.501854	0.037756	0.277959	0.393340	0.050942	-0.125092	0.095806	-0.088987	0.183766	0.404522	0.159985	-0.061823	0.386845	0.103619	-0.142841	0.264318	0.147476	0.050647	0.587719	0.435828	0.308257	0.153800	0.510734	0.038545	0.599135	-0.187769	0.376288	0.267934	0.403993	-0.135878	-0.025203	-0.414717	0.069107	0.166608	0.003707	0.243421	-0.074269	-0.016215	0.581009	0.362821	0.352764	0.638975	0.618070	-0.073057
0.115404	-0.223150	0.489629	0.512985	0.304031	0.350688	0.032250	0.372416	0.157999	0.280785	0.168995	0.050618	-0.037685	0.211173	-0.228429	-0.217296	-0.150419	0.082116	0.061949	0.285041	0.246634	0.128915	0.206028	-0.124702	-0.126294	0.117488	-0.309373	0.065791	-0.145184	0.463818	0.021176	-0.139604	-0.359904	0.099631	-0.292091	-0.035477	-0.162219	0.056149	0.108013	0.259123	0.143119	-0.050141	-0.227147	-0.339810	0.023184	0.045688	-0.204814	0.152103	0.478587	0.261144	0.239479	0.065495	0.124197	0.164851	0.076420
-0.287959	0.320266	0.419622	0.274410	0.548335	0.683157	0.314802	0.444571	0.508081	0.726739	0.170054	0.148124	0.207411	0.278529	-0.147396	-0.076623	0.411047	0.154491	0.646877	0.653736	0.221973	-0.004341	0.394573	-0.314435	-0.184962	0.554885	-0.247943	0.359074	0.198519	0.257627	-0.064570	-0.431285	-0.063394	-0.366905	-0.362934	-0.461010	-0.420006	-0.047866	-0.148496	0.080644	0.631870	0.572940	0.680020	0.080854	0.463873	0.617864	-0.347782	0.232381	0.254513	0.051723	0.402546	-0.074368	-0.486174	-0.293500	-0.166996
0.471788	0.978869	0.478430	0.459482	0.526082	0.448190	0.715317	0.529395	0.552363	0.645473	0.226480	0.682523	0.275028	0.507123	0.509264	0.256947	0.772145	0.028200	0.598428	0.474363	0.289250	-0.050109	0.145244	0.465204	0.354339	0.481191	0.592156	0.702722	0.527565	0.475078	0.653661	0.208404	0.883300	0.080067	-0.324626	0.292162	-0.298465	0.098216	-0.140192	0.301739	0.395311	0.843053	0.837149	0.587907	0.843397	0.841524	0.308400	0.316231	-0.194592	0.713181	0.904507	0.546865	-0.109159	0.123947	-0.460323
1.745169	0.509726	0.482383	0.806339	-0.220431	-0.721324	0.584533	0.255722	-0.425936	-0.667158	-0.032935	0.491783	-0.383105	0.294658	0.382213	0.099015	0.089570	-0.593971	-0.818202	-0.816688	0.114007	0.076934	-0.438769	1.721361	1.326041	-0.309337	1.225710	0.613256	0.130194	0.803679	1.570540	1.555380	1.437773	1.221322	-0.559296	1.725805	0.730523	-0.194124	0.093531	0.832553	-0.715421	-0.092129	-0.478601	-0.127957	0.268013	-0.013187	1.337495	0.824717	0.042853	1.569805	0.879107	1.356701	0.982564	0.959460	-0.435675
2.031871	-0.674025	0.129488	0.545695	-1.345205	-2.013988	-0.131332	-0.464537	-1.873200	-2.400434	-0.587483	-0.791444	-1.485132	-0.536132	-0.782432	-0.638253	-1.130787	-1.322608	-2.627711	-2.442148	-0.477639	0.193168	-0.957985	2.380490	2.003089	-1.131876	0.936565	0.159707	-0.581481	0.579218	1.686946	2.513209	1.090227	1.917418	-0.868076	2.521034	2.043411	-1.014162	0.226187	1.187255	-1.517209	-1.477265	-1.919991	-1.589753	-0.825301	-1.280115	1.930499	1.476440	0.701083	1.400891	-0.137827	1.378176	1.556694	1.168320	-0.241653
0.749709	-0.791443	-0.513174	-0.628755	-1.976449	-2.239518	-0.715279	-1.168235	-2.388442	-2.890775	-0.985579	-2.107121	-2.239033	-1.229858	-1.552841	-1.383696	-1.486388	-1.377873	-3.012927	-2.996760	-1.403006	-0.120251	-1.211383	2.026600	1.720713	-1.152049	0.054318	-0.118089	-0.467785	-0.258047	0.870463	2.345971	0.318009	1.430230	-0.563478	2.153777	2.345129	-1.461239	-0.038005	0.971473	-0.791968	-1.671687	-1.589301	-1.745404	-1.064994	-1.517251	1.858419	1.252115	0.462942	0.038942	-1.380525	0.512789	1.020674	0.596520	-0.235008
-1.172556	0.787264	-1.031193	-2.102923	-1.722708	-1.257633	-0.643955	-1.402896	-1.476230	-1.649563	-0.972810	-2.337647	-2.303780	-1.034039	-0.892955	-1.738744	-0.478579	-0.579344	-1.439989	-2.136548	-2.385783	-1.031026	-1.351049	1.121499	0.537470	-0.396733	-0.734474	-0.002188	0.651128	-1.099114	-0.078091	1.344324	-0.250144	0.075158	0.497480	1.207281	1.253992	-0.911125	-0.708516	0.143314	1.085595	-0.215664	0.522041	0.174363	-0.073868	-0.349067	1.440922	-0.315315	-1.136029	-1.476782	-1.772778	-0.451003	0.060777	0.031795	-0.325879
-2.277775	2.432936	-1.071584	-2.820123	-1.013191	-0.094802	-0.209134	-1.203123	-0.129134	0.029853	-0.758882	-1.545468	-1.921170	-0.213929	0.407181	-1.714611	0.889041	0.389326	0.761874	-0.876561	-2.892657	-1.966155	-1.460044	0.224062	-0.726452	0.313299	-1.199970	0.067440	1.525113	-1.341478	-0.462787	0.268747	-0.521448	-1.254747	1.491486	0.348723	-0.208958	0.074178	-1.325452	-0.926284	2.327801	1.560974	2.469537	2.315293	0.989001	1.041554	0.839511	-2.202859	-2.758116	-2.074984	-1.138236	-0.845093	-0.339850	-0.012080	-0.129313
-1.863551	2.261096	-0.609305	-2.199512	-0.393925	0.355949	0.072968	-0.793727	0.572683	0.744326	-0.561496	-0.534498	-1.187340	0.299776	0.955634	-1.211239	1.457896	0.845885	2.035303	-0.117671	-2.307964	-1.937558	-1.204602	-0.540161	-1.196216	0.431523	-1.394207	-0.315812	1.080020	-0.875916	-0.350309	-0.490883	-0.619739	-1.836946	1.544756	-0.374691	-0.923585	0.591368	-1.174625	-1.574232	1.708769	2.158644	2.706113	2.555594	1.058905	1.461462	-0.082475	-2.778832	-2.734906	-1.540286	-0.093363	-0.678942	-0.103566	0.113216	0.299180
-0.429300	0.515553	0.084444	-0.678172	0.113735	0.268412	0.219438	-0.183665	0.748599	0.574360	-0.255833	0.239413	0.149407	0.056463	0.566229	0.023313	1.218994	0.897456	2.193554	0.383936	-0.592351	-0.586755	-0.240793	-1.238733	-0.765924	0.278327	-1.190267	-0.829342	-0.125443	-0.084518	-0.234034	-1.040009	-0.395773	-1.485790	0.765519	-1.165298	-0.909603	0.582268	-0.041667	-1.320865	-0.047826	1.545140	1.697220	1.279487	0.498101	1.078244	-1.222350	-1.592809	-1.083287	-0.392295	0.808482	-0.283151	-0.004178	-0.097634	0.414201
0.851328	-0.887868	0.599752	0.638627	0.692506	0.323514	0.537844	0.590641	1.086533	0.492229	0.270725	0.841120	1.892099	-0.502106	0.163058	1.700750	0.936480	1.119113	2.067741	1.165105	1.291442	1.255191	1.061899	-1.723036	-0.175197	0.377223	-0.529001	-0.858799	-0.692374	0.449885	-0.412318	-1.488366	0.276109	-0.553549	0.031965	-1.836609	-0.873883	0.570233	1.287936	-0.396038	-1.234686	0.795561	0.883932	0.603700	0.282862	0.792751	-2.009525	0.123786	0.489749	0.677674	1.333501	0.160984	-0.538706	-0.518354	-0.037908
1.097915	-0.879188	0.605123	0.951544	1.078983	0.622427	0.906783	1.068498	1.446429	0.709423	0.685517	1.253648	2.944157	-0.709237	0.332930	2.802934	0.951213	1.669462	2.064118	1.822330	2.036599	2.282203	1.703200	-1.656820	-0.180774	0.587704	0.113892	-0.466567	-0.304494	0.363128	-0.770109	-1.625400	0.942496	0.300345	-0.091630	-1.859133	-0.975488	0.597502	1.653117	0.391320	-1.193044	0.516703	0.720747	1.266285	0.464180	0.759641	-1.917014	0.861327	0.499657	1.183188	1.270559	0.573301	-1.210610	-0.629263	-0.637904
0.385835	-0.342517	0.108497	0.425213	0.731327	0.600005	0.817532	0.696334	0.934503	0.443113	0.520597	1.171508	2.285763	-0.428329	0.663952	2.500601	0.894113	2.047864	1.712791	1.429007	1.272978	1.949333	1.086129	-0.896831	-0.716038	0.338646	0.098607	-0.384359	-0.076054	-0.201968	-0.947110	-1.175196	0.877165	0.541172	0.122912	-1.020642	-0.686862	0.184869	0.752652	0.465956	-0.777526	0.252982	0.451607	1.690369	0.209702	0.279085	-1.029485	0.417085	-0.832354	0.965852	0.481961	0.736316	-1.141325	-0.288461	-0.884471
-0.431393	-0.567433	-0.479260	-0.139822	-0.340600	-0.080820	0.124724	-0.397612	-0.640610	-0.723418	-0.131360	0.469269	0.313476	-0.040867	0.494436	1.083452	0.423326	1.698311	0.595365	0.001179	-0.012748	0.863562	-0.241085	0.228783	-1.030087	-0.432636	-0.476549	-0.961089	-0.911035	-0.771127	-0.622531	-0.262519	0.043819	0.188859	0.133194	0.134053	0.226479	-0.672986	-0.499491	0.029893	-0.886122	-0.563607	-0.438779	0.405265	-0.805903	-0.928245	0.033992	-0.149503	-2.019762	0.199088	-0.705069	0.438562	-0.204500	0.097244	-0.804831
-0.582327	-1.454514	-0.696171	-0.211142	-1.342719	-0.986539	-0.675146	-1.313202	-2.130619	-1.996879	-0.584869	-0.463398	-1.326254	0.119050	-0.178227	-0.304065	-0.281768	0.608696	-0.851565	-1.233726	-0.514503	0.022144	-1.116097	1.047227	-0.623381	-1.084317	-0.709885	-1.578398	-2.199194	-1.030654	0.237003	0.539874	-0.676321	-0.185757	-0.116794	0.673155	1.193360	-1.157093	-0.983046	-0.337831	-1.255154	-1.655641	-1.391689	-1.781088	-1.819721	-2.062807	0.667926	0.077259	-1.826956	-0.717481	-1.569618	-0.151773	0.787078	0.141329	-0.715551
-0.087269	-1.862514	-0.507943	0.017981	-1.510262	-1.421598	-1.052079	-1.269682	-2.241436	-2.220105	-0.348818	-1.041338	-1.407354	0.095745	-0.759188	-0.787622	-0.848616	-0.713122	-1.737818	-1.233570	0.058104	-0.139264	-0.920100	1.028270	0.198401	-1.112189	0.023572	-1.384759	-2.557286	-1.032697	1.271999	0.700895	-0.501398	-0.064137	-0.238974	0.164347	1.459823	-0.583685	-0.510840	-0.425061	-1.057661	-2.209589	-1.607096	-2.811740	-1.971780	-2.154713	0.671295	0.881830	-0.240400	-1.370474	-1.642812	-0.516683	1.032611	-0.096742	-0.655190
0.370424	-1.299155	-0.343055	0.016686	-0.926235	-1.234470	-1.028428	-0.442393	-0.994340	-1.190845	0.274621	-1.016917	-0.329912	0.075811	-0.794772	-0.453850	-1.153010	-1.650770	-1.672134	-0.317972	0.824249	0.066832	-0.007333	0.243621	0.777997	-0.793166	1.215683	-0.362277	-1.523191	-0.910738	1.865698	0.221621	0.245194	0.386501	-0.073202	-0.837850	0.891978	0.639300	0.205143	-0.473986	-0.244068	-1.865310	-1.130045	-1.951847	-1.344408	-1.221272	0.219479	1.367513	1.680385	-1.535754	-1.119491	-0.296989	0.563700	-0.354577	-0.407587
0.208218	-0.516432	-0.597853	-0.438061	-0.319328	-0.888941	-0.981980	0.275647	0.387601	0.197707	0.556967	-0.596274	0.511976	0.039242	-0.388461	0.000641	-1.260593	-1.830522	-1.051866	0.338802	0.796656	0.125058	0.872329	-0.676871	0.862191	-0.753277	1.757733	0.644966	-0.033648	-0.625616	1.533932	-0.417703	0.499895	0.474430	0.020956	-1.310242	0.017893	1.385914	0.491627	-0.657433	0.295593	-1.054112	-0.689824	-0.444667	-0.701161	-0.173503	-0.370913	1.058622	2.678509	-1.256744	-0.553009	0.352355	-0.001751	-0.567334	0.029548
-0.477337	-0.383849	-1.162490	-1.057714	-0.186928	-0.801779	-1.077572	0.286843	0.875562	0.967278	0.206983	-0.142846	0.334493	-0.151151	0.046309	0.083076	-1.187788	-1.300200	-0.499690	0.115302	-0.078014	-0.115450	1.262577	-1.120658	0.691752	-1.121920	1.205660	0.901079	0.734281	-0.156716	0.387524	-0.759868	-0.209674	-0.125742	-0.300955	-0.829032	-0.543037	1.062418	0.309878	-0.819562	-0.069288	-0.423828	-0.717068	0.236730	-0.517407	0.233810	-0.822301	0.303150	2.278383	-0.782933	-0.290506	0.944768	-0.238006	-0.799944	0.351417
-1.047724	-0.754183	-1.480929	-1.336087	-0.346204	-0.832426	-1.107503	-0.132064	0.546427	0.900509	-0.318781	0.104893	-0.332128	-0.390057	0.198632	-0.108751	-0.922690	-0.502113	-0.248348	-0.472646	-0.925939	-0.369272	1.124215	-1.006726	0.501822	-1.376833	0.218514	0.506001	0.574757	0.221034	-0.776563	-0.740936	-1.137916	-0.854896	-0.776746	-0.023397	-0.567425	0.200284	0.004941	-0.776518	-0.797307	-0.210834	-0.909636	-0.013957	-0.611635	0.044289	-0.965118	-0.267188	1.142919	-0.412583	-0.283329	1.066426	-0.212072	-0.936334	0.349534
-0.958427	-0.807884	-1.079996	-0.972348	-0.325906	-0.538898	-0.818002	-0.304206	0.121696	0.405757	-0.380161	0.095442	-0.481956	-0.349223	0.003149	-0.193904	-0.540266	0.063582	-0.125636	-0.536317	-0.872730	-0.287504	0.603732	-0.681613	0.254718	-0.972174	-0.269614	0.076935	0.124814	0.124467	-1.094503	-0.581532	-1.189124	-0.868087	-0.801340	0.152831	-0.226838	-0.260883	-0.186524	-0.580757	-0.804765	-0.234088	-0.739676	-0.313534	-0.589630	-0.245545	-0.764388	-0.364219	0.352952	-0.314961	-0.318796	0.601428	-0.175457	-0.727365	0.137784
-0.266265	-0.251068	-0.052789	-0.110006	0.008923	0.175256	-0.232963	-0.021400	-0.032968	-0.144293	0.107257	-0.083459	0.117558	0.052403	-0.415847	-0.038237	-0.135749	0.285874	0.038316	0.099540	0.069259	0.143157	-0.116560	-0.403463	-0.113166	0.046602	-0.081814	-0.082666	-0.158752	-0.450002	-0.518830	-0.442633	-0.226605	-0.063473	-0.244441	-0.468533	0.235858	-0.077354	-0.267149	-0.363913	0.141037	-0.288030	-0.126591	-0.192159	-0.345953	-0.373439	-0.334354	-0.128566	0.238054	-0.436437	-0.296060	-0.254941	-0.223958	-0.165976	-0.100234
