X1	X2	X3	X4	X5	X6	X7	X8	X9	X10	X11	X12	X13	X14	X15	X16	X17	X18	X19	X20	X21	X22	X23	X24	X25	X26	X27	X28	X29	X30	X31	X32	X33	X34	X35	X36	X37	X38	X39	X40	X41	X42	X43	X44	X45	X46	X47	X48	X49	X50	X51	X52	X53	X54	X55
0.142519	-0.173862	-0.216192	-0.227195	-0.035207	-0.079795	-0.383511	0.025852	-0.165400	-0.363585	-0.289543	-0.125116	-0.165454	0.104335	-0.123652	-0.161011	-0.346921	-0.037036	-0.039926	-0.106584	-0.026488	-0.240270	-0.298174	-0.380763	0.026849	-0.346086	-0.082171	-0.227811	-0.182774	-0.063990	-0.192738	-0.489447	0.068497	-0.369963	-0.316664	-0.253016	0.265196	-0.187353	-0.335841	-0.234953	-0.125003	-0.377068	-0.218497	-0.114844	-0.571252	-0.359931	-0.404966	-0.171633	-0.155084	-0.223378	-0.322942	-0.008017	-0.316333	-0.588701	-0.490413
1.200297	0.430061	0.493400	1.317257	0.823663	0.710359	0.399658	2.246991	1.287520	0.443697	2.266788	0.758016	1.769172	2.154152	1.565787	1.381863	0.164793	0.872703	0.340432	1.260990	1.810307	1.810235	1.268163	1.849725	1.143284	-0.289969	0.216997	0.168491	0.772179	1.288067	1.849057	1.365406	0.978244	2.153220	0.201940	1.425840	0.532969	2.229056	1.179230	1.457471	0.041468	0.298844	0.424804	0.143939	-0.053645	0.382271	1.806847	1.361975	0.387048	1.077383	-0.057110	-0.502070	1.022085	-0.079715	-0.593463
1.835437	0.588514	0.632378	1.732225	0.841863	0.863395	0.563807	2.768900	1.665214	0.649895	3.212150	1.462954	2.278130	2.777783	2.412337	1.904269	-0.016271	0.971520	0.207725	1.647458	2.227114	2.278293	2.002052	2.457566	1.235397	-0.210220	0.093360	0.754882	1.250078	1.871552	2.477973	2.050360	1.411936	2.497003	0.448358	1.956121	0.422101	2.883495	1.518282	1.815969	0.104169	0.706959	0.604166	0.011483	-0.363189	0.410029	2.516837	1.871662	0.990843	1.305648	0.208780	-0.431046	1.447283	0.329456	-0.478795
1.418132	0.233381	0.075824	0.751199	0.006622	0.223609	0.084153	1.207022	0.859516	0.215157	1.985877	1.381870	0.967882	1.505378	1.963368	1.125910	-0.701773	0.184026	-0.305845	0.744682	0.924543	0.866753	1.480005	1.360765	0.271689	-0.061205	-0.170684	1.096586	1.060984	1.298950	1.373969	1.489679	0.953436	0.739358	0.294930	1.252602	-0.368341	1.453886	0.770697	0.985102	-0.047798	0.654584	0.351957	-0.279594	-1.000095	-0.125195	1.646401	1.205541	1.097129	0.486447	0.380793	0.249247	0.820820	0.537934	-0.075946
-0.031939	-0.271697	-0.780579	-0.759031	-0.872579	-0.665782	-0.562493	-1.144628	-0.328552	-0.394812	-0.551860	0.234079	-1.112949	-0.675660	0.439467	-0.320604	-1.108038	-0.751993	-0.610224	-0.717504	-0.953622	-1.168275	0.024684	-0.147144	-0.819501	0.010291	-0.032342	0.585909	0.349799	-0.032313	-0.474830	0.435726	-0.168683	-1.138140	-0.074945	0.213747	-1.418518	-0.804931	-0.084196	0.137909	-0.399125	0.111639	-0.056523	-0.190475	-0.902370	-0.559060	0.323861	0.152936	0.194235	-0.540225	0.223811	1.015392	-0.194412	0.485019	0.427706
-1.304894	-0.478951	-1.324479	-1.483353	-0.976264	-0.955989	-0.901337	-2.393046	-1.061655	-0.711340	-2.665878	-1.131709	-2.242736	-2.027368	-1.303158	-1.411380	-0.815710	-1.001165	-0.379758	-1.446203	-1.792573	-2.110284	-1.366193	-0.889251	-1.126965	-0.259746	0.394716	-0.586608	-0.527385	-1.119972	-1.664303	-0.525654	-0.944092	-1.549297	-0.262204	-0.348788	-1.625392	-2.218514	-0.451181	-0.095313	-0.671260	-0.678865	-0.538046	0.274434	-0.066881	-0.627238	-0.480504	-0.365052	-1.136029	-1.122674	-0.397877	1.195174	-0.803666	0.272066	0.747608
-1.226808	-0.298283	-1.179427	-0.887321	-0.266081	-0.347643	-0.741615	-1.759292	-1.126784	-0.638631	-2.962048	-1.518125	-1.607897	-1.692959	-2.254967	-1.533498	-0.133656	-0.450456	0.139744	-0.807280	-1.100329	-1.371353	-1.717747	-0.838240	-0.612060	-0.720729	0.401693	-1.426230	-1.182117	-1.330690	-1.632086	-1.296034	-0.654911	-0.697261	-0.115373	-0.491268	-0.536982	-1.995594	-0.500617	-0.119115	-0.487776	-1.225605	-1.020759	0.445217	0.465076	-0.596932	-0.759293	-0.176829	-1.577615	-1.154364	-1.154709	0.503112	-0.758514	0.190684	0.837580
-0.205657	-0.050296	-0.514320	0.206641	0.516532	0.490598	-0.171246	-0.179101	-0.819049	-0.431512	-1.495504	-0.897703	-0.140608	-0.489480	-1.921727	-0.910580	0.377850	0.271160	0.536614	0.435362	-0.002798	-0.003905	-0.932542	-0.736979	0.017259	-0.723539	-0.287026	-1.287294	-1.390982	-1.069809	-1.039107	-1.833719	0.136169	0.263207	0.025556	-0.748168	0.884690	-0.608893	-0.477793	-0.390322	0.183158	-1.115826	-1.095293	-0.089085	0.129134	-0.652251	-1.037823	0.099107	-0.618292	-0.794048	-1.397193	-0.636879	-0.438509	0.461160	0.891972
0.271393	-0.023111	0.091441	0.480197	0.629192	0.601671	0.516011	0.877213	-0.402534	-0.362932	0.293320	-0.406445	0.518281	0.195968	-0.631091	-0.254328	0.466714	0.583948	0.734385	0.915810	0.130575	0.500991	0.127996	-1.042541	0.162895	0.078005	-0.963413	-0.620593	-1.153847	-1.109334	-0.825567	-1.894292	0.302064	0.778375	-0.165244	-1.188242	1.471531	0.862305	-0.233789	-0.617557	0.857953	-0.397061	-0.359123	-0.731314	-0.428436	-0.589215	-1.515779	-0.126144	0.840497	-0.318548	-0.856221	-1.245755	-0.303279	0.934119	0.968329
-0.363634	-0.064391	0.197260	-0.414604	0.085941	-0.150184	0.974226	0.938985	0.154794	-0.393236	0.976317	-0.718984	-0.110903	0.050591	0.797724	0.025091	0.289428	0.579167	0.975166	0.225607	-0.647083	-0.168221	0.564683	-1.472602	-0.088322	1.119915	-0.698121	-0.257835	-0.539311	-1.397977	-1.039839	-1.308622	-0.265670	1.167187	-0.355196	-1.238246	1.339481	1.685254	0.406679	-0.246589	1.006518	0.450483	0.887148	-0.469709	-0.326000	-0.191112	-1.812825	-0.687853	1.669625	-0.102511	-0.022151	-0.542712	-0.309498	1.203026	0.841448
-1.095009	0.211524	-0.085971	-1.482016	-0.420115	-0.909656	1.047514	0.651186	0.901387	-0.232638	0.446327	-1.170617	-0.908961	-0.076831	1.677886	0.163949	0.162311	0.733484	1.386203	-0.674135	-1.061330	-0.980498	0.335804	-1.502593	-0.260287	1.524775	0.477306	-0.293449	0.388102	-1.093223	-0.897670	-0.309334	-0.523809	1.669810	0.150338	-0.523533	1.430166	1.858306	1.175830	0.618856	0.650351	0.953327	1.711548	0.785206	0.399797	0.368073	-1.495352	-0.911674	1.804168	-0.305607	0.373333	1.164945	-0.005256	1.057642	0.383736
-0.860414	0.813693	-0.283530	-1.541990	-0.342354	-0.854071	0.844206	0.615873	1.517053	0.210703	-0.310722	-0.842546	-0.699991	0.369443	1.816953	0.529864	0.255900	1.152797	1.688835	-0.725712	-0.426081	-0.952146	0.042212	-1.032352	-0.149185	1.149824	1.475243	-0.117443	1.367967	0.159234	0.052057	0.574888	0.152577	1.880647	1.376740	0.466719	1.867020	1.724705	1.530799	1.211889	0.280873	0.984069	1.505631	1.867462	0.976201	0.666618	-0.674029	-0.523555	1.918733	-0.552980	0.146343	2.486581	0.740650	0.696122	-0.101831
0.049852	1.202049	-0.078415	-0.486951	0.121339	-0.116570	0.529160	0.654749	1.460535	0.604763	-0.498692	0.127376	0.279590	0.760271	1.447480	0.979370	0.438822	1.362955	1.398117	-0.052854	0.457728	-0.244092	-0.006021	-0.405458	0.053775	0.635055	1.375779	0.618302	1.869142	1.570836	1.261690	0.951056	1.016794	1.319882	2.356337	0.881822	1.667739	1.420574	1.212488	1.010083	0.176832	0.692209	0.643487	1.625808	0.926639	0.509256	0.083482	-0.018749	2.180721	-0.234818	-0.254175	2.242612	1.337275	0.401724	-0.202851
0.659316	0.877598	0.447093	0.796485	0.353019	0.498935	0.161061	0.341513	0.599759	0.605372	-0.163699	0.910054	0.891179	0.210610	0.938045	1.045839	0.443545	0.932489	0.326510	0.393836	0.559336	0.359262	-0.074385	0.089477	0.237923	0.466738	0.497069	1.526845	1.522603	2.165866	1.892846	0.852946	0.997271	0.204112	2.144340	0.559255	0.248644	0.835935	0.513049	0.358140	0.046075	0.287474	0.008314	0.307981	0.529925	0.155193	0.404649	0.043975	1.965641	0.742097	-0.362872	0.794734	1.112844	0.146669	-0.009110
0.756633	0.014737	0.988627	1.487855	0.081955	0.502381	-0.188037	-0.184281	-0.483888	0.357177	0.301462	1.236147	0.713066	-0.996533	0.515433	0.681472	0.239389	0.099125	-1.107984	0.171689	0.127774	0.630364	-0.325352	0.481390	0.608698	0.427315	-0.090608	1.984345	0.617303	1.954475	1.848611	0.608459	0.141307	-0.664512	0.972741	0.205556	-1.487099	0.025736	0.000914	0.023337	-0.514723	-0.025859	0.012777	-0.697087	0.334403	0.061005	0.462795	-0.166775	0.850591	1.650280	-0.169321	-0.298038	0.295884	-0.276136	-0.120800
0.896080	-0.684170	1.269115	1.472086	-0.365443	0.153464	-0.340125	-0.315910	-1.001446	0.284956	0.742250	1.532072	0.456077	-1.508025	0.157456	0.374523	0.088856	-0.465807	-2.087553	-0.221747	0.202804	0.978139	-0.378005	0.853526	1.257325	0.098186	0.017699	1.758861	-0.099164	1.671318	1.699038	0.447651	-0.562443	-0.711259	0.035500	0.442341	-2.028815	-0.596193	-0.014371	0.262424	-1.333133	-0.086546	0.298584	-0.465649	0.516041	0.402741	0.585098	-0.044158	-0.587513	1.568840	0.031239	-0.089256	-0.080215	-0.777711	-0.936871
1.220504	-0.714370	1.160141	1.071645	-0.491620	0.026403	-0.208756	0.231386	-0.694412	0.455654	1.124606	1.906973	0.754950	-0.478781	-0.244140	0.419954	0.127734	-0.443232	-1.965525	-0.199206	0.927272	1.474836	0.121207	1.057312	1.751535	-0.418640	0.162616	1.073317	-0.180301	1.591513	1.703557	0.288091	-0.479527	-0.132464	0.098022	0.990751	-0.957223	-0.624978	0.232282	0.582634	-1.638026	0.084206	0.350900	0.508295	0.775172	0.871855	0.720566	0.505510	-1.255800	0.374855	0.068708	0.698988	0.535740	-0.923141	-2.052696
1.139589	-0.185520	0.764500	0.600945	-0.099596	0.379533	0.068026	1.010975	0.045092	0.536983	1.206778	1.764158	1.220377	1.319411	-0.603037	0.506852	0.163672	-0.116413	-0.765942	0.179435	1.263432	1.512484	0.843144	0.884964	1.507877	-0.552368	-0.231779	0.312839	0.155653	1.209510	1.415267	-0.031815	0.115718	0.384393	0.657348	1.082628	0.616270	-0.135492	0.284415	0.471176	-0.835704	0.288281	0.165841	1.087620	0.740043	1.014430	0.548795	0.872856	-0.703814	-0.960288	0.083872	0.749617	1.388758	-0.491448	-2.453829
0.337282	0.429205	0.411146	0.271667	0.590663	0.918612	0.340514	1.272912	0.660731	0.412448	0.723647	0.710016	1.052238	2.219687	-0.608532	0.304235	0.101581	0.162879	0.751627	0.463466	0.525937	0.714572	1.146753	0.447667	0.575784	0.000687	-0.686849	-0.187216	0.464308	0.195349	0.478163	-0.343265	0.614635	0.419420	0.723520	0.522837	1.275951	0.390127	0.096704	0.080294	0.697203	0.405824	0.156323	0.834220	0.396890	0.757163	0.075904	0.609903	0.412183	-1.223710	0.290937	-0.076328	1.320152	0.132718	-1.414608
-0.536442	0.742395	0.370748	0.172196	1.075317	1.032468	0.582836	0.724563	0.852639	0.368511	-0.125325	-0.638219	0.193509	1.423833	-0.059850	0.081092	0.202826	0.362958	1.558564	0.375006	-0.599247	-0.323930	0.930799	0.166312	-0.235982	0.761822	-0.345134	-0.241583	0.617986	-0.818473	-0.552986	-0.168422	0.685251	0.225532	0.183830	-0.034910	0.720654	0.604569	0.120261	-0.064409	1.741020	0.498433	0.482486	0.265550	0.091827	0.438062	-0.162534	0.073953	1.046418	-0.213396	0.580618	-0.622289	0.330647	0.380536	0.591881
-0.614068	0.645367	0.489600	0.137405	0.865592	0.335971	0.666364	-0.170180	0.612499	0.498825	-0.668190	-1.206509	-0.604109	-0.190008	0.792277	0.290011	0.556808	0.478301	1.103679	-0.092660	-1.021246	-0.689426	0.637125	0.307898	-0.207306	0.855535	0.680791	0.073533	0.750818	-0.814253	-0.679115	0.695518	0.332003	0.332378	-0.080685	0.056781	-0.143989	0.588771	0.584593	0.134687	1.340509	0.561709	0.736858	0.007131	0.106549	0.300403	0.306219	-0.094253	0.799771	0.956734	0.503628	-0.065136	-0.320244	0.230969	1.947811
0.022116	0.294859	0.289601	-0.147635	-0.074516	-0.866835	0.305674	-0.667065	0.119077	0.396194	-0.435157	-0.674563	-0.756784	-1.131695	1.306267	0.722570	0.652334	0.264102	-0.226785	-0.795466	-0.699049	-0.305413	0.451286	0.628033	0.429828	-0.024993	1.295733	0.412209	0.868753	0.345788	0.265891	1.710981	-0.218903	0.822119	0.540299	0.606373	-0.379529	0.564108	0.951099	0.215419	-0.193658	0.402875	0.470684	0.121115	0.332013	0.221503	1.174175	0.101942	0.147910	0.975811	-0.187748	0.923033	0.290406	0.226057	1.298920
0.385061	0.026058	-0.415478	-0.727276	-1.118448	-1.723477	-0.478515	-0.494956	-0.322239	-0.214166	0.232634	0.216978	-0.478387	-0.940545	0.928388	0.622734	0.006346	-0.365602	-1.395766	-1.397870	-0.514899	0.033087	0.034407	0.583319	0.713833	-1.174042	0.839806	0.416792	0.782289	1.577767	1.233733	1.928486	-0.589540	1.144268	1.486448	0.823530	-0.010419	0.522990	0.454427	-0.154601	-1.523717	-0.030636	-0.109574	0.313360	0.462470	0.080273	1.471248	0.022178	-0.226820	-0.255080	-1.086243	0.961026	1.541148	0.695921	-0.904582
-0.199207	0.125110	-1.126846	-1.179678	-1.417243	-1.588305	-1.066877	-0.067913	-0.410397	-0.869744	0.452346	0.545201	-0.343904	-0.446213	-0.276319	-0.263463	-0.948344	-0.900018	-1.549560	-1.453681	-0.905878	-0.259200	-0.765240	-0.061637	0.063440	-1.551185	-0.056750	0.062267	0.412101	1.645539	1.097806	0.895090	-0.509680	0.704038	1.679704	0.279132	0.230858	0.283301	-0.861383	-0.701732	-1.570595	-0.373903	-0.278592	0.441552	0.433883	0.105925	0.567539	-0.678819	-0.110427	-1.509241	-1.444791	-0.384351	2.013086	1.238044	-2.637210
-1.274193	0.540610	-1.082962	-1.003382	-0.718837	-0.615075	-0.797079	0.040999	-0.057864	-0.820764	-0.234979	0.136247	-0.495025	-0.481639	-1.508094	-1.174718	-1.165706	-0.653202	-0.658395	-0.815355	-1.254177	-0.831820	-1.381958	-0.845072	-1.054474	-0.840819	-0.385928	-0.299135	-0.014591	0.465804	-0.019976	-0.731562	-0.146699	-0.422718	0.843990	-0.563055	-0.098797	-0.193945	-1.970121	-0.909934	-0.475005	-0.179439	0.300377	0.550409	0.487464	0.547277	-0.974699	-1.494091	0.238169	-1.554841	-0.923666	-2.080033	1.167755	1.148244	-2.341632
-1.779558	0.867345	-0.095798	-0.180952	0.327055	0.476347	0.171382	-0.274895	0.537986	0.039183	-1.273859	-0.394194	-0.502370	-0.804218	-1.767411	-1.149555	-0.291635	0.298076	0.541935	0.114949	-0.780031	-0.885698	-1.119585	-0.915707	-1.660082	0.275147	-0.105405	-0.261284	-0.146257	-0.778080	-0.841163	-1.550044	0.046387	-1.454847	-0.150594	-0.808022	-0.676943	-0.638511	-1.835616	-0.628449	0.718290	0.470924	1.030829	0.560921	0.749088	1.118169	-1.726106	-1.617431	0.521036	-0.400188	0.120429	-2.689247	-0.157785	0.224666	-0.524070
-1.168624	0.697565	1.128257	0.714505	0.823242	1.101961	0.822080	-0.614549	1.017995	1.008865	-1.622744	-0.337830	0.002721	-0.580058	-0.739035	-0.172891	0.728966	0.926626	1.143122	0.716235	0.369217	-0.180297	-0.123486	0.078306	-1.275360	0.817119	-0.009170	0.278856	0.122928	-0.862582	-0.404496	-0.667677	-0.061942	-1.663513	-0.318323	-0.113333	-0.891941	-0.655670	-0.479201	-0.157770	1.145993	0.896653	0.941332	0.263678	0.891101	1.121446	-0.774472	-0.874424	0.624541	0.853235	1.019028	-1.725343	-0.874478	-1.006002	0.932206
0.110863	-0.019471	1.555237	0.979874	0.521619	1.121966	0.300604	-0.594176	1.003090	1.299101	-0.881246	0.391456	0.701308	0.298416	0.759179	0.745163	0.670540	0.286471	0.690449	0.684637	1.207515	0.625080	0.589115	1.336698	-0.297926	0.377356	-0.447112	1.013818	0.454757	0.155687	0.730391	1.193229	-0.099686	-1.131638	0.232641	0.782847	-0.579564	-0.203791	0.918240	0.091056	0.756356	0.485705	-0.260118	-0.335403	0.403732	0.215610	1.135289	0.053513	0.445967	1.197238	1.308209	-0.017033	-0.833495	-1.758316	0.890325
1.061153	-0.957095	0.733187	0.356124	-0.120191	0.585583	-1.087858	-0.320839	0.220541	0.691575	0.260567	1.102711	0.736767	0.869652	1.353625	0.594052	-0.481550	-1.352282	-0.546014	0.153510	0.935771	0.621250	0.146808	1.417631	0.439435	-0.603882	-0.855904	1.372401	0.276942	0.933300	1.000256	2.053300	0.140170	-0.620725	0.383797	0.653561	-0.197516	0.116264	1.001347	-0.127403	0.000909	-0.602775	-1.818166	-0.928812	-0.731526	-1.125565	2.048534	0.282423	-0.220389	0.573421	0.927559	1.061380	-0.723884	-1.593486	0.077281
0.948417	-1.674542	-0.814450	-0.780677	-0.701286	-0.462361	-2.084565	-0.284424	-1.249759	-0.446985	0.792993	0.908178	-0.394596	0.281543	0.354778	-0.687914	-1.439722	-2.671199	-1.792246	-0.588786	-0.321230	-0.420357	-1.252526	-0.230214	0.331005	-1.284495	-0.690207	0.855916	-0.689618	0.253689	-0.375396	0.591072	0.130931	-0.674828	-0.604791	-0.877450	-0.312195	-0.413960	-0.470792	-0.760302	-0.772625	-1.503234	-2.614821	-1.274257	-1.765660	-2.025395	0.738754	-0.413131	-1.380096	-0.335772	0.129900	0.764766	-1.066466	-0.706416	0.003216
-0.140324	-1.880515	-2.050165	-1.712854	-1.300499	-1.744643	-1.749909	-0.774438	-2.740994	-1.490983	0.479391	-0.377265	-2.094841	-0.987892	-1.519294	-2.223632	-1.116689	-2.641876	-2.323197	-1.283623	-1.686680	-1.743726	-2.454992	-2.303602	-0.586233	-1.163960	-0.217473	-0.521413	-2.043577	-1.593921	-2.366179	-2.219629	-0.795879	-1.028028	-2.083408	-2.619019	-0.937852	-1.624746	-2.208309	-1.363473	-1.442525	-1.481481	-2.159228	-1.420673	-1.787846	-1.997020	-1.750507	-1.296579	-2.501224	-0.892097	-0.673265	-0.405665	-1.621582	0.276300	1.060803
-1.361990	-1.517528	-2.264979	-1.877926	-1.952362	-2.554523	-0.394095	-1.459187	-3.228705	-1.818968	-0.002226	-1.901585	-2.964379	-1.520829	-2.756383	-2.958185	0.125643	-1.475467	-1.922600	-1.619383	-2.222863	-2.209063	-2.337978	-2.681499	-1.632035	-0.467882	-0.032389	-2.014987	-2.893601	-3.014044	-3.150836	-3.779601	-2.302197	-0.944946	-2.691275	-2.763826	-1.403362	-2.329858	-2.466809	-1.276922	-1.793161	-0.673685	-0.936836	-1.411658	-0.676375	-1.275223	-2.884280	-1.267869	-2.775074	-0.968550	-1.027253	-1.217971	-1.735772	0.896513	2.119404
-1.789349	-0.695513	-1.515066	-1.210047	-2.085784	-2.172966	0.867101	-1.625821	-2.132881	-1.083197	0.049373	-2.476759	-2.064501	-0.592440	-2.455047	-2.416483	1.013941	-0.196002	-0.898252	-1.237942	-1.529972	-1.283004	-0.778790	-0.663314	-1.958559	0.181683	-0.190070	-2.559513	-2.536550	-2.732413	-2.070037	-2.451244	-3.003607	0.006489	-1.858772	-0.772706	-0.970008	-1.575822	-0.762612	-0.224156	-1.418174	0.113931	0.119801	-0.985949	0.698250	-0.455269	-1.247162	0.040251	-1.865818	-0.786674	-0.593436	-0.928542	-1.026770	1.298938	2.046645
-1.159351	0.376751	-0.354648	-0.122320	-1.001298	-0.615214	1.318349	-0.886808	0.006742	0.440772	0.567238	-1.662576	0.068748	0.957994	-1.067220	-0.949266	0.896099	0.446822	0.262100	-0.057473	0.036857	0.451647	1.192240	2.126028	-1.250238	0.425510	-0.259734	-1.664256	-1.047332	-1.076730	-0.255899	0.714511	-1.883213	1.540220	-0.303634	1.858538	0.346008	0.170307	1.559897	1.211506	-0.145626	0.327788	0.475073	0.099323	1.339521	0.082585	1.854825	1.735016	-0.313810	-0.505489	0.576443	0.044377	0.284814	1.879653	1.141397
-0.007798	1.374831	0.685467	0.828512	1.071855	1.193286	1.159006	0.367590	1.835353	1.815921	0.877764	-0.130843	1.821426	1.695299	0.260409	0.589315	0.288327	0.480461	1.196645	1.433148	1.597338	1.771470	2.212038	3.364019	-0.018496	0.397334	-0.034876	0.021579	0.712604	0.457317	0.697797	3.068929	0.478937	2.816029	0.830131	2.989420	1.664886	1.454703	2.637002	1.968456	1.518711	0.192980	0.347117	1.441023	1.072529	0.378122	3.723911	2.444024	0.898701	-0.059797	1.850230	0.710221	1.499066	2.486239	0.637212
0.882901	1.860507	1.283195	1.303973	2.786372	2.135192	0.887047	1.260995	2.314257	2.051860	0.470711	0.962570	2.023969	1.171951	0.888789	1.461067	-0.053998	0.381897	1.702000	2.374223	2.314400	1.882033	1.744947	2.369956	0.859308	0.338828	0.204814	1.145736	1.671907	0.758455	0.356601	2.997890	2.357723	2.989483	0.970529	1.974879	2.077463	1.393251	1.904249	1.533601	2.573765	0.214127	0.275300	2.007172	0.466333	0.603616	3.018764	1.732631	1.147833	0.614248	2.274875	0.593316	1.841591	2.331330	1.033969
1.070023	1.466277	1.187489	1.261247	2.797068	1.787128	0.558181	1.180202	1.508494	0.921699	-0.489673	0.901042	0.992229	0.205196	1.048762	1.497891	-0.103864	0.519653	1.641048	2.162357	1.929592	1.046505	0.522955	0.517126	0.891186	0.213865	0.078455	0.803087	1.296027	0.033631	-0.423703	1.197365	2.470605	1.847810	0.310793	0.180679	1.479454	0.470091	0.457043	0.467472	2.272394	0.378425	0.418131	1.071933	-0.040485	0.686003	0.811496	0.553323	0.535455	1.241031	1.296881	0.037855	1.001176	0.960612	1.500536
0.574070	0.200473	0.260825	0.786785	1.029210	0.613428	-0.109397	0.246091	0.255765	-0.853523	-1.329881	-0.111900	-0.023262	-0.315021	1.160015	1.042899	-0.377800	0.833245	0.988624	0.948167	0.870774	0.146977	-0.259194	-0.502924	0.259968	-0.164994	-0.501554	-0.654001	-0.039531	-0.698507	-0.688179	-0.470806	0.980377	0.043556	-0.623117	-0.663333	0.428118	-0.250243	-0.327415	-0.247246	0.733935	0.164770	0.381623	-0.889349	-0.601599	0.316197	-0.913799	0.107947	-0.378704	1.211398	-0.659564	-0.400532	-0.547081	-0.958490	1.023457
-0.241732	-1.418840	-1.158145	0.038266	-1.220612	-0.533495	-1.091469	-0.851028	-0.702035	-2.225375	-1.486823	-1.135576	-0.227684	-0.396202	1.198883	0.516053	-1.097856	0.884833	-0.003519	-0.443205	-0.098309	-0.262551	-0.199294	-0.352253	-0.473230	-0.775318	-1.237815	-1.933589	-1.359550	-0.734822	-0.334866	-0.900387	-0.856209	-1.420928	-1.406129	-0.291334	-0.596699	-0.381242	-0.212708	-0.273076	-1.127486	-0.670905	-0.254351	-2.487710	-1.487103	-0.624053	-1.239580	0.467948	-1.050935	0.146544	-2.410980	-0.499378	-1.859674	-2.183592	-0.291691
-0.745970	-2.588139	-2.146991	-0.616797	-2.381814	-0.990124	-1.848615	-1.373705	-1.077684	-2.544267	-0.979680	-1.196090	0.135763	-0.512801	0.937416	0.109018	-1.840657	0.298690	-0.820681	-1.104434	-0.385143	-0.298318	0.060724	0.071739	-0.775943	-1.326325	-1.564812	-1.961726	-1.842976	-0.200357	0.080288	-0.417605	-1.730139	-1.994788	-1.806005	0.173549	-1.400032	-0.396764	0.026924	-0.111198	-2.231912	-1.605495	-1.347664	-2.731063	-2.431246	-1.703182	-0.689090	0.685913	-1.220412	-1.431713	-2.921589	-0.300597	-2.298938	-2.129450	-1.317147
-0.330482	-2.689531	-1.849964	-0.682962	-1.821111	-0.578902	-1.830405	-1.011194	-0.819474	-1.801744	-0.254801	-0.115495	0.447767	-0.664917	0.525985	-0.146354	-1.953353	-0.724764	-1.023382	-0.696625	0.069102	-0.254782	-0.123362	-0.063806	-0.385116	-1.512711	-1.037467	-0.789332	-1.384154	0.312960	0.101502	0.004997	-1.124173	-1.793505	-1.689870	-0.160040	-1.695036	-0.685491	-0.149279	-0.285732	-1.999178	-1.819446	-2.214224	-1.916249	-2.725653	-2.165317	-0.210774	0.202575	-0.936620	-2.238222	-2.077961	0.108050	-1.976006	-1.276159	-1.122003
0.920726	-1.712724	-0.393225	-0.052260	-0.174184	0.321885	-1.044067	-0.093555	-0.049389	-0.513034	0.347200	1.198409	0.488722	-0.430141	0.405491	-0.221524	-1.175443	-1.440652	-0.616635	0.314535	0.756097	-0.165677	-0.500594	-0.727933	0.496551	-1.213772	0.124126	0.541562	-0.536171	0.336909	-0.287932	-0.215973	0.392177	-1.179100	-1.115293	-0.962699	-1.146136	-0.923903	-0.472670	-0.687881	-0.671519	-1.081257	-2.226662	-1.103261	-1.965231	-1.639359	-0.278294	-0.406491	-0.481058	-1.421872	-0.668826	0.515749	-1.453190	-0.484461	0.066023
1.927010	-0.286800	1.065482	0.671678	1.299711	0.968886	-0.025864	0.641008	0.732036	0.541386	0.779455	1.480463	0.399074	0.168869	0.613815	-0.135345	0.114236	-1.265499	-0.027670	1.036213	0.988306	-0.003188	-0.400843	-1.313056	1.158584	-0.496694	1.056126	0.968315	0.044260	-0.176956	-0.851098	-0.900377	1.548081	-0.452066	-0.512399	-1.376614	0.009216	-0.656595	-0.565187	-0.891542	0.843467	0.021044	-1.346527	-0.854631	-0.524230	-0.531577	-0.759058	-0.362161	-0.198469	0.384719	0.347906	0.513884	-1.110558	-0.201690	1.088934
1.496403	0.825881	1.450316	0.721729	1.697160	0.810350	0.709198	0.732839	0.889327	0.832767	1.017308	0.381869	0.245756	0.495226	0.587442	-0.026822	1.210508	-0.384381	0.316659	0.894261	0.506617	0.049860	0.217456	-1.290667	0.916515	0.444666	1.170241	0.341367	0.175032	-0.858987	-1.266164	-1.375905	1.397682	0.097308	-0.395640	-1.118838	0.891904	-0.080399	-0.576818	-0.791895	1.593189	0.795913	-0.054271	-0.711984	0.810241	0.467502	-1.147519	0.128805	-0.221674	1.624602	0.637862	-0.174917	-0.786946	-0.251343	1.022257
-0.255623	1.354869	0.860306	0.076632	1.032360	0.036605	1.096670	0.510200	0.391943	0.618054	0.958388	-1.037256	-0.019123	0.209736	-0.092951	-0.003486	1.685384	0.492229	0.352060	0.109128	-0.275049	-0.134762	0.765228	-0.581805	-0.016030	1.358057	0.895102	-0.477536	0.242571	-1.140735	-1.150382	-1.092668	0.229352	0.251933	-0.659374	-0.506996	0.906254	0.272238	-0.700571	-0.557417	1.300374	1.197234	1.165953	0.092507	1.565016	1.161129	-0.927840	0.229733	-0.297319	1.533436	0.651376	-1.214690	0.000191	-0.153758	0.048847
-1.748026	1.541332	0.336181	-0.489835	0.038467	-0.561527	1.377936	0.663185	-0.046685	0.690969	0.712865	-1.336600	-0.291036	-0.168804	-1.011935	0.040963	1.693879	0.904647	0.299695	-0.589238	-0.735174	-0.289924	0.976023	0.384354	-0.474970	2.047855	1.051297	-0.473788	0.674856	-0.670719	-0.278604	-0.212083	-0.727441	0.126120	-0.476853	0.213120	0.404104	0.389869	-0.528512	-0.130543	0.514602	1.601318	2.139551	1.596384	1.806395	1.817255	-0.112961	-0.178587	-0.007980	0.860082	0.994480	-1.661213	1.369616	0.294363	-0.933966
-1.555592	1.547993	0.597941	-0.353317	-0.526191	-0.416919	1.616433	1.269640	0.098763	1.316589	0.680169	-0.223179	-0.305384	-0.007736	-1.301802	0.295927	1.620072	0.978425	0.324067	-0.705262	-0.685067	-0.049883	1.199047	0.904225	0.399387	2.440091	1.609383	0.491678	1.348925	0.367538	1.071309	0.451637	-0.649090	0.076195	0.702782	0.963805	0.090688	0.689363	0.412888	0.689750	-0.009388	1.962506	2.789501	2.915493	1.753464	2.401510	0.551789	-0.282914	0.728053	0.662472	1.646259	-0.705458	2.589937	0.643893	-1.424657
0.028571	1.172603	1.300049	0.275016	-0.423967	0.251887	1.511367	1.605790	0.417022	1.711392	1.074015	1.192951	0.060789	0.508058	-0.630849	0.721096	1.477567	1.005073	0.398282	-0.335513	-0.367186	0.463775	1.544530	0.546630	1.984498	2.476738	1.686072	1.558042	1.694500	1.416863	2.186980	0.295610	0.101770	0.188462	2.215388	1.352199	0.107803	1.128723	1.620404	1.570913	0.000324	1.675779	2.835741	3.080654	1.422432	2.324424	0.296808	0.334139	1.457440	0.910082	1.911990	1.383318	2.560552	0.167457	-1.676189
1.414487	0.340891	1.602417	0.767265	0.084271	0.813253	0.798530	1.097466	0.181909	1.022106	1.505466	1.693776	0.615847	0.680710	0.446501	1.014488	0.908325	0.985879	0.484710	0.178968	0.066649	0.705847	1.367278	-0.419421	2.717584	2.024539	0.860057	1.787245	1.412884	2.025918	2.495929	-0.385513	0.702652	0.097137	2.700206	0.741522	0.115329	1.079812	1.836869	1.587666	0.322222	0.486151	2.005159	1.962747	0.732920	1.238167	-0.729514	0.850394	1.599955	0.807763	1.234981	3.133322	0.997950	-1.231068	-1.947586
1.544857	-0.434889	1.204611	0.906798	0.641700	0.984783	-0.214107	0.134090	-0.491107	-0.361459	1.307782	1.204040	1.029544	0.339914	1.103110	0.957049	-0.098787	0.805867	0.661181	0.708420	0.708853	0.448636	0.159829	-1.258118	1.846748	1.065886	-0.135754	1.083584	0.853422	2.083000	2.025816	-0.832527	0.955216	-0.437730	1.608640	-0.857034	-0.007237	0.259431	0.558672	0.295607	0.681916	-0.857361	0.583971	0.339863	-0.165637	-0.213841	-1.578151	0.262797	1.015267	0.188705	-0.042933	3.058987	-1.031070	-2.650905	-1.884979
0.880603	-0.506831	0.582360	1.010839	1.084777	1.000285	-0.724441	-0.342431	-0.664663	-1.037826	0.309340	0.609846	1.134303	0.045295	1.022659	0.697056	-0.788100	0.663553	0.953899	1.277534	1.456761	0.171285	-1.352310	-1.444447	0.249911	-0.051403	-0.347939	0.143741	0.524426	1.664753	1.265126	-0.756760	1.232745	-0.945744	-0.176929	-2.301077	-0.056851	-0.739081	-1.149994	-1.367767	0.920296	-1.295262	-0.540520	-0.809810	-0.821419	-0.877767	-1.575984	-1.065018	0.097464	-0.141561	-0.912829	1.203601	-2.017156	-2.950555	-0.996317
0.546307	0.054768	0.296814	1.321837	1.387408	1.089737	-0.238450	0.090799	0.161807	-0.249608	-0.897389	0.587861	1.007512	0.191035	0.567779	0.578115	-0.360451	0.913077	1.150014	1.695876	1.768877	0.459903	-1.723733	-1.028989	-0.628788	-0.797437	0.202762	-0.342535	0.421160	0.887960	0.654547	-0.477502	1.608982	-0.670038	-1.367319	-2.253777	-0.021074	-1.150076	-1.733775	-1.846731	0.830621	-0.696204	-0.683124	-1.006263	-0.832099	-0.354860	-0.929914	-1.646466	-0.624360	0.424525	-0.737052	-0.735458	-1.438150	-1.842861	0.485342
0.896354	0.430921	0.333735	1.557945	1.452469	1.072829	0.773976	0.887580	1.245092	1.125715	-1.543357	0.890242	0.754511	0.358703	0.270298	0.680116	0.924083	1.410388	0.948509	1.529865	1.147273	1.144152	-0.519316	-0.423164	-0.355479	-0.964633	0.634959	-0.311722	0.097710	-0.046636	0.255450	-0.263113	1.568690	0.332800	-1.559876	-0.696532	-0.212200	-0.937681	-0.841646	-0.767864	0.225289	0.015087	-0.129742	-0.489523	-0.309276	0.497399	-0.238820	-0.740958	-0.892164	1.314463	0.079892	-1.128480	-0.168194	-0.149185	1.640117
1.205427	0.022708	0.228427	1.184248	1.080129	0.607339	1.275383	1.105464	1.362847	1.533641	-1.403688	0.757416	0.312711	-0.105554	0.200783	0.652032	1.816301	1.433761	0.338755	0.581818	-0.205289	1.363588	1.017627	-0.004708	0.221735	-0.799682	0.309395	-0.239512	-0.629926	-0.855164	-0.151567	-0.004056	0.673534	0.977386	-1.237724	0.882378	-0.725772	-0.651381	0.403089	0.513890	-0.679802	0.038205	0.182773	0.017950	0.120418	0.515250	0.194435	0.644199	-0.783676	1.361462	0.588151	-0.134487	0.511279	1.021559	1.817913
0.648936	-0.767087	-0.311343	0.048105	0.208753	-0.279852	0.778794	0.327696	0.242900	0.479164	-0.853105	-0.163233	-0.391021	-1.058871	-0.077569	0.117530	1.415152	0.559072	-0.266671	-0.700801	-1.423042	0.582520	1.357100	0.099077	0.101428	-0.573315	-0.504166	-0.562768	-1.319794	-1.347319	-0.726327	0.398165	-0.765577	0.419143	-0.804820	1.092530	-1.075486	-0.573086	0.759590	0.529985	-1.213036	-0.370764	-0.211946	-0.084218	-0.046231	-0.437838	0.419080	0.995726	-0.502727	0.214739	0.387008	0.614192	0.192013	1.301303	1.279168
-0.715275	-0.969107	-1.087331	-1.355215	-0.837288	-1.096370	-0.158756	-0.944428	-1.083658	-1.014214	-0.394179	-1.413689	-1.149725	-1.562515	-0.838434	-0.802733	0.107215	-0.662756	-0.396061	-1.493788	-1.768408	-0.733468	0.373024	0.022259	-0.814954	-0.266349	-1.055931	-1.185133	-1.393774	-1.558330	-1.365994	0.712048	-1.855634	-0.777299	-0.196102	0.161287	-0.695900	-0.425629	0.124356	-0.503675	-0.864604	-0.408316	-0.788638	-0.643872	-0.586295	-1.342559	0.519420	0.120949	-0.176251	-1.198213	0.005347	-0.030831	-0.424881	1.220306	0.753802
-2.024998	-0.222129	-1.646495	-2.251592	-1.455115	-1.350765	-0.694962	-1.756149	-1.417427	-1.623037	-0.289354	-2.166286	-1.567819	-1.045942	-1.614845	-1.527710	-1.021040	-1.300343	-0.045733	-1.360013	-1.324055	-1.648241	-0.770348	-0.005315	-1.830496	0.153204	-1.004069	-1.518621	-0.844407	-1.620819	-1.806919	0.655478	-1.919154	-1.280268	0.532256	-0.550121	0.248776	0.038176	-0.660350	-1.070409	0.096212	0.094815	-0.780120	-0.853615	-0.803861	-1.272657	0.488195	-0.823174	0.153149	-1.690114	0.112388	-1.486276	-0.489654	1.329983	0.579506
-2.463225	0.763252	-1.637339	-2.187543	-1.247385	-1.005757	-0.690212	-1.584551	-0.651341	-1.072401	-0.483215	-1.945743	-1.470253	-0.098271	-1.604270	-1.595541	-1.381294	-1.153772	0.266013	-0.648943	-0.777519	-1.741509	-1.150612	0.083460	-2.272480	0.398761	-0.698764	-1.042709	-0.205556	-1.500248	-1.830614	0.291937	-1.068409	-0.668737	0.849617	-0.338939	0.887869	0.547715	-0.891936	-0.406816	0.843757	0.460400	-0.199617	-0.261425	-0.404761	-0.482080	0.323348	-0.954157	0.424003	-1.045358	0.591956	-2.252739	0.017933	1.393357	0.513092
-1.893451	1.044366	-0.991664	-1.333036	-0.444394	-0.427861	-0.613499	-0.793751	0.262333	-0.166261	-0.673980	-0.953426	-1.027429	0.254074	-0.699650	-1.076884	-1.178039	-0.812111	0.096670	-0.055398	-0.552620	-1.299269	-0.932384	0.124464	-1.964180	0.179069	-0.579522	0.114619	0.146678	-0.981570	-1.362820	-0.039327	-0.034469	0.129530	0.409415	0.147890	0.622065	0.665792	-0.597666	0.547885	0.854991	0.172913	0.217074	0.505618	0.147812	0.028426	0.102357	-0.633643	0.558641	-0.067060	0.734544	-1.642151	0.427679	0.797455	0.289700
-0.846500	0.527388	-0.046217	-0.337535	0.228227	-0.010032	-0.638715	-0.180778	0.450200	0.241220	-0.560770	0.110358	-0.484340	-0.133367	0.229399	-0.397743	-0.777503	-0.658505	-0.341091	0.091292	-0.421558	-0.728564	-0.703045	-0.014461	-1.131271	-0.228307	-0.564131	1.131249	0.332575	-0.076344	-0.542468	-0.104859	0.483485	0.165648	-0.274522	0.082741	-0.121998	0.406757	-0.206704	0.553568	0.367342	-0.343977	0.044243	0.498599	0.278813	-0.149609	-0.053937	-0.612586	0.565556	0.404860	0.295478	-0.392649	0.336295	-0.294386	0.027761
-0.103882	-0.030342	0.498853	0.116024	0.217048	0.083769	-0.390682	-0.099161	-0.024810	0.030975	-0.167469	0.496688	-0.018364	-0.390084	0.323937	0.059680	-0.309836	-0.392071	-0.400394	-0.030793	-0.101499	-0.216870	-0.578852	-0.187418	-0.244921	-0.167098	-0.317938	1.138322	0.514818	0.657278	0.221018	0.028057	0.321230	-0.309064	-0.316046	-0.336707	-0.341606	0.199530	0.001537	-0.176266	-0.036109	-0.301425	-0.250085	-0.169013	0.030213	-0.404349	-0.076614	-0.810420	0.537714	0.211628	-0.118850	0.329008	0.078660	-0.805658	-0.045926
-0.145677	0.035282	0.118536	-0.173450	-0.297482	-0.050470	0.260993	-0.172479	-0.423872	-0.311259	0.192705	-0.022304	0.161367	0.151716	-0.245577	0.112255	0.072587	0.262872	0.195163	-0.120654	0.146644	0.065312	-0.302444	-0.137338	0.111792	0.478999	0.069533	0.104077	0.519767	0.570946	0.478424	0.144221	-0.123896	-0.295370	0.457217	-0.292414	0.377288	0.318192	0.042042	-0.315684	-0.056736	0.335414	0.021336	-0.335504	-0.126815	-0.123020	0.000625	-0.537941	0.551470	-0.308040	0.045615	0.200649	0.180161	-0.109576	-0.002920
-0.708260	0.626471	-0.861131	-0.725860	-0.596591	-0.146383	0.703519	0.103096	-0.215533	-0.317490	0.357034	-0.815116	-0.063184	1.071502	-0.579598	-0.213453	0.046690	0.882949	0.983378	-0.021910	-0.056118	-0.079951	0.117401	0.117012	-0.314879	0.959850	0.155513	-0.948258	0.230243	-0.184883	0.223134	0.154573	-0.259000	0.577671	1.292574	0.387969	1.358885	0.617890	0.036018	0.641836	0.198025	0.766850	0.754881	0.633035	-0.024755	0.351290	0.114083	0.273787	0.648899	-0.784705	0.442289	-0.123832	0.666343	0.982493	-0.072089
-0.949345	1.110629	-1.437950	-0.844155	-0.245432	-0.024031	0.330006	0.685435	0.395673	0.018823	0.491023	-0.872843	-0.437370	1.445108	-0.226808	-0.616304	-0.468551	0.808819	1.263001	0.251280	-0.451765	-0.525063	0.294480	0.212769	-1.006864	0.569068	-0.130071	-0.893781	0.007593	-0.623097	-0.041224	0.174474	0.179940	1.585027	1.394425	0.914657	1.590006	0.803497	0.037468	1.563948	0.454008	0.413630	1.103076	1.843276	0.019329	0.213241	0.244651	0.745070	0.840150	-0.947737	0.341866	0.029538	1.125054	1.218359	-0.220884
-0.367776	0.958758	-1.037412	-0.415391	0.360242	0.098117	-0.518121	1.032426	0.706169	0.257158	0.660170	0.037179	-0.541407	0.955807	0.323635	-0.651952	-0.999248	0.046647	0.781644	0.430607	-0.454939	-0.772657	-0.044974	-0.164959	-1.058207	-0.408769	-0.347045	0.196989	0.223110	-0.083710	0.052968	0.308264	0.783295	1.803032	0.735079	0.525525	0.802812	0.712319	-0.000292	1.104146	0.419878	-0.368560	0.534621	1.839596	-0.262807	-0.595743	0.321750	0.164457	0.963152	-0.665325	-0.274135	0.538704	1.223536	0.573194	-0.175858
0.461904	0.148232	-0.205818	-0.076624	0.400939	-0.267622	-0.879278	0.667837	0.211398	-0.066263	0.493909	0.865840	-0.376098	0.048408	0.347267	-0.197142	-0.920289	-0.683066	-0.134093	0.051908	-0.167814	-0.524213	-0.709035	-0.837556	-0.235646	-1.061299	-0.270342	0.989950	0.532443	0.836363	0.212171	0.431881	0.719290	1.078874	-0.074477	-0.527225	-0.358117	0.326938	-0.148716	-0.536174	-0.100928	-0.807701	-0.477788	0.293952	-0.687193	-1.195822	0.141233	-0.989324	0.636446	-0.157373	-0.711031	0.694985	0.924664	0.144929	0.151187
0.462813	-0.857155	0.091746	-0.377849	-0.408174	-1.196275	-0.382279	-0.353489	-0.857344	-0.915023	-0.349854	0.376024	-0.374250	-0.737095	-0.233365	0.309041	-0.139403	-0.756820	-0.942409	-1.000449	-0.362899	-0.075130	-1.192764	-1.132336	0.659543	-1.001982	-0.269504	0.368256	0.176278	0.933229	-0.071785	0.307237	-0.403598	-0.021860	-0.531848	-1.172679	-1.070607	-0.242792	-0.360679	-1.777970	-0.952946	-0.651221	-0.993887	-1.594157	-0.844302	-0.841719	-0.379712	-1.506320	-0.356646	0.069233	-0.613359	0.083472	0.365076	0.465988	0.496065
-0.528605	-1.453613	-0.299053	-0.962963	-1.396438	-1.954233	0.293053	-1.361718	-1.658268	-1.651622	-1.467026	-1.239728	-0.688545	-1.077730	-0.806163	0.336216	0.744633	-0.280716	-1.273084	-2.038498	-1.232862	0.093427	-1.071647	-0.466711	0.792360	-0.725803	-0.651748	-1.181125	-0.918736	-0.101046	-0.668166	-0.131416	-1.857809	-0.856484	-0.699785	-0.670722	-0.968143	-0.698077	-0.419761	-1.461545	-1.535187	-0.331303	-0.654266	-2.300912	-0.557478	0.179595	-0.863352	-0.777467	-1.571197	-0.186735	-0.460561	-0.900002	-0.220050	0.761317	0.522633
-1.338223	-1.333540	-0.544702	-0.927105	-1.576121	-1.646659	0.268007	-1.477825	-1.480787	-1.578915	-1.905078	-2.299032	-0.838180	-0.705619	-0.745817	-0.060561	0.978937	0.098603	-1.117596	-2.091227	-1.800439	-0.034437	-0.301535	0.949828	0.384515	-0.790537	-0.972092	-1.962924	-1.787493	-1.220562	-0.817821	-0.728562	-2.260332	-1.039934	-0.899666	0.561732	-0.223566	-0.665852	-0.142682	-0.005725	-1.264425	-0.324473	0.014066	-1.408689	-0.003871	0.911954	-0.702091	0.628912	-2.062979	-0.453810	-0.788411	-1.420130	-0.547261	0.135939	0.102812
-0.761133	-0.685106	0.133384	0.057220	-0.659149	-0.295265	-0.481400	-0.434308	-0.431386	-0.612661	-1.263375	-1.436972	-0.325186	0.385062	-0.013001	-0.259838	0.395216	-0.085277	-0.813384	-0.998252	-1.044528	-0.003378	0.719251	2.119800	0.380564	-1.037451	-0.476577	-0.865189	-1.424112	-1.168596	-0.081685	-1.264146	-0.983885	-0.500151	-1.111370	1.404001	0.572282	-0.074609	0.365978	1.301357	-0.284535	-0.583974	0.288748	0.117160	0.551876	0.812434	0.202716	1.677269	-1.307849	-0.139345	-1.313203	-0.985593	-0.494040	-1.162266	-0.642317
0.978245	-0.023184	1.526408	1.311511	0.646491	1.011494	-1.122837	0.930510	0.632980	0.632283	-0.259804	0.830556	0.631123	1.476443	0.831576	0.190791	-0.355430	-0.633383	-0.804394	0.312217	0.726474	0.511443	1.377291	2.174973	1.158092	-0.883326	0.804870	1.452178	0.063620	0.192529	1.044754	-1.498411	1.010265	0.373112	-0.940660	1.274995	0.668393	0.611020	0.786515	1.730943	0.443507	-0.671808	0.017461	0.945677	1.005466	0.243515	1.167377	1.865375	0.107178	0.639101	-1.251403	0.187804	-0.236721	-2.089083	-1.367101
2.454208	0.175661	2.626559	1.893911	1.317914	1.184875	-0.965982	1.326979	0.896972	1.384836	0.127713	2.670218	1.262976	1.505610	1.113624	1.002373	-0.449794	-0.974746	-1.278003	0.766477	2.084522	1.259924	1.253002	1.234748	2.046927	-0.222730	1.835875	3.225905	1.499195	1.831092	1.654938	-1.193491	2.043561	0.823187	-0.230988	0.668646	-0.234746	0.719413	0.909681	1.508161	0.036716	-0.361326	-0.412123	0.613862	1.330701	-0.107901	1.420338	1.428299	0.965295	1.109881	-0.401637	1.470754	-0.044012	-1.997501	-1.617970
2.589338	-0.190115	2.572706	1.495621	0.918675	0.237945	-0.256723	0.343015	0.329442	1.293094	-0.131255	2.874671	1.090136	0.251476	0.627098	1.389580	0.143958	-0.913593	-1.953770	0.190577	1.976334	1.598566	0.410139	0.161462	2.179606	0.309242	1.666941	3.290873	1.785866	2.598198	1.380462	-0.383472	1.424132	0.409656	0.568052	0.345514	-1.496429	0.057237	0.752344	1.060852	-1.248997	0.051265	-0.670885	-0.213680	1.380126	-0.057096	0.910233	0.785389	0.658717	0.753842	0.501640	2.299737	0.015715	-1.067264	-1.229914
1.600504	-0.726186	1.371632	0.558987	-0.094354	-0.757488	0.173973	-1.075643	-0.364731	0.591597	-0.201517	1.883907	0.392861	-1.234251	-0.130012	0.876938	0.586340	-0.821864	-2.224351	-0.630494	0.728592	1.089527	-0.640575	-0.427151	1.409299	0.104114	0.539653	1.996273	0.907297	2.136809	0.626634	0.426939	0.043908	-0.437926	0.853002	0.336480	-1.994161	-0.809223	0.386547	0.433945	-2.074385	0.133427	-0.776094	-0.565392	0.988036	0.045319	0.196111	0.072629	-0.234811	-0.118312	0.627701	2.395902	0.046061	0.163369	-0.631817
0.463990	-0.841314	-0.147063	-0.203315	-0.811593	-0.751460	-0.056525	-1.607314	-0.494060	-0.108616	0.393392	0.933828	-0.142205	-1.727901	-0.338739	-0.161600	0.228043	-0.948077	-1.603176	-0.759995	-0.411040	-0.036981	-1.240523	-0.622215	0.231996	-0.616499	-0.399499	0.553116	-0.202564	0.933519	-0.010642	0.680666	-0.720117	-0.885776	0.550523	0.105226	-1.256987	-1.093791	-0.119250	-0.422316	-1.361961	-0.114391	-0.818934	-0.110336	0.261798	-0.040425	-0.296799	-0.732686	-0.696287	-0.763466	-0.023745	1.764721	0.067265	1.208311	-0.419492
-0.139217	-0.355631	-1.033817	-0.318502	-0.651573	0.287598	-0.491035	-0.886519	-0.004230	-0.256825	1.123224	0.620563	-0.116243	-1.150432	0.347626	-0.837369	-0.539666	-0.899206	-0.205801	0.058314	-0.545558	-1.017984	-1.004834	-0.793405	-0.846409	-1.050683	-0.429928	-0.254020	-0.686091	-0.218665	-0.324509	0.449436	-0.408415	-0.697956	0.132919	-0.532817	0.044207	-0.604298	-0.574252	-1.220318	0.479547	-0.309602	-0.755605	0.633777	-0.463562	-0.166822	-0.593132	-1.453081	-0.384820	-0.779471	-0.728264	0.681257	-0.075459	1.645020	-0.542811
-0.219519	0.226318	-1.004404	0.132255	0.150040	1.407652	-0.539816	0.217164	0.616082	0.158180	1.188424	0.542136	0.271062	-0.508246	1.367938	-0.685037	-0.836393	-0.227502	1.165487	1.193246	0.103120	-1.239912	-0.188112	-1.075011	-1.570609	-0.820711	0.051450	-0.564962	-0.541331	-0.793325	-0.490800	0.379784	0.314471	-0.431707	-0.019334	-1.161262	0.870789	0.071550	-0.758263	-1.582141	1.889086	-0.275299	-0.630816	0.850163	-0.984693	-0.248528	-0.815395	-1.751804	0.160588	-0.402021	-0.927123	-0.370136	-0.536253	1.182583	-0.318154
-0.136990	0.241065	-0.572352	0.550058	0.814984	1.644428	-0.256266	0.534805	0.868962	0.534983	0.516467	0.131785	0.522325	-0.659748	1.778906	-0.155207	-0.471373	0.689860	1.594648	1.670086	0.606373	-0.791321	0.396671	-1.343064	-1.771667	-0.400913	0.269650	-0.831439	-0.361618	-0.791240	-0.683151	0.823760	0.572821	-0.561764	-0.062305	-1.404501	0.920298	0.182154	-0.733986	-1.571013	1.732474	-0.261975	-0.717894	0.169262	-1.283962	-0.531526	-0.877023	-1.556717	0.286860	-0.160111	-0.761578	-0.935890	-1.235394	-0.014338	0.539776
-0.143902	-0.340366	-0.364249	0.359425	0.834055	0.916436	-0.127092	-0.245609	0.605330	0.294347	-0.269530	-0.552693	0.382590	-1.399002	1.261826	-0.002569	-0.087757	0.934192	0.897313	1.038733	0.387529	-0.260726	0.124613	-1.403774	-1.345915	-0.402018	0.117958	-1.085122	-0.487967	-0.571404	-0.835542	1.311922	0.135459	-0.776449	-0.381697	-1.331500	0.762277	-0.448308	-0.798862	-1.589205	0.395133	-0.449094	-1.118439	-0.983280	-1.204790	-1.065584	-0.644729	-1.191231	-0.067469	-0.307534	-0.684577	-0.902063	-1.797836	-1.180450	1.310477
-0.242438	-0.844188	-0.436968	-0.349648	0.422895	-0.051224	-0.272754	-1.294555	0.033022	-0.383335	-0.653765	-1.004695	0.065665	-1.776037	0.411245	-0.298186	-0.152083	0.280663	-0.130042	-0.206479	-0.232966	-0.036757	-0.670481	-1.090162	-0.488778	-0.685653	0.110922	-1.055877	-0.668408	-0.447093	-0.766710	1.139893	-0.559576	-0.450233	-0.968847	-1.096769	0.937271	-1.278424	-0.986690	-1.708403	-0.752281	-0.513412	-1.354697	-1.724780	-0.477179	-1.248338	-0.213621	-0.907279	-0.445783	-0.570192	-0.769490	-0.543205	-1.786236	-1.409408	1.101229
-0.333609	-0.684666	-0.445537	-0.867866	0.099158	-0.577989	-0.257165	-1.502560	-0.458233	-0.747011	-0.684341	-0.999844	-0.039228	-1.191244	-0.059343	-0.375559	-0.319186	-0.338618	-0.445578	-1.092829	-0.517905	0.029351	-0.933539	-0.375261	0.290021	-0.511246	0.471425	-0.827195	-0.558391	-0.466536	-0.442304	0.316827	-0.982215	0.385783	-1.329821	-0.587163	1.228869	-1.601932	-0.879442	-1.427252	-0.843963	-0.024438	-0.754294	-1.481714	0.693060	-0.459158	0.130732	-0.464474	-0.451338	-0.488169	-0.647615	-0.205522	-1.107155	-0.469291	0.063448
-0.380825	-0.052265	-0.309719	-0.668758	-0.010124	-0.622929	0.230541	-0.637097	-0.568729	-0.491502	-0.706008	-0.851580	0.147274	-0.057452	-0.140496	0.191969	-0.076113	0.084240	0.226824	-1.064820	-0.159608	0.254459	-0.087809	0.491439	0.580947	0.457237	0.721885	-0.893425	-0.270690	-0.533426	-0.045102	-0.384261	-0.985643	0.998560	-1.026584	0.301708	1.054515	-1.220912	-0.145242	-0.300643	-0.296152	0.802304	0.647130	-0.493694	1.396001	0.894166	0.199966	0.535347	-0.112964	-0.008038	-0.100014	0.020335	-0.175209	0.860326	-0.666488
-0.387703	0.344072	-0.329223	-0.024968	-0.187432	-0.531751	0.824045	0.471710	-0.335133	-0.209767	-0.913149	-0.929411	0.250645	0.694649	-0.324422	0.909740	0.345825	1.335387	1.210249	-0.388782	0.454208	0.603251	1.183726	1.062417	0.458303	1.604819	0.334923	-1.386248	-0.202973	-0.588985	0.198129	-0.370344	-0.755035	0.920079	-0.123206	1.226977	0.376893	-0.528083	0.893882	1.330250	-0.060678	1.120015	1.878810	0.433890	0.817299	1.516224	0.080747	1.908095	0.272889	0.426025	0.564828	0.245683	0.420843	1.445470	-0.226429
-0.296263	0.147408	-0.608290	0.333734	-0.523871	-0.445224	0.897617	0.963983	-0.070907	-0.531252	-1.189092	-1.167796	-0.150048	0.694606	-0.770303	0.936947	0.240576	2.161285	1.688074	0.289673	0.722890	0.694989	1.617359	1.001826	0.338913	2.020672	-0.490331	-1.656361	-0.438684	-0.622903	0.201240	0.020660	-0.424216	0.501789	0.893896	1.530412	-0.216591	0.065443	1.509618	2.480850	-0.342354	0.421664	1.989411	0.698747	-0.768379	0.672296	-0.020698	2.786862	0.499145	0.464452	0.882867	0.473464	0.424060	0.859171	1.062795
-0.041578	-0.222405	-0.742416	0.108631	-0.641976	-0.178770	0.452010	0.945055	0.020157	-1.083415	-1.188307	-1.170088	-0.932419	0.486306	-1.050909	0.191188	-0.397907	1.761838	1.532321	0.658683	0.463170	0.318523	0.803132	0.355283	0.483193	1.552882	-0.997054	-1.040336	-0.577577	-0.610945	0.043423	-0.053769	0.101023	0.273157	1.446396	0.906106	-0.384824	0.611312	1.401869	2.463209	-0.402666	-0.678984	1.137448	0.450771	-2.097775	-0.801418	-0.080501	2.453801	0.566611	0.336709	0.832144	0.497314	0.082576	-0.285642	2.078341
0.269143	-0.054096	-0.307387	-0.225327	-0.173533	0.390391	0.241450	1.173766	0.114198	-0.798980	-0.555450	-0.668671	-1.351896	0.744858	-0.785017	-0.482756	-0.576025	0.718773	1.233857	0.918961	0.046764	-0.212712	-0.311916	-0.425216	0.721822	0.954853	-0.749554	0.186060	-0.184452	-0.519061	-0.118114	-0.822115	0.889517	0.185320	1.189513	-0.138962	-0.482681	1.376767	1.050605	1.555105	0.368431	-0.930083	0.434569	0.372132	-2.059527	-1.270331	-0.263903	1.139601	0.574538	0.521423	0.834631	0.159200	-0.077126	-1.010134	2.003776
0.350014	0.863108	0.523430	-0.052706	0.695190	1.050654	0.835059	1.897371	0.554522	0.689585	0.712204	0.191515	-0.769485	1.446970	-0.201432	-0.341203	0.405808	0.185142	1.195357	1.307193	-0.064821	-0.391094	-0.496337	-0.755722	0.668865	0.962042	-0.078244	1.088602	0.744679	-0.352209	-0.168319	-1.536384	1.687400	-0.059193	0.283800	-0.657092	-0.826057	2.228727	1.050073	0.626884	1.600791	0.220366	0.660235	0.890378	-0.632607	-0.046334	-0.582482	-0.200457	0.651226	1.045268	1.144080	-0.380891	0.368452	-0.816442	1.010228
0.017423	1.988745	1.098315	0.565224	1.376804	1.438696	1.767329	2.454489	1.367733	2.344868	2.008031	0.922378	0.504528	2.063498	0.172647	0.353256	1.752558	0.443027	1.329637	1.622554	0.135015	-0.179097	0.358890	-0.401949	0.163323	1.427770	0.402058	1.202199	1.756243	-0.175175	-0.138273	-1.425434	2.051811	-0.230904	-0.643800	-0.200214	-0.945620	2.559683	1.250348	0.232693	2.381075	1.929168	1.418430	1.661697	1.187730	1.859757	-0.758441	-0.827287	0.914553	1.382574	1.394827	-0.728897	1.382343	0.056238	-0.055036
-0.543028	2.509884	1.001922	0.958734	1.493082	1.371277	1.966374	2.167084	2.056831	2.705368	2.410535	1.038988	1.373928	2.278331	0.223785	0.731776	1.952905	0.728915	1.303930	1.391170	0.238042	-0.081219	1.189596	0.242828	-0.462500	1.518075	0.532938	0.913546	2.255226	-0.047481	-0.153933	-0.725685	1.802327	0.229840	-0.975855	0.710496	-0.224453	1.954764	0.945669	0.281314	2.222539	2.753181	1.733636	1.932848	2.202196	2.785466	-0.598507	-0.729709	1.293420	1.070529	0.933537	-0.634470	2.338284	0.904927	-0.548412
-0.888253	2.045688	0.480438	0.731254	1.121082	0.914576	1.039116	1.227332	1.957283	1.483179	1.487660	0.501464	1.165305	2.076795	0.312589	0.480404	0.735741	0.405001	0.919414	0.485612	0.019450	-0.398193	1.105389	0.530010	-0.544135	0.703452	0.758146	0.744104	1.917076	0.108252	-0.189449	-0.312181	1.212180	1.229334	-0.550670	1.190250	0.845052	0.758320	-0.014749	0.481817	1.293122	2.100707	1.231343	1.384987	1.870562	2.078514	-0.286245	-0.288525	1.401237	0.235857	-0.336334	-0.240891	2.400722	1.021522	-0.556410
-0.739960	0.925133	0.100550	0.238577	0.473561	0.211723	-0.202520	0.380544	0.879059	-0.099507	-0.155443	-0.168302	0.420857	1.314830	0.615521	0.191684	-0.456634	-0.261489	0.177849	-0.616595	-0.235130	-0.679562	0.424157	0.298925	0.328915	-0.592957	1.545408	0.728924	0.975760	0.498563	0.038239	-0.396604	0.672652	1.825951	0.338463	0.945691	0.885143	-0.226747	-0.769772	0.683018	-0.045251	0.724654	0.414564	0.451778	0.668793	0.600452	-0.043653	0.214193	0.829928	-0.535823	-1.577363	0.097946	1.291934	0.217290	-0.588835
-0.250161	-0.202835	0.084654	-0.016789	-0.376839	-0.619685	-0.698377	-0.040914	-0.597821	-0.689733	-1.293698	-0.396543	0.136075	-0.161199	0.780246	0.429032	-0.285288	-0.673815	-0.800814	-1.327813	-0.199705	-0.293513	0.106291	0.062289	1.735789	-1.416766	2.674580	0.611704	0.075207	1.156718	0.710331	-0.219868	0.242142	1.286197	1.144341	0.405194	-0.531815	-0.575994	-0.500689	0.653699	-1.442983	-0.261279	-0.130473	-0.245567	-0.361380	-0.352371	0.284385	0.631878	-0.334219	-0.763182	-1.753584	0.212062	-0.306360	-0.878659	-0.899081
0.202764	-0.996803	0.101187	-0.155493	-1.312215	-1.410128	-0.405830	-0.369629	-1.558553	-0.308385	-1.173488	-0.204531	0.393855	-1.842646	0.434604	0.804826	0.730020	-0.767669	-1.746313	-1.560653	-0.091684	0.568752	0.406255	0.307416	2.552824	-1.313716	3.167129	0.241579	-0.356791	1.665657	1.452529	0.707552	-0.349330	-0.041641	1.206054	0.003209	-1.968218	-0.631634	0.336270	0.002333	-2.384144	-0.618414	-0.420226	-0.580984	-0.587545	-0.411910	0.915132	0.803331	-1.484362	-0.517085	-0.820819	0.206130	-1.323721	-1.288881	-1.267902
0.445528	-1.583424	-0.267521	-0.652297	-1.943465	-1.904750	-0.291007	-0.919420	-1.561855	-0.166532	-0.155749	-0.112716	0.302245	-2.577991	-0.239042	0.403700	0.864421	-0.910035	-2.257910	-1.625498	-0.385232	0.943897	0.567984	0.811259	1.929906	-0.832967	2.111881	-0.408888	-0.568732	1.438231	1.535656	1.636282	-1.229367	-1.194089	0.131813	-0.296018	-1.717660	-1.002683	0.423716	-1.257942	-2.351211	-0.999014	-0.840010	-0.872299	-0.358596	-0.295097	1.509395	0.653795	-2.104508	-0.367901	0.093127	0.158369	-1.344122	-0.714495	-1.400844
0.613666	-2.118536	-0.964557	-1.442144	-1.903809	-1.945189	-1.084292	-1.449295	-1.004896	-1.030807	0.756254	-0.367499	-0.660136	-1.695492	-0.736063	-0.956764	-0.615793	-1.257311	-2.100652	-1.637782	-1.004331	0.271395	-0.081448	0.902368	0.178971	-0.912345	-0.315144	-1.266809	-1.107671	0.405328	0.678141	1.431101	-2.044139	-1.635704	-1.548468	-0.688600	0.044330	-1.754184	-0.743792	-2.333862	-1.408872	-1.862192	-1.495841	-1.283861	-0.506607	-0.749582	1.360267	0.333326	-2.214365	-0.805962	-0.050251	-0.066568	-0.915475	0.115742	-1.254208
0.753777	-2.404356	-1.502536	-1.858842	-1.368951	-1.657452	-2.350984	-1.537723	-0.668101	-2.222092	0.900875	-0.609022	-1.842016	0.065519	-0.905178	-2.345462	-2.528429	-1.658440	-1.500305	-1.393585	-1.317711	-0.908292	-1.208470	0.292064	-1.509275	-1.769550	-2.749792	-1.957020	-1.990330	-0.786281	-0.580647	0.124266	-2.257419	-1.543436	-2.423204	-1.121395	1.419166	-2.253763	-2.165502	-2.390431	-0.319109	-2.760572	-2.052233	-1.559617	-1.299739	-1.639917	0.308036	-0.012679	-2.087776	-1.630448	-0.934788	-0.561896	-0.773862	0.356723	-0.862180
0.519338	-2.115005	-1.515075	-1.562272	-0.977217	-1.315864	-2.941100	-1.250769	-0.933653	-2.476294	0.402799	-0.469178	-2.277194	1.091469	-1.069859	-2.761343	-3.116303	-1.996526	-0.979665	-0.863017	-1.064689	-1.660556	-1.945300	-0.637911	-2.252460	-2.535500	-3.733072	-1.886852	-2.544003	-1.438058	-1.481200	-1.030195	-1.795045	-1.338925	-1.536235	-1.431500	1.035843	-1.929949	-2.564949	-1.632824	0.187150	-2.849368	-2.143893	-1.399922	-2.069021	-2.175803	-0.925890	-0.550335	-1.811934	-2.025864	-1.247524	-1.077869	-1.003903	0.016060	-0.166009
-0.365391	-1.280860	-1.041524	-0.980328	-1.075474	-0.975829	-2.195491	-1.040867	-1.470496	-1.439353	-0.123717	-0.113037	-1.831691	0.466276	-1.422025	-2.186703	-1.851658	-2.162184	-0.842930	-0.381998	-0.725879	-1.658833	-1.936482	-1.319896	-2.123499	-2.138279	-2.965789	-0.874247	-2.192118	-1.444846	-1.753607	-1.054680	-1.175477	-1.305718	0.353137	-1.609061	-0.417280	-1.007697	-1.851018	-1.119447	0.109850	-1.857534	-1.744816	-0.875466	-1.949787	-1.832278	-1.502664	-1.495831	-1.362811	-1.392486	-0.299987	-1.201258	-1.105667	-0.317982	0.675617
-1.332827	-0.319877	-0.253746	-0.563071	-1.260988	-0.402863	-0.556089	-0.996322	-1.653675	0.079001	-0.067248	0.136665	-1.020422	-1.068916	-1.561745	-1.310251	0.256296	-1.800543	-0.914069	-0.139458	-0.644429	-1.130621	-1.470504	-1.457494	-1.594342	-0.523534	-1.447682	0.451452	-1.151411	-1.074915	-1.487312	-0.243813	-0.868494	-1.465336	1.492467	-1.610239	-1.049220	-0.196075	-0.934647	-1.352171	-0.024125	-0.334566	-1.092891	-0.303134	-0.840686	-0.836883	-1.264058	-2.470750	-0.873999	-0.057498	1.088611	-0.831216	-0.670282	-0.414374	1.036701
-1.236467	0.376055	0.731146	-0.124628	-0.920436	0.472440	0.897910	-0.670898	-1.255086	1.098451	0.767382	0.359828	-0.126222	-1.850325	-0.931535	-0.546891	1.762554	-0.615959	-0.827991	0.151214	-0.343476	-0.215334	-0.802876	-1.007384	-0.824266	1.186592	-0.419685	1.154835	-0.174664	-0.438008	-0.669595	0.461051	-0.760186	-1.491522	1.196897	-1.144130	0.128902	0.224796	-0.433709	-1.546330	0.074844	0.920943	-0.393571	0.144262	0.510924	0.154442	-0.606662	-2.515242	-0.531850	0.966001	1.541951	-0.306501	0.184399	-0.575617	0.366308
0.183619	0.685120	1.548335	0.606425	-0.100386	1.179024	1.335338	0.081791	-0.667399	1.268632	1.827656	0.749797	0.813471	-1.057080	0.286379	0.148740	1.895423	0.955898	-0.486472	0.722120	0.668038	0.984949	0.031426	-0.098112	0.114447	1.799353	-0.287172	0.870431	0.211827	0.386942	0.593963	0.584361	-0.503259	-0.941915	0.492847	-0.065974	2.107580	0.522000	-0.175816	-0.678925	0.148649	1.437837	0.261960	0.481461	1.277866	0.633514	0.099160	-1.141167	-0.326794	0.946156	0.716203	-0.027654	0.890619	-0.980881	-0.971988
1.515129	0.657992	1.515597	1.212542	0.512068	1.140927	0.697491	0.549105	-0.386809	0.826811	2.014250	1.016660	1.401996	0.401318	1.038785	0.650751	0.840617	1.814453	-0.110940	1.199487	1.792865	1.861655	0.706106	0.843240	0.679589	1.167458	-0.561956	0.070653	0.051867	0.914592	1.572262	0.320366	-0.146198	0.117790	0.489703	1.103968	2.866601	0.722582	0.074616	1.023789	-0.121266	1.200694	0.731176	0.654478	1.245830	0.517497	0.657226	0.745827	-0.118433	0.113116	-0.380156	-0.096109	0.856325	-1.319028	-1.819058
1.073144	0.466512	0.413939	1.045545	0.532926	0.524711	-0.349635	0.005742	-0.355779	0.268222	0.747087	0.678369	1.114811	0.997349	0.484151	0.545073	-0.577046	1.277794	0.148250	1.070973	1.879182	1.588083	0.590809	1.166479	0.233970	0.173525	-0.639502	-0.438981	-0.258213	0.563472	1.339607	-0.015064	0.009226	0.958466	0.901507	1.501070	1.474740	0.389692	0.081224	2.159763	-0.515530	0.575930	0.818006	0.555640	0.802621	0.109096	0.825839	1.474327	0.163184	-0.616626	-0.588553	-0.365890	0.043332	-1.191668	-1.433216
-0.948117	0.461355	-0.822241	0.314798	0.438051	0.241516	-0.870240	-1.032081	-0.025782	0.107759	-1.096087	-0.094567	0.241216	0.463496	-0.897716	-0.101259	-1.374257	-0.018475	0.493751	0.555517	0.841107	0.255141	-0.333772	0.562370	-0.956611	-0.178356	-0.451366	-0.220345	-0.291667	-0.499545	-0.059304	-0.322722	0.046045	0.996854	0.779293	0.899498	-0.865710	-0.455986	-0.327012	1.780014	-0.388311	0.201825	0.605715	0.345206	0.474259	-0.100453	0.386357	0.425396	0.542380	-0.527448	0.217280	-0.667403	-0.778430	-0.607450	-0.337546
-2.420142	0.969463	-0.834615	0.037175	0.922468	0.872093	-0.275770	-1.086615	0.899594	0.569686	-1.820447	-0.486632	-0.116276	0.060755	-1.659933	-0.381503	-0.931078	-0.611679	1.208545	0.471143	-0.029593	-0.799754	-0.981952	-0.408455	-1.690883	0.467065	-0.372790	0.479792	0.208056	-1.294293	-1.349912	-0.539998	0.431314	0.536558	0.134573	0.111135	-2.073115	-0.786867	-0.600578	0.554174	0.582578	0.626146	0.605897	0.424323	0.568750	0.262874	-0.415158	-1.069189	1.101268	0.339318	1.283700	-0.831755	-0.631073	0.110769	0.381611
-1.649294	1.865143	0.587028	0.774002	1.946156	1.916974	1.229739	0.469096	2.010191	1.343673	-0.739754	-0.012798	0.671552	0.780642	-0.954995	0.507098	0.548233	0.289521	2.129528	1.196087	0.353485	-0.308086	-0.211900	-0.630594	-1.127170	1.706455	-0.609681	1.031626	1.185894	-1.038410	-1.286422	-0.410226	1.311503	0.318639	-0.085361	0.158596	-1.449823	0.324827	0.084961	-0.011884	1.904717	1.742801	1.221622	0.851407	1.073020	1.142665	-0.743755	-1.100588	1.846380	1.445886	2.022908	-0.634909	0.596289	0.766729	0.461539
0.694231	2.484533	2.110398	1.885846	2.735464	2.405641	2.694139	2.338603	2.592191	1.812483	0.990615	0.908914	1.889570	1.833052	0.543433	2.090706	2.002120	1.909609	2.586736	2.175516	1.525851	1.407193	1.652129	0.412536	0.201710	2.702510	-0.826535	1.066752	2.216051	0.022310	0.012839	0.307853	2.172832	0.492638	0.416572	1.080433	-0.297756	2.209873	1.680759	0.618303	2.650523	2.647694	2.044516	1.019391	1.627310	1.984259	0.080154	0.586375	2.468706	2.336504	2.480323	-0.003361	1.836475	1.366157	0.639690
2.394482	2.151571	2.262538	2.227764	2.614007	1.957164	3.002070	2.565780	2.322346	1.584826	1.618327	1.469007	2.229816	1.593569	1.458431	2.859860	2.200006	2.630171	2.007381	2.525687	2.076274	2.601279	2.858048	1.829594	0.986785	2.653014	-0.519525	0.763073	2.655863	0.950890	1.224601	1.312027	2.332850	0.475479	0.629864	1.777074	-0.118500	2.962918	2.940119	1.404188	2.294893	2.340412	2.071979	0.299179	1.651413	2.094071	1.559094	2.221756	2.424757	2.774502	2.718789	0.680919	1.855369	1.742293	1.398990
2.077528	0.849264	0.929966	1.305594	1.575519	0.904510	1.707328	0.773682	1.442468	0.731089	0.605999	1.220904	1.200512	-0.115918	1.211618	1.840918	0.805062	1.610884	0.572624	1.810419	1.245121	1.877501	2.035555	2.052076	0.578270	1.317069	0.288574	0.449623	2.056576	1.090115	1.219057	1.692616	1.587317	-0.133650	-0.381543	1.199897	-0.741275	1.545555	2.538248	1.054753	1.136348	0.720181	0.860955	-1.029390	0.826608	1.231885	2.149487	2.033317	1.442056	2.488419	2.266205	0.777628	0.544544	1.463247	2.148482
0.327791	-0.667615	-0.734012	-0.354721	0.161498	-0.317744	-0.472088	-1.366407	0.390364	-0.412988	-1.039911	0.255813	-0.458204	-1.541068	0.438335	-0.290733	-1.172687	-0.383363	-0.809617	0.238568	-0.443575	-0.376565	-0.265697	0.588997	-0.471498	-0.681361	0.960406	0.142250	0.619627	0.547927	0.116425	0.819812	0.347846	-0.863515	-2.010152	-0.421915	-0.824570	-0.944385	0.492106	-0.390182	-0.043418	-1.220217	-0.801862	-1.904717	-0.454005	-0.135594	0.914674	0.207127	-0.047341	1.232292	0.706900	0.136882	-0.972916	0.404240	2.026314
-1.310898	-1.526456	-1.614446	-1.726930	-0.956044	-1.409934	-2.091964	-2.047836	-0.562133	-1.483870	-1.997142	-0.984443	-1.609528	-1.127192	0.024344	-1.852472	-2.213197	-1.797084	-1.288253	-1.506166	-1.910391	-2.378439	-2.105444	-1.250114	-1.189371	-2.218513	0.920100	-0.307628	-0.786448	-0.113525	-1.002612	-0.705042	-0.701037	-0.842573	-2.697022	-1.783424	0.106077	-2.429581	-1.709691	-1.645213	-0.677846	-2.321801	-1.720097	-1.711871	-1.391038	-1.282823	-1.116782	-1.495162	-1.152111	-0.703561	-1.354148	-0.516976	-1.531761	-0.780450	1.094442
-1.826984	-1.554207	-1.547371	-2.076117	-1.361621	-2.005768	-2.229258	-1.275841	-1.335380	-2.167363	-1.836934	-1.876139	-1.733713	0.499525	0.088427	-1.838448	-1.753093	-1.834090	-0.879873	-2.560757	-2.478930	-2.672155	-2.153987	-1.744271	-1.158666	-2.569218	0.216372	-0.770734	-1.317883	-0.449356	-1.243611	-1.487038	-1.096208	0.098499	-1.827702	-1.928707	0.981551	-1.988742	-2.482133	-1.702073	-0.815514	-2.319447	-1.626133	-1.038913	-1.630354	-1.907662	-1.884453	-1.754462	-1.333465	-2.336100	-2.564727	-0.305169	-1.067721	-1.180565	0.231907
-1.232009	-1.334975	-1.086358	-1.477739	-1.134994	-1.825225	-1.353116	-0.536203	-1.851801	-2.265715	-1.097651	-1.922463	-1.193156	1.317000	0.073842	-0.804377	-0.693246	-1.073070	-0.411991	-2.415297	-2.167860	-1.411323	-0.940995	-0.719488	-0.660282	-1.938406	-0.641836	-0.892480	-0.974133	-0.430403	-0.690841	-0.965773	-0.904874	1.006164	-0.449854	-1.210979	0.682972	-0.538295	-1.623672	-0.874994	-0.869918	-1.866671	-1.285560	-0.869760	-1.507961	-2.198020	-0.718232	-0.870919	-0.900541	-2.722097	-2.248614	0.678405	-0.523046	-0.698303	-0.003744
-0.171479	-1.365154	-0.719328	-0.680444	-0.694778	-1.104768	-0.702194	-0.777787	-1.893029	-1.779461	-0.515201	-1.177192	-0.715787	0.368564	-0.363953	-0.059186	-0.270309	-0.565522	-0.540051	-1.370035	-1.390186	0.000042	-0.040849	0.326204	-0.142493	-1.026019	-1.144009	-0.578951	-0.520856	-0.338349	-0.155240	-0.147504	-0.554101	0.718834	0.004213	-0.693950	-0.517109	0.395793	-0.359185	-0.222957	-0.997913	-1.589917	-1.279449	-1.235137	-1.342265	-2.240568	0.795029	-0.030074	-0.569521	-1.848566	-1.100450	1.307677	-0.705441	-0.219929	0.044398
0.639185	-1.343619	-0.411636	-0.287722	-0.285659	-0.414297	-0.738341	-1.308963	-1.185814	-0.840292	-0.338057	-0.198652	-0.623376	-1.276733	-0.869474	-0.142947	-0.561278	-0.560650	-0.926279	-0.240651	-0.516467	0.449817	-0.196597	0.121284	0.220643	-0.225693	-0.962731	-0.111455	-0.465323	-0.383611	-0.207270	-0.251585	-0.298558	-0.713988	-0.621693	-0.787354	-1.430142	0.234011	0.102273	-0.224016	-0.861381	-1.342282	-1.197902	-1.156729	-0.902161	-1.687157	0.792872	0.103790	-0.574535	-0.562175	-0.218324	0.719253	-1.329518	-0.417350	-0.235762
0.870216	-0.606930	0.177473	-0.071626	0.232427	0.061682	-0.617740	-0.883423	0.253224	0.389879	-0.297674	0.553565	-0.496032	-2.014024	-0.831744	-0.326504	-0.463454	-0.377745	-0.669144	0.476970	0.331579	0.187376	-0.563496	-0.840664	0.537955	0.494168	-0.016153	0.269112	-0.416855	-0.399399	-0.515092	-0.988202	0.022771	-1.791307	-1.061884	-0.796555	-1.391900	-0.314391	-0.126708	-0.352365	-0.170360	-0.531557	-0.366792	-0.001833	0.090321	-0.271132	-0.520529	-0.150353	-0.432604	0.371540	0.109727	-0.538889	-1.289339	-0.674862	-0.822247
0.740838	0.768202	1.061388	0.589378	0.922091	0.610954	0.498339	0.562086	1.780167	1.567669	-0.120005	1.026622	0.266944	-1.456322	-0.084671	0.320509	0.759747	0.510876	0.432686	0.865092	1.098899	0.247212	0.039659	-1.081191	0.947997	1.031327	1.335587	0.549734	0.176034	-0.047081	-0.290975	-0.942306	0.562350	-1.108425	-0.186973	0.057212	-0.680932	-0.253701	0.006999	0.053193	0.664861	0.883371	0.962608	1.548770	1.226671	1.477447	-1.274475	-0.144913	0.272886	0.863210	0.262138	-1.003421	-0.004385	0.146303	-1.045805
0.676506	1.737457	1.637127	1.603768	1.355024	1.244694	2.025881	1.766287	2.342048	2.050580	0.053169	1.212839	1.498807	-0.445802	1.001919	1.627116	2.335981	1.655828	1.426421	1.020941	1.534319	0.977901	1.440604	-0.148746	1.372738	0.983693	2.321626	0.653156	0.950738	0.624472	0.611288	0.360488	0.994766	0.948941	1.492351	1.446180	0.234089	0.501947	0.950790	0.879649	0.817043	2.014477	1.713593	2.201131	1.686339	2.429504	-0.488662	0.323756	1.112540	1.148716	0.355422	0.041600	1.639482	1.873350	-0.432090
0.774465	1.457095	1.318708	2.049301	1.034688	1.408291	2.518808	1.690689	1.420843	1.402135	-0.117272	0.954451	2.209633	0.120964	1.970052	2.441477	2.803979	2.142004	1.295943	0.774034	1.374356	1.583299	2.204252	0.849063	1.506539	0.298148	2.373185	0.428351	0.985668	1.105868	1.404689	1.641169	0.844231	2.533861	2.326190	2.180414	1.175854	1.091657	1.913704	1.463156	0.078727	1.943067	1.315474	1.518435	1.233800	1.972624	0.728119	0.892074	1.254181	1.256108	0.116073	1.715675	2.111935	2.820705	0.662504
0.732241	0.374662	0.392147	1.351464	0.102349	0.724317	1.512217	0.726344	-0.210939	0.091542	-0.586566	0.346724	1.686049	0.028077	2.534925	1.999671	1.754428	1.674217	0.240597	0.145176	0.773380	1.200455	1.434327	0.752288	1.143502	-0.340067	1.765837	0.109628	0.211036	1.086087	1.363248	1.479599	0.237038	2.416407	1.574132	1.614184	1.905478	0.881415	1.932427	1.481160	-0.791512	0.844674	0.433863	0.358851	0.468338	0.690987	0.797176	1.050959	0.649554	1.053232	-0.475397	2.526775	1.065491	1.861827	1.344854
0.280015	-0.333616	-0.269499	0.013344	-0.785777	-0.425483	0.045276	0.097924	-1.116918	-0.811294	-0.874621	-0.166882	0.303682	-0.399033	2.451325	0.734505	0.210844	0.775642	-0.567882	-0.468733	0.163554	-0.054354	-0.118648	-0.334169	0.525701	-0.265028	1.366559	0.216119	-0.363268	0.837749	0.690401	0.052160	-0.149538	1.213222	0.274147	0.318563	1.919716	0.280254	1.029314	1.181310	-1.017491	-0.231294	0.074519	-0.139167	-0.072958	-0.345059	-0.366470	0.589770	0.163421	0.534721	-1.052323	1.956619	-0.212327	-0.058105	1.055130
-0.496256	-0.276145	-0.402728	-1.112182	-1.222474	-1.353712	-0.742637	0.329262	-0.782209	-0.842274	-0.729414	-0.442447	-1.003285	-0.707057	1.527323	-0.401480	-0.674639	0.032196	-0.415792	-0.853415	-0.376095	-1.345016	-1.074557	-1.470672	0.158628	0.241933	1.576132	0.656551	-0.131982	0.642762	0.039541	-1.269800	-0.035015	0.334491	-0.284274	-0.774349	1.036940	0.041893	-0.045480	0.764436	-0.719286	-0.671050	0.314826	0.257361	-0.558650	-0.751439	-1.561721	-0.272711	0.287694	-0.193217	-1.367837	0.768547	-0.457070	-1.136607	0.136473
-1.242536	-0.177211	-0.608359	-1.707784	-1.284048	-1.723348	-0.792207	0.719141	-0.153456	-0.597312	-0.510161	-0.875303	-1.704307	-0.606629	0.013999	-0.971456	-0.732483	-0.414242	0.232316	-1.207790	-1.117936	-1.986714	-1.046375	-1.956714	0.171800	0.323300	1.731210	0.543818	0.183372	0.227511	-0.412703	-1.571144	0.039136	0.246007	-0.214582	-1.333933	-0.089910	0.129025	-0.771232	0.089126	-0.502252	-0.816139	0.390778	0.798106	-1.248730	-0.911798	-1.856908	-1.050037	0.378386	-0.994080	-1.418005	-0.095789	0.052702	-0.860173	-0.478930
-1.548299	-0.603694	-1.173963	-1.801772	-1.075866	-1.520451	-0.650890	0.407414	-0.280287	-0.735647	-0.591231	-1.555806	-1.785359	-0.122677	-1.258275	-1.120101	-0.491289	-0.616732	0.517648	-1.512312	-1.875652	-1.777701	-0.703498	-1.604559	0.120521	-0.236620	0.876061	-0.538957	-0.299811	-0.683512	-0.857603	-1.049812	-0.436890	0.291970	-0.441830	-1.433049	-0.504169	-0.079554	-1.076213	-0.768631	-0.478307	-1.060005	-0.106821	0.689317	-1.719099	-1.080252	-1.281423	-1.267617	-0.286529	-1.550098	-1.104120	-0.441733	0.189877	-0.183384	-0.249513
-1.128856	-1.032723	-1.399672	-1.301420	-0.562049	-0.808463	-0.510857	-0.401433	-0.873252	-0.987918	-0.646128	-1.707446	-1.293588	0.439150	-1.497303	-0.980623	-0.333640	-0.540597	0.256267	-1.226869	-1.803254	-0.880752	-0.538816	-0.574753	-0.320574	-0.711598	-0.851165	-1.594856	-1.137950	-1.507650	-1.108067	-0.332044	-1.033464	-0.034947	-0.988926	-1.002087	0.001069	-0.591319	-0.933991	-1.166917	-0.248084	-1.083959	-0.662757	-0.033680	-1.335045	-0.974024	-0.352506	-0.767819	-1.183901	-1.391330	-0.319377	-0.544374	-0.261795	0.064060	0.380346
-0.121283	-0.662395	-0.676712	-0.300582	0.072252	0.119288	-0.208686	-0.666978	-0.828924	-0.634622	-0.057101	-0.683393	-0.339798	0.730649	-0.752241	-0.523975	-0.241128	-0.221624	-0.040896	-0.130915	-0.521831	0.196476	-0.330139	0.511511	-0.703624	-0.438985	-1.986444	-1.331227	-1.122285	-1.285823	-0.714560	0.178220	-0.869530	-0.358812	-0.924307	-0.108405	0.658230	-0.634663	-0.345854	-0.625099	0.266685	-0.444631	-0.586567	-0.565626	-0.300774	-0.367211	0.388863	0.084877	-1.119699	-0.441072	0.570952	-0.461365	-0.411457	0.059730	0.557256
0.785922	0.259977	0.356557	0.535475	0.379655	0.654329	0.207448	0.077682	0.044113	0.256538	0.977524	0.761351	0.540997	0.631013	0.106198	0.080637	-0.080355	0.113841	0.032932	0.945136	0.964922	0.756748	0.131554	0.779993	-0.306190	0.321090	-1.317545	-0.015900	-0.123520	-0.127234	0.137059	0.271940	0.071384	-0.145525	-0.027204	0.606094	0.650107	0.075191	0.338940	0.365076	0.551865	0.492145	0.067203	-0.257612	0.412116	0.359767	0.509171	0.634804	-0.038950	0.576128	0.845277	-0.071648	0.184485	0.219850	0.066774
0.928414	0.634393	0.571408	0.581075	0.203543	0.431617	0.434785	1.000846	0.675112	0.728223	1.381222	1.116393	0.680646	0.309910	0.330847	0.445743	0.173083	0.302530	0.311605	0.939550	1.239481	0.539952	0.528678	0.082850	0.742904	0.750376	0.448720	0.697779	0.599230	0.647283	0.590628	-0.085413	0.732986	0.384035	0.625703	0.536073	0.045882	0.694598	0.612574	0.819164	0.230149	0.830139	0.597160	0.542430	0.256632	0.590166	0.004496	0.612693	0.689636	0.726718	0.256547	0.436553	0.708546	0.375687	-0.501200
0.465866	0.041291	-0.032206	0.122459	-0.061938	-0.107455	0.352524	0.973728	0.310691	0.247763	0.567654	0.131136	0.158474	0.022862	0.067748	0.436886	0.418895	0.401489	0.394546	0.011132	0.279485	0.101902	0.561942	-0.562298	1.368975	0.438740	1.303343	-0.014491	0.175789	0.230731	0.272002	-0.493633	0.372789	0.537422	0.274948	0.027990	-0.391360	0.427294	0.411999	0.461995	-0.325129	0.313061	0.497775	0.811126	-0.258590	0.240651	-0.466472	0.430897	0.183240	-0.001544	-0.551927	0.627568	0.321628	0.213676	-0.548866
0.143749	-0.638289	-0.396815	-0.029416	-0.016564	-0.192630	0.136403	0.026837	-0.377997	-0.479526	-0.654436	-0.768185	-0.188057	-0.141166	-0.043664	0.294620	0.469824	0.431294	0.194251	-0.585656	-0.523392	0.094457	0.411661	-0.231679	0.843155	-0.239393	0.437018	-1.003337	-0.656538	-0.564087	-0.194962	-0.376305	-0.383308	0.110838	-0.312548	-0.073495	-0.242893	-0.290879	0.153837	-0.063194	-0.435399	-0.337693	-0.035376	0.155093	-0.348673	-0.160079	-0.254982	0.499860	-0.645922	-0.592585	-0.740305	0.383134	-0.515944	-0.028793	-0.101997
0.175911	-0.502172	-0.070459	0.226139	0.183054	0.201396	-0.063189	-0.703434	-0.370649	-0.514335	-1.065087	-0.494137	0.014721	-0.245763	0.136117	0.158221	0.177651	0.223260	-0.023265	-0.232043	-0.328399	0.281456	0.266772	0.492860	-0.232002	-0.611717	-0.726323	-0.803614	-0.703866	-0.583257	-0.222754	0.148319	-0.447748	-0.381582	-0.139449	0.245744	0.057900	-0.491957	0.097147	-0.165215	-0.025440	-0.433899	-0.417699	-0.596575	-0.016385	-0.209345	0.286494	0.528557	-0.480938	-0.331254	-0.266811	0.048977	-0.754423	0.002248	0.347651
0.040413	0.085533	0.212762	0.189409	0.110345	0.320579	-0.251553	-0.449717	0.151059	-0.034793	-0.541286	0.218023	0.116815	-0.246899	0.150911	-0.098803	-0.318312	-0.219472	-0.032157	0.257470	0.106128	-0.054406	-0.029350	0.304759	-0.639056	-0.398621	-0.592615	0.287408	-0.027985	-0.006718	-0.102901	0.195612	0.162092	-0.388032	0.365490	0.166157	-0.059545	-0.064568	0.068160	0.042452	0.292522	-0.177776	-0.330253	-0.498665	0.059209	-0.127771	0.165091	0.062483	0.408679	0.207069	0.093523	-0.025708	-0.299236	0.038525	0.394685
-0.388271	0.152267	-0.089304	-0.321559	-0.200288	-0.140365	-0.340332	0.326895	0.216924	0.063267	0.023276	0.110830	-0.344905	0.042025	-0.149531	-0.359654	-0.540427	-0.434938	0.129850	0.018641	-0.133767	-0.732036	-0.404178	-0.737312	-0.011018	0.091654	0.405627	0.733885	0.337812	0.164429	-0.254613	-0.591816	0.489231	0.080330	0.167511	-0.490762	-0.420154	0.332384	-0.055106	0.180488	0.094472	-0.143574	0.019985	0.216872	-0.393638	-0.281381	-0.682062	-0.498672	0.675407	0.058018	-0.223129	0.172932	0.048835	-0.331739	0.087278
-0.377703	-0.356503	-0.376443	-0.459430	-0.211371	-0.456533	-0.117304	0.700090	-0.312953	-0.361035	0.031002	-0.629134	-0.663904	0.531220	-0.291099	-0.147609	-0.137850	0.000133	0.305083	-0.492995	-0.591930	-0.652223	-0.249776	-1.076239	0.859009	0.355985	0.697764	-0.003929	0.023100	-0.234099	-0.351659	-1.242563	0.192127	0.521488	-0.517353	-0.770022	-0.451137	0.364382	-0.028092	0.206172	-0.284191	-0.332933	0.222665	0.541358	-0.768912	-0.517563	-1.010836	-0.233066	-0.002385	-0.624444	-0.812850	0.444904	-0.104709	-0.757034	-0.185855
0.411824	-0.609103	-0.027518	0.258678	0.274063	-0.025259	0.299331	0.353013	-0.579351	-0.557347	-0.271722	-0.820177	-0.111464	0.636123	-0.056052	0.534747	0.516779	0.697301	0.348688	-0.349863	-0.350525	0.450809	0.619768	0.037751	1.048485	0.180964	-0.037685	-0.864133	-0.312195	-0.461433	0.009436	-0.707349	-0.077888	0.417851	-0.565225	-0.080344	-0.249202	0.227079	0.281422	0.244706	-0.313559	-0.334142	0.088995	0.083223	-0.470162	-0.437548	-0.032328	0.847001	-0.581428	-0.829118	-0.858034	0.549681	-0.418534	-0.579598	-0.188565
1.005818	-0.322131	0.339408	0.844699	0.597564	0.521451	0.305467	-0.369442	-0.173969	-0.213516	-0.439781	-0.232604	0.589012	-0.058460	-0.014922	0.763355	0.509255	0.661495	0.105444	0.234113	0.255723	1.202075	1.200940	1.253023	0.416289	-0.256814	-0.683959	-0.867728	-0.235388	-0.240149	0.346655	0.513928	0.019858	-0.319141	0.104961	0.686317	-0.500773	-0.014094	0.453822	0.135037	-0.077225	-0.167932	-0.269652	-0.579922	0.125310	-0.125832	1.206397	1.467559	-0.417102	-0.308673	-0.234567	0.234044	-0.626929	-0.001004	-0.099610
0.346537	-0.153463	-0.230331	0.127712	0.044503	0.195652	-0.433853	-0.981953	0.229915	0.069349	-0.331230	0.178694	0.180327	-0.972819	-0.628726	-0.198219	-0.519095	-0.447525	-0.445311	0.262434	0.145297	0.371797	0.409311	0.968415	-0.503942	-0.614320	-0.606554	-0.366407	-0.190727	-0.127765	-0.046822	0.983621	-0.095981	-1.209217	0.304567	0.376109	-1.144589	-0.518859	0.014700	-0.375271	-0.049408	-0.247419	-0.603879	-0.798573	0.150225	-0.014865	1.128139	0.664792	-0.167819	0.108973	0.420146	-0.584915	-0.782335	0.127568	-0.131399
-1.037723	-0.435196	-1.292941	-1.312599	-0.994211	-0.704593	-1.266930	-1.117477	-0.001019	-0.094906	0.077229	-0.061034	-1.042013	-0.970070	-1.353383	-1.644269	-1.672696	-1.634141	-0.932825	-0.317318	-0.610398	-1.216252	-1.241948	-0.345203	-1.159309	-0.611457	-0.464463	-0.177811	-0.539770	-0.426293	-0.813099	0.397813	-0.765148	-1.576482	-0.516693	-0.667142	-1.038206	-1.127328	-0.812111	-1.062716	-0.217102	-0.507143	-0.669618	-0.538671	-0.435309	-0.098227	-0.133876	-0.877756	-0.535826	-0.018784	0.709225	-1.522921	-0.709899	-0.390925	-0.135004
-1.614759	-0.469133	-1.363872	-1.710354	-1.301027	-0.854386	-1.195088	-0.675465	-0.476165	-0.170183	0.759617	-0.248578	-1.428291	0.187748	-1.354669	-2.111301	-1.698736	-1.669122	-0.835305	-0.464265	-0.791409	-1.667732	-2.049937	-0.838584	-1.402423	-0.195485	-0.925961	-0.259840	-0.741821	-0.619721	-0.899251	-0.066903	-1.232055	-1.236886	-1.279364	-1.082065	0.355167	-1.315213	-1.329391	-1.355983	-0.012720	-0.312479	-0.379357	-0.165694	-0.674513	0.079006	-0.895374	-1.690321	-1.028545	-0.066538	0.932964	-1.909881	-0.081781	-0.867623	0.060322
-0.938061	0.333201	-0.033785	-0.556440	-0.404231	0.162486	-0.235354	-0.021884	-0.401862	0.373580	1.361517	0.217197	-0.366293	1.370202	-0.775200	-1.252706	-0.549898	-0.697188	-0.191300	0.237480	-0.010108	-0.597391	-1.298692	0.060952	-1.406122	0.339332	-1.565085	0.060123	-0.128789	-0.233892	-0.141811	0.358131	-0.691118	-0.717144	-0.759037	-0.476997	1.680131	-0.815376	-1.275124	-1.121962	0.743669	0.511553	0.044053	0.059586	0.053553	0.576457	-0.264925	-1.395876	-0.694265	0.414276	1.324520	-1.530100	0.818224	-0.831047	0.137656
-0.141159	1.291581	1.338035	0.706487	0.732750	1.149996	0.478183	0.238612	0.257614	1.081428	1.338875	0.817211	0.794602	1.414112	-0.506952	-0.208764	0.505781	-0.078414	0.246036	0.820039	0.611361	0.461047	-0.106986	0.964625	-1.287766	0.485762	-1.518704	0.864812	0.921784	0.372533	0.454157	0.901263	0.393897	-0.600094	0.624478	0.132669	1.168966	0.020498	-1.037751	-0.851683	1.336345	1.162544	0.189289	0.143044	1.089151	0.815514	0.750574	-0.950201	0.347847	0.732237	1.413629	-0.968396	1.139242	-0.601208	-0.369149
-0.206086	1.234140	1.385093	0.711188	0.914184	0.909394	0.149965	-0.084814	0.742666	1.093713	0.630050	0.732088	0.681839	0.491119	-0.837287	-0.002542	0.473485	-0.559562	-0.115598	0.365377	0.170162	0.299731	0.215477	0.664510	-0.940470	0.011081	-0.726408	1.352063	1.289338	0.519823	0.183995	0.564834	0.798679	-0.804906	1.283221	-0.026911	-0.869793	0.553645	-0.946746	-0.865625	0.969092	0.836111	-0.102898	0.186569	1.311945	0.417513	0.831469	-1.020391	0.900498	0.106841	0.684964	-0.878308	0.547868	-0.605908	-1.268570
-0.669898	0.145795	0.366191	-0.147708	0.124485	-0.189760	-0.677918	-0.534394	0.498954	0.363491	-0.096504	0.075342	-0.258880	-0.277417	-1.100670	-0.373765	-0.241948	-1.334532	-0.896996	-0.625313	-0.657061	-0.443016	-0.187510	-0.183890	-0.317246	-0.676935	0.009078	0.885646	0.543202	0.151086	-0.406733	-0.287497	0.145037	-0.805963	0.565666	-0.400427	-2.200740	0.431915	-0.824631	-0.816195	-0.139819	-0.124821	-0.502650	0.195911	0.581545	-0.185029	0.153305	-1.014341	0.262203	-0.948763	-0.426018	-1.079053	-0.266562	-0.713180	-1.744770
-0.534451	-0.775929	-0.491133	-0.634713	-0.687425	-0.854309	-0.970479	-0.561533	-0.173098	-0.321745	-0.115347	-0.334909	-0.639693	-0.238967	-0.781442	-0.544134	-0.646726	-1.305692	-1.192962	-0.972120	-0.677835	-0.517751	-0.321310	-0.216175	0.288246	-0.899787	0.083562	-0.132787	-0.518173	-0.200961	-0.440945	-0.525061	-0.684570	-0.447001	-0.456929	-0.144433	-1.462980	-0.148599	-0.445482	-0.343717	-0.928309	-0.633999	-0.578418	0.093996	-0.217162	-0.345015	-0.116021	-0.188140	-0.840688	-1.229944	-0.876811	-0.876803	-0.486298	-0.542744	-1.365719
0.204672	-0.759713	-0.684537	-0.488679	-0.892538	-0.637764	-0.617388	-0.163623	-0.555625	-0.436432	0.544397	-0.172598	-0.189297	0.235965	-0.284593	-0.441257	-0.567691	-0.635376	-0.728027	-0.450531	0.079480	0.059281	0.044076	0.550145	0.502005	-0.536313	-0.228416	-0.815939	-0.952834	-0.248980	-0.003110	0.017562	-0.800580	-0.135692	-0.623810	0.483121	0.193472	-0.674803	-0.062593	0.194212	-0.784936	-0.330023	-0.363508	-0.097799	-0.478332	-0.111394	0.355961	0.976360	-1.283597	-0.605283	-0.407732	-0.236373	-0.182145	-0.113639	-0.672521
0.666112	-0.355513	-0.702904	-0.410017	-0.691106	-0.273801	-0.372315	0.180634	-0.348937	-0.243687	1.148362	0.074975	0.111027	0.462483	-0.259050	-0.517343	-0.582225	-0.322075	-0.132687	0.092439	0.557811	0.281682	0.243716	0.843176	0.338584	-0.171148	-0.318288	-0.906304	-0.772687	-0.254982	0.114650	0.395438	-0.387037	-0.194494	-0.245813	0.556625	0.770269	-0.788078	-0.083125	0.186417	-0.223730	0.037973	-0.270515	-0.198788	-0.503527	-0.049801	0.699536	1.319269	-0.987225	-0.188098	0.101685	0.044473	-0.046207	0.183917	-0.441102
0.466893	-0.316142	-0.797598	-0.560680	-0.414337	-0.276067	-0.498034	0.125509	0.119009	-0.114745	1.096163	0.028863	-0.180687	0.244622	-0.597789	-0.697411	-0.771307	-0.552078	-0.000242	0.138934	0.336328	-0.065351	0.006361	0.197520	0.146854	-0.197655	-0.124942	-0.784297	-0.526919	-0.401049	-0.260545	0.124126	-0.157216	-0.419384	-0.232287	-0.008134	-0.051751	-0.524032	-0.354970	-0.268019	-0.014109	-0.088142	-0.407990	-0.103544	-0.587017	-0.242724	0.351522	0.654572	-0.654656	-0.523662	0.003287	-0.398713	-0.318121	0.168842	-0.626100
0.244281	-0.335157	-0.397789	-0.138864	0.067065	-0.075008	-0.263677	-0.171054	0.379853	0.104233	0.532171	0.055127	-0.163484	-0.100087	-0.597599	-0.290820	-0.404400	-0.378100	-0.122518	0.207773	0.196465	0.022431	-0.036617	-0.251355	0.128460	-0.168690	-0.087994	-0.566469	-0.255702	-0.337941	-0.336918	-0.063326	-0.165106	-0.449581	-0.382801	-0.239667	-0.828582	-0.146209	-0.230619	-0.432449	-0.083224	-0.125852	-0.333373	-0.005216	-0.245914	-0.068468	-0.001843	0.032216	-0.441618	-0.579162	-0.084239	-0.721450	-0.472789	0.066088	-0.507289
0.624092	0.305715	0.850378	1.241745	0.901331	0.927541	0.843018	-0.326212	0.297764	0.659497	0.040679	0.598962	0.920480	-0.240536	0.034672	0.904421	0.851466	0.772388	0.034529	0.859196	0.822498	1.159582	0.605566	0.510666	0.167323	0.473415	-0.381710	0.013070	0.386350	0.261402	0.442689	0.560159	0.129467	-0.252923	0.193999	0.466124	-0.448591	0.133211	0.538311	0.051728	0.162146	0.652120	0.274308	-0.168636	0.933309	0.795739	0.465040	0.269884	0.122405	0.677947	0.678738	-0.009814	-0.061444	0.095060	0.207914
1.215833	1.260015	2.065262	2.512350	1.590688	2.023982	1.994653	-0.219775	0.079744	1.192928	-0.091790	1.269510	2.192556	-0.174538	0.770040	1.965046	2.040377	1.989773	0.427742	1.603805	1.640628	2.350069	1.357092	1.700404	0.121473	1.306861	-0.629569	0.761651	1.133943	0.981992	1.403944	1.428148	0.716376	-0.035892	1.242479	1.378764	0.540038	0.245786	1.304159	0.686734	0.681433	1.679013	0.968773	-0.474696	2.134047	1.633729	1.287453	0.896844	0.921191	2.329965	1.748304	1.193826	0.555935	0.186185	0.928460
1.087979	1.317428	1.888777	2.171880	1.337500	1.802436	1.810654	-0.047341	-0.019448	1.015346	-0.072144	1.177686	2.011848	-0.115503	0.911737	1.732811	1.826508	1.843440	0.493324	1.413188	1.494078	2.030214	1.196576	1.624154	0.027221	1.274217	-0.406105	0.919644	1.128603	1.012226	1.353420	1.304607	0.828473	0.090839	1.352677	1.295696	0.856950	0.208465	1.191257	0.765510	0.731295	1.581516	0.960252	-0.479968	1.933856	1.406553	1.203001	0.874124	1.049877	2.324927	1.650739	1.389465	0.634233	0.182882	0.920598
0.057748	0.156346	0.209894	0.158561	0.100317	0.056501	0.146355	0.039728	0.048285	0.050499	-0.124549	0.160565	0.146497	-0.167406	0.407033	0.197727	0.144056	0.201928	0.035221	0.139893	0.203812	0.064566	-0.002824	-0.046881	-0.040459	0.153215	0.258246	0.254632	0.163232	0.212828	0.119686	-0.030752	0.155955	0.160178	0.064761	0.065489	0.186687	0.079284	0.151744	0.215930	0.041969	0.083323	0.139100	-0.047490	0.162877	0.055224	-0.079371	-0.018024	0.199424	0.252784	0.057689	0.181226	0.029230	0.072282	0.177377
