X1	X2	X3	X4	X5	X6	X7	X8	X9	X10	X11	X12	X13	X14	X15	X16	X17	X18	X19	X20	X21	X22	X23	X24	X25	X26	X27	X28	X29	X30	X31	X32	X33	X34	X35	X36	X37	X38	X39	X40	X41	X42	X43	X44	X45	X46	X47	X48	X49	X50	X51	X52	X53	X54	X55
0.159769	0.296704	0.029719	-0.037843	0.147392	0.125491	0.073369	0.162301	-0.036797	0.059436	0.239929	0.183156	0.223611	0.180817	0.494193	0.055582	0.047739	0.062140	0.060295	-0.033872	-0.096156	-0.008282	0.437939	0.017333	0.073279	0.124792	0.377536	0.226981	0.289167	0.093844	0.005103	0.095372	0.327098	0.251973	0.116977	0.067740	-0.008389	0.269518	0.429999	0.226914	0.007842	0.056800	0.099192	0.302077	0.159602	0.243605	0.156563	0.297241	-0.094746	0.028474	0.032240	0.008220	0.021604	0.143555	0.034937
0.133653	0.017866	0.367735	-0.188528	0.473576	-0.351796	-0.586122	1.308662	1.501281	1.694803	1.900853	1.399378	-0.049636	-0.632858	1.856314	0.678831	-0.595359	-0.768003	-0.990031	0.280583	0.567338	-0.401693	0.642706	0.189787	-0.223002	-0.180479	-0.983741	0.179537	0.232803	0.159759	0.004242	0.267743	0.177801	0.199414	-0.159138	0.009459	0.452407	0.847468	0.686561	0.789018	0.695521	-0.265028	-0.464842	-0.347466	-0.540101	-0.159408	0.118504	-0.083712	0.547751	-0.810773	-0.130742	0.965286	0.068844	-0.067803	-0.311116
-0.012437	-0.229157	0.276798	-0.343608	0.337915	-0.625150	-0.480784	1.361216	1.497781	1.311126	1.997500	1.455007	-0.156076	-0.321726	1.506016	0.588464	-0.385329	-0.950424	-1.028234	-0.050317	0.628881	-0.546162	0.548694	0.237770	-0.187826	-0.184772	-1.117463	0.048292	-0.013648	0.245198	0.070389	0.302640	0.276834	-0.141150	-0.275624	-0.110485	0.303168	1.008450	0.698419	0.667633	0.489305	-0.226886	-0.488924	-0.755223	-0.827003	-0.607771	0.091300	-0.324606	0.729503	-0.771547	-0.282934	0.906593	0.104040	-0.239496	-0.398171
-0.298219	-0.343235	-0.336129	-0.532383	-0.106116	-0.573379	0.165550	0.347197	-0.050326	-0.839249	0.493961	0.274452	-0.149002	0.923892	-0.165829	-0.035580	0.344444	-0.577470	-0.118809	-0.908404	-0.046872	-0.380963	0.087244	0.075307	0.121936	-0.009335	-0.245653	-0.278883	-0.429931	0.089240	0.036707	0.156854	0.595470	-0.279778	0.016228	-0.334235	-0.056033	0.806750	0.498303	-0.022578	-0.335592	0.036261	-0.197452	-0.785268	-0.635720	-0.925123	-0.064515	-0.426898	0.324660	0.105981	-0.341965	-0.193756	0.039871	-0.226498	-0.328160
-0.573123	-0.305344	-1.100334	-0.726745	-0.335120	-0.238728	0.429682	-0.812209	-1.783937	-2.673066	-1.273281	-1.178923	-0.218103	1.782044	-1.188393	-0.352725	0.525821	-0.226597	0.814513	-1.501527	-0.984395	-0.045270	-0.449591	-0.294846	0.303330	-0.040808	0.326667	-0.752863	-0.782156	-0.483911	-0.288002	-0.085982	0.748731	0.451307	0.587987	-0.641156	0.242129	0.557336	0.248615	-0.545427	-0.790602	0.059850	-0.246790	-0.459303	-0.306776	-0.918481	-0.389060	-0.391128	-0.425635	0.851136	-0.358216	-1.411211	-0.242322	0.013518	-0.485603
-0.598745	-0.209113	-1.426596	-0.745903	-0.128723	0.216833	-0.119690	-1.334947	-2.458355	-2.706747	-2.044188	-1.893841	-0.390013	1.326386	-0.435981	0.090498	-0.197773	-0.158939	1.104088	-1.202490	-1.460159	0.231287	-0.628025	-0.787728	0.017690	-0.420275	-0.075888	-1.051903	-0.821392	-1.110115	-0.777027	-0.326243	0.334198	1.753935	0.767305	-0.938708	1.249620	0.355647	-0.062178	-0.457321	-0.502875	-0.321568	-0.727399	0.074304	-0.187751	-0.644317	-0.626234	-0.143283	-1.152078	0.581734	-0.549943	-1.828974	-0.612841	0.311921	-1.002119
-0.294565	-0.013787	-0.980440	-0.371995	0.258400	0.630505	-0.832468	-1.025703	-1.922123	-1.410142	-1.650256	-1.623031	-0.424717	0.150359	1.085543	0.760020	-0.965548	-0.102729	0.883895	-0.204856	-1.135106	0.248012	-0.372592	-1.248341	-0.623581	-0.817261	-0.656495	-0.872768	-0.488155	-1.193097	-1.045068	-0.574049	-0.500863	2.444937	0.178409	-1.109512	2.068369	0.082548	-0.552001	-0.129264	0.001475	-0.688270	-0.890902	0.634044	-0.184038	-0.284469	-0.525994	0.207076	-1.530987	-0.460358	-0.842555	-1.339383	-0.532894	0.580771	-1.362154
0.132236	0.464538	0.069240	0.366776	0.479606	0.854667	-0.689937	-0.050693	-0.782838	-0.105727	-0.755100	-0.823631	-0.089479	-0.356173	1.553079	0.713650	-0.709943	0.239396	0.574884	0.724273	-0.328705	0.001494	-0.078383	-1.364928	-1.062246	-0.700373	-0.301508	-0.300511	0.068861	-0.628526	-0.803781	-0.816960	-1.016317	1.749673	-0.534523	-1.004962	1.967732	-0.227576	-1.056697	-0.178803	0.274787	-0.464868	-0.057696	1.064620	0.095985	0.120141	-0.164687	0.333947	-1.242349	-1.079530	-0.619270	-0.511379	0.411436	0.935960	-0.822329
0.408908	1.113482	1.228386	1.125600	0.407502	0.762053	0.546986	1.078818	0.378437	0.721381	-0.016832	-0.054688	0.522675	0.172682	0.452931	-0.211098	0.624667	0.798200	0.302164	1.087075	0.404582	-0.161121	-0.006646	-0.709913	-0.804314	0.168392	0.795828	0.285963	0.633885	0.105916	-0.046186	-0.769903	-0.717874	0.084293	-0.439824	-0.401394	1.091925	-0.342797	-1.057968	-0.473504	0.532310	0.438746	1.405271	1.192169	0.743698	0.640390	0.253819	0.240478	-0.068094	-0.436657	0.560958	0.122069	1.658205	1.255551	0.615393
0.507351	1.356853	1.971891	1.516448	0.094266	0.395280	2.003679	1.433560	1.222471	1.430659	0.344857	0.430213	1.025393	0.526581	-1.038429	-1.014419	1.985556	1.287842	0.029682	1.078100	0.860174	0.252682	0.182796	0.794477	-0.018015	1.381481	1.266257	0.636977	1.022058	0.582692	0.978291	-0.051840	-0.107972	-1.522261	0.363175	0.807537	-0.027659	-0.197714	-0.241627	-0.138106	0.984299	1.463221	2.287431	0.827462	1.327264	1.215996	0.700421	0.490199	1.632420	0.944396	2.028347	0.439890	1.850064	0.972806	1.886837
0.554952	0.725557	1.884907	1.347054	-0.373547	0.014494	2.422392	0.356347	1.420802	1.962530	0.378144	0.595133	1.054060	-0.422136	-1.591335	-0.675207	2.173838	1.469661	-0.124309	1.087480	1.129671	1.256937	0.844779	2.394910	0.551317	2.002395	0.310407	0.752878	1.039304	0.794204	1.756077	1.193578	-0.149939	-2.356187	0.807687	2.180740	-1.084106	-0.065838	0.917170	1.134269	1.132717	1.798228	1.727986	-0.022205	1.309399	1.544176	1.151997	1.350924	2.700780	1.669068	2.366191	0.484076	0.361728	-0.175726	1.834238
0.479099	-0.519592	0.853432	0.625950	-0.870491	-0.165129	1.249501	-1.565861	0.753564	1.543756	0.096189	0.396933	0.523168	-1.990154	-1.108168	0.444891	0.887128	1.204914	-0.070539	1.030442	1.076708	2.077934	1.462698	2.900281	0.426524	1.301678	-1.258287	0.635169	0.512198	0.804264	1.655160	2.121582	-0.979337	-2.252841	0.291553	2.756668	-1.846691	-0.240793	1.430901	2.210978	0.352327	0.990128	0.073242	-0.943396	0.579504	1.284462	1.338176	1.993710	2.031919	1.006805	1.013287	0.192864	-1.635132	-1.406474	0.462744
0.078383	-1.522559	-0.610497	-0.374939	-1.134007	-0.171654	-0.776234	-2.779815	-0.393558	0.003127	-0.488333	-0.124307	-0.328159	-2.405371	-0.458048	0.933500	-0.984827	0.537260	-0.017864	0.536565	0.339583	1.846945	1.052252	1.904790	-0.027424	-0.374751	-1.949202	0.253616	-0.428473	0.438303	0.520964	2.012413	-1.635632	-1.408529	-0.554250	1.993111	-1.961869	-0.656526	0.855029	1.696068	-0.963583	-0.585555	-1.448354	-1.285165	-0.350788	0.504157	1.039905	1.337930	-0.065139	-0.244842	-0.856092	-0.377139	-2.272209	-1.543064	-0.989593
-0.483648	-1.595062	-1.494632	-1.043184	-0.865962	-0.118049	-2.120281	-2.320136	-1.043230	-1.367179	-1.076865	-0.607785	-1.095851	-1.139394	-0.258763	0.178141	-2.072087	-0.177280	-0.223359	-0.280790	-0.950844	0.619071	-0.418007	0.389342	-0.110769	-1.679025	-1.199061	-0.179747	-1.183612	-0.365885	-0.876929	1.142148	-1.262782	-0.322438	-0.781935	0.596019	-1.405426	-0.956573	-0.162840	-0.157114	-1.543000	-1.822750	-1.833023	-0.727371	-0.662467	-0.156950	0.514129	-0.338686	-1.812247	-0.667759	-1.505225	-0.773179	-1.128615	-0.477802	-1.309353
-0.693401	-0.885746	-1.206348	-0.854550	-0.092877	-0.058723	-1.882902	-0.764653	-0.610911	-1.132816	-1.123494	-0.564900	-1.502364	0.372076	-0.320102	-0.827940	-1.762689	-0.531634	-0.619516	-0.763094	-1.879022	-0.682416	-1.715880	-0.336886	0.295292	-1.609865	0.212386	-0.283179	-1.170223	-1.144948	-1.489292	0.378678	-0.189958	0.364662	-0.380957	-0.188588	-0.768803	-0.919685	-0.720735	-1.599879	-0.818022	-1.823579	-1.151551	0.236254	-0.042153	-0.131471	0.189143	-1.499063	-1.778143	0.078598	-0.595921	-0.512190	0.352486	0.574287	-0.542641
-0.396899	-0.273994	-0.295508	-0.051765	0.716741	-0.067438	-0.777391	0.558257	0.270779	0.348551	-0.418774	0.037600	-1.511243	0.600744	-0.204811	-0.912663	-0.760606	-0.548841	-0.925381	-0.566818	-1.607942	-1.344205	-1.785383	-0.147518	0.645127	-0.678529	1.123174	-0.021771	-0.529898	-1.229498	-1.155948	0.009013	0.541302	0.366811	-0.184816	-0.139803	-0.577784	-0.685960	-0.818006	-1.581496	0.238783	-0.877281	-0.348381	0.589293	0.757291	0.261657	0.021471	-1.286321	-0.487748	0.899159	0.501822	0.245959	0.742254	0.498521	0.167380
-0.062863	-0.390587	0.192160	0.508152	1.119455	-0.167325	-0.242943	0.967807	0.430569	1.269154	0.481634	0.615097	-1.094799	-0.245413	0.056869	-0.268989	-0.170309	-0.534204	-0.962014	-0.132666	-0.396952	-1.396666	-0.890655	0.026818	0.511603	-0.206713	1.116709	0.175869	0.011237	-0.463299	-0.599288	-0.405462	0.544981	0.001915	-0.629184	-0.178023	-0.601818	-0.494576	-1.090467	-0.855908	0.464309	-0.124745	-0.130321	-0.106365	0.629299	0.174783	-0.314299	-0.553509	0.369626	0.771303	0.509658	0.790289	0.243145	-0.477976	0.005234
-0.086427	-0.809738	0.027281	0.373913	1.138737	-0.178831	-0.551671	0.729591	-0.340324	0.726359	0.747884	0.587736	-0.169250	-0.807143	0.011514	0.056908	-0.110987	-0.424916	-0.703103	-0.052978	0.638717	-1.061106	0.028456	-0.231239	0.131524	-0.514652	0.723121	0.004059	0.068922	0.602458	-0.212297	-0.980020	0.476980	-0.283206	-1.050368	-0.727217	-0.348402	-0.339860	-1.513793	-0.545896	0.146287	-0.117173	-0.176416	-1.041972	-0.448404	-0.502342	-0.632755	-0.483451	0.151979	0.096105	-0.157550	0.764635	-0.027553	-1.280581	-0.517912
-0.241678	-0.641840	-0.073087	-0.007682	1.023674	0.007213	-0.521329	0.284869	-1.024817	-0.231729	0.248180	0.043584	0.951898	-0.453169	-0.608028	-0.293176	0.246707	0.110423	-0.252881	-0.344235	0.811541	-0.355588	0.499329	-0.254268	0.079685	-0.588112	0.668452	-0.309638	-0.039270	1.255910	0.390758	-1.124378	0.921501	-0.467959	-0.479354	-0.899667	0.026933	-0.090809	-1.243744	-0.565231	0.348172	-0.224588	0.255850	-1.078290	-1.213904	-0.905629	-0.362290	-0.889752	-0.148675	0.013398	-0.149461	0.590348	0.228606	-1.353376	-0.298727
-0.122577	0.101259	0.332721	-0.008358	0.820329	0.088031	0.538039	-0.217088	-0.803223	-0.323299	-0.269700	-0.396052	1.406127	0.215516	-1.480401	-0.725089	1.156546	0.747909	0.076321	-0.637333	0.547805	0.479230	0.517665	0.350251	0.573674	0.173007	1.080672	-0.390128	-0.006503	1.266445	1.344729	-0.566711	1.444060	-0.725144	1.074379	0.018369	-0.039541	0.139785	-0.027811	-0.224667	0.936761	0.218105	1.048592	-0.236578	-0.695111	-0.535553	0.330319	-0.719079	0.309872	0.692573	0.717127	0.728331	0.303556	-1.024450	0.789461
0.210124	0.392715	0.694745	0.335161	0.495596	-0.268019	1.443368	-0.583745	-0.196125	0.089907	-0.130458	-0.314735	0.629313	0.601615	-1.868582	-0.715992	1.545580	0.449334	-0.052524	-0.798781	0.599216	0.774432	-0.006031	0.658507	1.199411	0.764898	1.444079	-0.281373	-0.114979	0.931112	1.823827	-0.038568	1.266081	-0.790410	2.486969	1.031909	-0.416113	0.090424	1.042950	0.268846	0.605093	0.749055	1.137910	0.360824	0.457319	-0.157826	0.344379	0.099287	0.810616	1.114124	1.055009	0.884427	-0.175928	-0.666114	1.578874
0.382314	-0.308129	0.345704	0.504748	0.234362	-0.775244	0.685291	-0.381475	-0.300057	-0.287095	0.401779	0.076587	-0.801859	0.973527	-1.180444	-0.360526	0.463717	-1.099737	-0.530135	-0.974745	0.923314	0.167428	-1.025044	-0.316936	1.299989	-0.011597	1.181885	-0.353674	-0.701069	0.557716	0.996158	-0.284413	0.535114	-0.092139	2.685706	0.539763	-0.120691	-0.118260	0.850855	0.010596	-0.934452	0.457075	-0.008751	0.087032	0.762459	-0.720446	-0.817268	0.401568	0.253307	0.659285	-0.014245	0.401833	-0.622468	-0.131379	1.025974
0.346506	-1.083782	-0.341675	0.358391	0.242072	-0.750253	-1.077897	0.526794	-1.161112	-1.501747	0.519884	0.317821	-1.637960	1.721005	0.467925	0.080322	-1.176285	-2.544010	-0.749678	-1.088190	0.873330	-0.706582	-1.775655	-1.761894	0.652969	-1.492382	0.239318	-0.692066	-1.347928	0.136219	-0.641089	-0.813291	0.200910	1.320516	1.703528	-1.195624	1.369846	0.056492	-0.139941	-0.965878	-2.043650	-0.438314	-1.354681	-0.355492	-0.115608	-1.757293	-1.896724	-0.326047	-0.850749	0.095162	-1.271924	-0.696141	-0.428169	0.751751	-0.436695
0.488099	-0.698268	-0.298570	0.390998	0.392272	0.011393	-1.478734	1.511638	-1.576698	-1.979448	-0.006179	0.338568	-1.216058	2.375977	2.108028	0.533069	-1.406070	-2.196040	-0.291492	-0.700549	0.393017	-0.747336	-1.254281	-1.674486	-0.240348	-1.724452	-0.792822	-0.841969	-1.202890	-0.355539	-1.535297	-0.457335	0.616765	2.404255	0.469565	-1.961447	3.088340	0.790446	-0.403196	-1.302608	-1.196724	-0.631488	-1.404233	-0.038040	-0.879709	-1.759315	-1.202887	-0.829024	-0.820911	0.400061	-0.907665	-1.550373	0.123668	1.580603	-1.357499
1.004964	0.621042	0.758717	0.962125	0.361124	0.963259	0.308911	1.652468	-0.677419	-0.630918	-0.531852	0.449710	0.018847	2.044427	2.505707	0.860995	0.159093	-0.183153	0.489959	0.381402	0.271924	0.315125	0.421805	0.413887	-0.645823	-0.152037	-1.158619	-0.344531	-0.150529	-0.614218	-0.812269	0.846968	0.935031	2.088193	-0.272142	-0.478200	3.423661	1.362088	0.559223	-0.090557	0.879451	0.388268	-0.170422	0.772862	-0.381606	-0.251502	1.017793	0.246382	0.662733	1.176560	0.827597	-1.467670	0.316214	1.709930	-0.962175
1.479389	1.359549	1.821232	1.590758	0.058127	1.471749	2.166428	0.716127	0.835595	1.494813	-0.423757	0.693258	1.147707	0.617955	1.256593	0.786561	1.650159	1.598486	0.882541	1.579321	0.902124	1.510107	1.748264	2.429357	-0.401476	1.492689	-0.683819	0.598070	0.894671	-0.315606	0.686825	1.676161	0.259511	0.525868	-0.554812	1.696998	1.945561	0.939490	1.472753	1.693250	2.079625	1.406546	0.811052	0.924483	0.753973	1.364717	2.524813	2.179470	1.783401	1.157339	1.799541	-0.717706	0.063910	1.083204	0.056947
1.351190	0.773441	1.870562	1.478755	-0.242595	1.462062	1.830920	-0.504788	1.502603	2.395475	0.169793	0.610667	1.671537	-1.001722	-0.581495	0.382674	1.477540	1.846352	0.776209	2.016820	1.447586	1.769346	1.530706	2.214885	-0.080286	1.530444	-0.013467	1.266243	1.163696	0.382856	1.434277	0.953709	-0.987938	-0.928341	-0.690733	2.127935	-0.082822	-0.132146	1.065943	2.353750	1.588210	1.127950	0.616978	0.053405	1.012810	1.600853	1.787591	2.899648	1.084298	0.156138	0.943845	-0.115137	0.080616	0.395038	0.563794
0.648577	-0.060574	1.133645	0.602406	-0.211573	1.271981	0.020268	-0.914449	0.889543	1.541866	0.652464	-0.061388	1.726518	-1.860394	-1.268549	0.257500	0.458572	1.302458	0.794146	1.506366	0.861522	1.194008	0.452344	0.232549	-0.284776	0.533508	0.006640	1.223217	0.982412	0.926534	0.983292	-0.480753	-1.426753	-1.062287	-0.670264	0.649987	-1.096196	-0.459891	-0.073907	1.673411	0.647711	0.056043	0.166208	-0.729127	0.097940	0.819669	-0.088039	1.744619	-0.327183	-0.520760	-0.277255	-0.061450	0.895060	0.317595	0.304094
-0.124077	0.228469	0.523602	-0.273908	0.115859	1.054462	-0.676666	-0.197268	-0.007868	0.267587	0.734020	-0.803304	1.560888	-1.732088	-0.124922	0.788632	0.394126	1.309343	1.287678	0.686982	-0.651791	0.723474	0.143039	-1.190361	-0.951938	0.244883	-0.821003	0.693562	1.037615	0.870376	0.180568	-0.906202	-0.461557	0.020072	-0.462673	-0.680552	-0.727416	0.644391	-0.292558	0.941244	0.619458	-0.270461	0.687432	-0.284039	-0.816789	0.486691	-0.899766	0.224744	-0.312106	0.049638	-0.017950	-0.260634	1.909343	0.723954	-0.175169
-0.721567	1.373605	0.258740	-0.659500	0.268467	0.589213	0.497331	0.839254	-0.134844	-0.170009	0.525667	-0.868543	1.086842	-0.997890	1.633963	1.380556	1.279132	1.691182	1.605710	0.134187	-1.817435	0.744226	0.880570	-0.869184	-1.475483	0.977710	-1.809035	0.129333	1.151968	0.198551	-0.192850	0.021839	0.862666	1.111614	-0.461375	-0.487933	0.199086	2.033049	0.745493	0.927176	1.269049	0.444160	1.713972	0.887197	-0.849334	0.915052	-0.214225	-0.204690	1.164457	0.992731	1.376750	-0.219826	1.820475	0.869726	-0.513632
-1.295602	1.857020	-0.215096	-0.810728	-0.183955	-0.270061	1.511050	1.079130	0.405539	-0.011656	0.147404	-0.271216	0.170933	-0.189837	2.112894	1.054824	1.309032	1.086044	0.828833	-0.235266	-1.758278	0.701579	1.224975	0.127932	-1.377590	1.302481	-1.959537	-0.273781	0.571571	-0.642212	-0.228584	0.974061	1.053862	1.142455	-0.928569	0.396772	0.707517	1.926155	1.525451	0.959156	1.418080	0.896843	1.639956	1.205208	-0.407562	0.926509	0.401648	0.045899	1.930974	0.787444	1.940631	0.220078	0.213527	0.331147	-0.775371
-1.776836	0.930754	-1.086335	-1.030075	-1.058287	-1.184721	0.490597	0.250728	0.751706	-0.184907	-0.339335	0.219048	-0.843779	0.250833	0.723467	-0.185334	-0.427843	-0.839338	-0.903263	-0.693712	-0.776826	0.146139	0.124826	0.326968	-0.748660	0.246094	-0.895866	-0.517448	-0.665957	-0.960868	-0.242464	0.874709	-0.145144	0.096067	-1.262810	0.496144	0.385792	0.045581	0.769028	0.284768	0.566315	0.198807	0.038831	0.139175	-0.189478	-0.167955	-0.156650	-0.270742	0.681162	-0.670756	0.723762	0.745053	-1.580800	-0.479801	-0.827858
-1.681296	-0.547111	-1.727754	-1.080996	-1.638004	-1.576076	-1.731025	-0.850223	0.493667	-0.806669	-0.709869	0.034149	-1.348596	0.113666	-1.317921	-1.155286	-2.512565	-2.549019	-2.285946	-1.053859	0.209741	-0.510654	-1.565556	-0.308818	-0.146886	-1.283319	0.638716	-0.541227	-1.450893	-0.415026	-0.101722	0.176367	-1.683513	-1.179359	-0.615969	-0.333924	-0.594660	-2.028141	-0.868728	-0.671177	-0.759323	-0.812289	-1.603131	-1.064626	-0.050471	-1.341002	-1.060712	-1.271667	-1.239554	-1.933931	-1.172626	0.775016	-1.758467	-0.870072	-0.253663
-0.842688	-1.318802	-1.562814	-0.636353	-1.437450	-1.255915	-2.794260	-1.294379	0.039451	-1.152246	-0.709017	-0.626472	-1.226792	-0.445941	-2.401544	-0.951186	-2.939937	-2.371309	-2.206841	-0.886345	0.521263	-0.622726	-2.248597	-0.814048	-0.138682	-1.718562	1.332362	-0.269438	-0.937022	0.449713	0.348259	-0.123526	-2.552901	-1.815900	0.784643	-1.081378	-1.687732	-2.636540	-1.798098	-1.074614	-1.861264	-0.825292	-1.738491	-1.028341	0.577319	-1.182460	-0.985372	-1.914299	-1.761380	-1.812549	-2.193810	-0.027198	-0.148378	-0.708612	0.844042
0.020076	-1.136381	-0.892402	0.031121	-0.758503	-0.671251	-1.827658	-0.975679	-0.114239	-0.848190	-0.464867	-1.221370	-1.002288	-0.994648	-2.059193	-0.156226	-1.562428	-0.506986	-0.926995	-0.239760	0.002721	-0.272617	-1.652096	-0.754596	-0.766112	-0.854667	0.575664	0.126755	0.317984	0.573993	0.660776	0.025156	-2.648745	-1.527861	1.629299	-1.119162	-2.217769	-1.697629	-1.595674	-1.062333	-2.439767	0.047960	-0.628423	0.035199	1.579566	0.168483	-0.108777	-1.618427	-0.854376	-0.683970	-2.103903	-1.239534	1.495031	-0.443740	1.521201
-0.045015	-0.673098	-0.529932	0.233578	-0.309232	-0.426374	-0.278763	-0.497457	-0.002577	-0.384168	-0.430241	-1.467564	-1.064113	-1.159699	-1.026545	-0.056817	-0.073566	1.201502	0.290123	0.269480	-1.042986	-0.161003	-0.949130	-0.592656	-1.355796	0.034800	-0.826885	0.229913	0.942403	-0.427933	0.196443	-0.107312	-2.290086	-0.612829	1.023751	-0.817689	-1.799385	-0.452005	-1.252450	-1.464606	-2.378894	0.460659	0.211267	0.754156	2.110905	1.214539	0.215212	-1.025914	-0.311490	0.163825	-1.717673	-1.844982	1.501263	-0.392104	1.026297
-1.001776	-0.411795	-0.771255	-0.264870	-0.327293	-0.580989	0.223004	-0.303138	0.095028	-0.262659	-0.758713	-1.336057	-1.078517	-0.902631	-0.213815	-0.875210	0.195333	1.349689	0.575689	0.204947	-1.957017	-0.646143	-0.969480	-0.691609	-1.055962	-0.014156	-1.440157	-0.185053	0.348063	-1.659003	-0.909031	-0.697367	-1.512186	0.361247	-0.489939	-0.678539	-0.737367	0.006283	-1.471200	-2.290026	-1.497481	-0.231693	0.082391	0.421334	1.643197	1.078811	-0.505157	-0.938226	-1.064686	0.064804	-1.394403	-1.208944	0.123437	-0.376757	-0.074945
-1.687563	-0.174848	-1.047263	-0.893762	-0.351469	-0.592505	-0.132148	-0.277213	0.195647	-0.200562	-1.001008	-0.791531	-0.538109	-0.491623	0.029878	-1.467161	-0.328365	0.338276	0.211208	-0.143532	-2.048096	-1.304235	-1.107759	-0.651211	0.213989	-0.450928	-0.786920	-0.766350	-0.641160	-1.869813	-1.698663	-0.987112	-0.282218	0.839959	-1.672906	-0.504694	0.120418	-0.404914	-1.660015	-2.384274	0.143383	-1.088112	-0.177337	-0.266955	0.577069	0.469279	-1.147557	-1.127087	-1.887045	-0.512370	-0.647003	0.148575	-1.018378	-0.184597	-0.457655
-1.149067	0.228015	-0.714713	-0.974958	0.055865	-0.054740	-0.065127	-0.199585	0.458837	0.328529	-0.660343	0.092234	0.287267	-0.234130	-0.116495	-0.918543	-0.477628	-0.452430	-0.003437	-0.216670	-1.184771	-1.537372	-0.367150	0.026224	1.473023	-0.172168	0.143790	-0.865980	-0.862018	-0.936916	-1.508817	-0.411429	0.912583	0.541443	-1.963661	0.154367	0.153445	-1.094811	-1.007818	-0.979331	1.800631	-0.976346	0.317136	-0.347681	-0.363252	0.388342	-0.578164	-0.737134	-1.235717	-0.827498	0.663449	1.008103	-0.972701	-0.032816	0.177694
0.175475	0.488425	0.035295	-0.553974	0.670932	0.725034	0.679017	-0.141326	0.641777	1.043648	0.097241	0.882762	0.525333	-0.201602	-0.229366	0.197268	-0.049534	-0.379584	0.215496	0.003485	-0.056750	-1.270050	1.042508	0.947169	1.619209	0.778965	0.276897	-0.279101	-0.186403	0.010556	-0.755961	0.471581	1.356072	-0.254112	-1.694346	1.017048	-0.406184	-1.462706	0.153666	1.012989	2.366984	-0.167359	1.092496	0.167908	-0.927741	0.635743	0.676825	0.357842	0.437419	-0.757329	1.587754	0.728640	-0.297253	-0.198089	0.579580
0.980096	0.294900	0.384705	-0.236221	0.934762	1.089870	0.988367	-0.176819	0.241946	1.018511	0.579629	1.047551	-0.046908	-0.196304	0.067033	0.642341	0.198366	0.022543	0.488447	0.022280	0.410442	-0.843328	1.799846	1.038649	0.646392	1.212261	-0.077387	0.461248	0.477900	0.054690	-0.310854	0.618587	1.040387	-0.737412	-1.228847	1.127537	-0.778766	-1.164346	0.769274	1.874118	1.437337	0.151544	1.038489	0.562804	-1.251181	0.300127	1.058370	1.184327	1.207571	-0.621058	1.178483	-0.102289	0.057239	-0.382030	-0.291495
0.651231	-0.081224	-0.005955	-0.306378	0.680332	0.763019	0.198263	-0.065387	-0.624853	0.030144	0.447327	0.584386	-0.535820	-0.011756	0.683064	0.196038	-0.051482	0.073952	0.442574	-0.341624	0.015275	-0.529879	1.110165	-0.138389	-0.338171	0.508060	0.121446	0.655239	0.407562	-0.381307	-0.389651	-0.209010	0.754559	-0.279553	-0.574761	0.072151	-0.556737	-0.218860	0.505669	1.028615	-0.111379	-0.361611	0.092774	0.462384	-1.346072	-0.680088	0.048759	0.811527	0.349805	-0.504860	-0.106048	-0.388540	-0.040949	-0.050578	-1.551555
-0.088501	-0.138003	-0.460418	-0.374661	0.227754	-0.015463	-0.708055	0.438188	-0.916701	-0.795411	0.210481	0.200650	-0.132719	0.322407	0.983649	-0.189327	-0.136598	-0.202475	0.137383	-0.576328	-0.449986	-0.424973	-0.270543	-1.622902	-0.332583	-0.377732	0.799738	0.243904	-0.078671	-0.223177	-0.468395	-1.229470	1.050961	0.748405	0.118732	-1.256821	-0.108568	0.858986	0.074332	-0.407361	-0.919997	-0.718638	-0.624782	0.110115	-1.091114	-1.312199	-1.138996	-0.451169	-0.579768	-0.214713	-0.829008	0.255258	-0.120170	0.553216	-1.344175
-0.115484	0.176579	-0.094259	0.012883	-0.106721	-0.841999	-0.320088	1.157080	0.247637	-0.192681	0.622824	0.652066	0.714128	0.631009	0.552654	0.128291	0.525028	-0.379151	-0.181922	-0.160691	-0.024955	-0.549552	-0.856768	-1.930675	0.573905	-0.094710	0.766149	-0.090425	-0.092658	0.758311	-0.125532	-1.591195	1.594241	1.193778	0.414859	-1.512648	-0.007297	1.351943	0.203825	-0.971457	-0.521993	0.002376	-0.358270	-0.135027	-0.531343	-0.911829	-1.134737	-1.275516	0.140594	0.208371	-0.345536	1.197879	-0.005604	0.477893	0.641182
0.805528	0.518103	1.016767	0.672754	-0.288210	-1.330881	1.225739	1.640653	2.226951	1.514927	1.628560	1.820595	0.947010	0.838784	-0.070186	0.592805	1.463844	-0.283173	-0.390440	0.627219	1.299189	-0.727013	-0.038159	-0.673986	1.461267	1.266181	-0.258629	0.280944	0.668881	1.652276	0.466463	-1.139252	1.744663	0.413588	0.282265	-0.428899	-0.289229	1.080076	0.882034	-0.319016	0.276659	1.347923	0.327999	-0.106351	0.110965	0.008902	-0.059851	-0.737632	1.942074	0.389229	0.491585	1.634944	0.005898	-0.493876	2.547946
1.806337	0.675196	1.819933	0.955479	-0.378912	-1.140215	2.239914	1.583838	3.129249	2.480662	2.221627	2.577177	0.419793	0.963950	0.000604	0.408928	1.715200	-0.044035	-0.378365	0.982600	2.429795	-0.524892	1.331958	0.973029	1.547263	2.137357	-0.874998	1.110291	1.471940	1.570048	0.889745	-0.270340	1.339595	-0.892192	0.363127	0.881584	-0.470465	0.647547	1.622822	0.705028	0.396296	1.970923	0.446322	0.195767	0.588934	0.444943	0.860700	0.640222	2.611359	0.166903	0.588472	1.456488	-0.262447	-1.183933	2.521422
1.902429	0.683163	1.509214	0.606443	-0.341545	-0.237042	1.522659	0.954126	1.827169	1.425576	1.581673	1.878001	0.042821	0.937067	0.694375	-0.168431	1.065313	0.242616	0.055711	0.648844	2.331945	0.320048	1.882837	1.554835	0.810975	1.354647	0.034492	1.464310	1.356333	0.684544	0.973621	0.547016	0.651229	-1.442594	1.073997	1.266091	-0.186688	0.687223	1.966511	1.130883	-0.341400	1.239477	-0.066235	0.537594	0.655930	0.075580	0.916862	1.468195	1.240360	-0.076263	0.053812	1.170544	-0.481415	-0.483699	0.799687
1.065719	0.555801	0.474762	0.146404	-0.141682	0.833613	-0.151035	-0.029953	-0.567152	-0.727585	0.166246	0.089014	0.427924	0.656712	1.004735	-0.167597	0.269972	0.542087	0.874077	0.278380	1.246387	1.410137	1.159252	0.856514	-0.102013	-0.388588	1.553517	0.827453	0.300564	-0.044688	0.832883	0.950248	-0.016809	-0.833356	1.829541	0.786464	0.382912	1.046872	1.659974	0.819883	-1.145589	-0.014070	-0.406018	0.510951	0.210291	-0.526906	0.480071	1.110274	-0.551788	0.087620	-0.131240	1.172839	-0.195158	0.976455	-0.774297
0.210846	0.280616	-0.215016	0.150365	0.068918	1.268808	-0.983253	-0.849071	-1.774615	-1.833587	-0.716019	-1.189048	1.084413	0.239877	0.433177	0.634717	0.062604	0.685166	1.506381	0.469674	0.400875	1.898448	0.071213	-0.089236	-0.462589	-1.309126	1.913372	-0.202112	-0.654025	0.030003	0.648803	0.736605	-0.393388	0.095126	1.700075	0.320849	0.737423	1.048411	0.820249	0.418446	-1.201396	-0.470483	-0.107618	0.029741	-0.404746	-0.652843	0.116199	0.371869	-0.798271	0.440179	0.323281	1.299612	0.457067	1.469652	-0.851180
0.097014	0.037631	-0.096131	0.401775	0.048570	0.783536	-0.317085	-0.932361	-0.897208	-1.008192	-0.434813	-0.922679	1.215654	-0.010951	-0.310783	1.276287	0.333481	0.479090	1.305965	0.846583	0.482218	1.346507	-0.159311	-0.333504	-0.116164	-0.593835	0.835635	-0.585393	-0.562317	0.602619	0.550420	0.088304	-0.272457	0.343681	0.661136	0.252925	0.612469	0.475368	0.041578	0.472644	-0.464487	0.154298	0.362456	-0.406356	-0.594234	-0.214107	-0.092460	0.297789	0.268358	0.297943	0.550225	1.091916	0.676394	0.395875	0.225816
0.419310	0.055172	0.278860	0.216280	-0.194610	-0.060461	0.702393	-0.288242	0.662538	0.458620	0.288725	0.134969	0.780652	0.010445	-0.362383	0.889990	0.449969	0.014486	0.378963	0.604957	0.876701	0.240638	0.551160	0.059403	0.343478	0.703784	-0.361126	-0.150842	0.281770	0.813123	0.547684	-0.403944	0.143136	-0.125941	-0.327340	0.163636	0.289010	-0.071145	-0.091169	0.757109	0.435555	0.846842	0.335978	-0.372902	-0.297128	0.182100	-0.194290	0.700621	0.776811	-0.517374	-0.086262	0.407950	-0.011219	-0.950250	1.030132
0.259292	0.189236	0.183570	-0.487318	-0.292316	-0.460461	0.712240	0.334875	1.032339	0.808560	0.439695	0.507948	0.346677	0.056359	0.158469	-0.069387	0.136443	-0.383394	-0.384834	-0.242526	0.675065	-0.526097	1.077638	0.433502	0.234974	0.971823	-0.730510	0.148162	0.635090	0.190164	0.456342	-0.296037	0.238573	-0.554928	-0.494684	-0.223694	0.285960	0.046122	0.243947	0.644225	0.842310	0.595374	-0.135740	-0.238187	-0.202450	-0.099619	-0.054444	0.568126	-0.080770	-1.269097	-0.879397	-0.316571	-0.917367	-1.095020	0.567114
-0.594409	-0.020949	-0.414575	-0.988286	0.065328	-0.234259	-0.178951	0.245624	0.005945	-0.145311	-0.021323	-0.111775	0.213011	-0.094597	0.496164	-0.422606	-0.285912	-0.526203	-0.308991	-0.811803	-0.052305	-0.615307	0.605567	0.430916	-0.316255	-0.058733	-0.658973	-0.506324	-0.193740	-0.799893	0.055721	0.149496	-0.242836	-0.440704	-0.094406	-0.503417	0.673570	0.595823	0.238975	0.006331	0.568733	-0.380880	-0.431084	-0.613327	-0.766066	-0.903085	0.216858	-0.248081	-1.117996	-1.204823	-0.820378	-0.548767	-0.994790	-0.229176	-0.702021
-1.264455	-0.747218	-1.021339	-0.778537	0.612414	0.084385	-0.784459	-0.428426	-1.172945	-1.151731	-0.442532	-0.766588	0.133947	-0.294074	0.286323	0.083675	-0.515435	-0.513597	0.277853	-0.580814	-0.499441	-0.485697	-0.291621	0.155047	-0.471779	-1.160039	-0.747364	-1.640110	-1.458364	-1.203465	-0.579832	0.216237	-0.738031	-0.066438	0.048709	-0.332382	0.851131	0.646772	-0.509435	-0.635317	-0.073025	-1.047542	-0.296363	-1.241838	-1.439748	-1.352035	0.049806	-0.742425	-1.125568	-0.607575	-0.265690	-0.388847	-0.456673	0.198179	-1.382444
-1.020864	-1.569652	-1.353765	-0.287576	0.674107	-0.035657	-0.598560	-1.060802	-1.636776	-1.299566	-0.674281	-0.803602	-0.188027	-0.304508	-0.257461	0.427971	-0.722116	-0.515156	0.500829	-0.069381	-0.366847	-0.688305	-0.577720	-0.252398	0.136687	-1.297309	-0.768022	-2.068705	-1.896250	-0.686991	-1.108688	-0.443039	-0.678132	0.023899	-0.451394	-0.172138	0.287197	-0.325683	-1.523555	-0.924842	-0.605153	-0.986238	-0.202118	-1.255924	-1.465333	-0.996222	-0.832563	-0.411573	-0.592744	-0.426679	-0.458899	-0.500188	-0.619422	-0.575444	-0.855783
-0.376277	-1.881087	-1.499173	-0.225064	0.042598	-0.505015	-0.339507	-1.311498	-1.631638	-0.901310	-1.152128	-0.611387	-0.649701	-0.225791	-0.833732	-0.171330	-1.087235	-0.525139	0.037232	-0.024653	-0.210509	-1.122298	-0.269763	-0.706369	0.751750	-0.821614	-0.229197	-1.422926	-1.274529	-0.012688	-1.320663	-1.357723	-0.381995	-0.236479	-1.103223	-0.654872	-0.616073	-1.691122	-2.105937	-1.141119	-0.756132	-0.786503	-0.564504	-0.559985	-0.973986	-0.474388	-1.673012	-0.160092	-0.673395	-0.889849	-1.430604	-1.091028	-1.740378	-1.661323	-0.095668
-0.323021	-1.442416	-1.415463	-0.536373	-0.558049	-0.791995	-0.639861	-1.219187	-1.584834	-0.612344	-1.803687	-0.664206	-0.854829	-0.300104	-1.186175	-1.065683	-1.220410	-0.387239	-0.586896	-0.421865	-0.533197	-1.164577	-0.250105	-0.912511	0.486684	-0.637336	0.682460	-0.492803	-0.543051	-0.107918	-1.257925	-1.620112	-0.470360	-0.410348	-1.011689	-1.439316	-0.836896	-2.210104	-1.987017	-1.535038	-0.573637	-0.940280	-0.996920	-0.079115	-0.545860	-0.521446	-1.266791	-0.845736	-1.248110	-1.100330	-1.613897	-1.331577	-2.145993	-1.587810	-0.303813
-0.840684	-0.591867	-0.803104	-0.553170	-0.289845	-0.615517	-1.071644	-0.836836	-1.385368	-0.472883	-1.795685	-0.715056	-0.631099	-0.445558	-0.985956	-1.079698	-0.631310	-0.092731	-0.804320	-0.687039	-1.090358	-0.575111	-0.844633	-0.546400	-0.341920	-0.802164	1.267073	-0.092863	-0.553204	-0.855742	-0.994390	-0.803596	-0.759560	-0.158573	0.145984	-1.460769	-0.003518	-1.350229	-1.256229	-1.671920	-0.283161	-1.093079	-0.854860	-0.439184	-0.176243	-0.806561	0.520137	-1.752650	-1.147908	-0.321050	-0.080460	-0.331556	-0.517532	-0.061601	-1.189154
-0.940268	-0.064728	0.306523	-0.037011	0.637845	-0.272294	-0.954375	-0.294926	-0.865610	-0.180388	-0.749683	-0.354823	-0.339181	-0.361467	-0.175845	-0.185305	0.294784	0.027186	-0.699882	-0.541699	-1.287147	-0.006781	-1.431261	0.160222	-0.541194	-0.666720	1.114622	-0.163276	-1.103516	-1.273879	-0.621006	0.415951	-0.561276	0.320973	1.563004	-0.414060	1.051595	0.120739	-0.225984	-1.001719	-0.103288	-0.819259	-0.329951	-1.161023	0.374458	-0.537392	2.194607	-1.486806	-0.056055	0.844192	1.827563	1.390423	1.832839	1.580714	-1.424380
-0.103977	-0.404041	1.221384	0.522468	1.150485	-0.182791	-0.462536	-0.042225	-0.317760	0.239707	0.496097	0.253920	-0.458235	-0.002688	0.632923	0.488999	0.489538	-0.341371	-0.646429	-0.142370	-0.898638	-0.212585	-1.396311	0.490938	0.321496	-0.105735	0.402889	-0.115860	-1.325525	-0.803643	-0.350746	0.812665	0.105590	0.515459	1.962416	0.719702	1.206408	1.003456	0.517746	0.167594	-0.152458	-0.516828	-0.288778	-1.402256	0.634303	0.170459	2.077130	0.063748	0.900608	1.117051	1.988683	2.053031	2.390970	1.787820	-0.603869
0.990518	-1.285465	1.189188	0.649880	0.675499	-0.294792	-0.280776	-0.460731	-0.093212	0.469637	0.879966	0.668766	-0.894000	0.383968	0.651053	0.251532	-0.424632	-0.920693	-0.597807	0.327377	-0.229213	-0.884307	-0.781681	0.122624	1.228806	0.203040	-0.410520	0.337985	-0.722445	0.064166	-0.288451	0.005888	0.413993	0.178373	0.946216	0.909757	0.245183	0.951554	0.470823	0.870575	-0.460191	-0.845662	-0.948813	-0.894057	-0.042158	0.459398	0.250484	1.571610	0.672017	0.176816	0.117224	0.543072	0.758524	0.522682	0.175842
1.322476	-1.616668	0.232590	0.392204	-0.200581	-0.169392	-0.512243	-1.181103	-0.041375	0.339473	0.447027	0.795301	-1.020455	0.632767	-0.096150	-0.277919	-1.497568	-0.976964	-0.212131	0.685971	0.224677	-0.912363	0.027306	-0.459768	0.925825	-0.159218	-0.944254	0.911508	0.310977	0.489312	-0.197718	-0.975623	-0.083212	-0.371473	-0.568114	0.270363	-1.017391	0.611589	-0.155464	0.660692	-0.953303	-1.552296	-1.417521	0.074091	-1.121465	0.133780	-1.414478	1.880650	-0.364644	-0.940644	-1.953989	-2.135899	-0.935451	-0.715659	-0.146152
0.714652	-0.620295	-0.788615	0.037561	-0.585001	0.431545	-0.537842	-1.208313	0.281036	-0.027300	0.158368	0.830016	-0.457844	0.804834	-0.647048	-0.129970	-1.510252	-0.206117	0.453099	0.610021	0.201134	0.104501	0.699254	-0.614164	-0.540791	-0.618865	-1.032884	1.135902	0.959435	0.224820	0.189951	-0.827305	-0.744964	-0.495257	-1.377940	-0.321383	-1.557804	0.623052	-0.487537	0.131897	-1.289878	-1.543180	-0.860551	1.099354	-1.175341	-0.003919	-1.310959	1.066030	-0.986197	-1.087633	-2.412894	-3.730940	-0.959202	-0.597082	-1.174039
-0.055651	1.244495	-0.979474	-0.224736	-0.345397	1.254151	0.077391	0.006881	0.987160	-0.355377	0.570241	0.822973	0.497958	0.986404	-0.167972	0.691219	-0.353307	0.791244	0.868856	0.005061	-0.092620	1.266553	0.978746	-0.241033	-1.867481	-0.333989	-0.721674	0.872682	0.896394	-0.270835	0.738241	0.528403	-0.597358	0.197638	-1.160244	-0.354240	-0.937748	0.903913	0.102065	0.108298	-0.876624	-0.239185	0.377905	1.819091	0.245407	0.582995	0.222203	-0.036085	-0.643258	-0.227364	-1.222366	-2.969063	0.092168	0.652545	-1.568875
-0.216437	2.651830	-0.281106	-0.284217	-0.085736	1.784942	0.948550	1.771580	1.686893	-0.406558	1.191532	0.615838	1.282401	1.098626	1.037567	1.259808	0.938793	1.161081	0.742613	-0.598481	-0.181297	1.592289	0.751698	0.322181	-1.982285	0.611463	-0.212359	0.419586	0.572355	-0.419746	1.068989	1.868927	0.427169	1.380382	-0.454664	-0.035473	0.444509	0.972254	1.267763	0.600772	0.477085	1.566742	1.228635	1.940746	1.837873	1.269368	1.459454	-0.752455	0.061673	0.702558	0.237402	-0.664066	0.698314	1.678834	-0.656002
0.140808	2.677867	0.492616	-0.111863	-0.338077	1.617132	1.317092	2.702869	1.896487	-0.155038	1.210889	0.117258	1.581772	0.920076	1.764723	0.881518	1.365395	0.762043	0.406969	-0.530453	0.137377	1.243018	0.240650	0.706119	-1.152736	1.231435	0.221306	0.165193	0.555196	-0.057505	1.069195	1.997618	1.292179	2.101113	0.129489	0.196479	1.613056	0.579323	1.989967	0.846443	1.879412	2.491267	1.198773	1.435855	2.095247	1.129582	1.169758	-0.914162	0.332186	0.883734	0.748276	1.295593	0.520278	1.501070	0.873244
0.268215	1.587753	0.549934	0.075827	-1.052979	0.672762	0.984958	2.137918	1.507919	0.189933	0.514439	-0.552259	1.320409	0.313349	1.141346	-0.168392	0.919610	0.227992	0.286654	0.105751	0.503392	1.002875	-0.122945	0.590874	-0.525912	0.930698	0.370397	0.213811	0.838645	0.490859	0.931347	0.880452	0.967226	1.587384	0.314315	0.086698	1.673956	-0.165906	1.548703	0.313721	1.946650	2.066590	0.814911	0.663387	1.126043	0.334881	-0.358646	-0.699271	0.186296	0.382828	0.299428	1.715501	0.279940	0.365085	1.803615
-0.268089	0.451115	-0.037081	-0.094195	-1.794933	-0.711206	0.556903	0.793103	0.846545	0.394291	-0.275233	-1.165774	0.476609	-0.507208	-0.468750	-0.996272	0.395895	0.157692	0.270913	0.424571	0.355628	0.997503	-0.131178	-0.203431	-0.823549	0.337891	0.234980	0.381086	1.033545	0.732202	0.768741	-0.488923	-0.411939	0.100075	0.041646	-0.399155	0.551105	-1.020745	0.180626	-0.602916	0.447036	1.182435	0.828873	0.175881	0.384929	0.053260	-1.882629	-0.404697	0.226437	-0.118414	-0.189857	0.828984	0.305432	-0.723572	1.634579
-1.036040	0.153418	-0.535539	-0.694306	-2.191838	-1.858019	0.655210	-0.135781	0.275143	0.374191	-0.652437	-1.562168	-0.735992	-1.045722	-1.835835	-0.946821	0.422249	0.545898	-0.040467	-0.158125	-0.415860	0.745981	0.073897	-1.309427	-1.688284	0.476905	0.035753	0.490465	1.040779	0.490587	0.573225	-1.058517	-1.668881	-1.204309	-0.486943	-1.035193	-0.882053	-1.698643	-1.138634	-1.007203	-1.115487	0.960689	1.312881	0.354879	0.783473	0.899273	-2.313701	-0.247367	0.585544	-0.168211	0.033157	-0.329535	0.192906	-1.059568	0.882037
-1.270972	0.703494	-0.507408	-1.260512	-2.120487	-2.130996	1.062069	-0.336250	-0.210357	0.120956	-0.793755	-1.728422	-1.679784	-1.056162	-2.074276	-0.198912	0.775954	0.997434	-0.634546	-1.132295	-1.240868	0.309724	0.297489	-1.763786	-2.177893	1.302300	0.019528	0.532269	1.117407	0.138272	0.511374	-0.498928	-1.856340	-1.453211	-0.718442	-1.283304	-1.584884	-1.894472	-1.543111	-0.523586	-1.125591	1.414538	1.633714	1.080202	1.609747	1.989144	-1.349365	-0.225767	0.608418	0.064287	0.791478	-0.943574	-0.310769	-0.824616	0.343492
-0.833379	1.262380	-0.278296	-1.236171	-1.588963	-1.494366	0.913606	-0.489264	-0.835661	-0.365227	-1.136062	-1.718934	-1.738555	-0.926912	-1.396003	0.311896	0.668723	1.141285	-1.058858	-1.479170	-1.351425	0.367176	0.420094	-0.872713	-1.677294	1.580174	0.200245	0.481799	1.252342	0.186731	0.750492	0.654185	-1.191911	-0.958895	-0.248711	-0.657160	-1.320379	-1.509723	-1.015766	0.235944	0.193243	1.492416	1.159266	1.605958	1.472542	1.879739	0.412274	-0.194192	-0.183142	0.238088	1.309347	-0.888732	-0.883891	-0.737776	0.284656
-0.348264	0.890945	-0.340562	-0.577908	-0.605562	-0.625690	-0.184211	-1.031865	-1.487829	-0.877410	-1.605151	-1.466838	-0.989504	-1.248869	-0.672332	-0.255481	-0.269095	0.773914	-1.070427	-0.871883	-0.520768	0.913924	0.231409	0.891502	-0.350033	0.423865	0.326322	0.169432	0.960106	0.601282	0.929898	1.417546	-0.574585	-0.708569	0.529246	0.667685	-0.753258	-0.829490	-0.319041	0.323993	1.136376	0.456102	-0.066165	1.029108	0.021085	0.279109	1.759025	-0.075431	-1.198460	0.414938	1.193803	-0.500913	-1.140473	-1.158570	0.371272
-0.314400	-0.457269	-0.546953	0.301974	0.744383	-0.196890	-1.478227	-1.332373	-1.632762	-0.904519	-1.579499	-0.753096	-0.103613	-1.945626	-0.386290	-1.641357	-1.376559	-0.020309	-0.882628	0.074897	0.703187	0.876622	-0.428600	2.234018	1.096112	-1.416464	0.188830	-0.424348	0.013288	0.788566	0.416352	1.130856	-0.352606	-1.056431	0.783142	1.836571	-0.592668	-0.252158	-0.135717	-0.437016	0.777910	-1.098471	-1.263875	-0.668378	-1.570862	-1.517372	1.721319	0.090834	-1.363024	0.924529	0.853225	-0.083248	-1.053583	-1.575576	0.228416
-0.435697	-1.723131	-0.278050	1.084753	2.094553	-0.090963	-1.818668	-0.537266	-1.046539	-0.116241	-0.699708	0.471831	0.421911	-2.134537	-0.189916	-2.545821	-1.585893	-0.764595	-0.701820	0.676735	1.506696	-0.385989	-1.241871	2.304135	1.964499	-2.270540	-0.080140	-0.886824	-0.986261	0.384151	-0.698778	0.049317	-0.001784	-1.281838	0.326030	2.085432	-0.787026	0.149780	-0.374091	-1.226641	0.025048	-1.882419	-1.582149	-2.183264	-1.870367	-2.009983	0.516883	0.252720	-0.503709	1.725028	0.864558	0.316865	-0.755981	-1.134774	-0.136312
-0.163243	-1.822983	0.575553	1.706941	2.826080	0.335245	-1.062900	1.027259	-0.339119	0.998400	0.509034	1.744326	0.600150	-1.106763	0.464234	-1.994600	-0.724405	-0.960451	-0.426122	0.865922	1.494165	-1.918543	-1.573388	1.350300	1.967375	-1.527500	-0.177639	-0.753783	-1.268983	-0.249699	-1.471191	-0.926913	0.863287	-0.567596	-0.146733	1.392580	-0.653386	0.587645	-0.485334	-1.261073	0.064931	-1.449501	-0.940791	-2.106293	-0.750507	-1.122313	-0.597211	0.319728	0.395622	2.217140	1.167794	0.713085	-0.254108	0.276893	-0.502924
0.388697	-0.909340	1.244924	2.039914	2.552945	1.229620	-0.329252	1.944885	-0.318965	1.373505	1.083280	2.313033	0.579493	0.692640	1.458400	-0.447506	0.149127	-0.698400	0.033395	0.926179	0.878855	-2.243910	-1.268372	0.185769	1.277859	-0.396344	-0.082081	-0.175818	-0.958272	-0.527782	-1.325024	-1.208570	1.653705	0.877234	-0.013625	0.308083	0.262023	1.082866	-0.307055	-0.771965	0.579554	-0.694471	-0.148779	-0.639896	0.513882	-0.168462	-0.681407	0.101371	0.465269	1.865746	1.132514	0.921508	0.473616	1.709309	-0.845374
0.582110	-0.222092	1.002875	1.845428	1.640104	1.920087	-0.620689	1.322113	-0.943970	0.541337	0.676478	1.860957	0.389639	1.972460	2.034463	0.786233	-0.021447	-0.569517	0.448130	0.948949	0.152088	-1.197601	-0.887899	-0.596389	0.371616	-0.418178	-0.084789	0.135845	-0.931569	-0.402833	-0.855734	-1.010770	1.454908	1.953489	0.524946	-0.617516	1.566289	1.294924	-0.223987	-0.572828	0.357025	-0.710881	-0.051849	0.500062	0.681734	-0.218208	-0.079600	-0.454508	-0.033228	0.845394	0.351061	0.658826	1.208211	2.103306	-1.318941
0.223260	-0.665004	0.151687	1.165772	0.974869	1.756702	-1.535636	-0.183751	-1.325405	-0.655889	-0.075332	0.859666	0.144105	1.915243	1.656353	1.048985	-0.986105	-0.842618	0.506990	0.812418	-0.325637	0.012793	-0.904781	-0.807426	-0.187710	-1.593186	-0.278367	-0.273557	-1.610899	-0.334930	-0.934059	-0.800307	0.303894	1.839406	0.801599	-1.077594	2.318216	0.931965	-0.488623	-0.833851	-0.708469	-1.487033	-0.666703	0.102050	-0.192641	-0.904183	0.236240	-0.962330	-0.306807	-0.147345	-0.848639	-0.063166	1.494083	1.378664	-1.792167
-0.130060	-1.818356	-0.347069	0.421680	0.997370	0.914616	-1.783328	-1.217115	-0.809101	-0.914167	-0.336265	0.060245	0.069364	0.957649	0.587778	0.831281	-1.506058	-1.080930	0.196412	0.494064	-0.495926	0.389752	-1.037262	-0.476868	-0.016088	-2.452941	-0.284521	-1.065678	-2.362309	-0.587261	-1.420457	-0.572994	-0.705882	0.793442	0.451998	-0.928834	1.937499	0.172812	-0.773861	-0.836195	-1.279598	-2.010501	-1.310001	-1.183985	-1.046345	-1.109943	0.006405	-0.850366	-0.204536	-0.647094	-1.709681	-0.747779	1.027310	0.329651	-1.664475
0.066469	-2.426526	-0.096005	-0.033324	1.156331	0.127361	-0.835302	-1.222119	0.272639	-0.003144	-0.006503	-0.233034	0.149217	0.199065	-0.435717	0.838067	-0.867744	-0.793181	-0.205341	0.148335	-0.510448	0.120214	-0.726274	0.192633	0.821525	-1.865580	0.263139	-1.473178	-2.262520	-0.838909	-1.383633	-0.011357	-0.646674	-0.188454	-0.286679	-0.229157	0.791018	-0.447557	-0.597348	-0.051966	-0.426965	-1.505658	-1.436359	-1.834751	-1.076356	-0.487555	-0.101899	-0.054641	-0.201674	-0.737414	-1.738453	-0.767240	0.063481	-0.358489	-0.508958
0.645102	-1.681125	0.350166	-0.226593	0.666074	-0.136252	0.439493	-0.690330	1.039693	0.936261	0.322260	-0.222649	0.066344	0.278121	-0.853659	1.044063	0.312384	-0.183364	-0.429512	-0.092582	-0.513465	-0.081640	-0.028790	0.783401	1.759296	-0.288299	1.117587	-1.059890	-1.170440	-0.630476	-0.478351	0.784440	0.297713	-0.326465	-0.810549	0.588443	-0.150514	-0.521205	0.029987	0.986428	1.016971	-0.268337	-1.090613	-1.279317	-0.403229	0.237163	0.390299	0.744616	-0.419440	-0.646500	-1.057387	0.008284	-0.673161	-0.605286	1.115897
0.950617	0.001605	0.326982	-0.351624	-0.342353	-0.024284	0.886724	-0.177930	1.038824	0.799580	0.221052	-0.138973	-0.317126	0.929979	-0.561227	0.896966	0.875283	0.082115	-0.434598	-0.265022	-0.536603	-0.028739	0.389044	0.841231	2.036505	0.892008	1.584253	-0.093282	0.150925	-0.058196	0.489313	1.158775	1.195869	0.324053	-0.652899	0.866003	-0.278828	-0.113630	0.600320	1.244036	1.490073	0.738791	-0.583257	-0.207662	0.401361	0.405350	0.930715	0.781127	-0.360384	-0.388445	-0.194154	0.969949	-0.627340	-0.554337	1.935659
0.566107	1.341334	-0.132283	-0.463672	-0.933731	-0.003839	0.413515	0.293055	0.609640	-0.109172	-0.057380	-0.022927	-0.699313	1.364517	0.077034	0.180173	0.438884	-0.212843	-0.374682	-0.483214	-0.578241	-0.083100	0.152548	0.247431	1.222082	0.928736	1.260844	0.726584	0.848523	0.267077	0.594805	0.674956	1.324574	0.973679	0.032436	0.344084	0.020537	0.263699	0.684616	0.464162	0.608582	0.907687	-0.029148	0.601876	0.978346	0.285262	0.585727	0.034286	0.272045	0.025148	0.372359	1.287386	0.053701	-0.235829	1.319150
-0.243465	1.356938	-0.435476	-0.450643	-0.652276	-0.352525	-0.051668	0.736779	0.361435	-0.501463	0.023158	0.076236	-0.732882	0.899420	0.334404	-0.644767	-0.270469	-0.476877	-0.374747	-0.683473	-0.584699	-0.334487	-0.258046	-0.572182	-0.362472	0.358159	0.403882	0.916811	0.789025	0.089290	0.039964	-0.208741	0.629449	0.748413	0.550235	-0.389081	-0.189357	0.029026	0.359910	-0.435263	-0.568872	0.497880	0.634358	1.067246	1.208818	0.527799	-0.609056	-0.731651	1.071106	0.342193	0.524326	0.744777	0.740868	0.167586	0.086607
-0.681868	0.337752	-0.077652	-0.140752	-0.083917	-0.816024	0.256698	0.729741	0.497654	0.229922	0.595648	0.067113	-0.410661	-0.473640	-0.314218	-0.914667	-0.312782	-0.018947	-0.320305	-0.515959	-0.273515	-0.235231	-0.035147	-0.915890	-1.690612	0.188207	-0.401960	0.674511	0.603041	0.045210	-0.054645	-0.543503	-0.387699	-0.509703	0.474388	-0.386487	-1.227138	-0.882137	0.072238	-0.334949	-0.960567	0.233389	1.333495	1.425637	1.000773	1.182804	-1.419633	-0.729505	1.505939	0.355196	0.498715	-0.037383	1.042079	0.142909	-0.387351
-0.112550	-0.367576	0.904887	0.508090	0.115153	-0.754189	1.123236	-0.025728	0.760630	1.266232	1.270654	0.053923	0.118774	-1.870319	-1.402148	-0.395041	0.460654	1.057009	0.051362	0.270062	0.648152	0.673755	0.975480	-0.448618	-1.748768	0.748546	-0.727174	0.626455	0.974561	0.884807	0.903251	0.033044	-0.966662	-1.904969	0.216427	0.555147	-2.231841	-1.680522	0.186746	0.873849	-0.508290	0.528207	1.792286	1.681598	0.448814	1.687965	-0.776948	0.135461	1.538419	0.230011	0.571866	-0.348496	1.093545	-0.562486	0.301491
1.162751	0.252210	1.870422	1.135907	0.144698	0.143828	1.709188	-0.932592	0.895953	1.444928	1.573248	0.262884	0.809787	-2.148596	-1.654624	0.527293	1.358669	1.881749	0.750362	1.228035	1.786706	1.859618	2.000799	0.395024	-0.496403	1.479294	-0.515846	1.027956	1.861773	2.200670	2.123231	0.872229	-0.563347	-2.152380	0.374435	1.528337	-2.050410	-1.280989	0.701168	2.184830	0.214883	1.122253	1.788988	1.638560	-0.026757	1.608632	0.879281	1.252246	1.311579	0.230749	0.708455	-0.245624	1.106005	-1.281053	1.307114
1.940597	1.675237	2.002748	1.085461	0.505331	1.281482	1.470859	-0.932024	0.922900	0.688539	1.322300	0.608615	1.512297	-1.130182	-0.464597	1.116521	1.637661	1.709026	1.312209	1.355233	2.035272	2.085944	2.079633	0.792348	0.946348	1.697758	-0.124584	1.369774	2.451354	2.538304	2.300068	1.065533	0.606399	-0.850409	0.677285	1.514646	-0.626163	0.435531	1.298779	2.519370	0.843927	1.391817	1.344253	1.130551	-0.137256	0.957199	1.979082	1.870334	0.653340	0.279318	0.623128	-0.387801	0.936029	-0.920426	1.625495
1.309157	2.355417	1.125500	0.144899	0.957621	1.619485	0.622682	0.188740	0.915446	-0.030326	0.658452	0.674364	1.764013	0.049927	1.101149	0.798536	1.172078	0.620520	1.186711	0.215520	0.849345	0.815211	1.019185	0.385133	1.343866	1.326153	-0.141540	1.023548	1.999471	1.118595	1.158647	0.444952	1.610045	1.004855	0.246004	0.569369	0.853225	2.086534	1.593054	1.708830	1.338704	0.971574	0.655465	0.139304	-0.181297	-0.044002	1.534873	1.661558	-0.540398	0.139507	0.269176	-1.006875	0.358945	0.663627	1.045240
-0.204726	1.538353	0.036763	-0.951896	0.720165	0.817910	-0.170606	1.350937	0.734137	-0.018457	-0.118809	0.294626	1.172336	0.221457	1.397457	-0.364762	0.401097	-0.617516	0.372295	-1.307665	-0.749125	-0.969746	-0.377574	-0.348480	0.600085	0.813530	-0.804029	0.173233	0.720092	-0.985491	-0.242138	-0.291029	1.672192	2.010591	-0.972726	-0.317233	1.269037	2.031331	1.395637	0.441899	1.554260	0.111547	-0.032175	-0.986917	-0.581903	-1.024390	0.201740	0.852712	-1.640741	-0.074562	0.082901	-1.426461	-0.447341	2.201845	0.042165
-1.097778	0.170156	-0.339676	-1.246277	-0.411045	-0.406353	-0.429442	1.298983	0.147394	0.270959	-0.753462	-0.185957	-0.068663	-0.416641	0.222271	-1.592123	-0.181380	-1.228571	-0.525562	-1.895124	-1.216302	-1.697742	-0.990974	-0.621146	-0.279764	0.532148	-1.523475	-0.294952	-0.348921	-1.945596	-0.767603	-0.323394	0.934376	1.753558	-1.753188	-0.410686	0.706919	0.242396	0.884886	-0.501368	1.133805	-0.538046	-0.487897	-1.478704	-1.058973	-1.391201	-0.482067	-0.031091	-1.679024	0.007134	0.497277	-0.891633	-1.051560	2.306200	-0.813644
-0.623767	-0.317351	-0.113525	-0.783272	-1.721046	-1.184257	-0.208967	0.007078	-0.807803	-0.102806	-1.186213	-0.472407	-1.305892	-0.666451	-0.904656	-1.903084	-0.379531	-0.955337	-0.918608	-1.354444	-0.468877	-0.885181	-0.348157	-0.156508	-0.500470	0.449349	-1.408051	0.046867	-0.459144	-1.257456	-0.379349	0.514632	0.131240	0.962024	-1.078488	0.083630	0.125471	-1.512648	0.476138	-0.774145	0.001345	-0.505400	-0.557148	-0.839878	-0.847151	-0.777905	0.214916	-0.512855	-0.540885	0.350837	1.261564	0.331588	-1.298132	1.031508	-1.160722
0.310627	0.249420	-0.300815	-0.629448	-2.402452	-1.393900	0.086063	-1.230514	-1.691172	-1.257108	-1.488589	-0.800982	-2.013464	0.032358	-0.631308	-0.955312	-0.264138	-0.132772	-0.749208	-0.744973	-0.004579	0.401949	0.949947	0.534276	-0.369148	0.359975	-0.437135	0.494566	0.056350	-0.133023	0.135523	1.563700	-0.340997	0.417108	0.358552	0.447062	0.181453	-1.594803	0.360072	-0.455179	-1.176998	0.102272	-0.232793	0.298655	0.128130	0.303951	1.411826	-0.418839	0.700758	0.327314	1.528579	1.095534	-1.288705	-0.267121	-0.882765
0.237406	0.796636	-1.426955	-1.480071	-2.303792	-1.440857	0.165450	-1.177042	-1.961334	-2.198036	-1.610378	-1.495235	-2.076510	0.927163	0.623121	0.553020	0.012480	0.601305	-0.349703	-0.878820	-0.853296	0.752344	1.745788	0.651851	-0.637868	0.236346	0.337888	0.054476	0.287145	0.149003	0.230318	1.830432	-0.712787	0.141220	0.837624	0.180084	0.653967	-0.241719	0.195974	0.112171	-1.381282	0.748386	0.344456	0.591631	0.883061	0.765732	1.537846	0.017456	0.934090	-0.555717	0.784584	0.690785	-0.930759	-0.597680	-0.173895
-1.099509	0.582716	-2.660829	-2.621176	-1.759223	-1.464886	0.140607	-0.065061	-1.452395	-1.951169	-1.333229	-2.246154	-1.610485	1.014675	1.326748	1.493426	0.331603	0.770400	0.022503	-1.263091	-2.175163	-0.138792	1.427472	-0.054944	-1.283605	0.257553	0.130442	-1.189612	-0.089298	-0.366884	0.010109	0.842737	-1.242761	-0.274390	-0.247397	-0.642431	0.890397	0.941996	-0.482399	0.517764	-0.354072	1.013629	0.964181	-0.411657	0.622841	0.227229	0.052429	0.355086	0.293209	-1.878671	-0.442281	-0.253826	-0.079297	-0.396917	0.492509
-2.343548	0.082482	-2.641683	-2.592124	-1.017492	-1.108586	0.374174	0.584511	-0.539555	-0.708183	-0.615637	-2.267520	-0.722216	0.289141	0.754190	1.478042	0.642578	0.466126	0.439463	-0.800493	-2.375169	-1.226460	0.583979	-0.924048	-1.433238	0.573636	-0.412752	-1.965730	-0.437725	-0.773345	-0.204813	-0.799317	-1.675058	-0.935788	-1.565249	-1.378431	0.524355	0.942957	-1.484297	0.650037	0.853209	0.968807	1.421072	-1.490210	-0.054327	-0.346872	-1.878476	0.434841	0.001015	-2.583536	-1.089479	-0.435667	0.827293	-0.686768	0.705582
-1.942411	0.072132	-1.025930	-0.787492	-0.087973	-0.028481	0.992842	-0.257595	0.209896	0.438338	0.148104	-1.196701	0.524990	-0.362956	-0.251835	1.223108	0.919104	0.304766	1.166324	0.842401	-1.075654	-1.192152	0.368312	-1.053153	-0.525531	1.057161	0.020695	-1.233142	-0.066712	-0.574236	-0.284722	-1.883185	-1.487242	-1.509410	-1.475044	-1.250813	-0.271882	0.268930	-1.896125	0.843400	0.841519	0.926768	1.522198	-1.105951	0.092229	0.179395	-2.603325	0.586670	0.873955	-2.118667	-0.851014	0.626148	0.987947	-1.498242	0.475276
0.089750	0.382700	1.030542	1.753193	0.922528	1.490596	1.534687	-1.745038	0.562557	0.777809	0.494458	0.439194	1.933434	-0.266647	-0.410035	1.488103	1.057661	0.756911	2.211390	2.843293	0.633523	0.174356	1.085705	-0.441719	0.831629	1.236939	1.526507	0.485732	0.711465	-0.070462	-0.295881	-1.825675	-0.609270	-1.649522	-0.064751	-0.198849	-1.021070	0.005271	-1.072553	1.332304	-0.612855	0.859988	1.099310	0.603322	1.061250	1.412023	-1.796186	1.074844	2.216990	-1.097531	-0.610929	2.029340	0.388067	-1.697533	0.117176
1.971665	0.164306	1.970057	3.158257	1.546856	2.454534	1.288019	-1.994631	0.771437	0.645814	0.539344	1.720017	2.964180	0.340130	0.512183	1.932735	0.920615	1.489501	2.974688	3.959100	1.621365	1.600285	1.715249	-0.118050	1.408649	0.634523	2.530099	1.512636	0.811881	0.238590	-0.409837	-1.320373	0.278792	-1.327553	1.003487	0.746447	-1.309364	0.521860	0.473106	1.630825	-2.275944	0.360688	0.182583	1.787867	1.339309	1.614323	-0.702535	1.450055	2.530482	-0.577910	-1.225380	2.531086	0.032927	-0.499957	-0.167196
1.975459	-0.719697	1.349868	2.412032	1.259719	1.901344	0.186958	-0.310723	1.178750	0.770819	0.919583	2.112041	2.938982	0.675180	1.520164	1.575359	0.592128	1.659603	2.633721	3.489882	1.744477	1.572686	1.167350	-0.818829	0.685005	-0.587772	1.605605	0.887692	-0.170982	0.248243	-0.748974	-1.445932	0.359489	-0.787427	0.645603	0.439904	-1.045565	1.309779	1.500224	0.966408	-2.704515	-0.598438	-0.784001	1.091179	-0.033885	-0.056218	-0.541082	0.950401	1.296391	-0.776066	-2.156855	1.904035	0.545737	1.318043	-0.339199
0.426170	-1.231597	0.219917	0.378643	0.144510	0.012301	-0.836390	1.935432	1.693393	1.281450	1.847139	1.747981	1.736933	0.361134	1.548126	0.306350	0.430817	0.947803	1.128680	1.781091	1.505222	0.098807	-0.251346	-1.887666	-0.523662	-1.456146	-0.592221	-0.418927	-1.139786	0.300189	-1.084339	-2.231533	-0.319952	-0.317550	-0.264243	-0.952705	-0.478627	1.691349	1.356825	-0.548041	-1.576100	-1.188087	-1.150302	-0.572040	-1.804473	-2.114324	-1.135753	-0.351463	-0.381089	-0.836607	-2.001841	0.969900	1.171602	2.160003	-0.214769
-0.584165	-0.458796	-0.040461	-0.947749	-0.897584	-1.678389	-0.790278	2.879476	1.777813	1.577133	2.526470	1.177667	0.147352	-0.024097	0.631488	-0.737281	0.617140	-0.049070	-0.502072	-0.023790	1.294885	-1.154532	-1.188930	-2.010546	-0.846646	-1.093298	-1.790995	-0.578467	-0.686536	0.789938	-0.875455	-2.551713	-0.658875	-0.036698	-0.055273	-1.989942	0.058378	1.405731	0.599032	-1.697647	0.142790	-0.564295	-0.743026	-1.021015	-1.788135	-2.322078	-1.415604	-1.324239	-1.122232	0.036128	-0.420667	0.437847	0.871856	1.403130	0.427601
0.302633	1.009532	0.791686	-0.409318	-0.867632	-1.651591	0.133298	2.156358	1.061057	1.085634	1.999433	0.929209	-0.836482	0.489369	-0.170110	-0.576480	0.752098	-0.635039	-1.133862	-0.899944	1.179496	-0.812423	-1.008703	-0.873606	0.214821	0.146005	-0.623009	0.844232	0.973420	1.618938	0.026871	-1.564699	0.320326	0.158419	1.543887	-1.596827	0.420210	0.706643	0.223385	-1.496661	1.119902	0.840307	-0.200280	0.525554	0.323304	-0.489949	-0.851873	-1.063806	-0.822186	1.540169	1.181110	0.147022	-0.100240	-0.000224	1.277050
2.007981	1.581682	1.601299	1.166318	0.342627	-0.033025	0.689585	0.894124	-0.111133	-0.029693	0.479873	1.104587	-1.011096	1.943673	-0.067144	0.332456	0.247002	-0.846569	-0.757864	-0.796084	1.038256	0.498050	-0.538238	0.487517	1.685807	0.858157	1.704107	2.231007	1.947991	2.002970	0.878292	0.149361	2.081401	0.385983	2.965182	-0.270784	0.610365	0.117600	0.492820	-0.438422	0.813217	1.473346	-0.310925	2.451319	2.304452	1.172268	0.102541	-0.088490	-0.457895	2.576451	1.271917	-0.448769	-0.618001	-0.729883	1.457733
2.321490	0.531148	1.256746	1.955017	1.802180	1.508075	0.083459	0.108877	-0.933649	-0.981541	-0.738762	1.265021	-0.906852	2.941453	0.457159	0.696466	-0.848202	-1.128208	-0.348296	-0.531367	0.641824	0.941566	-0.793884	0.999666	2.054128	0.138569	2.659033	1.763872	0.853206	1.096181	0.725048	1.222483	2.826963	0.543177	2.609639	0.613470	0.564771	-0.017101	0.711185	0.052212	-0.096479	0.404216	-1.065672	2.638591	1.877224	0.718851	0.823207	0.225275	-0.692402	2.365876	0.001979	-1.413017	-0.432586	-0.456838	0.412895
0.573396	-1.136391	-0.115299	1.115974	2.394190	1.546389	-1.036021	-0.186431	-0.973069	-1.144119	-0.874024	0.845869	-0.849641	1.997618	0.299986	0.035610	-1.722699	-1.473369	-0.650977	-0.821713	-0.191571	-0.213807	-1.520972	0.673447	0.857969	-1.312494	1.208918	-0.467054	-1.460600	-0.994252	-0.400245	1.079969	1.486855	0.422124	0.599361	0.385512	0.188838	0.100104	0.106768	-0.652762	-0.471464	-1.476716	-1.669651	0.824998	-0.683489	-1.248460	1.194995	-0.667464	-1.250270	1.044525	-1.114088	-2.213277	-0.514195	0.182513	-1.309048
-1.696249	-1.902741	-1.386229	-0.545080	1.724001	0.237037	-1.395016	-0.362851	-0.559853	-0.663255	-0.597978	-0.190572	-0.612424	-0.576027	-0.704655	-0.815778	-1.688818	-1.417387	-1.450747	-1.552264	-1.285096	-1.769888	-1.595652	0.222776	-0.779509	-1.935387	-1.124853	-2.640015	-2.877515	-3.002828	-1.436465	0.479906	-0.878898	0.056813	-1.564916	-0.412687	-0.368066	-0.126928	-1.252457	-1.695787	0.005719	-2.394796	-1.501860	-1.371197	-2.911843	-2.474890	1.348995	-1.849538	-1.578930	-0.668117	-1.094264	-2.353937	-1.510757	0.537299	-2.404120
-2.688899	-1.415028	-1.787648	-1.771076	0.257739	-1.163357	-0.680263	-0.470135	-0.282702	-0.240785	-0.963681	-1.196767	-0.113581	-2.721259	-1.463525	-0.913296	-0.973931	-0.852543	-1.991140	-2.049298	-2.067988	-2.201781	-0.644100	0.036375	-1.331013	-1.061191	-2.213524	-3.240551	-2.416264	-3.569780	-1.561733	0.456942	-2.171450	-0.236337	-2.700136	-0.908215	-0.699116	-1.032566	-2.476155	-1.906058	0.530443	-1.628419	-0.719605	-2.381765	-2.868088	-1.748009	1.184874	-2.157699	-1.518709	-2.054051	-0.479962	-1.890004	-2.695395	0.448204	-2.023880
-2.183646	-0.506282	-1.605679	-2.141961	-1.180328	-1.627580	0.186910	-0.446783	-0.275498	-0.348104	-1.788934	-1.437892	0.128229	-2.815622	-1.044180	-0.357171	-0.369761	-0.284951	-1.752911	-1.855937	-2.042449	-1.390588	0.462700	0.008024	-0.494590	0.431580	-1.731515	-2.359007	-1.020630	-2.449557	-1.001138	1.155025	-1.559729	-0.219406	-2.747257	-0.740501	-0.556071	-2.201603	-2.618532	-1.143883	0.327853	-0.080516	0.193965	-1.998531	-0.952884	0.028805	0.604513	-1.531284	-1.139899	-2.626828	-0.269669	-1.233463	-2.839710	0.018465	-0.572991
-1.153170	0.166362	-1.473831	-1.988178	-1.978306	-1.023946	0.376406	-0.470231	-0.184815	-0.765519	-1.819826	-0.843362	-0.311808	-1.343037	0.109672	0.085092	-0.240030	-0.063784	-0.771659	-1.102008	-1.264383	-0.300098	0.849876	0.185564	0.543225	1.252838	-1.043963	-0.993829	-0.027471	-0.530880	-0.318985	1.936879	-0.135996	0.019620	-2.086089	0.033009	-0.177857	-2.741908	-1.374081	-0.121420	-0.226313	0.988979	1.064717	-0.910262	0.974284	1.313675	0.052878	-0.736402	-0.415066	-2.138158	-0.394083	-0.566940	-1.629055	-0.602351	0.788710
-0.350333	0.733528	-1.484207	-1.612327	-2.056377	0.039234	0.112709	-0.683776	0.211307	-0.957458	-0.558692	-0.146393	-0.982359	-0.075438	0.746117	0.042530	-0.291077	0.126035	0.438796	-0.291596	-0.302840	0.480779	0.663316	0.882987	0.434816	1.056652	-1.137483	0.193421	0.325675	1.109345	0.483431	2.256467	0.595424	0.241912	-0.903388	1.208942	-0.025442	-2.131030	0.685230	0.603224	-0.117029	1.202790	1.826890	0.236830	1.648592	1.619405	0.220523	-0.210518	0.508382	-0.753048	0.063143	0.277630	0.137066	-1.120892	1.336845
0.014330	1.228433	-1.353923	-1.129195	-1.804978	0.637456	-0.068973	-0.884727	0.572083	-0.762617	0.745389	-0.238110	-1.050410	-0.015133	0.239023	-0.321130	-0.343494	0.567626	1.098958	0.086321	0.220236	1.042692	0.419109	1.883698	-0.948794	0.362524	-1.604347	0.979616	0.469230	1.849929	1.524116	1.971708	0.186422	0.327528	0.418955	2.175486	-0.193077	-0.810708	2.294283	0.828421	0.833232	0.835741	1.970838	0.964885	1.155745	1.364816	0.993525	0.092604	0.945253	0.755168	1.192970	1.222104	1.371103	-1.187308	1.206644
-0.270033	0.931699	-1.093415	-0.760390	-1.595574	0.142145	-0.386598	-0.814936	0.356220	-0.482202	0.477349	-1.238594	-0.448281	-0.636328	-0.911217	-0.892420	-0.747859	0.736562	0.629517	-0.125577	0.069801	1.244079	-0.037460	2.164282	-2.452825	-0.439606	-1.677385	1.000938	0.311470	1.474024	2.108745	1.041374	-0.827656	0.248643	1.020458	1.936427	-0.277597	0.154453	2.202289	0.291968	1.628158	0.002936	0.860832	0.767641	0.106818	0.726056	1.238027	-0.015457	0.197468	1.365442	1.705016	1.576795	1.421838	-0.837452	0.729925
-1.250717	-0.666372	-0.944578	-0.662498	-1.278444	-1.124344	-1.270780	-0.552281	-0.408325	-0.295129	-1.208092	-2.155490	0.058929	-0.942516	-1.767654	-1.580192	-1.622666	-0.069437	-0.742419	-0.595677	-0.449628	0.530359	-1.101490	1.075031	-2.712640	-1.319290	-1.320699	-0.036086	-0.599601	0.153570	1.236490	-0.454200	-1.698065	-0.099846	0.426827	0.191489	0.036152	0.128799	0.256420	-1.062023	1.376004	-1.223230	-1.195549	-0.464457	-1.075682	-0.472789	0.166272	-0.835811	-1.356335	0.710422	0.598582	0.781377	0.357660	-0.610250	-0.035675
-2.119736	-2.611571	-0.763127	-0.496763	-0.377449	-1.975595	-2.079514	-0.351171	-0.949528	0.080134	-2.318764	-1.717633	0.001084	-0.662636	-1.786557	-1.823874	-2.142048	-1.422877	-1.940495	-0.700069	-0.711480	-0.991393	-2.221705	-0.510282	-1.286725	-1.942313	-0.865268	-1.499775	-1.871679	-1.299793	-0.796323	-1.910297	-1.832385	-0.787337	-0.586241	-1.775381	0.406695	-0.438790	-2.139595	-2.411634	0.370780	-2.167756	-2.713530	-1.862487	-1.908421	-1.781370	-1.385805	-1.821913	-2.209598	-0.438574	-1.215377	-0.585466	-1.040511	-0.904166	-0.854290
-1.643655	-3.113310	-0.068273	0.284001	1.079847	-1.476823	-1.546070	-0.263843	-0.562742	0.885761	-1.350685	0.191063	-0.181729	-0.229446	-1.106262	-1.030900	-1.371454	-1.895839	-1.935310	-0.073089	-0.286548	-2.076716	-2.189049	-1.014121	0.964482	-1.639164	-0.223399	-1.958884	-2.198714	-1.727809	-2.176027	-2.389561	-1.000065	-1.510649	-0.729262	-2.120722	0.153078	-0.592269	-3.101422	-2.526523	-0.422318	-1.940729	-2.425355	-2.072491	-1.694829	-1.984057	-1.767734	-1.744525	-1.329560	-0.856343	-1.838254	-1.161915	-1.724439	-1.345840	-1.034507
0.267580	-1.648347	1.105182	1.557529	2.210046	0.024141	0.219235	-0.170085	0.477120	1.690927	0.825102	2.105844	0.066869	0.008947	-0.355556	0.280237	0.230281	-0.836256	-0.784249	0.970317	0.613651	-1.633442	-0.875196	-0.136589	2.487671	-0.444384	0.859069	-0.684237	-0.944886	-0.718341	-1.572861	-1.609955	0.313982	-1.635022	0.233763	-0.559802	-0.774678	-0.062246	-2.074083	-1.255607	-0.582696	-0.707933	-0.810085	-0.699407	-0.299588	-0.555082	-0.616319	-0.330852	0.421766	-0.102445	-0.756828	-0.369519	-1.174190	-1.180884	-0.259066
2.037348	0.255653	1.904285	2.373834	2.107949	1.218029	1.335094	-0.062560	1.105638	1.703738	1.974149	2.391374	0.495367	0.145598	-0.127937	0.668709	1.031723	0.627872	0.409659	1.647701	1.264955	-0.132700	0.235236	0.753569	2.288984	0.499057	1.998081	1.322358	0.810832	0.783424	0.164744	-0.455359	1.095569	-0.842330	1.278193	1.180839	-1.457455	0.454953	-0.315902	0.097328	-0.474699	0.188419	0.351269	1.060154	1.259468	1.265466	0.618159	1.059227	1.191729	1.092739	0.617612	0.857831	0.193815	-0.288540	0.660496
2.107036	0.854392	1.632288	2.012599	0.950044	1.240902	0.551303	-0.042351	0.674113	0.816645	1.177814	1.057089	0.459012	0.336313	-0.410098	-0.354514	0.333532	0.995588	0.706393	1.444097	1.133108	0.958161	-0.088309	0.494804	0.819575	0.289059	2.298163	2.356955	1.490718	1.458589	1.111142	-0.048402	0.846864	0.333782	1.510216	1.392241	-1.018899	0.338408	0.630390	0.349800	-0.415524	-0.084175	0.127610	1.664532	1.710740	1.713413	0.593536	1.113354	0.454131	1.743753	0.944225	1.195071	1.444033	0.583767	0.649017
0.831071	0.287693	0.740846	0.945713	-0.110467	0.577568	-0.860940	-0.087606	-0.282885	-0.067100	-0.248507	-0.298967	0.022094	0.403222	-0.634363	-1.386914	-0.551684	0.368964	0.320633	0.639773	0.458987	1.006093	-1.093753	-0.303945	-0.498445	-0.386428	1.446942	1.924789	0.974741	1.140106	0.786347	-0.412664	0.240619	0.902864	1.099803	0.345258	0.144865	-0.061769	0.569668	-0.141155	-0.165016	-0.629651	-0.464032	0.936509	0.976780	0.687579	-0.171356	0.299812	-0.437197	1.687743	0.577269	0.405844	1.844081	0.690327	-0.091815
-0.008504	0.068298	0.339787	0.329492	-0.222893	0.371006	-0.772044	-0.081272	-0.695988	-0.080356	-0.624134	-0.460730	-0.040725	0.048381	-0.470726	-0.842349	-0.054833	0.148612	0.164980	0.021353	0.049974	0.780961	-1.069202	-0.187758	-0.748135	-0.137946	0.233768	1.052848	0.564136	0.840789	0.598288	-0.504496	0.247796	0.446358	0.643086	-0.286860	0.714339	0.040212	0.373143	-0.202464	0.506583	-0.058095	-0.006948	0.035276	0.140085	-0.184252	-0.141883	0.070370	-0.243434	1.531256	0.640375	-0.587401	1.251321	0.041873	-0.251000
0.532042	0.782683	0.805376	0.629046	0.341208	0.942237	0.808639	-0.040455	-0.194541	0.513543	0.130403	0.089081	0.601641	-0.588370	-0.263608	0.906654	1.411836	0.898461	0.565379	0.057703	0.454363	1.153572	0.310200	1.068472	-0.315764	1.020195	-0.288158	0.741240	1.046727	1.233122	1.633527	0.381682	0.825894	-0.388269	0.298044	0.384653	0.200796	0.742561	0.507965	0.481096	1.144879	1.420950	1.213868	-0.153295	-0.024289	0.226587	1.051175	0.792516	0.562517	1.658411	1.197939	-0.808155	0.156618	-0.798626	0.679768
1.525122	1.349083	1.353764	1.151838	0.799580	1.396266	1.750023	-0.054183	0.576715	0.709005	0.898952	0.200205	1.321754	-0.870327	-0.349692	1.962698	1.963023	1.516572	0.897512	0.477660	1.379971	1.866701	1.612623	2.049253	-0.088725	1.460986	0.126615	0.787815	1.641832	1.696148	2.944868	1.612528	1.075125	-0.535327	-0.007226	1.456050	-0.262282	1.380166	0.570073	1.125610	1.004953	2.079286	1.534678	0.058741	0.107827	1.108794	2.084294	1.438641	0.770254	1.635708	1.252659	-0.114557	-0.510782	-1.265355	1.460163
1.546618	0.723795	1.060912	0.977599	0.840649	0.833824	0.741147	-0.021005	0.752017	0.066229	1.068022	-0.225097	1.388878	-0.401127	-0.329348	1.265951	0.784652	0.834621	0.578988	0.676018	1.941939	1.899257	1.530127	1.357188	-0.256174	0.156778	0.878107	0.420202	1.195989	1.216885	2.665257	1.813761	0.569831	0.375828	-0.066821	1.385320	0.571245	1.426593	0.162189	1.055146	0.012894	0.893673	0.220054	-0.081660	-0.245021	0.897575	1.568980	1.178948	0.235871	0.773834	0.335320	0.792812	-0.021389	-0.965504	0.617631
0.449617	-0.566212	-0.044233	0.037240	0.611908	-0.430529	-1.034632	0.232552	0.059295	-0.861618	0.959097	-0.337530	0.821726	0.330623	0.373934	-0.290352	-0.820553	-0.714869	-0.059867	0.384406	1.497086	0.776027	0.349138	-0.797470	-0.343767	-1.697620	1.272395	-0.407001	-0.156097	-0.123461	0.431915	0.405068	-0.157140	1.612689	0.295481	-0.190752	2.153369	0.966146	-0.438555	0.514663	-1.111433	-1.086623	-1.424744	-0.705419	-1.133155	-0.651478	-0.371740	0.427389	-0.095470	-0.831466	-0.754961	1.016726	1.310011	0.224898	-1.537033
-0.629987	-1.119751	-1.051247	-0.849495	0.140935	-1.187521	-1.567516	0.549262	-1.082615	-1.343506	0.811470	0.133423	0.133594	0.437351	1.421880	-1.172816	-1.165045	-1.595949	-0.224163	-0.110597	0.279301	-0.752348	-0.593581	-2.785359	-0.168032	-1.975506	1.079216	-0.861643	-1.082467	-1.116656	-1.981149	-1.570856	-0.511866	2.050892	0.701806	-1.934160	2.572193	0.285454	-0.655184	0.220033	-1.697639	-1.939779	-1.577102	-1.243873	-1.732496	-2.107542	-2.283857	0.130278	0.360123	-2.098052	-0.984492	0.278767	2.128613	1.831268	-3.077477
-0.743883	-0.414834	-1.161772	-0.884642	-0.608936	-0.713125	-0.502424	0.520256	-1.938846	-1.215185	0.300856	0.436494	-0.345793	-0.207238	1.759933	-0.952528	-0.216272	-1.014929	0.302061	-0.307625	-0.797288	-1.419568	-0.471484	-3.149108	-0.112023	-0.247909	0.529103	-0.344446	-0.689683	-0.944930	-2.607886	-2.363111	-0.572955	1.282342	0.587485	-2.182857	0.988497	-0.503304	-0.322409	0.418290	-1.720550	-1.014906	-0.032824	-1.046678	-1.228823	-1.993772	-2.835366	0.516875	1.081327	-2.018199	-0.320506	-0.752448	1.391425	2.827600	-2.648664
-0.132746	0.712738	-0.467010	-0.145406	-1.265700	0.455062	0.750034	0.111894	-1.910301	-0.755294	-0.625061	0.060858	-0.592610	-0.720719	1.036098	-0.368465	0.659458	0.274512	0.950603	-0.013114	-1.016840	-0.821866	0.285221	-1.937283	-0.402627	1.651653	0.016112	0.655119	0.427756	-0.219043	-1.443049	-1.378893	-0.671572	0.014593	0.026706	-0.832871	-1.120894	-1.226556	0.164258	0.606807	-1.507676	0.542246	1.646820	0.033886	0.256769	-0.410896	-1.953314	0.893733	1.214056	-0.818140	0.401619	-1.089774	-0.298424	2.522977	-0.960507
0.319034	1.224276	0.225813	0.496675	-1.282434	1.121426	1.012047	-0.125515	-0.974456	-0.282704	-1.161459	-0.400611	-0.660565	-0.315444	0.188724	-0.099348	0.615502	1.001518	1.121238	0.415275	-0.534130	0.107286	0.734552	-0.476634	-0.674814	1.876083	-0.196096	1.101289	1.005586	-0.089235	-0.216508	0.161912	-0.731350	-0.635694	-0.301267	0.509787	-1.683732	-1.418536	0.370276	0.255055	-1.208973	1.254405	1.944396	1.378496	1.666916	1.126266	-0.641742	0.592199	0.623246	0.250323	0.538363	-0.486037	-1.244321	1.372382	0.201975
0.215664	0.958927	0.206327	0.274707	-0.745318	0.625249	0.584547	0.224979	0.140668	-0.084052	-0.591681	-0.208241	-0.702940	0.735924	0.231360	-0.117424	0.175918	0.728560	0.762115	0.365091	-0.149609	0.165073	0.600081	0.098949	-0.517727	0.678439	-0.135376	0.632533	0.609190	-0.700203	-0.233733	0.711642	-0.476006	-0.230975	-0.059813	0.437518	-0.492388	-0.767228	0.348075	-0.392242	-0.762867	0.816963	0.849984	1.902122	1.967956	1.295822	0.131811	-0.191018	-0.106782	0.283121	0.153802	0.302896	-0.703195	0.493313	0.068904
-0.144925	0.413484	-0.535290	-0.735167	-0.429968	-0.611357	0.319177	0.749694	0.480124	-0.376159	0.479064	0.254778	-1.013199	1.542773	0.894526	-0.189408	0.069857	-0.038468	0.172359	-0.395274	-0.466260	-0.753250	0.365406	-0.119721	-0.097370	-0.285493	-0.069667	-0.142745	-0.140914	-1.194400	-1.073336	0.165703	-0.061877	0.650276	0.272853	-0.655523	0.825569	0.300830	0.452771	-0.603986	-0.196883	-0.012698	-0.527591	1.018619	1.094451	0.193518	0.225967	-0.702875	-0.498866	-0.425088	-0.354650	0.439483	0.213111	0.363373	-0.590966
-0.443639	-0.041548	-1.356959	-1.728012	-0.793235	-1.541503	0.251190	0.637745	-0.183217	-0.988329	0.619646	-0.025587	-1.589031	1.663015	1.035802	-0.319526	0.077400	-0.647077	-0.372872	-1.353800	-1.296664	-1.581688	0.346442	-0.301347	0.080444	-0.223023	-0.209917	-0.510996	-0.589925	-1.066306	-1.482437	-0.344906	0.025296	1.122847	0.141692	-1.268390	1.036521	0.911694	0.697515	-0.192012	0.293183	-0.550406	-1.268608	-0.538075	-0.062795	-0.941715	0.091429	-0.582025	-0.618052	-0.944186	-0.650539	-0.006539	0.116158	0.441288	-0.838678
-0.647663	-0.328657	-1.496385	-1.879120	-1.282351	-1.392848	-0.165016	-0.244619	-1.051379	-1.278549	-0.606875	-1.086710	-1.761280	1.296531	0.205124	-0.452211	-0.354461	-0.780764	-0.641085	-1.642648	-1.847152	-1.283930	0.240666	-0.053489	-0.144088	0.128976	-0.398863	-0.371096	-0.667483	-0.700636	-0.922389	-0.143823	-0.267286	0.867108	-0.252821	-0.717785	0.522366	0.674710	0.662669	0.247714	0.528159	-0.711534	-1.227489	-1.257324	-0.552249	-1.009631	0.058916	-0.155880	-0.693071	-0.761294	-0.515413	-0.262046	-0.744816	0.161974	-0.626486
-0.665570	-0.396755	-0.705208	-1.001925	-1.022804	-0.306814	-0.902033	-1.116361	-1.181858	-0.779589	-1.956084	-1.715417	-0.858933	0.684188	-0.794964	-0.294034	-0.941004	-0.443910	-0.478699	-0.927227	-1.471751	0.050655	-0.245936	0.210709	-0.404943	-0.065943	-0.224841	-0.039919	-0.544774	-0.481093	0.078590	0.248599	-0.377911	0.246806	-0.296908	0.204460	0.170930	0.007226	0.170907	0.213160	0.428375	-0.628330	-0.731303	-0.541935	-0.251953	-0.115397	0.069406	0.111063	-0.704637	-0.102749	-0.016372	0.061819	-0.958638	-0.241050	-0.320779
-0.285851	-0.284627	0.454312	0.266785	0.010667	0.730981	-1.291896	-1.182812	-0.531918	0.111094	-1.935030	-1.016603	0.650233	-0.081600	-0.974413	0.201256	-0.897324	0.027324	-0.116347	0.129917	-0.311158	1.284020	-0.802764	-0.007407	-0.262796	-0.627595	0.403190	0.188512	-0.320543	-0.168353	0.687274	0.149652	0.091457	-0.208221	0.095921	0.438113	0.063189	-0.456466	-0.324576	-0.084287	-0.018997	-0.374321	-0.232667	0.505056	0.083141	0.553569	-0.003383	0.069548	-0.531452	0.488729	0.340690	0.501110	-0.100041	-0.242241	0.020764
0.334879	-0.296727	1.027991	0.927825	0.945428	0.753250	-1.066712	-0.463156	0.162115	0.509021	-0.511978	0.389015	1.353846	-0.695807	-0.328185	0.556141	-0.273590	0.066123	-0.132398	0.492343	0.797744	1.339115	-0.891625	-0.542926	0.342068	-0.945576	0.902141	0.093339	-0.188997	0.457503	0.534063	-0.203777	0.781388	-0.258690	0.379153	-0.017226	-0.188972	-0.465500	-0.324437	-0.206765	-0.614751	-0.165485	-0.139384	0.473005	-0.300872	0.064510	-0.056014	-0.220023	-0.272906	0.604687	0.077062	0.458320	0.608606	0.061612	0.427780
0.578145	-0.664560	0.584222	0.493843	1.099598	-0.209759	-0.731977	0.364503	0.447821	0.186886	0.964525	1.173959	0.595069	-0.732006	0.283839	0.335186	-0.066944	-0.565414	-0.783581	-0.124460	1.102870	0.255415	-0.491540	-0.717311	1.057028	-0.938918	0.513100	-0.454962	-0.401891	0.943096	-0.071244	-0.068056	1.037512	-0.046209	0.140188	-0.269504	-0.517992	-0.217833	0.001992	-0.160801	-0.814802	-0.318800	-0.514624	-0.501713	-1.219105	-1.060192	0.070957	-0.652024	-0.210479	0.160737	-0.584494	-0.020718	0.070868	0.041413	0.670468
0.076236	-1.072963	-0.304436	-0.524191	0.681957	-1.168143	-0.711699	0.703521	0.657978	-0.097474	1.346097	0.905225	-0.614456	-0.291183	0.207084	-0.276353	-0.782447	-1.361027	-1.594295	-0.979280	0.625850	-0.904403	-0.122701	-0.145126	1.392611	-0.894022	-0.762557	-1.187593	-0.816234	0.727376	-0.446999	0.659739	0.724072	0.081588	-0.420134	0.212159	-0.543880	-0.125630	0.075997	-0.211110	-0.141713	-0.746176	-0.874530	-1.014919	-1.647752	-1.351515	0.277141	-1.005468	-0.453061	-0.523866	-0.895632	-0.438141	-1.054850	-0.579921	0.658795
-0.732535	-0.925072	-0.640358	-1.117277	0.300641	-1.301546	-0.699184	0.543639	1.208742	0.368697	0.808778	0.327310	-0.907297	-0.047446	-0.343122	-0.761619	-1.555458	-1.565934	-1.896939	-1.218506	0.028018	-1.230772	-0.162319	0.792925	1.076295	-0.743132	-1.930974	-1.398536	-0.837099	0.072076	-0.164676	1.231571	0.281346	-0.116715	-0.794038	0.919844	-0.286740	-0.433591	-0.234768	-0.318325	1.126423	-0.839391	-0.598011	-0.417957	-0.889909	-0.222210	0.306142	-1.009757	-0.684838	-0.847836	-0.471817	-0.489935	-1.178553	-1.333666	0.752342
-1.012684	-0.135662	-0.033369	-0.735321	0.205358	-0.732725	-0.201930	0.377836	1.815232	1.305676	0.382182	0.239307	-0.259906	-0.333250	-0.676550	-0.870328	-1.171426	-1.016369	-1.533459	-0.717312	-0.129724	-0.836717	-0.385719	1.346479	0.325855	-0.119171	-1.898725	-0.621538	-0.101749	-0.155876	0.527012	0.982003	0.117014	-0.531571	-0.719851	1.003581	-0.097153	-0.818968	-0.444357	-0.190469	2.015379	-0.170423	0.338319	0.338456	0.524822	1.192107	0.154824	-0.623256	-0.370065	-0.433971	0.311172	-0.221277	0.106878	-1.533877	1.178040
-0.363152	0.681392	0.983868	0.345574	0.284604	0.013172	0.674482	0.637087	1.813085	1.860738	0.655132	0.611224	0.328115	-0.574227	-0.388575	-0.549708	0.404574	-0.136412	-0.719528	0.163805	0.149593	-0.371803	-0.240368	1.171806	-0.216180	0.910844	-0.561392	0.666359	0.954855	0.364670	0.991051	0.154202	0.230388	-0.786372	-0.409515	0.422607	-0.050852	-0.529615	-0.161800	0.260906	1.824001	0.903186	1.245520	0.169662	1.376376	1.424858	0.134575	0.005672	0.646444	0.401196	0.821668	0.231890	1.467930	-0.950126	1.507669
0.828918	0.950887	1.584240	1.409297	0.478046	0.832437	1.394049	1.118467	1.096569	1.635538	1.169032	0.845729	0.466771	-0.063852	0.425639	0.430340	1.999713	0.777612	0.464191	1.195458	0.492556	-0.008913	0.535720	0.609373	-0.041682	1.636905	1.062714	1.295271	1.443794	0.889591	0.860341	-0.348182	0.367898	-0.618634	-0.335433	0.072161	0.053118	0.738723	0.378667	0.873025	0.810345	1.614670	1.477062	-0.568823	1.128229	0.558667	0.414432	0.880578	1.759375	0.883325	0.778856	0.727863	1.475702	0.088755	1.236999
1.650137	0.777805	1.351337	1.794210	0.792765	1.818287	1.678951	1.077535	0.302233	0.880238	1.036720	0.507390	0.769165	0.914240	1.390015	2.118303	2.565790	1.765816	1.944440	2.196585	0.551741	0.570026	1.587119	0.211744	0.613184	1.413295	1.718528	0.477068	0.884743	0.425544	0.229903	0.019436	0.269248	-0.190065	-0.778622	0.615930	0.180711	2.174404	0.617653	1.473659	-0.226153	1.632905	1.127751	-0.572152	0.410345	0.048624	0.693475	1.988839	2.031665	0.540864	0.307399	1.028563	0.245712	1.010383	0.616029
1.286440	0.649129	0.430034	1.207899	1.023567	2.519550	1.639791	0.067544	0.008580	-0.067151	-0.014502	-0.346472	1.611686	1.250579	1.949533	3.674105	2.100659	2.669874	3.178886	2.658878	0.190853	1.333659	2.226760	0.121090	0.878956	0.418724	0.950151	-1.361776	-0.321995	-1.035145	-0.609362	0.791211	-0.219343	0.004300	-1.514185	1.443987	0.031585	2.461517	0.308893	1.846627	-0.768218	1.276016	0.803160	0.630091	0.066963	0.699845	0.558735	2.680126	1.136636	-0.398653	-0.343177	0.896860	-0.912851	1.279003	0.331891
-0.235381	0.727839	-0.652077	-0.022330	0.813190	2.121594	1.404174	-1.386440	0.085198	-1.009585	-1.288320	-1.273007	2.332943	0.372574	1.540588	3.787884	1.296687	2.928845	3.379278	2.075294	-0.444262	1.704806	2.114251	0.002913	0.148283	-0.410094	-0.544115	-2.778191	-1.172752	-2.237819	-1.241749	1.001994	-0.983812	-0.385803	-1.931000	1.248779	-0.444252	1.207044	-0.212786	1.680109	-0.806405	0.977370	0.822053	1.957751	0.167269	1.585594	0.105819	1.932595	-0.212972	-1.302239	-0.948642	0.346052	-1.131289	0.615188	0.471240
-1.800344	0.755130	-1.219864	-1.027031	0.083145	0.514941	0.992181	-2.155099	0.016731	-1.627222	-1.764593	-1.707733	2.033172	-0.956286	0.167133	2.124700	0.701078	2.181159	2.334258	0.654355	-0.919709	1.338392	1.567301	-0.433152	-1.179576	-0.255340	-1.492418	-2.453336	-0.848242	-1.818513	-1.120091	0.327335	-1.519712	-1.097551	-1.516771	-0.291103	-0.848611	-0.525340	-0.344526	0.931330	-0.525152	0.816522	0.902195	2.002587	0.251285	1.364444	-0.105931	-0.243216	-0.922351	-1.608499	-1.267354	-0.304491	-0.712755	-0.689559	0.404841
-2.040661	0.557823	-0.864118	-1.096360	-0.746736	-1.244867	0.469750	-1.567814	-0.316140	-1.492490	-1.052526	-1.311465	0.717012	-1.453971	-1.259824	-0.182805	0.356630	0.761536	0.670165	-0.720728	-0.793411	0.576672	1.020870	-0.959636	-1.968545	0.697395	-1.145283	-0.415163	0.508556	0.138976	-0.076220	-0.540492	-1.230179	-1.326661	-0.323839	-1.864765	-0.753095	-1.332925	0.151554	0.076446	-0.091280	0.602832	0.637174	0.687736	0.161995	0.096391	0.166773	-2.202404	-0.604931	-1.089737	-1.044486	-0.653288	-0.273345	-1.681704	-0.168704
-0.664149	0.306556	0.134676	-0.395004	-1.091074	-1.863577	-0.054737	-0.025459	-0.460373	-0.549711	0.294387	-0.261589	-0.739644	-0.714317	-1.622775	-1.770169	0.027677	-0.632913	-0.793630	-1.338179	-0.065231	-0.083876	0.373819	-1.006409	-1.407622	1.341025	0.067763	1.839277	1.760082	1.945563	1.156552	-0.758051	-0.053257	-0.463159	0.995054	-1.909542	-0.136586	-0.910932	0.822929	-0.351408	0.302119	0.215128	0.043512	-0.640998	0.143015	-0.898872	0.424742	-2.189562	0.113124	0.042778	-0.202807	-0.499991	0.189058	-1.386784	-0.639288
1.207413	0.212960	0.980584	0.270473	-0.765018	-1.099857	-0.505030	1.400527	-0.054250	0.639727	1.338554	0.819603	-1.524619	0.486241	-0.758545	-2.252710	-0.392519	-1.520381	-1.643640	-1.211363	0.748875	-0.527036	-0.654984	-0.355738	0.162538	0.857301	1.038212	2.712727	1.837313	2.068343	1.532662	-0.288125	1.301638	1.132156	1.693030	-0.392092	0.609746	-0.095944	1.001952	-0.335437	0.463003	-0.233657	-0.484663	-0.804397	0.294707	-0.755403	0.102446	-0.315200	0.410021	1.189486	0.921297	0.004346	0.930579	0.139989	-0.336205
2.131134	0.234488	1.125984	0.410098	-0.168912	0.061954	-0.730148	1.858098	0.558556	1.306919	1.533154	1.311074	-1.460396	1.115451	0.334538	-1.957458	-0.682434	-1.695858	-1.777515	-0.776948	1.077535	-0.758147	-1.607550	0.472805	1.459921	-0.219562	1.125521	2.037009	0.917338	0.864941	0.947769	0.224125	1.908598	2.202105	1.542355	1.158144	0.967885	0.300674	0.604208	-0.218636	0.387060	-0.483780	-0.620290	-0.085063	0.406932	0.018386	-0.519192	1.508061	0.181196	1.693763	1.621952	0.430281	1.563631	1.561168	0.428530
1.566671	0.195086	0.687103	0.244954	0.142264	0.500868	-0.504668	1.219842	0.662861	1.087749	0.958142	1.004731	-0.806369	0.788496	0.552717	-1.128452	-0.514228	-1.077514	-1.162476	-0.344720	0.751614	-0.587051	-1.477579	0.725923	1.379949	-0.580171	0.586742	0.920422	0.141368	-0.003418	0.315659	0.273973	1.388394	1.663800	0.887760	1.293055	0.627600	0.222261	0.160695	-0.187056	0.275731	-0.344773	-0.353035	0.354224	0.302625	0.386964	-0.569902	1.555488	-0.058597	1.279519	1.319854	0.391780	1.254159	1.435814	0.714794
0.019708	0.043521	0.042446	0.111529	0.050162	0.076288	0.145585	-0.068155	0.101196	0.232481	-0.000262	0.165406	0.114875	-0.170074	-0.184901	0.077863	0.102859	0.132686	0.004998	0.035775	0.012417	0.016774	-0.113579	0.289225	0.032908	0.155303	-0.093496	0.135986	0.059484	0.178603	0.196483	-0.085479	0.101538	-0.293721	0.120939	0.048803	-0.264727	-0.021606	0.004581	-0.199067	0.260448	0.113199	0.127551	0.060054	0.032449	0.076055	0.193873	-0.083685	-0.015492	0.222196	0.153364	-0.089308	-0.092315	-0.242958	0.237238
