X1	X2	X3	X4	X5	X6	X7	X8	X9	X10	X11	X12	X13	X14	X15	X16	X17	X18	X19	X20	X21	X22	X23	X24	X25	X26	X27	X28	X29	X30	X31	X32	X33	X34	X35	X36	X37	X38	X39	X40	X41	X42	X43	X44	X45	X46	X47	X48	X49	X50	X51	X52	X53	X54	X55
0.082288	0.113483	0.142581	0.147880	0.100505	-0.017108	0.110474	-0.004943	0.170521	0.130088	0.144967	0.134073	0.143077	0.041372	0.051416	0.112573	0.150379	0.067787	-0.040032	0.082596	0.113810	0.245960	0.181827	0.251056	0.086595	0.049467	0.101502	0.089041	0.160616	0.176080	0.332915	0.227054	0.099564	0.040504	0.215685	0.362692	-0.163188	0.102119	0.169733	0.259761	0.121488	0.160202	0.189926	0.182685	0.152875	0.179453	0.298527	0.241263	0.055555	0.018739	0.024499	0.114145	0.225756	0.053577	-0.071012
-0.526662	0.139413	-0.397853	-0.400876	0.107099	0.016661	0.769515	0.483353	0.410136	0.533061	0.149299	-0.356303	0.293037	1.521945	-0.681646	-0.082500	0.464384	0.138021	-1.148674	-0.443393	-0.441684	0.657574	0.828377	-0.255101	0.934166	-0.224312	0.517094	-0.276375	-0.360420	-0.221402	0.532074	-0.283120	0.534587	-0.595074	0.226785	0.720619	0.619962	1.176907	0.642834	0.804209	0.376921	-0.008125	-0.002156	0.412641	0.635150	0.464519	-0.536951	0.557075	-1.176088	-0.825509	-0.666744	-0.591443	1.009099	0.853752	0.327275
-0.499191	0.426951	-0.504479	-0.336748	0.197139	0.280301	0.802751	0.520893	0.397077	0.593190	0.223532	-0.167243	0.287574	1.202558	-0.928293	0.205060	0.473547	0.353444	-0.738458	0.011838	-0.342400	0.738830	0.819424	0.352886	0.475664	-0.204019	0.535642	0.039653	-0.235255	-0.056818	0.620838	0.288855	0.722694	-0.800428	0.260171	1.100091	0.549745	1.196688	0.701638	0.708564	0.590747	0.215144	0.190737	0.557719	0.740619	0.544485	-0.075291	0.219693	-1.213787	-0.791726	-0.600615	-0.710124	0.910546	1.058557	0.027425
-0.168337	0.642475	-0.334235	-0.041234	0.138975	0.483780	0.061976	-0.046248	-0.179311	-0.039203	0.056790	0.170714	-0.118033	-0.433092	-0.724400	0.324840	-0.012117	0.595863	0.768071	0.775545	-0.025501	0.181481	0.009883	1.587977	-1.053758	-0.082736	0.135088	0.668093	0.262279	0.342652	0.277947	1.449955	0.344974	-0.287401	0.047876	1.087880	0.029332	-0.006132	0.121017	-0.132185	0.666111	0.562146	0.275916	0.233768	0.249261	0.107477	1.204362	-0.704314	-0.076037	0.076522	0.194773	-0.046579	-0.280288	0.278301	-0.583993
-0.186753	0.270423	-0.268857	-0.229364	-0.262215	0.261955	-0.943144	-0.789200	-1.111409	-1.158448	-0.568832	-0.235529	-0.855666	-1.330566	-0.329101	-0.442686	-0.841466	0.534403	1.627773	0.471234	-0.285166	-0.880459	-1.057984	1.812117	-2.095811	-0.166638	-0.295296	0.727557	0.366236	0.252342	-0.615985	1.645840	-0.524280	0.603591	-0.555098	0.205952	0.051904	-1.490131	-0.806088	-1.155357	0.455411	0.394169	-0.401789	-0.654103	-0.639393	-0.817528	1.597183	-1.465809	1.163957	0.992458	0.983890	0.868650	-1.713698	-1.061507	-0.576645
-0.345001	-0.529170	-0.220365	-0.665178	-0.662171	-0.179763	-1.373558	-0.935407	-1.440085	-1.742401	-1.132674	-1.030684	-1.288626	-0.614527	0.322261	-1.289128	-1.419893	0.058098	1.001441	-0.814882	-0.865915	-1.605517	-1.484626	0.328546	-1.494063	-0.240034	-0.344884	0.132203	-0.069888	-0.291906	-1.503525	0.305320	-1.132858	1.046760	-1.034893	-1.210584	0.617289	-1.975337	-1.258279	-1.479914	-0.084667	-0.378208	-1.393223	-1.383391	-1.259655	-1.501106	0.397592	-1.308235	1.532598	1.279985	1.131104	1.152963	-2.066730	-1.743777	0.158583
0.105877	-0.976148	0.168405	-0.428057	-0.468209	-0.370924	-0.817117	-0.229060	-0.472370	-0.938220	-0.811932	-0.919906	-0.867184	0.327741	1.355393	-0.713009	-1.137214	-0.433545	-0.217065	-1.475928	-0.720423	-1.141837	-0.774950	-1.508089	0.232263	0.149394	-0.040377	-0.284081	-0.413312	-0.471365	-1.572020	-1.241754	-0.766937	0.761124	-0.642345	-1.949785	0.664321	-1.080897	-0.633371	-0.625159	-0.691666	-1.038633	-1.479725	-1.168141	-1.029850	-1.164366	-1.109884	-0.140035	0.929950	0.814592	0.679974	0.562064	-0.958333	-1.048410	0.686677
1.064463	-0.653322	0.731632	0.535923	0.330717	-0.298583	0.237565	0.626089	1.167809	0.733585	0.347081	0.369477	0.040860	-0.092905	2.241332	1.096555	-0.075176	-0.412412	-0.792928	-0.629274	0.343716	0.260551	0.572092	-1.748045	1.487293	0.828597	0.196648	0.036770	-0.181301	0.089437	-0.724243	-1.291585	0.306045	0.377125	0.518009	-1.167732	-0.321290	0.233927	0.628958	0.892833	-0.875108	-0.913586	-0.354131	-0.282212	-0.140515	-0.024136	-1.233263	1.320577	-0.062906	-0.115298	0.121412	-0.175615	0.456661	0.240883	0.248711
1.426006	-0.006889	0.833664	1.081674	1.013307	-0.282948	0.916990	0.763689	2.113733	1.780132	1.256563	1.457565	0.498184	-1.335739	2.028368	2.105686	0.920384	0.127476	-0.605069	0.605986	1.175028	1.296980	1.424192	-0.172051	1.321473	1.077765	0.114795	0.627824	0.339880	0.694656	0.248226	0.139242	1.077210	0.425921	1.313436	0.495238	-1.415311	0.679346	1.354711	1.859529	-0.386802	-0.189992	0.812952	0.255540	0.581486	0.827148	0.026477	2.076579	-0.799457	-0.993636	-0.192108	-0.268626	0.776963	0.747924	-0.728296
0.586384	0.279380	0.329291	0.470614	0.946277	-0.296796	0.915022	0.236861	1.749798	1.416785	1.062826	1.089419	0.191127	-1.451804	0.553583	1.115145	1.064932	0.648671	-0.347594	0.654648	0.782040	1.046542	1.132912	1.425847	0.254535	0.687400	-0.055081	0.669725	0.536310	0.524914	0.568172	1.313493	0.958329	0.546224	0.838500	1.487284	-1.430821	0.027135	0.914322	1.510515	0.390561	0.356002	0.817020	0.063299	0.581411	0.708947	1.046104	1.665880	-0.958835	-1.245928	-0.261301	0.138348	0.024045	0.244844	-1.143698
-0.615090	0.070520	-0.122156	-0.478247	0.287050	-0.000669	0.642197	-0.156841	0.651129	0.338453	0.167307	-0.204990	-0.205960	0.090393	-1.106271	-0.576450	0.452256	0.746299	-0.291129	-0.357363	-0.305443	0.028866	0.178251	1.374661	-0.602173	0.298550	-0.030742	0.027842	0.217249	-0.247179	0.245141	0.863720	0.273888	0.184727	-0.446575	1.046948	-0.471656	-0.773244	-0.090687	0.316226	0.739656	0.297403	-0.092638	-0.224103	0.109321	0.081796	0.644455	0.542937	-0.642518	-0.670794	-0.242126	0.240744	-0.547122	-0.235450	-0.563361
-0.942438	-0.227102	0.037516	-0.495063	-0.273528	0.569158	0.534334	-0.030736	-0.265338	-0.285934	-0.378051	-0.877501	0.043577	1.474054	-1.793285	-0.992427	-0.056429	0.593663	0.028831	-0.823975	-0.699677	-0.504454	-0.424673	0.018259	-0.796852	0.450725	0.037528	-0.714474	-0.255070	-0.786699	-0.164689	-0.634483	-0.369544	-0.376670	-1.211349	-0.031487	0.308285	-0.823358	-0.582953	-0.555020	0.375528	0.007360	-0.589785	-0.029898	-0.217496	-0.172763	-0.533714	-0.351418	-0.295218	0.201428	-0.244033	-0.217143	-0.192392	-0.029788	0.334338
-0.321855	-0.258662	0.487122	0.359523	-0.299910	0.884360	0.560187	0.173306	-0.557376	-0.145410	-0.199294	-0.363782	0.799086	0.905905	-1.514667	-0.149118	0.199677	0.515298	0.881529	0.119767	0.095883	-0.150828	-0.311469	-0.982586	-0.668840	0.803202	-0.149662	-1.089589	-0.469414	-0.796748	-0.329857	-1.525282	-0.715766	-0.359121	-0.787074	-0.545700	0.269938	-0.260917	-0.271796	-0.566047	-0.285320	0.107178	0.048872	0.353517	-0.184986	0.132024	-1.027190	-0.508826	-0.334545	0.515731	-0.288407	-0.519145	0.451585	0.249110	0.681599
0.215529	-0.139531	0.482631	0.804007	0.006715	0.621545	0.384969	0.003645	-0.374054	0.117978	0.113158	0.424766	1.212420	-0.947447	-1.127869	0.202340	0.856641	0.346430	1.632969	1.445476	1.128693	0.192437	-0.166009	-0.873700	-0.611800	0.618373	-0.454466	-1.224338	-0.430401	-0.801244	-0.457583	-1.181630	-0.775237	0.272595	0.141694	-0.453629	-0.043089	0.115091	0.079905	-0.394805	-0.700353	0.565187	1.040660	0.307501	-0.170015	0.356441	-0.528959	-0.357657	-0.651880	0.041845	-0.342366	-0.035546	0.418273	-0.161021	0.399117
0.001661	-0.241675	-0.126146	0.162978	0.194998	0.123093	-0.138288	-0.291267	-0.126751	-0.054914	-0.012141	0.547488	0.764110	-1.812982	-1.105328	-0.720372	0.938694	-0.289855	1.406777	1.665920	1.267370	-0.359850	-0.693464	-0.457899	-0.631514	-0.230176	-0.418350	-1.383611	-0.424230	-1.161602	-0.793444	-0.556794	-0.548299	0.592047	0.462926	-0.648561	0.127508	-0.063555	-0.254679	-0.892183	-0.754092	0.678685	1.095935	-0.172799	-0.515921	-0.018387	-0.101377	-0.596488	-0.715969	-0.535947	-0.391846	0.761258	-0.238568	-0.834578	0.036134
-0.442081	-0.583716	-0.643601	-0.650226	0.197123	-0.024133	-0.586067	-0.153214	-0.019463	-0.334158	-0.299450	0.237650	-0.026168	-0.734034	-1.134101	-1.514149	0.240424	-1.062294	0.280776	0.793171	0.615111	-1.243551	-1.351774	-0.500970	-0.495823	-0.991724	0.065936	-1.381843	-0.509237	-1.360641	-0.980996	-0.568052	-0.082605	0.012012	-0.014016	-1.244120	0.690999	-0.319645	-0.837222	-1.604320	-0.592412	0.124537	0.115885	-0.471985	-0.854076	-0.558221	-0.433136	-1.007135	-0.408834	-0.498398	-0.499756	0.881475	-0.585775	-0.715666	-0.047337
-0.209539	-0.644340	-0.323866	-0.334260	0.382410	0.297583	-0.225703	0.498325	0.146299	0.028005	-0.045950	0.329461	-0.158027	0.913399	-0.775143	-0.623043	-0.200960	-0.977245	-0.685198	0.129445	0.256654	-0.943146	-0.797743	-0.617637	0.003532	-0.820502	0.579626	-0.830383	-0.407992	-0.694500	-0.331828	-0.807732	0.412066	-0.685760	-0.437138	-1.141486	0.986587	-0.030980	-0.516501	-1.099813	-0.264351	-0.425252	-0.649734	-0.174024	-0.434600	-0.335705	-0.833325	-0.554681	-0.374659	0.008116	-0.711779	0.156004	-0.062791	0.270671	0.032115
0.802976	0.019527	0.752310	1.077036	0.956838	0.657142	1.016981	1.184242	0.552797	1.026291	0.838180	1.003488	0.569380	1.422070	0.013855	1.311003	0.501392	0.265768	-0.665530	0.397495	0.762982	0.946604	1.148318	-0.299598	0.865597	0.236087	0.766858	0.174592	0.048370	0.600555	1.090102	-0.443442	0.745390	-0.196282	-0.078270	0.187656	0.818062	0.709426	0.918538	0.930048	0.202270	-0.186517	-0.257559	0.470310	0.754189	0.766349	-0.454279	0.979778	-1.054547	0.324502	-0.851568	-0.601066	0.866783	1.002862	0.081985
1.861945	1.139513	1.768199	2.264986	1.590060	0.714209	2.099156	1.451642	0.887848	1.711208	1.606746	1.656122	1.255939	0.753359	0.972573	2.193619	1.699644	1.550757	0.130291	0.976197	1.521987	2.855297	2.801513	-0.038853	1.734443	1.228765	0.800368	1.074546	0.672640	1.498347	2.121889	0.295221	0.959338	1.560641	0.786343	1.505351	0.676765	1.210370	2.202464	2.784366	0.648427	0.617350	0.753373	0.983571	1.713085	1.720715	0.308630	2.233395	-1.712834	0.329246	-0.528220	-0.674862	1.359567	0.667108	0.131233
2.286731	1.942816	2.074090	2.243389	1.810632	0.694666	1.927061	1.286875	0.672390	1.402287	1.564685	1.778027	1.102127	0.018256	1.707970	1.248618	1.962245	1.602654	0.957119	1.046311	1.682986	2.977896	2.550684	-0.502669	2.045165	1.406790	1.046377	1.529980	1.186979	1.453824	1.715129	0.437894	1.167966	3.114963	1.355005	1.336743	0.906324	1.109144	2.140239	2.717211	0.944244	1.084101	1.227453	1.227296	1.616023	1.596207	0.455874	1.889875	-1.185710	0.547696	0.455647	-0.159494	1.145165	-0.209358	0.253206
1.967647	1.848835	1.707546	1.306252	1.510373	0.979136	0.718720	0.953980	0.031668	0.590829	0.861082	1.384775	0.442223	-0.228941	1.809880	-0.093868	0.929518	0.604630	1.363630	0.628887	1.182217	1.401587	0.877106	-1.232717	1.533072	1.043702	1.419333	1.589462	1.386459	0.915304	0.204324	-0.207273	1.235229	2.983701	1.297363	0.026567	1.132253	0.807929	1.121017	1.130947	1.054034	0.822204	0.864381	1.248245	0.787669	0.656604	-0.087516	0.485261	0.416025	1.128575	1.672089	0.418304	0.628480	-0.559716	0.350159
1.136705	0.854804	0.975313	0.279406	0.840061	1.353943	-0.308317	0.630500	-0.312167	0.167756	0.185684	0.630187	0.142534	-0.301586	1.216123	-0.214391	-0.379881	-0.133555	1.322219	0.152926	0.455353	-0.209606	-0.405738	-1.150367	0.543049	0.866597	1.376207	1.208176	1.013620	0.397131	-1.151302	-0.746400	0.866660	1.123328	0.887590	-0.770987	0.786939	0.807202	0.443005	-0.119660	0.829807	0.252837	0.263558	0.880497	0.076397	-0.169002	-0.463860	-0.374413	1.549076	1.340223	2.260459	0.679273	0.260532	-0.100198	0.264274
0.108829	-0.470202	-0.041426	-0.541531	-0.088168	1.107370	-0.511175	0.317641	0.054538	0.148477	-0.090167	-0.413813	0.330167	-0.338625	0.455379	0.747488	-1.031054	0.021359	0.926566	-0.327076	-0.366128	-0.776408	-0.516800	-0.118624	-0.284267	0.947706	0.642071	0.284060	0.004475	-0.259049	-1.655846	-0.489407	0.117516	-1.222074	0.389322	-0.334034	-0.124908	0.935300	0.512019	-0.201007	0.131992	-0.107174	-0.090223	0.029761	-0.268750	-0.477480	-0.217379	-0.245966	1.133936	0.571500	1.771175	0.472167	0.151292	0.614458	0.010837
-0.669827	-1.212504	-1.243675	-1.306297	-1.030788	0.012547	-0.417197	0.033175	0.703167	-0.173765	-0.124371	-1.407048	0.314812	0.099466	0.168659	1.393771	-1.141967	0.258467	0.276469	-0.974932	-1.348608	-0.825161	-0.347321	0.773717	-0.523001	0.664226	-0.271325	-0.642693	-0.967721	-1.199404	-1.617749	0.095163	-0.408470	-2.672522	-0.159779	0.367503	-1.114085	0.629190	0.510894	-0.034892	-0.677701	-0.116521	-0.222877	-0.771262	-0.514974	-0.532797	0.125970	-0.204760	0.001021	-0.506076	0.744818	-0.145468	0.287846	1.116715	-0.182572
-0.735408	-0.719998	-2.091930	-1.884634	-1.375904	-1.138078	-0.674704	-0.050056	0.946250	-0.940812	-0.052619	-1.655296	-0.299897	1.196305	0.388014	0.901828	-1.213960	-0.470471	-0.477237	-1.612546	-2.082576	-1.292673	-0.795741	0.507152	-0.089177	-0.303786	-0.507324	-0.492729	-0.809400	-1.740865	-1.455264	0.001274	-0.099289	-2.609595	-0.585157	0.177078	-1.813625	-0.127146	-0.168642	-0.576195	-0.824857	0.193983	-0.218992	-0.724708	-0.596433	-0.509370	-0.115059	-0.936146	-0.182433	-0.472309	0.194331	-0.718589	0.744020	1.427521	-0.063377
-0.048944	0.669001	-1.941357	-1.847095	-0.608856	-1.316756	-1.065672	0.262784	0.678927	-1.326060	0.310857	-0.796813	-0.978801	2.249214	0.602479	-0.160136	-1.190769	-1.968235	-1.157455	-1.819701	-1.843732	-2.076092	-1.394672	-0.737482	0.885920	-1.413734	0.191013	1.006139	0.683674	-1.084007	-1.078144	-1.026585	0.978605	-1.433964	-0.543697	-0.743245	-2.098794	-0.566662	-0.912250	-1.335478	-0.031720	0.760846	-0.020667	0.167784	-0.118739	-0.239246	-0.887394	-1.539372	0.883019	1.028657	0.493301	-0.580897	1.426738	1.621563	0.389961
0.814932	1.707224	-0.853319	-1.188612	0.882798	-0.483555	-0.948586	0.907867	0.346277	-0.679527	1.024374	0.560631	-0.953515	2.318524	0.521683	-0.636912	-0.702372	-2.906053	-1.610525	-1.523590	-0.614739	-2.238684	-1.036615	-1.810891	2.033939	-1.840902	1.159677	2.581020	2.248527	0.346874	-0.341886	-2.107732	2.085846	-0.199691	-0.039084	-1.244818	-1.791053	-0.017539	-0.676228	-1.121116	0.972516	1.238026	0.210681	0.899229	0.748260	0.233988	-1.517566	-0.806910	1.801091	2.574422	1.057869	0.339715	1.845003	1.545817	0.890289
1.096981	1.394382	0.253838	-0.602960	1.842590	0.298013	-0.308559	1.439411	0.226239	0.410858	1.588134	1.218352	-0.265750	1.320313	0.394186	-0.077181	0.074458	-2.315611	-1.744403	-1.167055	0.528811	-1.344208	0.403250	-1.743236	2.701315	-1.348899	1.479543	2.673251	2.416815	1.106418	0.395488	-2.138333	2.432193	0.319288	0.417389	-0.666258	-0.817064	1.169494	0.563973	0.228595	1.179494	1.010384	0.018548	0.587948	1.063832	0.372998	-1.442667	0.923404	1.435197	2.473377	1.196605	1.158772	1.491909	1.110811	1.111953
0.438923	0.008269	0.446032	-0.763804	1.263128	0.071475	0.144873	1.255929	0.075921	0.673445	1.299784	0.463248	0.227631	0.081321	0.450875	0.778120	0.403881	-0.669595	-1.599622	-1.210922	0.424660	-0.118336	1.723935	-0.634163	2.247647	-0.444162	0.793602	1.193251	1.135182	0.416187	0.522269	-0.998053	1.657958	0.344024	0.375708	0.406464	0.275905	1.811339	1.611828	1.465654	0.355258	-0.141962	-0.764423	-0.513692	0.209559	-0.248787	-0.706174	1.972832	0.373720	0.684182	0.877082	0.973462	0.432698	0.476573	1.044790
-0.944300	-1.245454	-0.337534	-1.506935	-0.604730	-0.919114	-0.106987	0.073551	-0.502465	-0.368309	-0.023466	-1.318492	-0.124169	-0.710154	0.386069	0.744261	-0.089298	0.643704	-1.317707	-1.583984	-0.917494	0.284255	1.669242	0.493444	0.568502	0.162317	-0.607444	-0.554959	-0.377724	-0.951334	-0.177654	0.255552	-0.116286	0.577641	-0.114488	0.824227	0.579195	1.059067	1.291817	1.284536	-0.873125	-1.520402	-1.612301	-1.435992	-1.157814	-1.279265	0.094522	1.271513	-0.064590	-1.245147	0.387979	0.025975	-0.780984	-0.238898	0.927707
-2.460856	-1.551705	-1.309848	-1.962520	-2.476536	-1.569941	-0.761159	-1.703164	-1.544385	-1.850227	-1.851468	-3.016652	-1.018936	-1.217972	-0.303712	-0.544032	-0.889826	0.797753	-0.936237	-1.695919	-2.300120	-0.483677	0.250436	0.732607	-1.680273	0.122874	-2.208953	-1.512393	-1.229985	-1.692517	-1.267404	0.503107	-2.325985	1.019554	-0.793287	0.109513	0.004941	-0.723319	-0.355162	-0.271396	-1.766255	-2.070220	-1.819178	-1.677104	-1.739843	-1.868173	0.296588	-0.493589	0.296565	-2.014103	-0.348228	-0.600697	-1.778613	-1.125694	0.821005
-3.383570	-1.186422	-1.632158	-1.455181	-3.166501	-1.220939	-1.090303	-3.066385	-2.548201	-2.498218	-3.344353	-3.627275	-1.605717	-1.875628	-1.577922	-2.182020	-1.181397	0.285625	-0.340623	-1.003017	-2.512533	-1.517644	-1.267663	0.235245	-3.403639	-0.378073	-3.420424	-1.771802	-1.661358	-1.374750	-1.912997	-0.143078	-3.989584	0.886885	-1.544149	-1.042534	-0.205150	-2.287716	-2.128621	-1.837308	-1.987886	-1.556117	-1.334213	-1.566117	-1.103707	-1.583262	-0.186972	-1.764877	0.399208	-1.810002	-1.582818	-0.425648	-2.594363	-2.101951	0.483492
-3.121386	-0.900419	-1.106552	-0.131912	-2.422336	-0.301923	-0.740197	-3.032921	-2.717356	-1.824188	-3.781100	-2.816363	-1.444079	-2.411523	-2.680256	-2.855895	-0.751625	0.164293	0.411655	0.403798	-1.371891	-1.485394	-1.580225	0.032092	-3.720438	-0.847476	-3.499162	-1.867041	-2.155167	-0.533582	-1.415203	-0.381556	-4.117568	-0.104481	-2.174199	-1.441968	1.175499	-2.626376	-2.732774	-2.037707	-1.531247	-0.852378	-0.792229	-1.489772	-0.115625	-0.788595	-0.646423	-1.704795	-0.438158	-1.622227	-2.985962	-0.146359	-3.142215	-2.598055	-0.210546
-1.626260	-0.955722	-0.210061	1.237324	-0.874754	0.345145	0.005087	-1.460370	-1.599173	-0.383863	-2.844839	-1.010202	-0.850580	-1.991473	-2.725503	-2.028417	-0.123631	0.753960	0.867864	1.742221	0.268862	0.005145	-0.539200	0.796131	-2.565096	-0.885771	-1.994307	-1.878530	-2.451655	0.180570	0.149965	0.758744	-2.513509	-1.028495	-2.208917	-0.613759	3.516745	-1.746619	-1.808966	-0.771091	-0.596499	-0.884256	-0.706280	-1.247561	0.195627	-0.112555	-0.247299	-0.745789	-1.590014	-1.818192	-3.639136	-0.602016	-2.930815	-1.995360	-0.941999
0.355412	-1.007429	0.410544	1.923643	0.538999	0.445592	0.619255	0.667220	0.276882	0.875055	-0.924721	0.883504	-0.365174	-0.370368	-1.427711	-0.246089	0.113090	1.366194	0.585188	2.145032	1.312133	1.882815	0.780899	1.919049	-0.816426	-0.473590	0.463330	-1.571707	-1.965423	0.511461	1.692209	2.611537	-0.164555	-0.786040	-1.388706	0.670705	4.534922	-0.474267	-0.143340	0.751741	0.342544	-1.529666	-0.885105	-0.469660	-0.185897	0.210570	0.944778	0.119789	-2.024017	-1.836834	-2.999923	-1.605809	-1.674716	-0.419496	-1.240207
1.679757	-0.712225	0.515132	1.738310	1.176002	0.384276	0.846360	1.971701	1.650340	1.411271	0.880409	2.023387	-0.095721	1.553301	0.624571	1.456602	-0.047293	1.312725	-0.217519	1.472972	1.281736	2.641535	1.228315	2.148709	0.324053	0.100710	2.296323	-0.950344	-0.782758	0.514312	1.947596	3.464776	1.452608	0.507709	-0.223838	1.228485	2.788514	0.376848	1.076901	1.294611	0.734784	-1.809729	-0.720267	0.651787	-0.425319	0.420923	1.898694	0.367994	-1.613909	-1.193569	-1.627745	-2.126968	0.056580	1.140754	-1.022205
1.738346	-0.079120	0.429538	1.053104	1.042431	0.566518	0.822049	1.904041	1.764473	1.393553	1.485756	2.169008	0.318401	2.554862	2.310652	2.281265	-0.067679	0.810490	-0.658157	0.553046	0.640146	1.899320	0.755903	1.198368	0.325052	0.595051	2.375804	-0.230715	0.411518	0.439369	0.886599	2.522967	1.620573	1.602385	0.412640	0.846181	-0.413416	0.652517	1.308465	0.868604	0.534988	-1.020960	0.144217	1.529673	0.094126	0.858827	1.828879	0.338686	-1.105635	-0.328567	-0.663105	-1.453098	1.216473	1.671720	-0.646554
1.000047	0.725939	0.599713	0.419664	0.652596	1.005406	0.759623	1.143938	1.130122	1.316194	0.751347	1.713858	1.147868	2.194039	2.722117	2.033469	0.461121	0.596934	-0.009331	0.448956	0.262059	0.676025	0.283728	0.295209	-0.298158	1.021524	1.099147	0.496497	1.258967	0.629444	-0.085377	0.887613	0.879774	1.417487	0.254561	0.510680	-2.240192	0.733009	0.951971	0.502557	0.398668	0.545419	1.487539	1.954816	1.120839	1.567803	1.205067	0.672460	-0.955185	-0.133202	-0.578843	0.068077	1.272079	1.062862	-0.442692
0.429301	1.480920	0.977798	0.127996	0.409942	1.429666	0.621191	0.628993	0.692468	1.330688	-0.457604	1.139418	2.061692	0.945792	1.782595	1.087654	1.245402	0.862129	1.489835	1.347053	0.481787	0.073354	0.404917	0.751275	-0.683163	1.426896	-0.255726	1.143363	1.892719	1.141732	0.233223	0.275328	0.255741	0.012496	-0.166532	1.076385	-1.460252	0.826364	0.609071	0.791840	0.917668	1.903819	2.640971	2.148950	1.829321	2.131516	1.128958	1.389254	-0.743269	-0.760695	-0.715616	1.380855	0.557067	0.110657	-0.394986
0.357381	1.698323	1.000013	0.067328	0.159815	1.462977	0.214004	0.393216	0.532119	1.076657	-1.174948	0.540942	2.268978	-0.482018	0.210577	0.032917	1.510054	1.011798	2.701866	2.237249	0.754758	0.070897	0.616549	2.221622	-0.573148	1.576842	-1.002846	1.275628	2.127238	1.475573	1.310811	1.013026	0.149040	-1.606644	-0.350778	2.046584	0.287712	0.570997	0.288761	1.123971	1.704999	2.172701	2.839247	2.009389	1.550045	1.921313	1.795188	1.713801	0.045103	-1.314510	-0.236130	1.638252	-0.298021	-0.387137	-0.370099
0.212309	0.816991	0.291797	-0.020592	-0.467109	0.738430	-0.408498	-0.265461	-0.022654	0.270983	-1.114657	-0.182826	1.275012	-1.641733	-1.136888	-0.725154	0.844965	0.555705	2.563814	1.904857	0.435931	-0.079680	0.087545	2.931418	-0.401592	1.111785	-1.395048	0.411905	1.272390	1.069057	1.585457	1.785578	0.130134	-2.443405	-0.457032	2.113220	0.611231	-0.465312	-0.395686	0.587775	1.657959	1.183710	1.716275	0.969382	0.281872	0.715660	2.100715	0.950400	1.084233	-0.890121	0.746031	0.801240	-0.981539	-0.412910	-0.424242
-0.503873	-0.985417	-0.740003	-0.178791	-1.337773	-0.768435	-0.846783	-1.546450	-1.112760	-0.713642	-0.562922	-0.820049	-0.495680	-2.281720	-1.858050	-1.066653	-0.293293	-0.170187	1.086918	0.289254	-0.234974	-0.589734	-1.111349	1.724717	-0.536951	0.075489	-1.654149	-1.147312	-0.756782	0.163304	0.576948	1.365417	-0.293803	-2.303181	-0.845446	0.790668	-0.809759	-1.971749	-1.401474	-0.718919	0.286351	-0.390661	-0.236160	-0.994040	-1.287711	-0.883101	1.030962	-0.642416	1.534600	0.355144	1.413556	-0.433468	-1.479484	-0.537612	-0.637681
-1.329435	-2.477585	-1.257884	-0.183741	-1.775122	-2.394262	-0.818493	-2.599232	-1.886381	-1.148632	0.154122	-0.867932	-1.943169	-2.193922	-1.988639	-1.025534	-1.046090	-0.486394	-0.633406	-1.339589	-0.301345	-0.837456	-1.992960	-0.576125	-0.736683	-0.974512	-1.372245	-2.197680	-2.672248	-0.250793	-0.435699	0.062498	-0.991002	-1.724595	-1.251611	-0.964271	-2.136060	-2.886277	-2.048495	-1.756218	-1.538830	-1.474637	-1.794302	-2.713498	-2.235819	-1.863317	-0.912273	-2.073210	1.158206	1.469205	1.443133	-1.157848	-1.689492	-1.069264	-0.758844
-1.349568	-2.396774	-0.941276	0.096964	-1.364392	-3.094297	-0.600800	-2.480163	-1.581604	-0.836818	0.814524	-0.201137	-2.240680	-1.372908	-1.621092	-0.743341	-1.041398	-0.374103	-1.470504	-1.697072	0.622793	-0.394688	-1.842317	-2.112797	-0.476329	-1.558862	-0.226486	-1.731231	-2.883829	0.351437	-0.129939	-0.832248	-1.382014	-1.227270	-0.890249	-1.852793	-1.845868	-2.364743	-1.779919	-1.820332	-2.408145	-1.395005	-1.936116	-2.836636	-2.049803	-1.747051	-2.090532	-2.614789	0.614861	1.864984	1.328921	-0.862862	-1.323622	-1.589815	-0.363534
-0.466393	-0.774285	-0.347303	0.383443	-0.541428	-2.372345	-0.732063	-1.353957	-0.608914	-0.417065	1.080429	0.512920	-1.515456	-0.245963	-0.796268	-0.480159	-0.654443	-0.514169	-1.271157	-0.808461	1.576218	0.201040	-1.016464	-1.941701	0.310369	-1.751262	1.130998	-0.053290	-1.279269	1.209272	1.060681	-0.659237	-1.144127	-0.838123	0.479645	-1.543325	-0.470994	-0.657405	-0.877452	-1.280977	-1.777440	-0.387602	-0.776721	-1.369414	-0.968020	-0.976224	-1.490442	-2.333554	0.600878	1.773015	1.428684	0.205785	-0.284349	-1.418657	0.508944
0.311280	1.071505	-0.225724	0.200083	-0.137415	-0.852858	-1.256744	-0.384143	-0.130504	-0.612200	0.571925	0.379355	-0.591995	0.513761	0.238928	-0.451371	-0.424319	-1.214398	-0.753410	0.180291	1.186967	0.124864	-0.403954	-0.723148	1.008160	-1.843572	1.466937	1.478714	0.583364	1.177383	1.506265	0.019598	-0.578307	-0.415467	1.946378	-0.686741	0.356258	1.076263	-0.189680	-0.918294	-0.369072	0.709556	0.560267	0.291415	0.257367	-0.309235	0.208011	-1.703112	1.077433	1.513621	1.343580	1.223321	0.960419	-0.458432	1.142668
0.025312	1.860473	-0.663826	-0.522681	-0.456707	0.237753	-1.580831	-0.485619	-0.685651	-1.329782	-0.614355	-0.692859	-0.159176	0.555832	0.954217	-0.635128	-0.456955	-1.781980	-0.577623	0.364238	-0.631623	-0.540228	-0.381517	0.245805	0.928819	-1.782891	0.333326	1.829422	1.156839	0.310374	0.562519	0.304777	-0.277989	-0.097078	2.317492	-0.004542	-0.078757	1.770446	-0.231166	-0.924731	0.684478	1.220265	1.062578	0.905507	0.930530	-0.050611	1.389375	-1.052843	1.480646	0.888865	0.628163	1.443195	1.609379	0.568080	0.883611
-1.041848	1.483800	-1.055588	-1.178820	-1.007156	0.218421	-1.211063	-1.418367	-1.557209	-1.734771	-1.653870	-1.721400	-0.228650	0.156314	0.938538	-0.843576	-0.480846	-1.393972	-0.753147	-0.062833	-2.320137	-0.800189	-0.564845	0.277166	0.114542	-1.286005	-1.248119	1.240807	0.456634	-0.073611	-0.517698	-0.014578	-0.486329	-0.091283	1.554848	0.299783	-1.048844	1.276060	-0.718277	-0.867774	0.914550	1.100857	0.755244	0.598318	0.881348	0.021785	1.140053	-0.476780	1.421240	-0.267972	-0.335615	0.820376	1.320725	0.834473	0.048736
-1.620446	0.866911	-0.808802	-0.992599	-1.079568	-0.451082	-0.361436	-2.125893	-1.580288	-1.221052	-1.607143	-1.595261	-0.334028	-0.152356	0.309148	-0.942753	-0.277190	-0.327552	-0.906320	-0.321939	-2.266219	-0.002195	-0.471034	-0.308329	-0.610935	-0.404602	-1.700079	0.790640	-0.205999	0.884355	-0.149273	-0.414477	-0.809791	-0.207822	0.886912	0.415186	-1.569058	0.342456	-0.984676	-0.446281	0.787431	0.831347	0.495362	0.418240	0.530868	0.191233	0.031970	0.022654	1.007244	-1.320594	-0.688725	0.003898	0.672685	0.327541	-0.289081
-0.906130	0.866691	0.035461	0.111709	-0.442364	-0.760661	0.348156	-1.832097	-0.437346	-0.148141	-0.390332	-0.279768	-0.167373	-0.175096	-0.427459	-0.934054	0.083831	0.242960	-0.829936	-0.102093	-0.600960	1.263802	-0.186060	-0.706472	-0.528701	0.363389	-0.515785	1.094105	0.153166	2.282410	1.525304	-0.394536	-0.644304	-0.012158	1.279271	0.506886	-1.489499	-0.136879	-0.750397	0.028147	1.012750	0.894956	0.889705	0.963439	0.426710	0.444317	-0.665191	0.442165	0.621464	-1.311188	-0.147020	-0.342439	0.558046	-0.131086	0.353544
0.476738	1.359148	0.866307	1.250697	0.502478	-0.257579	0.578855	-0.758828	1.005449	0.540387	1.068559	1.093431	0.105818	-0.149277	-0.851494	-0.881991	0.347017	-0.285249	-0.594469	0.166085	0.925447	1.750319	-0.265909	-0.547186	0.136876	0.590757	1.145831	1.590094	1.101711	2.337474	2.671044	-0.141089	0.078755	0.578285	2.204556	0.438561	-1.314499	0.086473	-0.392147	-0.033535	1.625067	1.237139	1.524189	1.722057	0.607174	0.518964	-0.429219	0.678797	0.512985	-0.218653	0.721368	-0.163530	1.130004	0.125760	1.070102
1.182565	1.475584	1.174359	1.431047	1.150946	0.613103	0.517542	0.205284	1.665869	0.432135	1.803997	1.438821	0.270901	-0.303702	-0.836114	-0.786313	0.388219	-1.128404	-0.254983	0.037614	0.924598	0.963898	-0.927556	-0.314242	0.519572	0.394432	1.632466	1.244498	1.433849	0.429798	1.881005	-0.361999	0.728127	1.217835	2.396800	-0.055071	-1.336264	0.568697	-0.363729	-0.713116	1.868980	1.299300	1.456135	1.798759	0.609182	0.271982	0.040168	0.584900	0.536525	0.874705	1.213960	0.162171	1.673654	0.767821	0.588382
0.709310	0.734162	1.127504	0.677663	1.271088	1.217664	0.609194	0.486987	1.354417	0.146192	1.762257	0.835224	0.597443	-0.501399	-0.422169	-0.480747	0.464634	-0.999366	0.276666	-0.274748	-0.113867	-0.215648	-1.445035	-0.656705	0.235776	0.317138	0.539180	-0.143231	0.702509	-2.125682	-0.172566	-1.369723	0.698028	1.648003	1.563572	-0.805444	-1.251953	0.873651	-0.427302	-1.216825	1.097144	0.759606	0.455828	1.043288	0.240520	-0.013942	-0.147163	0.337292	0.249557	1.053516	1.129826	0.467560	1.561710	0.832579	-1.020936
-0.095521	-0.342594	1.305712	0.014892	1.136242	1.385436	1.106506	0.364296	0.743861	0.483394	1.540930	0.211572	1.482065	-0.403139	0.240801	0.222556	0.964948	0.386676	0.939161	-0.241285	-0.593141	-0.475970	-0.744897	-1.357847	-0.143621	0.730842	-0.914848	-1.641472	-0.289197	-3.400711	-1.527155	-2.455407	0.137926	1.894241	0.672686	-1.080330	-0.590328	1.061699	0.171873	-0.577390	-0.388399	0.042084	-0.631140	0.141909	-0.025792	0.112657	-0.885649	0.525492	-0.599465	0.525475	0.676017	0.851118	0.922578	-0.119105	-2.256691
-0.165942	-0.960606	1.820726	0.205568	1.080926	1.185072	1.703083	0.463947	0.425182	1.258512	1.411973	0.128210	2.505032	0.087851	0.857366	1.126534	1.725229	1.889552	1.260060	0.106728	0.154894	0.425707	1.147539	-1.504740	0.104351	1.340634	-1.278376	-2.243361	-0.611255	-2.692692	-1.165407	-2.522518	-0.281993	1.895244	0.512470	-0.472035	0.642596	1.296747	1.543927	1.080285	-1.643721	-0.262691	-0.985162	-0.361406	0.204779	0.584595	-1.311376	1.406180	-1.609525	0.088592	0.089501	1.078424	0.206949	-1.446174	-1.959536
0.542546	-1.093287	2.021766	0.868343	1.065824	0.522520	1.651324	0.904947	0.378922	1.458164	1.115306	0.325222	2.470452	0.668522	1.164572	1.567128	1.872632	2.031978	0.699686	0.108565	1.174418	1.356233	2.649798	-0.830287	0.912113	1.365969	-0.372429	-1.881897	-0.371296	-0.980800	-0.006967	-1.408621	-0.218615	1.378708	0.686303	0.248037	1.803444	1.281537	2.555153	2.301875	-2.124153	-0.292699	-0.849869	-0.680714	0.471244	0.684994	-1.053264	2.212168	-1.951278	0.089734	-0.471192	0.558078	-0.431295	-2.082455	-0.644585
1.224420	-1.310236	1.347455	1.115193	0.844242	-0.540759	0.579291	1.220939	0.388598	0.645727	0.609136	0.426065	0.872490	0.966524	1.198495	1.085273	0.801843	0.498075	-0.617734	-0.540966	1.286005	1.137367	2.209220	-0.242546	1.586215	0.401069	0.760867	-1.206347	-0.366883	0.214436	0.407842	-0.186467	0.054163	0.337082	0.391654	-0.117492	2.128036	0.589314	1.971627	1.823334	-2.066667	-0.679349	-0.982730	-1.199523	0.051810	-0.049907	-0.651846	1.861672	-1.265921	0.246890	-0.848536	-0.713234	-0.951212	-1.571275	0.260897
1.309054	-1.711549	0.196018	0.699996	0.435498	-1.330624	-0.787008	1.114564	0.517098	-0.317730	0.362532	0.477856	-1.087966	0.947755	1.168454	0.126565	-0.816260	-1.450244	-1.749042	-1.172963	0.547408	-0.067253	0.259117	-0.538689	1.696915	-0.914278	1.151550	-0.680366	-0.842673	0.232620	-0.247556	0.097369	0.196113	-0.691986	-0.368344	-1.436536	1.461794	-0.482608	0.140386	0.203177	-1.827276	-1.436447	-1.390360	-1.653238	-0.809530	-1.008785	-0.613688	0.461841	-0.213232	0.195952	-0.927815	-1.721225	-1.008188	-0.340074	0.134787
0.922570	-1.672856	-0.520989	0.069209	0.139940	-1.080359	-1.192880	0.923330	0.859882	-0.356362	0.561960	0.550190	-1.661316	0.895424	1.060806	-0.317425	-1.591355	-2.148633	-1.797417	-0.966220	-0.129962	-1.028085	-1.094742	-1.133481	1.406717	-1.394373	0.788791	-0.274299	-1.151532	-0.393570	-0.993781	-0.346575	0.289231	-1.131786	-0.942756	-2.035274	0.446555	-0.950326	-1.122667	-0.693802	-1.296162	-1.752898	-1.344024	-1.373771	-1.041555	-1.103282	-0.655514	-0.581728	0.191029	-0.148030	-0.755022	-1.569449	-0.302702	0.896629	-0.302301
0.432643	-0.834329	-0.586560	-0.466579	0.091905	0.025190	-0.367087	1.117761	1.104585	0.377342	0.599650	0.363433	-0.639783	1.006533	0.670274	0.178019	-1.090660	-1.177755	-0.883015	-0.158501	-0.359145	-0.974689	-0.533388	-0.833001	0.986378	-0.648129	0.307236	0.112765	-0.691982	-0.764641	-1.026177	-0.468602	0.619857	-0.982458	-1.102425	-0.781804	-0.109398	-0.290038	-0.590412	0.032564	-0.281457	-1.171897	-0.636366	-0.264824	-0.283492	-0.189236	-0.303815	-0.318969	-0.207872	-0.607340	-0.496878	-0.728305	0.747581	1.763000	-0.034061
0.070270	0.204540	-0.649020	-0.961215	0.119421	0.883104	0.529033	1.601756	0.817383	0.759774	-0.039448	-0.171295	0.426590	1.133076	0.092936	1.055336	-0.366082	0.306446	0.011172	0.171265	-0.518053	-0.358937	0.983512	0.376966	0.461867	0.401694	0.215708	0.378300	0.294230	-0.549832	-0.617408	0.179494	1.203710	-0.640359	-1.264810	1.226393	-0.026220	0.819405	0.939144	1.239444	0.823714	-0.380085	-0.044220	0.905430	0.461994	0.670280	0.186289	0.488832	-0.499581	-0.834846	-0.262151	-0.453264	1.240491	2.240076	1.011748
0.038466	0.594944	-1.056484	-1.258179	0.138652	0.794226	0.392556	1.866596	0.175506	0.313725	-0.757853	-0.426325	0.261605	0.996187	-0.190088	1.526775	-0.477218	0.958199	0.172548	-0.413205	-0.724062	-0.015926	1.620753	1.201576	-0.114597	0.670307	0.571541	0.437192	1.076904	-0.094029	-0.416206	0.931356	1.732229	-0.251646	-1.642937	1.890117	0.203200	1.248015	1.702325	1.349461	1.261874	-0.287236	-0.212839	1.317312	0.203076	0.594065	0.125672	0.469829	0.094050	-0.522587	-0.042466	-1.072249	0.837025	2.329849	1.865616
0.482472	0.322769	-1.178068	-0.900253	0.362335	0.322618	-0.329725	1.738689	-0.033585	-0.139070	-0.504025	0.228235	-0.584412	0.592600	0.049751	1.380097	-1.028618	0.677899	-0.127530	-1.043775	-0.448056	-0.082608	0.998993	0.816233	-0.414670	0.264051	1.094677	0.383561	1.259081	0.126789	-0.482824	0.971826	1.903575	0.349072	-1.794576	0.766438	0.158161	0.734322	1.112021	0.438799	0.819817	-0.711730	-0.665583	0.945743	-0.583155	0.025623	-0.511222	-0.425569	1.107910	0.229350	0.136815	-1.577462	0.198553	1.970777	1.576578
1.133209	0.101731	-0.395103	0.074794	0.886080	0.476465	-0.341461	1.581674	0.602032	0.262198	0.631829	1.290724	-0.675787	0.250533	0.382532	0.943501	-0.798955	0.392956	-0.136600	-0.703436	0.493341	-0.110960	0.378145	-0.026142	-0.160709	0.109528	1.357700	0.271528	0.969947	-0.100995	-0.484903	0.351687	1.671441	1.055902	-1.299235	-0.436457	0.058357	0.116700	0.247032	-0.039604	0.110815	-0.678599	-0.469577	0.431929	-0.620560	0.005351	-0.881705	-0.913760	1.305912	0.848402	0.111217	-1.066486	0.164458	1.283820	0.284374
1.359328	0.321138	0.695310	0.772506	1.304325	1.334767	0.530801	1.678310	1.397913	1.061591	1.305381	1.470060	0.310155	0.221355	0.296513	0.626407	0.428731	0.658700	0.436242	0.414755	1.246132	0.080477	0.723293	-0.109295	0.443968	0.412382	1.045592	-0.015678	0.477051	-0.726765	-0.462369	-0.210470	1.217323	1.322768	-0.481828	-0.164937	0.393744	0.263929	0.278109	0.627718	-0.186564	0.084456	0.402225	0.284607	0.278309	0.611361	-0.328162	-0.241010	0.240468	0.839246	-0.224720	0.038106	0.726183	0.664319	-0.880163
0.871751	0.619019	0.859714	0.394888	1.088295	1.976821	0.981298	1.741554	1.220678	1.011910	0.641401	0.373769	1.239409	0.315754	-0.016382	0.669657	1.434024	1.019348	1.211681	1.234568	0.888699	0.191318	1.461539	0.612218	0.857756	0.331396	0.285951	-0.448459	-0.027620	-1.444401	-0.768832	-0.228900	0.787418	0.853953	-0.064599	1.057962	1.098594	1.064970	1.035658	1.476259	-0.031443	0.704845	0.995737	0.428950	0.874668	0.812400	0.798859	0.779353	-1.048790	0.359790	-0.611449	0.626468	1.072150	0.433728	-1.017146
0.130293	0.570073	-0.067788	-0.667471	0.292315	1.696638	0.072299	1.258792	-0.160672	-0.205981	-0.613625	-0.819215	1.086086	0.088170	0.099863	1.031582	1.122229	0.844064	1.708460	1.236151	-0.227747	0.028204	1.461719	1.151446	0.727447	-0.580064	-0.350593	-0.593746	-0.330354	-1.684464	-1.322067	0.188331	0.528599	0.158334	-0.253349	1.571358	1.414423	1.611853	1.435981	1.278890	0.215600	0.442696	0.683725	0.475428	0.237325	-0.048051	1.635475	0.921832	-1.164282	0.016680	-0.525650	0.417984	0.576644	0.436451	-0.407316
-0.263653	0.311772	-0.867930	-1.235934	-0.459857	0.787299	-1.372078	0.156622	-1.720647	-1.457732	-1.140010	-0.860873	0.160381	-0.609779	0.722104	1.292784	-0.092163	0.290475	1.800285	0.916809	-0.841667	-0.183223	0.607004	0.955759	0.117097	-1.414437	-0.410751	-0.040712	-0.256486	-1.015479	-1.522202	0.699455	0.368335	0.004901	-0.542163	0.831024	0.731092	1.208065	0.926582	0.179150	0.378368	-0.231672	-0.019662	0.169335	-0.950662	-1.246002	1.786323	0.114298	-0.006845	0.077346	0.231420	0.281265	-0.501918	0.162318	-0.033849
-0.377958	0.232663	-0.552191	-0.827001	-0.743497	0.006701	-1.792395	-1.067449	-2.293385	-1.540186	-0.779258	-0.106189	-0.462551	-1.361434	1.025336	0.916419	-0.871768	0.062738	1.616539	0.811944	-0.449612	-0.243312	-0.213797	0.489369	-0.708855	-0.992026	-0.119353	0.917684	0.090029	0.237770	-1.101252	1.047007	0.059695	0.404627	-0.423208	-0.108387	-0.594223	0.012154	0.023836	-0.656566	0.514438	-0.314946	-0.218992	-0.453609	-1.312168	-1.534193	1.469796	-0.696087	1.078189	0.159954	1.154525	0.980683	-1.367521	-0.628910	-0.299128
-0.707906	0.397557	0.411733	-0.164446	-0.727935	-0.281246	-0.802895	-1.774580	-1.717067	-0.554194	-0.529768	0.080166	-0.256941	-1.532859	0.343856	-0.117711	-0.530057	0.456623	1.309804	0.775572	0.137392	-0.330735	-0.396819	0.334861	-1.496315	0.565390	-0.157278	1.411694	0.400397	1.098371	-0.560340	1.027909	-0.505760	0.551090	0.052879	-0.202709	-1.488346	-1.218918	-0.485379	-0.617197	0.634437	0.395253	0.226526	-1.074254	-0.493737	-0.619046	0.952039	-0.864484	0.869067	-0.132784	1.499137	2.070978	-1.513599	-1.487174	-0.616097
-1.168215	0.603216	0.954802	0.031581	-0.640827	-0.164771	0.597552	-1.625339	-0.649504	0.494822	-0.907751	-0.589984	0.400943	-0.911075	-0.742728	-1.058683	0.477636	1.052639	1.047298	0.570594	0.164996	-0.575515	-0.223043	0.359537	-1.953366	1.969211	-0.790323	0.983906	0.528001	0.954431	-0.418531	0.514111	-1.000900	-0.073048	0.553363	0.310230	-1.254910	-1.806531	-0.405535	-0.175796	0.695833	1.207567	0.732115	-1.181555	0.637704	0.665394	0.305088	-0.578200	-0.399785	-0.508316	1.136143	2.444147	-1.030516	-1.661899	-0.365775
-0.935832	0.747155	0.929205	0.181970	-0.248504	0.226033	1.453593	-0.773937	0.385969	1.047017	-1.087721	-0.812893	0.916380	-0.023797	-0.969514	-1.051039	1.401018	1.319101	0.975009	0.552729	0.131369	-0.567581	-0.131650	0.067387	-1.739057	2.252703	-1.427118	0.155145	0.525771	0.269144	-0.396816	-0.341299	-0.910204	-0.844850	0.993520	0.500510	-0.254882	-1.591007	-0.070721	0.083301	0.712674	1.541546	0.852087	-0.519074	1.230359	1.422922	-0.333674	-0.166075	-1.535464	-0.277452	0.668867	1.799976	-0.277876	-0.999850	0.150067
0.332549	0.791420	1.055858	1.113963	0.681599	0.719078	1.753214	0.150919	1.286706	1.327042	-0.118870	0.338852	1.041087	0.247353	-0.077972	-0.099342	1.918818	1.177480	0.983743	1.105562	0.913689	0.192815	-0.036808	-0.571337	-0.774850	1.596709	-1.272956	-0.258614	0.295474	-0.009697	0.158358	-1.094987	-0.243706	-0.654296	1.474499	0.053842	0.573885	-0.934259	0.205082	0.238694	0.600269	1.427143	0.632574	0.383900	1.237159	1.440956	-0.696364	0.423375	-1.883747	0.637115	0.576599	1.012968	0.401472	-0.284338	0.095498
1.577598	0.525375	1.545147	2.455218	1.596356	0.833641	1.835058	0.384156	1.858308	1.481507	1.460656	1.752220	0.776492	-0.452219	0.688563	0.822547	1.945735	0.849427	0.678138	1.694434	2.095682	1.360656	0.263412	-1.019678	0.433199	0.752241	-0.341577	-0.154897	-0.411439	0.413431	1.182476	-1.361780	0.216174	0.577430	1.806293	-0.509048	0.695546	-0.399854	0.311417	0.524934	0.075150	1.041905	0.227936	0.523631	0.993955	0.946431	-0.714525	1.173635	-1.793779	1.359422	0.536791	0.865440	0.650926	-0.419713	-0.686937
1.323877	-0.260601	1.551556	2.667627	1.434807	0.030560	1.544791	-0.345664	1.631468	1.093783	1.967242	1.495374	0.124755	-1.440937	0.186411	0.745435	1.262901	0.354413	-0.199130	1.255819	2.147247	1.764640	0.409781	-0.899435	1.054933	0.113427	0.475981	-0.113198	-1.454600	0.958563	1.747855	-1.158626	-0.283585	1.464980	1.482028	-0.766389	0.293495	-0.329897	0.143498	0.575787	-0.987244	0.321968	-0.364632	-0.420319	0.577830	0.138935	-0.689600	1.509629	-1.653766	0.994188	-0.070428	0.940021	0.188656	-1.313003	-1.258353
-0.442778	-1.369138	0.284335	0.976917	-0.109810	-1.587831	0.446569	-1.457370	0.458977	-0.142511	0.594875	-0.578736	-0.847820	-1.599900	-1.043518	-0.320826	-0.243243	-0.582658	-1.402983	-0.392820	0.464375	0.644715	-0.212041	-0.567781	0.730724	-0.482819	0.447795	-0.473911	-2.131894	1.014224	1.154646	-0.860975	-1.471231	0.648477	0.287649	-1.020434	-0.217488	-0.637590	-0.424221	-0.215388	-2.171967	-0.759182	-1.119043	-1.561988	-0.143409	-0.816206	-0.988289	0.795287	-1.155589	-0.272261	-1.133907	0.266510	-0.813856	-1.885242	-0.555191
-2.020526	-2.207624	-1.767632	-1.389646	-1.958952	-3.085652	-1.270722	-1.952981	-0.987752	-1.651314	-1.477504	-2.443090	-1.836329	-0.591394	-1.480772	-1.510676	-2.082412	-2.020431	-2.408247	-2.132510	-1.563713	-1.341736	-1.489538	-0.709560	0.011642	-1.223090	-0.125934	-0.853065	-1.875267	0.674218	-0.139550	-0.786151	-2.186917	-1.432590	-1.255350	-1.689303	-0.619534	-0.986283	-1.258163	-1.623197	-2.757149	-1.844276	-1.796653	-1.794163	-1.037128	-1.577057	-1.609759	-0.708436	0.062174	-1.320190	-1.759242	-1.204256	-1.619803	-1.297931	1.360948
-1.848875	-2.240713	-3.116350	-2.441188	-2.583889	-3.431520	-2.502450	-1.297455	-1.642589	-2.283871	-2.308912	-2.290612	-2.352211	0.735529	-0.650213	-2.033963	-3.221122	-3.298254	-2.867835	-2.756033	-2.075027	-2.612541	-2.349368	-1.332170	-0.202892	-1.770388	-0.313673	-0.657490	-0.890166	0.536188	-0.903386	-0.803416	-1.583821	-2.792645	-2.237478	-2.322845	-0.793617	-1.089044	-1.809992	-2.395446	-2.332120	-2.351653	-2.020677	-1.001856	-1.537327	-1.665539	-2.095556	-1.795220	1.465392	-1.327763	-1.370627	-2.408554	-1.486467	0.122449	3.186218
-0.191002	-1.374968	-2.737077	-1.598114	-1.506914	-2.424199	-2.139242	0.141917	-1.022757	-1.433707	-1.225629	-0.533373	-2.022547	1.336627	0.398997	-1.732325	-2.861203	-3.352530	-2.693712	-2.184409	-0.901003	-2.154566	-1.798339	-1.543162	0.351086	-1.448309	0.267822	0.172382	0.178742	0.926867	-0.393489	-0.471454	0.016190	-2.101866	-2.124410	-1.826578	-0.584648	-0.799458	-1.460452	-1.493387	-1.101619	-1.929350	-1.493395	0.070399	-1.082642	-0.823681	-1.914764	-1.487418	1.974389	-0.569360	-0.458320	-2.509954	-0.398071	1.354691	3.536826
1.329839	-0.040362	-1.083691	-0.115881	0.274164	-0.844863	-0.331093	1.448950	0.279582	0.263347	0.650790	0.982996	-0.946833	1.157556	0.672452	-0.884456	-1.244068	-1.826218	-1.919818	-1.247267	0.402581	-0.450384	-0.106218	-0.698469	1.074579	-0.161479	0.999399	1.066867	0.953199	1.456855	0.860800	0.301125	1.481941	-0.186128	-1.149644	0.045453	-0.025989	-0.123841	-0.178274	0.573767	0.297324	-0.763334	-0.310115	0.821590	0.190206	0.584670	-1.026766	-0.151762	1.263437	0.099558	0.091685	-1.867109	0.867711	1.788821	2.235042
1.566963	1.015471	0.394908	0.552572	1.337233	0.298924	1.398137	1.880927	1.139914	1.419374	1.705081	1.181248	0.201099	0.997654	0.416553	0.096695	0.412734	0.242855	-0.805960	-0.605996	0.553710	1.056352	1.325850	0.519467	1.275784	1.070699	1.098463	1.385049	1.374218	1.404919	1.587362	0.910889	1.890391	1.032359	-0.046399	1.900422	0.511815	0.641596	1.208494	2.037171	1.198863	0.488367	0.862235	1.167724	1.307270	1.602208	-0.012754	0.844145	0.205835	0.285045	0.123346	-1.340324	1.472679	1.593986	0.459057
0.848477	1.238517	0.712296	0.280823	1.200276	0.686278	1.598205	1.374014	0.962652	1.174936	1.355008	0.603718	0.629914	1.273328	0.346052	0.762698	0.980479	1.249691	0.084366	-0.228295	-0.074491	1.352173	1.387239	0.817899	0.926682	1.014627	0.616868	1.008256	1.351976	0.570372	1.110844	0.722854	1.214272	0.751230	0.560710	2.057131	0.672243	0.962419	1.633587	1.676782	1.352229	1.157970	1.234480	1.153377	1.308540	1.420775	0.510532	0.650361	-0.142162	0.321215	0.193204	-1.051746	1.280894	1.229080	-0.433899
0.244438	0.760403	0.221526	-0.015493	0.567790	0.810111	0.381879	0.502960	0.167746	0.004417	0.328647	0.326824	0.177767	1.395653	0.409357	0.839478	0.452360	0.668081	0.313643	0.207273	-0.294452	0.681816	0.358071	0.026860	0.505381	-0.273280	0.288697	0.399356	0.836243	-0.387441	0.050815	-0.006475	0.241110	-0.072294	0.588520	0.544787	0.509576	0.580202	0.806392	0.089716	1.140220	1.078986	0.744989	0.768623	0.268344	0.234480	0.546601	-0.182213	0.345948	0.588900	0.534489	-0.421588	0.833399	0.969825	-0.257488
0.241147	0.254759	-0.020638	0.246505	0.299865	1.162706	-0.811967	-0.085289	-0.375508	-0.836692	-0.300388	0.630531	-0.495829	0.641248	0.028761	0.477202	-0.201070	-0.414557	0.082171	0.716111	0.194228	0.059542	-0.567686	-0.628809	0.275871	-1.348872	0.504673	0.097241	0.144182	-0.652894	-0.445954	-0.340341	-0.154439	-0.160942	0.428745	-0.904387	0.307982	-0.079114	-0.505082	-1.093265	1.196789	0.613361	0.195187	0.176711	-0.796005	-0.873473	0.573093	-0.512948	0.940876	0.898526	0.620680	0.665771	0.621426	0.830615	-0.043005
0.361764	0.218106	0.424509	0.697224	0.402723	1.500949	-0.851200	-0.278354	-0.255466	-0.622992	-0.189017	0.903672	-0.587810	-0.688121	-0.758303	0.080791	-0.129915	-0.561091	0.014971	0.966128	0.543111	0.142386	-0.632021	-0.153827	0.003073	-1.014922	0.797563	0.194878	-0.182110	-0.226401	-0.003863	0.149964	0.165802	0.572956	0.482806	-0.875380	0.112048	-0.314425	-1.252722	-0.994764	1.658722	0.211156	0.312692	-0.248630	-1.024681	-1.017828	0.834311	0.019203	0.926384	0.720416	-0.017355	1.422299	0.557768	0.607694	-0.695870
-0.049621	0.526409	0.959108	0.677289	0.225915	1.218754	0.036872	-0.471541	0.218567	0.223850	0.125988	0.549006	0.067766	-1.457117	-1.163439	-0.134087	0.629833	0.445187	0.394994	0.745545	0.086303	0.688127	-0.094892	1.029783	-0.610760	0.330295	0.429789	0.329612	0.063288	0.082360	0.726747	0.901175	0.481603	1.142715	0.757408	0.345063	-0.262111	0.030630	-1.043242	-0.118534	1.939459	0.063659	0.923457	-0.229213	-0.442427	-0.310182	1.122308	0.791022	0.161206	-0.119777	-0.968178	1.183671	0.237689	0.016294	-1.872400
-0.972424	0.702780	0.775926	0.038799	-0.540610	0.309505	0.779685	-0.895774	0.474723	0.743452	0.011162	-0.332798	0.921840	-1.022264	-0.722322	-0.265994	1.367523	1.470488	0.821862	0.266110	-0.740691	0.962813	0.341860	1.847306	-1.421773	1.231157	-0.703135	0.111292	0.491864	-0.328445	0.982641	1.225698	0.048561	0.796400	0.895676	1.493644	-0.736752	0.421759	-0.311668	0.568837	1.393917	0.093816	1.266876	0.165566	0.325870	0.435379	1.260855	1.110661	-0.946120	-1.172163	-1.347530	0.380629	-0.446681	-0.928822	-2.400049
-1.746154	0.427459	-0.208296	-0.864177	-1.424650	-0.530123	0.619892	-1.198954	0.205400	0.406294	-0.504565	-1.144826	1.239784	0.048246	0.052890	-0.489615	1.388461	1.323552	0.715255	-0.102453	-1.107502	0.483861	0.256836	1.918479	-1.905870	0.778242	-1.856939	-0.473040	0.514548	-1.100167	0.659349	1.169737	-0.984980	-0.109716	0.566396	1.776449	-0.822143	0.322186	0.193550	0.603811	0.119684	0.077793	0.912884	0.550034	0.660552	0.529351	1.407499	0.851874	-1.682838	-1.759092	-0.883070	-0.026026	-1.147277	-1.690034	-1.605821
-1.806167	-0.225155	-1.299749	-1.607452	-1.751813	-0.818057	-0.302828	-0.939472	-0.466511	-0.524763	-0.855194	-1.432673	0.683519	0.697236	0.324753	-0.857740	0.555407	0.003240	0.039112	-0.251806	-0.920327	-0.558454	-0.328613	1.651043	-1.680747	-0.564802	-2.096557	-1.003417	0.000038	-1.310924	0.165088	1.177541	-1.711024	-0.605792	-0.177086	1.284643	-0.199609	-0.239423	0.009953	0.072812	-1.040460	-0.155877	0.159488	0.503060	0.283237	-0.086246	1.683907	0.247286	-1.411384	-1.527004	-0.212957	0.156213	-1.472247	-1.665297	0.014324
-1.228147	-0.855234	-1.706457	-1.869094	-1.402342	-0.812728	-1.211537	-0.335170	-1.145799	-1.343354	-0.731598	-1.201625	-0.415291	0.498633	-0.131749	-1.251892	-0.580795	-1.330131	-0.601498	-0.335188	-0.755009	-1.425818	-1.094264	1.351069	-0.890835	-1.541460	-1.203535	-0.983295	-0.515895	-0.490500	-0.109920	1.266461	-1.538683	-0.306495	-0.885281	0.470586	0.691788	-0.840951	-0.732118	-0.728311	-1.295296	-0.459329	-0.335196	-0.035368	-0.577623	-0.871373	1.762804	-0.465630	-0.105606	-0.675351	-0.044698	0.183249	-1.369807	-0.909707	1.323890
-0.579380	-1.004779	-1.230356	-1.478511	-0.871333	-0.898597	-1.404653	-0.119312	-1.486916	-1.517541	-0.508943	-0.765000	-1.270429	-0.129811	-0.882798	-1.419931	-1.213164	-1.558709	-0.607319	-0.474237	-0.923186	-1.433082	-1.591911	0.810414	-0.062000	-1.295802	0.051074	-0.366099	-0.398528	0.858918	-0.049902	0.998647	-0.874629	0.155993	-1.083888	-0.307447	0.995799	-1.122102	-1.425836	-1.418336	-0.640181	-0.413074	-0.173326	-0.590338	-1.238345	-1.141360	1.124144	-1.076331	1.456573	0.202539	-0.272457	-0.478638	-1.047727	-0.125717	1.573938
-0.345226	-0.517569	-0.419073	-0.641555	-0.692504	-0.891344	-0.876047	-0.590116	-1.452218	-1.105216	-0.721931	-0.466250	-1.280040	-0.575016	-1.425093	-1.197374	-1.055508	-0.730219	-0.025525	-0.646100	-1.134780	-0.612780	-1.540376	-0.174237	0.375764	-0.098773	0.647308	0.309457	0.316597	1.683608	0.190683	0.191406	-0.550659	-0.028294	-0.731515	-0.837552	0.443948	-0.907900	-1.499351	-1.645293	0.219984	0.140241	0.432781	-0.513759	-1.090466	-0.682664	-0.244569	-1.403148	2.322850	0.539546	-0.135488	-1.343050	-0.647246	0.156314	1.008056
-0.510986	0.305114	-0.025119	0.060092	-0.884285	-0.352431	-0.281353	-1.156143	-1.238343	-0.612650	-1.233695	-0.465359	-0.537121	-0.601238	-1.516234	-0.758029	-0.625250	0.104621	0.585405	-0.755651	-1.027037	0.254421	-1.085277	-1.203799	0.375717	0.953635	0.368109	0.477416	0.918276	1.296665	0.308121	-0.714772	-0.759358	-0.840249	-0.275328	-0.981416	-0.281763	-0.125784	-0.921029	-1.354377	0.626944	0.751600	0.878038	0.368702	-0.221233	0.040140	-1.558823	-1.424870	2.246846	0.248930	0.775028	-1.488109	-0.122477	0.140639	0.504959
-0.626426	0.990012	-0.189065	0.255633	-0.931722	0.665897	-0.162338	-1.034922	-0.934815	-0.364236	-1.227327	-0.588390	0.379834	-0.364914	-1.120031	-0.427787	-0.527107	0.173193	0.874090	-0.619609	-0.553711	0.457413	-0.583291	-1.463441	0.148134	1.024051	-0.058238	0.214179	0.856376	0.006743	0.162540	-1.103886	-0.861302	-1.483650	-0.132277	-0.651841	-0.411311	1.076862	-0.132544	-0.797305	0.558421	0.867497	0.837023	1.515460	0.702372	0.452633	-1.824060	-1.237498	1.715255	-0.175238	1.852738	-0.640064	0.583030	0.337455	0.481278
-0.265251	1.328943	-0.216884	0.288900	-0.319532	1.603946	-0.250278	-0.199241	-0.393544	-0.084344	-0.176699	-0.408800	1.102583	-0.138329	-0.382466	-0.175999	-0.565395	-0.120009	1.036560	0.017912	0.217921	0.168358	-0.070325	-0.574388	-0.101525	0.386691	0.050656	0.121860	0.374831	-1.096009	0.063102	-0.839239	-0.278215	-1.269463	-0.166758	0.139526	-0.081144	2.164764	0.540284	-0.145616	0.429215	0.600513	0.673408	2.128536	1.229281	0.595954	-0.804481	-0.798858	1.124661	-0.145015	1.990357	0.646857	1.317811	0.738043	0.278504
0.478430	1.405056	0.604343	0.753412	0.843518	1.986688	0.180512	0.579206	0.415269	0.669285	1.317090	0.283036	1.730769	-0.106918	0.352675	0.372162	0.030347	0.207253	1.342817	1.160081	1.245140	0.175055	0.764260	0.832727	-0.270838	0.063478	0.438441	0.467839	0.123679	-1.127652	0.455091	-0.368255	0.656489	-0.235381	0.061980	1.141843	-0.107909	2.459656	1.187063	0.670671	0.414081	0.585914	0.928871	1.809739	1.504865	0.978083	0.648851	0.056345	0.331134	0.328278	0.773044	1.722628	1.687425	0.693133	-0.912131
0.913043	1.194273	1.949116	1.505664	1.736626	1.674076	1.194505	0.533737	1.022303	1.663938	1.908482	1.023787	2.307319	-0.317244	0.737976	1.209442	1.398947	1.350983	1.567318	2.218499	2.192360	0.754157	1.896898	1.593903	-0.351840	0.527814	0.261449	0.670090	0.262390	-0.340632	1.125220	-0.190719	0.940307	0.945431	0.507987	1.801241	-0.812821	1.714808	1.861323	1.548035	0.170297	0.968070	1.402651	0.741741	1.699842	1.647474	1.374747	1.169593	-0.815362	0.523688	-0.989467	2.357751	1.277629	-0.299768	-2.566686
0.352213	0.415514	2.524345	1.591917	1.508436	0.670070	1.805317	-0.362155	0.771996	1.955064	0.864047	0.962635	2.360379	-0.686940	0.681113	1.611413	2.489387	2.345158	1.184969	2.306926	2.336771	1.199021	2.592685	1.188869	-0.425608	1.040052	-0.759848	-0.092995	0.231752	0.062242	1.103554	-0.245632	0.019546	1.447882	0.527405	1.594119	-1.468707	0.395890	2.114287	1.932722	-0.658882	0.974643	1.159274	-0.614478	1.429496	1.831013	1.055889	1.842292	-1.868451	-0.224285	-2.049428	2.492842	0.078200	-1.809225	-3.025543
-1.009995	-0.972207	1.448816	0.441386	0.174352	-0.828255	1.056073	-1.358096	-0.313992	0.956421	-1.018882	-0.150740	1.370523	-0.997650	0.362252	0.967970	2.098540	2.170778	0.110684	1.115658	1.264558	0.781632	2.112227	0.318188	-0.551332	0.565471	-1.817336	-1.758285	-0.486536	-0.723578	-0.158478	0.079823	-1.441026	0.872031	-0.134975	0.611190	-1.149283	-0.663391	1.425093	1.367846	-1.773563	-0.108927	-0.271291	-1.793547	0.206693	0.841374	0.487548	1.414768	-2.092529	-1.613558	-1.942979	1.891072	-1.243451	-2.655448	-1.527444
-1.956407	-2.270587	-0.598988	-1.155989	-1.222341	-2.142292	-0.694707	-1.560444	-1.261070	-0.687831	-2.053089	-1.428005	-0.349400	-0.926745	0.087976	-0.244445	0.322616	0.924452	-1.016140	-0.596703	-0.399908	-0.130480	0.680437	0.073248	-0.580539	-0.840143	-1.776365	-3.120479	-1.587474	-2.047642	-1.758875	1.144167	-2.070131	-0.362440	-0.655690	-0.362773	0.079343	-0.903531	0.064074	0.214817	-2.287735	-1.762178	-2.020030	-2.371466	-1.595670	-0.871894	0.583572	0.080576	-1.272819	-2.388790	-1.216256	0.442292	-1.707514	-2.014909	0.603906
-1.327122	-2.470121	-1.932913	-1.697045	-1.509504	-2.380393	-1.991383	-0.744235	-1.082941	-1.664772	-1.331542	-1.634356	-1.648950	-0.279411	0.186610	-0.831918	-1.401780	-0.362519	-1.419062	-1.602222	-1.378208	-0.448776	-0.631520	0.582226	-0.240063	-1.987040	-0.419923	-2.934152	-2.170008	-2.415803	-2.134001	2.280371	-1.168824	-1.269808	-0.015580	-0.606687	1.150578	-0.416675	-0.927350	-0.578389	-1.627511	-2.535104	-2.652675	-2.072576	-2.719050	-2.002282	1.227350	-1.122670	0.021726	-1.478551	-0.502360	-1.257478	-0.909760	-0.334123	1.407179
0.655656	-1.330200	-1.564223	-0.595525	-0.507598	-1.352830	-1.801273	0.389961	0.090002	-1.345652	0.398947	-0.514896	-1.616646	0.673501	0.849886	-0.237962	-1.734126	-0.854049	-0.951587	-1.327997	-0.980339	0.228469	-0.995595	0.852174	0.461197	-1.881398	1.179304	-1.222803	-1.717845	-1.141540	-0.863949	2.225376	0.522476	-1.191676	1.574755	-0.221074	1.165124	0.232188	-0.808514	-0.479661	-0.271075	-1.623905	-1.728265	-1.021080	-2.210246	-1.721663	1.391881	-1.249606	0.950660	0.797474	0.196254	-2.087174	0.502615	1.009302	0.519034
2.401478	0.288809	-0.110673	1.141507	0.822151	0.020090	-0.498378	0.891603	1.153041	-0.264365	1.650416	0.957298	-0.485590	1.236053	1.851337	0.904864	-0.672073	-0.575177	-0.155383	-0.274818	0.234157	1.119913	-0.514931	0.105523	1.058354	-0.727049	1.646374	0.747484	-0.601542	0.910905	0.858622	0.592435	1.608586	-0.425149	2.738791	0.089059	0.254400	0.545476	0.069560	0.134297	0.657729	0.220543	-0.188793	0.244949	-0.448557	-0.433062	0.457198	-0.319457	1.056516	2.780047	1.080607	-1.448704	1.426980	1.082611	-0.669468
2.493246	1.376014	1.017401	1.967853	1.386815	0.608432	0.720758	0.545590	1.283611	0.673230	1.722244	1.671957	0.671506	0.919922	2.484340	1.665776	0.648617	-0.090020	0.380177	0.639942	1.071624	1.262138	0.145787	-1.149276	1.089291	0.469455	0.681150	1.797107	0.439443	2.233701	1.585501	-1.417070	1.518440	0.197784	2.483023	-0.125160	-0.781356	0.451014	0.721721	0.518624	0.592697	1.547293	0.773833	1.153681	1.228826	0.821597	-0.948769	0.739736	0.491133	2.945060	1.842221	0.033646	1.356702	0.342413	-0.853381
1.095150	1.720777	1.078830	1.346770	1.035782	0.316110	1.126600	0.053914	0.762122	1.082349	1.064050	1.421365	1.004363	0.042209	2.046293	1.811330	1.164753	0.165183	0.537457	0.931682	0.813762	0.567368	0.470699	-1.807383	0.693431	0.996581	-0.642508	1.822188	1.015671	2.057203	0.941980	-2.241767	0.925627	0.291469	1.195263	-0.698434	-1.332724	0.147143	0.591069	0.333980	0.062369	1.695057	0.810243	1.450468	1.844530	1.390652	-1.731114	0.974833	-0.250854	1.390601	1.940549	1.102260	0.713142	0.013444	-0.130948
-0.335339	1.664961	0.543433	0.152356	0.561741	0.072599	1.036778	0.188701	0.501710	1.182522	0.408388	0.810955	0.534401	-0.513430	0.552942	1.666748	0.816034	0.204068	0.532524	0.705096	-0.249743	-0.282095	0.352335	-1.624835	0.526781	1.016906	-0.980530	1.398108	1.148050	0.859740	-0.391986	-1.717260	0.709673	0.226384	-0.025081	-1.257890	-1.265291	-0.236524	-0.024900	-0.179017	-0.116457	1.188341	0.335836	1.202083	1.574449	1.367183	-1.685007	0.292050	-0.789411	-0.286864	1.460258	1.079116	0.222570	0.590590	0.505749
-0.620176	1.343010	0.352918	-0.354437	0.696803	0.581258	1.222121	0.927976	0.989673	1.326077	0.045477	0.475458	-0.084249	-0.196833	-1.085179	1.377909	0.377751	0.311242	0.485253	0.271243	-1.173744	-0.662425	-0.042210	-1.342651	0.982523	1.180063	-0.024995	0.874677	0.936326	-0.199180	-1.470920	-1.050121	0.927789	0.415369	-0.589518	-1.604073	-0.688521	-0.633034	-0.483829	-0.567630	0.126613	0.857953	-0.130209	0.667505	1.279630	1.200888	-1.561949	-0.506434	-1.089121	-0.671478	1.059219	0.330354	0.186260	1.303982	0.375636
0.072776	0.665790	0.797559	0.154492	1.250612	1.454958	1.817824	1.555962	1.770159	1.554035	-0.087606	0.552324	-0.276315	0.695238	-1.772713	0.773672	0.442158	0.572611	0.315155	-0.132386	-1.228483	-0.536413	-0.441035	-1.409176	1.634616	1.700538	1.317754	0.248909	0.476821	-0.326091	-1.725753	-1.092788	1.051121	0.622044	-0.726835	-1.641584	0.136437	-0.812759	-0.517044	-0.587046	0.214610	0.894007	-0.298400	0.197183	1.400632	1.134773	-1.817153	-0.630647	-1.265335	0.074157	0.934924	-0.363301	0.362982	1.206706	-0.398170
0.691858	-0.192837	1.163467	0.773878	1.350016	1.755798	1.945060	1.509434	1.878706	1.462513	-0.102984	0.705525	-0.083421	1.444663	-1.223442	-0.143793	0.657518	0.604507	-0.028847	-0.371449	-0.584236	-0.358847	-0.626421	-1.308237	1.634342	1.873743	1.903707	-0.348304	-0.040374	0.210284	-1.270765	-1.315345	0.851635	0.307828	-0.895392	-1.282697	0.759112	-0.545363	-0.409376	-0.363616	-0.124610	0.775715	-0.164119	-0.004481	1.425084	0.926414	-1.875257	-0.186831	-1.242217	0.623577	0.470133	-0.651596	0.336504	0.430423	-1.167957
0.540744	-0.830092	0.560824	0.391929	0.497663	1.108102	0.680008	0.934857	0.804152	0.549960	-0.135323	0.492530	-0.089763	1.629680	-0.210091	-0.995525	0.171429	-0.062731	-0.429921	-0.437601	-0.118016	-0.609134	-0.602193	-0.460255	0.659026	0.798357	1.368448	-0.555000	-0.419107	0.423375	-0.787145	-0.751278	0.596976	-0.485911	-1.257136	-0.606514	0.806478	-0.101392	-0.576833	-0.230668	-0.436214	-0.027467	-0.053476	-0.133321	0.536845	0.101986	-0.949627	0.031065	-0.747300	0.140841	-0.673483	-0.783739	-0.109375	-0.030187	-1.247012
-0.112188	-1.079398	-0.896065	-0.978550	-0.779239	0.029044	-1.568807	0.395659	-0.899261	-1.084607	-0.303440	-0.166559	-0.741603	1.286205	0.256410	-1.411170	-1.154528	-1.257858	-0.701879	-0.456564	-0.404580	-1.290793	-0.573399	0.737806	-0.678011	-1.301291	0.254419	-0.223031	-0.601217	-0.233139	-0.851277	0.560776	0.476749	-1.038770	-1.642288	0.063164	0.385981	-0.191559	-1.047526	-0.371924	-0.153961	-1.321126	-0.371305	-0.575482	-1.222045	-1.362812	0.747405	-0.410900	0.264376	-0.783280	-1.628101	-1.074604	-0.814265	0.368286	-0.388936
-0.492008	-1.057457	-1.956679	-2.025433	-1.430557	-0.685696	-3.069127	0.217602	-2.011732	-2.449540	-0.472851	-0.770685	-1.684196	0.621626	-0.013518	-1.344143	-2.289588	-2.071449	-0.722423	-0.502240	-0.971945	-1.787962	-0.635234	1.280538	-1.414165	-2.887098	-0.630034	0.322332	-0.599462	-1.177153	-1.240556	1.570999	0.317726	-0.796703	-1.719803	0.420020	0.026708	-1.022063	-1.355656	-0.588402	0.638271	-2.162544	-1.008822	-1.291241	-2.660509	-2.634703	2.040571	-1.025253	1.266507	-0.947073	-1.257630	-1.364514	-1.276943	1.077963	0.870133
-0.124513	-0.819649	-1.496591	-1.467538	-0.917565	-0.657969	-2.490131	0.275605	-1.755616	-2.405494	-0.262195	-0.628415	-1.934953	-0.104357	-0.257150	-0.884913	-2.060737	-1.715975	-0.496140	-0.397801	-0.783164	-1.338115	-0.509710	0.785136	-1.125304	-2.640195	-0.838726	0.579876	-0.399366	-1.354815	-1.108715	1.476489	0.009232	0.017676	-1.177070	0.480078	0.129790	-1.667096	-0.944652	-0.437152	1.258909	-1.734994	-1.223286	-1.624042	-2.553195	-2.597372	2.018122	-0.966487	1.483927	-0.066620	0.102665	-1.167045	-0.979104	1.229502	1.474046
0.791406	-0.357717	0.187867	0.475917	0.349541	-0.113061	-0.414799	0.324569	-0.483099	-0.861511	0.450868	0.368210	-0.934044	-0.548514	0.239012	-0.070536	-0.521872	-0.400089	-0.204633	0.086874	0.518670	0.176237	0.191325	-0.096380	-0.197959	-0.964012	-0.423566	0.345967	-0.071520	-0.451926	0.004634	0.550014	-0.159534	0.745544	-0.012298	0.515925	0.548666	-0.991011	0.242237	0.322836	1.175356	-0.343467	-0.497072	-1.001149	-1.016120	-1.054595	0.927900	0.038822	0.735487	0.846017	0.732716	-0.399294	0.091520	0.686850	0.865172
1.590292	0.082690	1.604317	2.183358	1.459033	0.353614	1.238688	0.298535	0.758566	0.947433	1.146221	1.442257	0.616519	-0.532701	1.147028	0.831455	0.975464	0.825305	-0.171938	0.740527	2.060494	1.893763	1.316490	-0.535986	0.612900	0.471430	0.262857	-0.114458	0.143154	0.813967	1.512782	-0.328819	0.107092	0.991698	1.213986	0.676756	0.750158	0.754722	1.508738	1.356635	0.553713	0.677306	0.578429	0.244979	0.488754	0.791546	-0.246920	1.409438	-0.179484	0.742593	-0.302205	0.280598	1.226194	0.067083	-0.199372
1.668265	0.104866	1.599056	2.285625	1.708400	0.208114	1.243066	0.231424	1.207900	1.562433	1.115501	1.604484	1.261412	-0.346125	1.389182	1.132447	1.138194	1.070625	-0.604971	0.839507	2.566843	2.589110	2.011390	-0.424034	0.784207	0.587587	0.793959	-0.313516	0.072382	1.555892	2.361379	-0.634074	0.572276	0.878129	1.641768	0.783238	0.397941	1.907001	1.873803	1.895990	0.028050	0.314185	0.750065	1.068939	0.652980	1.372925	-0.863570	2.228447	-0.246816	-0.104358	-1.788110	0.169154	1.522586	-0.127521	-0.272443
0.967725	-0.293561	0.436450	0.997702	0.990234	-0.557930	0.150822	0.089490	0.837691	0.649309	0.348232	0.648048	0.326188	-0.458356	0.452829	0.369842	0.008809	0.367710	-1.284609	-0.127351	1.634361	1.777450	1.535383	-0.197575	0.340356	-0.154805	0.879654	-0.009670	-0.113674	1.552033	2.193989	-0.499728	0.667155	0.768554	0.897427	0.597427	-0.206060	1.347621	1.007540	1.424931	-0.002488	-0.974748	-0.408519	0.829000	-0.343227	0.322394	-1.025369	1.988619	0.582960	-0.402109	-1.837577	-0.551224	0.763902	-0.058162	1.084373
0.013343	-0.596240	-0.708466	-0.356819	-0.221791	-1.299208	-0.663684	-0.145436	0.063648	-0.807769	-0.343439	-0.659349	-1.216683	-0.863477	-0.913986	-0.856951	-1.183498	-0.505930	-1.629085	-1.666110	0.063691	0.209789	0.218236	-0.084697	-0.225973	-0.677691	0.547384	0.502902	-0.076171	1.120285	1.626445	-0.296961	0.202585	0.850114	-0.389627	0.220180	-0.360359	-0.001758	-0.298944	0.266557	0.246148	-1.763259	-1.807622	-0.006867	-1.177653	-1.180766	-1.044186	0.952946	1.302412	0.496174	-0.296406	-0.948764	-0.310308	-0.159830	2.564669
-0.582147	-0.356170	-1.024655	-0.866663	-1.149999	-1.223017	-0.586608	-0.306614	-0.628773	-1.526250	-0.265690	-1.364269	-1.661038	-1.040259	-1.503531	-1.267792	-1.303403	-0.806805	-1.185473	-2.478676	-0.975625	-0.823152	-0.721376	0.065779	-0.377927	-0.586577	0.097783	0.662663	0.256210	0.493609	1.294221	-0.224504	-0.393077	0.964449	-1.051875	0.041577	0.215872	-0.250873	-0.793227	-0.633000	0.280205	-1.238420	-1.924553	-0.415303	-0.911222	-1.669303	-0.897780	-0.090766	1.067843	1.663838	1.168562	-0.440630	-0.711631	-0.469142	2.498096
-0.625645	0.300051	-0.599005	-0.710614	-1.182227	-0.176431	-0.067837	-0.154075	-0.825269	-1.009450	0.326119	-1.145819	-0.340598	-0.694706	-0.889403	-0.363194	-0.296265	-0.408284	-0.056967	-1.643047	-0.935564	-0.703349	-0.445521	0.293291	-0.028416	-0.209866	-0.213429	0.277507	0.615098	-0.291723	1.019292	-0.295531	-0.586260	0.848363	-0.484665	0.273536	0.929330	1.090891	0.012030	-0.581925	-0.056264	0.077096	-0.415183	0.076403	0.146375	-0.785585	-0.404213	-0.452480	0.172426	1.643046	1.277213	0.575989	-0.164508	-0.597681	0.815398
-0.343932	0.851100	0.033645	-0.490445	-0.365604	1.085230	0.306667	0.283190	-0.402519	0.220251	0.601276	-0.383296	1.667373	-0.226605	0.331264	0.904397	0.975286	0.232578	1.144722	0.414843	-0.136541	0.040017	0.601473	0.329323	0.376557	0.199920	-0.418826	-0.249626	0.735754	-0.966407	0.267284	-0.446842	-0.301159	0.502019	0.749572	0.685202	0.960036	2.501081	1.345306	0.224749	-0.450872	1.128721	1.565485	0.977152	1.031036	0.609090	0.293374	-0.056023	-0.481146	0.168850	0.509976	1.267282	0.670604	-0.317972	-0.835812
-0.055525	0.862803	0.411800	-0.446518	0.511134	1.515697	0.438386	0.603280	0.223888	1.170413	0.202382	0.295738	2.643412	-0.208828	1.269393	1.234543	1.593728	0.537984	1.716706	2.189024	0.657799	0.429283	1.213682	0.037321	0.336849	0.650386	-0.695121	-0.465984	0.561246	-1.004605	-0.824948	-0.547335	0.068356	0.184591	1.490568	0.864274	0.282376	2.343785	1.957603	0.941909	-0.609814	1.366036	2.526739	1.402670	1.158017	1.410143	0.720794	0.550080	-0.570777	-1.544367	0.004967	1.226393	0.903459	0.081596	-1.002065
0.015151	0.276974	0.295654	-0.478701	0.573117	0.770127	0.408407	0.412815	0.395337	1.157397	-0.417206	0.424327	1.935072	-0.589877	1.424476	0.462823	1.251910	0.291419	1.352507	2.405738	0.808472	0.082928	0.753573	-0.274541	-0.171551	0.923069	-1.028932	-0.435934	0.139068	-0.323357	-1.420507	-0.456229	0.086775	0.026121	1.151586	0.638297	-0.339394	0.804582	1.346461	0.893206	-0.638534	0.893154	1.954653	0.930132	0.642158	1.175127	0.585005	0.708296	-0.530707	-2.176987	-0.059450	0.664847	0.303168	0.136656	-0.023507
-0.200714	-0.491494	-0.190088	-0.478449	-0.192892	-0.396670	0.172847	-0.187858	-0.021834	0.335286	-0.658417	-0.041946	0.493737	-0.724503	0.831361	-0.434690	0.356492	-0.175705	0.437889	1.161302	0.229820	-0.486150	-0.208415	-0.210869	-0.696813	0.643320	-1.130281	-0.479229	-0.385809	0.355126	-1.025255	-0.180323	-0.292251	-0.126191	0.243738	0.204790	-0.366986	-0.514849	0.171197	0.189822	-0.739526	0.140478	0.595696	-0.026710	-0.004896	0.325667	0.125150	0.268750	-0.656411	-1.576124	-0.265659	0.029002	-0.519571	-0.232589	0.574274
-0.476164	-0.728480	-0.451350	-0.325086	-0.794953	-0.841249	-0.120923	-0.617648	-0.399751	-0.411752	-0.405935	-0.602954	-0.268077	-0.217029	-0.065099	-0.649281	-0.328304	-0.271279	-0.181247	-0.242006	-0.496266	-0.527613	-0.622676	0.194990	-0.776077	0.042642	-0.712222	-0.513975	-0.629839	0.316673	-0.104554	0.111536	-0.642939	-0.317924	-0.295934	-0.070213	-0.037029	-0.608228	-0.496401	-0.409658	-0.729416	-0.314641	-0.346923	-0.601006	-0.229841	-0.265596	-0.158113	-0.295613	-0.638350	-0.573590	-0.633215	-0.339435	-0.787007	-0.636621	0.020472
-0.361725	-0.076832	0.052254	0.127112	-0.345048	-0.217612	-0.019265	-0.404033	-0.146604	-0.304303	0.078305	-0.545194	0.010558	0.505794	-0.638028	-0.345787	-0.310156	0.219475	0.018001	-0.643398	-0.594009	0.071116	-0.192862	0.492857	-0.354486	-0.027109	0.125810	-0.141727	-0.195754	-0.175307	0.504449	0.263274	-0.471159	-0.227555	-0.162381	-0.012104	0.199898	-0.044654	-0.261198	-0.319755	-0.245946	-0.055452	-0.305287	-0.321686	0.187612	-0.031906	-0.086546	-0.462755	-0.174550	0.109472	-0.448491	-0.306624	-0.350580	-0.644637	-0.883267
0.273111	0.859587	0.957010	0.717713	0.750657	0.672770	0.530228	0.270057	0.431439	0.458494	0.525541	0.288920	0.459490	0.662177	-0.489907	-0.047585	0.143666	0.763125	0.656191	-0.129495	0.067455	0.599204	0.329893	0.252917	0.185396	0.675253	0.802936	0.553726	0.704924	-0.298840	0.435941	0.202264	0.197751	0.313272	0.110096	0.085788	0.258297	0.092591	0.281758	0.163727	0.554189	0.621379	0.227958	0.353425	0.775498	0.677148	-0.011086	-0.304266	0.440352	0.485206	0.525238	0.035127	0.246734	-0.187338	-0.955571
0.873827	0.960563	1.156537	0.914493	1.145944	0.812443	0.738999	0.717337	0.463083	0.853482	0.742809	1.164102	0.213925	0.103570	0.161399	0.256703	0.258992	0.567282	0.845082	0.311572	0.749073	0.302970	0.135833	-0.581846	0.405062	1.085547	0.730289	0.812103	1.119403	0.046757	-0.104337	-0.147061	0.738608	0.728525	-0.054502	-0.343618	0.169464	-0.378250	0.280433	0.167762	0.904271	0.767492	0.316364	0.479957	0.638381	0.847438	-0.356395	-0.349833	0.683822	0.926993	1.439743	0.407958	0.465292	0.446103	-0.128507
0.758464	-0.106101	0.198722	0.475357	0.238756	0.079505	-0.064142	0.478467	-0.255582	0.252575	0.617704	1.206602	-0.562549	-0.420184	0.612567	0.874485	-0.318082	-0.441764	0.173939	0.078941	0.714896	-0.624702	-0.611027	-1.591278	0.299118	0.139351	0.059245	0.149999	0.281159	0.114729	-0.694093	-0.758351	0.604307	0.215351	-0.549459	-1.407226	-0.250137	-0.795349	-0.428633	-0.621417	0.282352	-0.135185	-0.376975	-0.298981	-0.493395	-0.057850	-0.989753	-0.771794	0.451265	1.446901	1.338244	0.516062	0.347159	0.889654	0.627089
0.013099	-1.337006	-0.907215	-0.059716	-0.965447	-0.745266	-1.219111	-0.204186	-0.801763	-0.724060	0.271836	0.442454	-1.062435	-0.149634	0.363250	1.513562	-0.995033	-1.340535	-0.853279	-0.427088	0.139158	-1.100143	-1.022853	-2.008007	0.302856	-1.494578	-0.279095	-0.832638	-1.321860	-0.418508	-0.917493	-1.223860	-0.015022	-1.064164	-0.797768	-2.294396	-1.033767	-0.759962	-1.192287	-1.411505	-0.835601	-1.334468	-1.227655	-1.272291	-1.643516	-1.297502	-1.213562	-1.016949	-0.004591	1.522182	0.308643	0.273092	0.270627	0.919737	0.529582
-0.574674	-1.517505	-0.853439	-0.010860	-1.074247	-0.932671	-1.303605	-0.720271	-0.235565	-0.910561	0.021464	-0.266459	-0.904984	0.683088	-0.347402	1.332842	-0.907226	-1.153757	-1.371675	-0.511392	-0.228405	-0.455440	-0.688838	-1.251165	0.634697	-1.946812	0.318287	-1.107498	-2.235562	-0.852672	-0.585412	-0.935304	-0.453253	-1.866412	-0.504195	-1.995973	-1.662672	-0.590917	-1.325101	-1.247393	-1.395105	-1.561570	-1.388657	-1.453626	-1.544019	-1.575058	-0.545087	-0.528683	-0.527794	0.716955	-0.707915	-0.091642	0.292185	0.480839	-0.330412
-0.531449	-0.690277	0.235509	0.459960	-0.075028	-0.503880	-0.043327	-0.775486	1.084239	-0.060695	0.004178	-0.324720	-0.450466	1.025450	-0.824291	0.111292	-0.027891	-0.007360	-1.000949	-0.118276	-0.121285	0.572218	-0.208251	0.348871	0.809910	-0.576914	1.160693	-0.560654	-1.641956	-0.560997	-0.020117	0.143088	-0.425728	-1.282965	0.019373	-0.600836	-1.517843	-0.680714	-0.864623	-0.312173	-0.960692	-0.607816	-0.773062	-0.753187	-0.239421	-0.608579	0.591773	0.363712	-1.067249	-0.583660	-0.998770	-0.183910	0.062498	-0.316265	-1.315606
-0.232440	-0.018378	0.923259	0.554077	0.686108	-0.006123	1.124404	-0.586568	1.766869	0.808702	0.021896	-0.036702	-0.162073	0.235326	-0.707064	-1.132839	0.738060	0.936211	-0.105389	0.259714	0.059377	0.675565	-0.314716	1.568929	0.203662	1.034478	1.014394	-0.110838	-0.366311	-0.025122	0.160085	1.128511	-0.299632	0.080582	0.248228	0.584475	-0.684327	-0.892165	-0.417521	0.248171	-0.223371	0.364952	-0.092228	-0.048823	0.802008	0.442495	1.228496	0.713804	-1.374129	-1.322641	-0.635605	0.198481	-0.552201	-1.111881	-1.754882
-0.238181	-0.233460	0.364261	0.025901	0.247176	0.143372	0.817564	-0.471656	0.985740	0.656016	-0.083329	0.003740	-0.060126	-1.052519	-0.305903	-1.183757	0.620874	0.767943	0.642632	0.383581	0.086023	-0.276601	-0.813999	1.436331	-0.937985	1.064712	-0.176326	-0.389766	0.096417	-0.098744	-0.187207	1.066011	-0.462212	0.811495	0.005857	0.509921	0.058556	-0.827406	-0.360630	-0.165365	-0.136201	0.260094	0.047123	-0.062581	0.423462	0.357682	0.935807	0.147559	-1.118830	-0.869934	-0.122654	0.790178	-1.096003	-1.388903	-1.272172
-0.466416	-0.793494	-0.584574	-0.396415	-0.801339	-0.016280	-0.518832	-0.466948	-0.563338	-0.342625	-0.120018	-0.230603	0.069664	-1.493042	-0.139842	-0.157209	-0.152058	-0.172619	0.827907	0.472656	0.266240	-0.992008	-0.867274	0.275359	-1.531635	-0.238544	-1.030398	-0.871091	-0.602117	-0.637406	-0.447757	0.055086	-0.768166	0.398761	-0.417918	-0.397901	0.129498	-0.441773	-0.460866	-0.843384	-0.724522	-0.633472	-0.213666	-0.523937	-0.804867	-0.662913	0.244355	-0.636664	-0.384562	0.183442	0.156148	0.996401	-1.015453	-0.932500	-0.121295
-0.394312	-0.764694	-0.552681	-0.027626	-1.136232	-0.169137	-1.204180	-0.404304	-1.434284	-1.047508	0.130371	-0.293811	0.226091	-0.500369	-0.337986	0.541616	-0.717459	-0.777546	0.493150	0.576226	0.701998	-0.465363	-0.227085	-0.703269	-0.907112	-1.009775	-0.486760	-0.653447	-1.283637	-0.670549	-0.048567	-0.827253	-0.809718	-0.342443	-0.613635	-0.875941	-0.211448	-0.092759	-0.333280	-0.790420	-1.052248	-1.081139	-0.324652	-0.640257	-1.302775	-1.270190	-0.131299	-0.762572	0.256478	0.639218	0.137060	0.449637	-0.352785	-0.161193	0.809497
0.059917	-0.028727	0.472562	0.740720	-0.367822	-0.110137	-0.436419	-0.222069	-0.939815	-0.692425	0.441545	-0.033288	0.228848	1.005407	-0.589873	-0.024578	-0.582349	-0.483798	-0.022701	0.305162	0.785123	0.683468	0.384525	-0.739856	0.311421	-0.241126	0.765170	0.281213	-0.736370	0.115891	0.721901	-0.741822	-0.495936	-0.545012	-0.422201	-0.389667	-0.273512	-0.013436	0.005067	-0.036077	-0.388316	-0.419801	-0.013280	-0.114875	-0.377445	-0.589450	-0.140794	-0.227338	0.352033	0.058498	-0.037711	-0.501213	0.311996	0.273850	0.749719
0.284776	0.745470	1.100636	0.842196	0.516547	0.020064	0.821850	-0.078567	0.254445	0.309170	0.314250	0.135011	0.082994	1.512457	-0.562084	-1.085708	-0.021622	0.203166	-0.368086	-0.480877	-0.016905	1.061228	0.306112	-0.097427	0.878311	1.058924	1.116801	1.043433	0.812514	0.847810	1.076955	0.079466	-0.123610	-0.294442	-0.008013	0.437628	0.136131	-0.019514	0.228077	0.538065	0.849233	0.742361	0.536710	0.590190	1.048401	0.809130	-0.183145	0.279178	0.098987	-0.813094	-0.229338	-0.982667	0.515831	0.194470	-0.105375
-0.228772	0.994607	0.358745	-0.133146	0.420180	-0.096321	1.163546	-0.156736	0.933283	0.917439	-0.383757	-0.192382	-0.003019	0.545861	-0.250384	-1.186868	0.439554	0.500387	-0.418684	-1.147439	-1.185721	0.289395	-0.155465	0.591746	0.332801	1.334741	0.017072	0.933010	1.975879	0.695774	0.747390	0.793178	0.022660	-0.101551	0.303864	0.841265	0.459099	0.114208	0.175921	0.433522	1.500636	1.314304	0.948004	0.870920	1.600114	1.631811	-0.307216	0.378344	0.028514	-1.041426	-0.417930	-0.476322	0.259090	-0.071171	-0.754166
-1.077286	0.719935	-1.035689	-1.378767	-0.475965	-0.496330	0.420243	-0.396469	0.572913	0.625549	-1.174774	-0.791690	0.015637	-0.841846	0.064764	-0.186744	0.622656	0.304030	-0.326471	-0.959183	-1.588452	-0.663094	-0.233385	1.051244	-0.542072	0.414174	-1.384213	0.192447	1.773260	0.060446	0.202523	0.960149	-0.041861	-0.014961	0.260700	0.814736	0.168817	0.224133	0.013335	0.075597	0.944487	0.906465	0.906299	0.599357	0.953178	1.271813	-0.088943	0.353110	0.243056	-0.578816	-0.601195	0.503931	-0.212103	-0.272280	-0.469097
-1.272332	0.238002	-1.587182	-1.763503	-0.968506	-0.768935	-0.361780	-0.483544	-0.280902	-0.097475	-1.430060	-1.010218	-0.074746	-1.251885	0.164739	0.517415	0.647841	0.115935	-0.276774	-0.105664	-0.884959	-0.804178	0.192963	1.291834	-0.668198	-0.508584	-1.582134	-0.351933	0.633853	0.006228	-0.093397	0.873224	-0.087825	0.207615	-0.101859	0.830804	-0.406480	0.028342	-0.035135	0.096708	-0.209453	0.114252	0.390838	0.149612	-0.011873	0.308622	0.649182	0.475315	0.319967	-0.125448	-0.632366	0.837815	-0.640094	-0.438900	0.443513
-0.450238	-0.107370	-0.882107	-1.088248	-0.439102	-0.533233	-0.365779	-0.188246	-0.797795	-0.474221	-0.998129	-0.575865	-0.346588	-0.364369	0.130284	-0.096662	0.529261	0.235768	-0.201354	0.438005	-0.010002	-0.196548	0.489339	1.232984	0.098997	-0.453512	-0.393850	-0.172266	-0.169177	0.771459	-0.189930	0.973179	0.046019	0.396439	-0.427321	1.056534	-0.376321	-0.291814	0.075538	0.492745	-0.754031	-0.198229	-0.127752	-0.013179	-0.313327	-0.248462	1.350378	0.446064	0.067588	-0.171224	-0.326400	-0.010900	-0.757710	-0.489450	1.035178
0.547728	-0.005525	0.008233	-0.233177	0.323628	0.012838	0.123071	0.294760	-0.782079	-0.300296	-0.360130	0.003542	-0.485734	0.948006	0.162207	-1.274754	0.142818	0.411684	0.105189	0.099313	-0.060450	0.401897	0.213480	0.770374	0.816828	0.350830	0.884224	0.514248	0.121738	1.438451	-0.292159	1.223662	0.263267	0.062355	-0.337718	1.202519	0.558925	-0.227881	0.256373	0.726336	-0.103184	0.283860	0.036903	0.263489	0.178623	0.044129	1.232045	-0.161786	-0.037621	-0.515752	0.226312	-1.387605	-0.393921	-0.130104	0.775406
0.636606	0.645240	0.015228	-0.047608	0.275740	0.299780	0.378180	0.483900	-0.623765	0.003658	-0.131938	0.049612	-0.183594	1.669613	0.261140	-1.526413	-0.382469	0.329139	0.544510	-0.610925	-0.962028	0.541136	-0.263499	0.127881	0.557980	0.994697	0.935905	1.076483	1.071923	1.195637	-0.274831	1.217483	0.322600	-0.771716	0.191133	1.049783	1.572378	0.269694	0.430155	0.495869	1.179166	1.158005	0.973470	0.732772	0.864857	0.822071	0.250986	-1.077329	0.470800	-0.669074	0.624729	-2.102674	0.275913	0.618073	0.097543
-0.115339	1.441081	-0.574828	-0.344921	-0.345861	0.121632	0.259811	0.157622	-0.549245	0.069190	-0.375262	-0.378718	0.349599	1.502119	0.290822	-0.590114	-0.557042	0.108167	0.635672	-0.750412	-1.522487	0.419499	-0.269213	-0.186422	-0.457020	0.922174	-0.155836	1.131921	1.635819	0.448484	0.133436	0.773764	0.160028	-1.299034	0.826730	0.778681	1.581295	0.579764	0.540254	0.112917	1.966592	1.733118	1.774271	0.998198	1.173652	1.396117	-0.667087	-1.373192	1.197003	-0.407495	0.547969	-1.553588	0.786865	1.153202	-0.170824
-0.574180	1.620649	-0.667920	-0.280896	-0.383357	-0.148654	0.167605	-0.366862	-0.367000	-0.024468	-0.549474	-0.544799	0.527011	0.789473	0.270213	0.359579	-0.087112	0.072857	0.089276	-0.067944	-0.842170	0.365493	0.251756	0.082554	-1.098898	0.286296	-1.130461	0.808409	1.228384	0.231099	0.796628	0.190811	-0.017363	-0.816999	1.188416	0.631150	0.507209	0.192603	0.464077	0.025089	1.604676	1.545449	1.374447	0.826777	0.975044	1.302635	-0.570126	-0.539106	1.230323	0.122296	0.087632	-0.165685	0.801672	0.898950	0.190972
-0.131902	0.812545	0.026100	0.366084	0.413136	-0.141988	0.206482	-0.619519	-0.016900	-0.091994	-0.286818	-0.094097	0.066828	-0.017653	0.265361	0.335974	0.571540	0.185486	-0.666256	0.737801	0.540890	0.288125	0.597382	0.568543	-0.757026	-0.420504	-1.087481	0.394801	0.169895	0.682529	1.095597	-0.136503	-0.056267	0.274718	1.016050	0.449402	-0.626308	-0.635615	0.038826	0.137369	0.447024	0.624441	-0.146755	0.245934	0.397763	0.526376	0.386811	0.690304	0.368647	0.607989	-0.369274	1.071220	0.344475	0.032813	0.591352
0.411684	-0.448971	0.573049	0.782173	0.815604	0.023197	-0.046011	-0.518237	0.092920	-0.233252	0.041566	0.375294	-0.651944	-0.644829	0.056495	-0.335086	0.561048	0.033070	-0.817503	0.849063	1.189998	-0.180383	0.121442	0.624014	-0.118462	-0.835882	-0.417524	-0.045021	-0.774313	0.744029	0.541758	-0.159893	-0.111914	0.775122	0.194591	-0.161729	-0.843801	-1.241545	-0.737476	-0.119167	-0.534176	-0.550362	-1.480260	-0.539011	-0.413549	-0.557601	1.034678	0.953689	-0.485109	0.774067	-0.500730	1.396720	-0.361574	-0.670628	0.433098
0.039899	-1.221469	0.151551	0.247221	-0.153876	0.024232	-0.801540	-0.340464	-0.353015	-0.595662	-0.117845	0.153703	-1.009163	-0.953772	-0.585805	-0.700112	-0.345560	-0.549297	-0.102253	0.222173	0.452813	-1.036248	-0.956226	0.052438	-0.163379	-0.895472	-0.051202	-0.543648	-1.110728	-0.331768	-0.597391	-0.114348	-0.370589	0.102384	-1.019946	-1.168482	-0.191400	-1.286132	-1.529104	-0.950238	-0.687696	-1.362886	-1.520079	-1.208974	-1.220375	-1.401827	0.567228	-0.173450	-0.423156	0.550799	-0.278222	0.806632	-1.040624	-0.691068	-0.165580
-0.878338	-1.121485	-0.729950	-0.718233	-1.578254	-0.123802	-1.476842	-0.244831	-0.927661	-0.921513	-0.580710	-0.489837	-0.792887	-0.896440	-1.236153	-0.441111	-1.286942	-1.078975	0.777341	-0.438994	-0.733474	-1.620980	-1.664377	-0.613939	-0.731644	-0.717055	-0.197725	-0.882148	-0.884117	-1.678914	-1.412630	-0.142919	-0.635273	-0.914574	-1.822413	-1.835634	0.503148	-0.887386	-1.774309	-1.661243	-0.245828	-1.454306	-0.587061	-1.390818	-1.577680	-1.579999	-0.439140	-1.502511	0.292172	0.165211	0.053222	-0.008638	-1.318317	-0.247994	-0.603817
-0.984783	-0.524030	-0.845817	-0.893111	-1.585059	-0.093967	-1.225024	-0.094450	-0.831179	-0.715986	-0.586132	-0.608752	-0.278416	-0.541470	-1.033243	-0.013747	-1.158558	-0.886180	0.871730	-0.470225	-0.938235	-1.204493	-1.200140	-0.672492	-0.749685	-0.423609	-0.288561	-0.696161	-0.412323	-1.692459	-1.162009	-0.170809	-0.480709	-0.968047	-1.380539	-1.370670	0.571658	-0.267348	-1.101901	-1.290431	0.091524	-0.878635	0.124336	-0.860083	-1.098668	-1.004781	-0.729503	-1.439446	0.608916	-0.040305	0.202203	-0.302121	-0.860574	0.093756	-0.503385
0.128226	0.129769	0.105999	0.024272	0.192761	0.232224	-0.003955	0.211082	0.071622	0.076331	0.102837	0.087683	0.247849	-0.035561	0.161600	0.222330	0.110046	0.059150	0.071159	0.115468	0.074671	0.152074	0.281843	-0.053559	0.162820	-0.083310	0.006529	0.012065	0.085496	-0.110811	0.019978	-0.122885	0.153549	0.149591	0.216014	0.143372	0.056361	0.440504	0.284784	0.197575	0.041928	0.056505	0.123848	0.211221	0.080680	0.052690	0.017642	0.175004	0.141373	0.021536	0.115562	0.020144	0.225140	0.125882	0.011852
