X1	X2	X3	X4	X5	X6	X7	X8	X9	X10	X11	X12	X13	X14	X15	X16	X17	X18	X19	X20	X21	X22	X23	X24	X25	X26	X27	X28	X29	X30	X31	X32	X33	X34	X35	X36	X37	X38	X39	X40	X41	X42	X43	X44	X45	X46	X47	X48	X49	X50	X51	X52	X53	X54	X55
0.360700	0.204541	0.422905	0.118572	0.160088	-0.042515	0.267288	-0.023596	0.517701	0.268835	0.164590	0.206578	0.089994	-0.031688	0.268869	-0.136573	0.119668	-0.081344	0.038215	0.149642	0.184795	-0.110557	0.038529	0.169343	0.143129	0.373714	0.133498	0.426046	0.377098	0.211636	0.212765	0.205060	0.194943	-0.078746	0.009923	0.202371	-0.209039	0.123748	0.260506	0.157602	0.113268	0.070514	0.110376	-0.017728	0.225026	0.114961	0.160535	0.219805	0.288709	0.188777	0.191023	0.141212	0.125198	-0.044924	0.291042
0.011812	-0.574814	-0.407781	0.216017	0.133424	0.688814	0.170898	-1.161403	-0.524413	0.633478	-0.932933	-0.597122	1.158283	0.420112	-1.338327	0.848836	0.347162	1.149223	1.093576	0.844639	0.153996	0.922044	0.978274	-0.591136	-0.962265	-0.509271	-1.282900	-0.382600	0.161698	-0.811833	-0.631294	-0.199507	-0.527910	-0.069226	-0.525766	0.069843	-0.005834	-0.831697	0.410465	-0.037827	1.441242	0.439243	0.536267	0.538840	-0.060849	-0.468352	-0.177197	-0.804309	-1.032115	1.196684	-0.901222	-0.050598	-1.194810	-0.208988	-0.675930
-0.135630	-0.910081	-1.103726	0.055522	-0.197202	0.913307	0.219535	-1.457057	-0.722192	0.605874	-1.492843	-0.996395	1.426680	0.498386	-2.085062	1.586902	0.383054	1.547160	1.541277	0.756489	-0.071278	0.989090	1.594527	-0.998808	-1.303248	-0.905305	-1.579336	-0.698895	0.216364	-1.374737	-1.281164	-0.483823	-0.611538	-0.591427	-1.106881	0.221529	-0.162485	-1.689392	0.536747	-0.223384	2.080294	0.588555	0.745068	0.872131	-0.254247	-0.521189	-0.565169	-0.737036	-1.110766	1.178348	-1.676578	0.321106	-1.597428	-0.029425	-1.090085
-0.027862	-0.782701	-1.350961	-0.316239	-0.488165	0.772437	0.182621	-0.806442	-0.214691	0.187802	-1.321653	-0.890495	0.887728	0.272982	-1.672793	1.768664	0.239473	1.124149	1.335387	0.006998	-0.402630	0.150554	1.597849	-1.075470	-0.814110	-0.786694	-0.782358	-0.631537	0.368168	-1.460337	-1.592800	-0.661595	-0.086798	-1.096204	-1.524835	0.458722	-0.248850	-2.076811	0.538885	-0.387355	1.818450	0.452508	0.673497	0.879480	-0.433485	-0.236113	-0.895132	0.109776	-0.255530	0.149007	-1.817988	0.894470	-1.081340	0.426772	-1.026354
0.083325	-0.524135	-1.011853	-0.659745	-0.216162	0.808331	-0.157469	0.039063	0.161240	-0.296493	-0.787880	-0.595949	0.274059	0.106452	-0.705452	1.225094	0.229907	0.708239	1.009593	-0.590810	-0.638756	-0.685681	0.983312	-1.043270	-0.241781	-0.419064	0.009233	-0.752696	0.218583	-1.478431	-1.545887	-0.781819	0.314354	-0.694490	-1.638477	0.347348	0.317891	-1.664968	0.234080	-0.562720	1.011917	0.268227	0.539680	0.609038	-0.681469	-0.231404	-0.970950	0.501346	0.090664	-0.986955	-1.327163	0.872916	-0.559443	0.636998	-1.045313
-0.179734	-0.383516	-0.504101	-0.858789	0.396083	1.177478	-0.473090	0.195073	-0.038782	-0.624148	-0.547261	-0.574288	0.236932	0.177606	-0.215487	0.223343	0.705905	1.029581	1.098649	-0.543360	-0.782385	-0.844470	0.207037	-0.920139	-0.391638	0.067778	-0.116406	-1.343920	-0.231235	-1.750905	-1.256677	-0.764308	-0.046054	0.398672	-1.704839	-0.115725	1.185674	-0.734035	-0.419018	-0.810996	0.227782	0.453594	0.697469	0.248835	-0.836836	-0.651440	-0.762326	-0.049885	-0.794501	-1.458602	-0.716942	0.206451	-0.844477	0.174526	-1.462912
-0.761034	-0.270440	-0.408776	-0.936962	0.496894	1.427866	-0.197246	-0.436751	-0.420916	-0.863493	-0.827907	-0.920464	0.679891	0.337751	-0.513458	-0.544444	1.542240	1.867548	1.554218	-0.150236	-0.944180	-0.487531	-0.092554	-0.510273	-1.150594	0.677710	-0.844600	-1.904592	-0.424063	-2.025895	-0.853643	-0.443245	-0.853405	0.966921	-1.965589	-0.350490	1.324707	-0.076121	-1.021222	-1.049450	-0.166233	1.127673	1.193727	0.066349	-0.600637	-0.903947	-0.475416	-0.667766	-1.930396	-1.234205	-0.544759	-0.276436	-1.634724	-0.630078	-1.887543
-0.994600	0.060601	-0.686426	-0.807307	-0.222325	1.101499	0.639448	-1.092835	-0.417258	-1.078519	-1.106715	-1.189488	0.944223	0.388161	-0.767266	-0.462062	2.011531	2.215944	1.789444	0.070456	-0.989772	-0.123437	0.314283	0.210621	-1.506475	1.179723	-1.072915	-1.590943	0.095188	-1.643321	-0.353395	0.190607	-1.064901	0.362270	-2.008508	0.125845	0.384916	-0.120746	-0.909367	-0.956451	-0.093002	1.770704	1.527994	0.202026	0.080358	-0.401111	-0.265005	-0.322994	-1.758525	-0.698174	-0.730187	0.021964	-1.734650	-0.879455	-1.579125
-0.354742	0.602094	-0.691216	-0.292238	-0.957045	0.262740	1.226154	-1.014080	-0.093226	-1.062139	-0.721310	-0.867294	0.524241	0.304207	-0.133508	0.366594	1.393946	1.325345	1.257619	0.034144	-0.595013	0.113139	0.950962	0.859833	-0.731904	1.040466	-0.297260	-0.210093	0.973361	-0.296216	0.253376	0.804762	-0.151380	-0.630561	-1.041068	0.972569	-0.731452	-0.362235	0.100078	-0.273750	0.307094	1.577131	1.054914	0.481058	0.849014	0.626110	-0.005333	0.760388	-0.056027	-0.109151	-0.621443	0.688999	-0.430154	-0.145849	-0.307317
0.725123	0.973657	-0.068767	0.505639	-0.724972	-0.667681	0.826898	-0.179386	-0.020728	-0.594404	0.305579	0.037667	-0.483765	0.128371	0.963705	1.073325	-0.226335	-0.489752	-0.044717	-0.053100	0.253510	0.435674	1.081187	0.941426	0.700290	-0.023418	0.813516	1.394007	1.325953	1.454282	0.829818	0.892924	1.203241	-0.776743	1.022661	1.274787	-0.904491	0.056331	1.305876	0.748318	0.672144	0.309419	-0.260078	0.586922	1.243747	1.275893	0.466366	1.363019	1.695615	0.462289	0.172788	0.919709	1.572870	0.967665	1.240738
1.217539	0.839232	0.754012	1.096373	0.407074	-1.305994	-0.319417	0.863441	-0.401873	0.110061	1.298304	0.988964	-1.513385	-0.200427	1.287255	0.882607	-1.867271	-2.114793	-1.519878	-0.152082	1.056163	0.871159	0.531179	0.414762	1.667644	-1.445020	1.303925	2.126554	0.792463	2.580118	1.153728	0.289635	1.913135	0.079666	3.059404	0.623493	-0.140995	1.239506	1.777624	1.429720	0.544664	-1.263426	-1.592190	0.443100	1.124869	0.954629	0.961574	0.852999	1.989166	0.884626	1.239008	0.589356	2.821621	1.526776	2.053145
0.684642	0.355719	1.134725	1.053485	1.381289	-1.431720	-1.216599	1.605625	-0.718477	0.445943	1.698353	1.443881	-1.999890	-0.731390	0.441688	0.004651	-2.488911	-2.663990	-2.374328	-0.384029	1.268403	1.083216	-0.132556	-0.165151	1.667347	-2.104741	1.006982	1.700828	-0.035219	2.522235	1.146242	-0.531528	1.699174	0.894947	3.630933	-0.338895	0.513353	2.266162	1.314807	1.312607	-0.221207	-1.993620	-1.995925	0.230748	0.695460	0.006136	1.029360	-0.017794	0.953164	0.899792	1.750789	0.216898	2.587421	1.272580	1.729863
-0.313538	-0.044105	0.918725	0.470277	1.333776	-1.075031	-1.246991	1.879647	-0.521484	0.015680	1.546691	1.298310	-1.817213	-1.237682	-0.568594	-0.602143	-1.982127	-2.218494	-2.295565	-0.745948	0.868581	0.766988	-0.402901	-0.226569	1.172350	-1.517587	0.511004	0.725838	-0.429716	1.649193	0.909372	-0.897485	1.133511	0.854856	2.395596	-0.680768	0.450488	2.124053	0.465835	0.609722	-1.217156	-1.512687	-1.443813	0.043823	0.160778	-0.774764	0.479028	-0.144442	-0.017875	0.358784	1.288105	0.004542	1.443060	0.721898	0.668518
-0.990601	-0.269160	0.423789	-0.113238	0.488217	-0.628329	-0.786078	1.819238	-0.214839	-0.834718	1.257365	0.934394	-1.320991	-1.269506	-0.569475	-0.370774	-1.207529	-1.559550	-1.791149	-1.055896	0.359939	0.096054	-0.509887	0.208618	0.832577	-0.501344	0.356511	-0.094472	-0.402241	0.788455	0.580512	-0.657316	0.759645	0.480189	0.500453	-0.230840	0.391715	0.863725	-0.226706	-0.051381	-1.825074	-0.606827	-0.881843	-0.195048	-0.411455	-1.053480	-0.314611	0.534155	0.018228	-0.489716	0.260154	-0.392372	0.512379	0.515184	-0.509411
-1.033986	-0.604353	0.058988	-0.145878	-0.110284	-0.520091	-0.507694	1.716100	-0.510079	-1.184711	1.171083	0.915199	-0.892947	-0.594770	0.514907	0.310707	-0.945616	-1.239573	-1.594284	-1.063520	0.265581	-0.281402	-0.923012	0.704910	0.784998	-0.245537	0.574782	-0.518063	-0.423852	0.406864	0.313921	-0.208160	0.656288	0.910148	-0.509143	0.452456	1.307066	-0.292293	-0.577208	-0.180582	-1.799995	-0.291812	-1.080368	-0.456790	-0.867971	-1.088527	-0.697291	1.139452	0.743272	-1.034637	-0.393435	-0.952253	0.412683	0.870347	-1.358879
-0.491982	-1.059589	0.095002	0.518761	0.326084	-0.640949	-0.411822	1.751846	-1.260342	-0.442409	1.316384	1.453364	-0.498111	0.500300	1.825613	0.751694	-0.984159	-1.053595	-1.690820	-0.578559	0.641379	0.212873	-1.409945	1.066783	0.842154	-0.840061	0.856744	-0.598602	-0.584977	0.315658	0.319798	0.163748	0.739301	2.286463	-0.142539	0.922644	2.748982	-0.134930	-0.486522	0.289267	-1.412536	-0.663688	-1.670058	-0.560871	-0.913788	-1.084783	-0.317798	1.115161	1.331304	-0.844086	-0.042178	-0.858948	0.889733	1.468232	-1.557608
0.434438	-1.110355	0.476752	1.403748	1.458131	-0.486555	0.016758	1.722174	-1.507572	0.865824	1.382924	2.048122	0.099665	1.430737	2.533947	0.782081	-0.530912	-0.508166	-1.336619	0.252414	1.010367	1.390887	-1.193764	1.425037	0.901507	-1.233535	0.868137	-0.395243	-0.513862	0.104108	0.646798	0.566883	0.949344	3.382816	0.744654	1.181505	3.099477	1.206997	0.098326	1.005689	-1.038482	-0.922866	-1.636319	-0.484998	-0.479985	-0.852005	0.543967	0.788108	1.358790	-0.214972	0.931417	0.420003	1.243957	1.696299	-0.996352
1.210996	-0.366850	0.733071	1.636407	2.047857	-0.000146	0.831585	1.171360	-0.786702	1.471217	0.932878	1.851175	0.731930	1.728797	2.325678	0.680918	0.573522	0.358230	-0.192115	0.796587	0.789902	2.213675	-0.123473	1.670956	0.854875	-0.641758	0.434693	-0.016961	-0.038761	-0.295719	0.939551	1.019694	1.043584	2.936287	1.050422	1.235046	1.627001	2.314363	0.808388	1.355447	-0.718107	-0.472991	-0.639005	-0.430102	0.073740	-0.206685	1.195263	0.631937	0.880365	0.115729	1.446474	2.002650	1.023264	1.165490	-0.071038
1.112287	0.764741	0.397532	0.746635	1.203652	0.236137	1.369765	-0.041802	0.224157	0.740468	-0.142071	0.602028	0.817075	1.212410	1.302485	0.573930	1.504027	0.920044	1.024753	0.482714	-0.110001	1.716178	0.872814	1.313320	0.422418	0.550224	-0.323988	0.295368	0.484033	-0.558545	0.733107	1.128524	0.625527	0.996955	0.573204	0.838186	-0.480528	1.990396	0.906681	0.877795	-0.203815	0.344722	0.559626	-0.480179	0.368422	0.632017	1.127316	0.531717	0.170620	-0.063799	0.959223	2.258688	0.369046	0.112948	0.538129
0.024672	1.416516	-0.375350	-0.661660	-0.617647	-0.080904	1.096144	-1.386448	0.632131	-0.531748	-1.330772	-0.939862	0.139880	0.032045	-0.097781	0.260711	1.441591	0.747759	1.350926	-0.376146	-1.112032	0.127281	0.831764	0.203876	-0.462507	1.399030	-0.970101	0.330333	0.549351	-0.403882	0.079625	0.587470	-0.370278	-1.149612	-0.043042	-0.094659	-1.568402	0.548913	0.065764	-0.212966	0.535747	0.728699	1.020065	-0.460846	0.442046	1.244148	0.465424	0.089355	-0.365893	-0.160887	0.131559	0.646907	-0.243638	-0.810251	0.607376
-1.181249	1.164449	-0.949984	-1.375704	-2.038430	-0.399195	0.255893	-2.021228	0.454602	-0.984545	-1.856056	-1.707738	-0.657639	-1.200053	-1.165481	-0.396850	0.530787	0.137313	0.692475	-0.762071	-1.493976	-1.226620	-0.111459	-0.949531	-1.250385	1.398044	-1.032453	0.070539	-0.009984	0.052143	-0.411625	-0.276038	-1.424775	-2.167523	-0.225431	-1.122643	-1.369683	-0.648787	-1.105643	-1.052726	0.993327	0.370429	0.627867	-0.243365	0.521492	1.403703	-0.185133	-0.675245	-0.417344	0.260192	-0.069761	-1.623490	-0.526923	-1.168463	0.581944
-1.546511	0.369120	-1.040770	-0.904456	-2.180644	-0.137210	-0.521973	-1.582958	0.431773	-0.194593	-1.435151	-1.386050	-0.688806	-1.598748	-1.341243	-1.150108	-0.406382	-0.304191	-0.247215	-0.207558	-1.094242	-1.359550	-1.037454	-1.267913	-1.271967	0.693434	-0.475586	-0.363657	-0.887394	0.408757	-0.331702	-0.841810	-1.900702	-1.768291	-0.033190	-1.624978	-0.812242	-0.812388	-1.641096	-0.984845	0.582854	-0.281427	0.028617	0.038767	0.539231	1.122018	-0.380494	-1.323520	-0.133221	0.712658	0.325760	-2.933436	-0.584669	-1.043367	0.830058
-1.132052	-0.338652	-0.996068	-0.060421	-1.425414	0.312936	-0.908940	-0.606253	0.953001	0.976883	-0.610380	-0.586814	0.162731	-0.811846	-0.734510	-1.519640	-0.824890	-0.356190	-0.865021	0.554661	-0.421631	-0.711572	-1.441083	-0.817131	-0.660085	-0.206369	0.172656	-0.834588	-1.514122	0.339837	-0.037942	-0.960214	-1.719983	-0.880764	0.074529	-1.494325	-0.514263	-0.493437	-1.299474	-0.373826	-0.514281	-0.600772	-0.178437	0.169154	0.200461	0.483521	-0.308541	-1.596224	-0.008607	0.532596	0.405538	-2.854027	-0.690538	-0.792630	0.986820
-0.803275	-0.703384	-1.131837	0.029954	-0.739505	0.074755	-0.934620	-0.071912	1.560594	1.434067	-0.220752	-0.091427	1.100906	0.362391	-0.080450	-1.254876	-0.802900	-0.219862	-1.046485	0.558670	-0.097324	-0.469062	-1.591239	-0.612401	-0.274911	-0.710696	0.330931	-1.231079	-1.542611	-0.208108	-0.227911	-1.036953	-1.412744	-0.742160	-0.258524	-1.318978	-0.326888	-0.666358	-0.819319	-0.259277	-1.316188	-0.426285	0.031154	0.051743	-0.560528	-0.361885	-0.574436	-1.692295	-0.277244	0.012276	-0.322525	-2.153369	-1.024498	-0.727462	0.390856
-1.031633	-0.919384	-1.261548	-0.768055	-0.582180	-0.832939	-0.698061	-0.427385	1.513050	0.924356	-0.563332	-0.172693	1.294327	0.604680	-0.087486	-0.619546	-0.609653	-0.017754	-0.834944	-0.153179	-0.315197	-1.025090	-1.745367	-1.389215	-0.575295	-0.546908	-0.002354	-1.507856	-1.248525	-1.057550	-1.078790	-1.392722	-1.453086	-1.607012	-0.997422	-1.753231	-0.123823	-1.447901	-1.020994	-1.125358	-1.111290	-0.088717	0.285270	-0.278283	-1.453707	-1.107783	-1.501353	-1.929903	-0.714093	-0.012178	-1.305546	-1.579215	-1.591572	-0.963550	-0.946601
-1.407015	-1.151408	-1.144830	-1.619049	-0.671896	-1.286313	-0.327095	-1.085648	0.588560	0.087916	-1.153456	-0.624562	0.706884	-0.494238	-0.806974	-0.183705	-0.301090	0.400007	-0.205297	-0.730436	-0.829754	-1.639008	-1.600030	-2.641768	-1.061259	-0.095747	-0.327126	-1.682238	-1.206770	-1.904462	-2.055805	-1.819496	-1.662181	-2.394756	-1.728169	-2.678834	-0.114444	-2.082434	-1.833483	-2.292519	-0.252805	0.108795	0.357352	-0.587898	-2.056087	-1.353783	-2.661033	-2.330240	-1.120050	0.425384	-1.707175	-1.133379	-2.178634	-1.315383	-2.148115
-1.364775	-1.121493	-0.942439	-1.836399	-0.559664	-0.435307	-0.003098	-1.066316	-0.734978	-0.277970	-1.312171	-1.133717	0.005505	-1.904231	-1.590593	-0.305825	0.204677	1.097888	0.754724	-0.680475	-1.266436	-1.604235	-0.804601	-3.093132	-1.103464	0.022185	-0.388673	-1.670835	-1.404040	-2.416657	-2.529649	-1.811059	-1.420874	-1.873476	-1.959291	-3.125665	-0.296726	-2.002251	-2.364201	-2.683488	0.467377	0.304036	0.468463	-0.407648	-1.956653	-0.841521	-3.143440	-2.571186	-1.588665	0.362307	-1.321564	-0.491031	-2.362126	-1.355348	-2.307260
-0.899466	-0.378326	-0.839423	-1.496476	-0.126471	1.179055	0.242727	-0.182840	-1.720694	0.071258	-0.901946	-1.457071	-0.200486	-2.264060	-1.683575	-0.820257	0.851993	1.756229	1.719826	-0.258729	-1.342835	-1.127983	0.361520	-2.039488	-0.861383	-0.180687	-0.541056	-1.198041	-1.067368	-2.375914	-2.339171	-1.061278	-0.502462	-0.176461	-1.561297	-2.232445	-0.356956	-1.456649	-1.886577	-1.967503	0.919521	0.841678	0.975787	0.533939	-0.925108	0.297608	-2.356492	-2.233088	-2.083747	-0.521412	-0.563253	0.340507	-1.838083	-0.867012	-1.350378
-0.345612	0.911655	-0.598562	-0.938053	0.373993	2.239605	0.571176	0.615834	-1.895416	0.662424	-0.417832	-1.429159	0.116184	-1.334281	-0.976657	-1.174912	1.352598	1.922366	2.307391	0.206072	-0.953211	-0.742496	1.243351	-0.084841	-0.916749	-0.055876	-1.135878	-0.145095	0.223420	-1.810412	-1.708108	0.266569	0.474742	1.186963	-0.917927	-0.281209	-0.294038	-1.043860	-0.616868	-0.748967	1.537227	1.635933	1.729559	1.697571	0.677454	1.470359	-0.614113	-1.128077	-2.167322	-1.175514	0.059411	0.994202	-0.894725	-0.251326	-0.032995
0.145719	1.692183	-0.004547	-0.191739	0.525670	2.138630	0.930426	0.298012	-1.329301	0.732257	-0.393949	-1.059819	0.564195	-0.107144	-0.200249	-0.831529	1.354735	1.503688	2.307343	0.740147	-0.244145	-0.351109	1.596782	1.420709	-1.272564	0.589648	-1.803542	0.941168	1.561587	-0.989126	-0.882112	1.574315	0.625232	0.985012	-0.550063	1.440547	-0.493605	-0.986235	0.533928	0.176857	2.239138	1.992243	1.949135	1.979272	1.800765	1.905367	1.036083	0.411219	-1.542469	-0.618267	0.218296	1.143801	-0.303318	-0.151478	0.753045
0.534081	0.977315	0.458658	0.739530	0.071957	1.460152	0.848170	-0.959933	-0.614608	-0.094604	-0.831851	-0.642861	0.805094	0.400153	-0.248715	0.310605	0.755209	0.883145	1.767745	1.282701	0.395170	0.515033	1.709890	1.548643	-1.306948	0.923076	-1.760579	1.044363	1.505629	-0.278941	-0.078768	2.096534	-0.186877	-0.327032	-0.604251	1.878097	-0.902854	-1.054561	0.870121	0.451103	2.208255	1.316203	1.045638	0.955343	1.542620	1.263821	1.588228	1.540096	-0.642062	0.511497	-0.188643	0.746650	-0.491611	-0.572120	0.602449
0.562838	-0.811825	-0.000287	1.347290	-0.774993	1.055637	0.049967	-1.851911	-0.416611	-1.406414	-1.263126	-0.573644	0.789175	0.127187	-1.192253	1.682426	-0.068232	0.564516	1.003415	1.339125	0.574167	1.634688	1.765785	0.464969	-0.751160	0.155342	-0.810706	-0.226324	-0.044398	0.033756	0.373090	1.402670	-1.081109	-1.172110	-0.786803	1.166271	-0.734177	-0.966541	0.476264	0.144551	1.107409	0.002635	-0.426203	-0.331754	0.265501	0.106364	0.821701	1.484910	-0.218922	0.682057	-0.912265	0.062468	-0.982880	-0.716247	-0.246755
0.044553	-1.860613	-1.287002	0.946020	-1.394239	1.069097	-0.795240	-1.407411	-0.750445	-2.240440	-1.279741	-0.927683	0.676359	-0.272848	-2.011457	2.318135	-0.379650	0.787145	0.507655	0.555157	0.232753	1.999379	1.552613	-0.805943	-0.171963	-1.073553	0.334999	-1.832050	-1.337180	-0.093805	0.239092	-0.100214	-1.001464	-0.750048	-0.754509	0.320877	0.458374	-0.627625	-0.034822	-0.443129	-0.045207	-0.656902	-1.001417	-0.342638	-0.489117	-0.408021	-0.526124	0.373499	-0.349343	-0.422158	-1.340926	-0.371101	-0.924980	0.020137	-1.117371
-0.583252	-0.730110	-2.151839	-0.364091	-1.316317	1.041383	-0.531679	-0.112322	-0.833130	-1.875630	-0.881594	-1.322974	0.624989	-0.311573	-1.542082	1.628278	0.329224	1.401440	0.617735	-0.579513	-0.305761	1.049058	0.954597	-1.203158	-0.191602	-1.144588	0.846824	-2.090843	-0.648090	-0.386934	-0.208825	-1.275900	0.188772	0.091944	-0.441559	0.136865	1.741930	-0.121159	-0.177823	-0.841978	0.077508	0.264518	0.185922	1.122661	0.411411	0.412331	-1.308983	-0.684659	-0.299060	-1.398577	-0.953092	0.000042	-0.112862	1.098749	-1.325789
-0.582890	1.934470	-1.536284	-1.520665	-0.727872	0.647448	0.984166	0.673778	-0.023752	-0.590264	-0.326177	-1.349633	0.584447	-0.074100	0.172113	-0.009338	1.686838	1.922415	1.105492	-1.130185	-0.661219	-0.478583	0.294174	-0.449702	-0.579366	0.460540	0.636038	-0.493573	1.572588	-0.407374	-0.319192	-1.219076	1.490468	0.128941	0.013544	0.500091	1.586645	0.319043	0.030826	-0.629931	1.316747	2.172150	2.232291	2.532501	2.290950	1.942664	-0.919408	-0.688519	0.385851	-1.014801	0.049282	1.106058	0.790018	1.307349	-0.696300
0.088636	3.850644	0.103909	-1.577214	-0.248171	-0.003670	2.309117	0.295543	1.214636	0.447205	0.236402	-1.027815	0.305034	0.112064	1.677708	-1.525941	2.511408	1.732492	1.240530	-0.821450	-0.687940	-1.330831	-0.081823	0.756635	-0.502047	2.182457	0.323274	1.629601	3.095164	0.134442	0.258031	-0.167467	1.749500	-0.540748	0.534063	0.751090	-0.221241	0.433951	0.298108	0.137607	1.984938	3.320184	3.178743	2.355736	3.251183	2.669673	0.164968	0.168223	1.084309	0.163078	0.762147	1.934269	1.112244	0.259804	0.303065
0.700847	3.390697	1.378276	-0.654362	-0.161020	-0.661591	1.913976	-0.489220	1.773378	0.327226	0.898219	-0.607751	-0.304330	0.169493	1.591360	-2.072261	1.849993	0.526736	0.489546	-0.243614	-0.353362	-1.065644	-0.229066	1.466581	0.469547	2.125901	0.521033	2.599890	2.514041	1.212646	1.267116	0.813642	0.911288	-0.683686	1.182871	0.582050	-2.099325	0.265642	0.550547	0.926241	0.820360	2.482500	1.998245	0.754232	2.219244	1.647514	0.918753	0.867138	0.939108	0.734552	0.538387	1.374724	1.011764	-0.944976	1.102200
0.882608	1.136523	1.758064	0.490427	-0.038164	-1.157400	0.063517	-0.440147	1.272490	-0.531437	1.749547	-0.010064	-0.874532	0.326487	0.232691	-1.623991	-0.001201	-1.275470	-0.854772	0.153851	0.482840	-0.220848	-0.363995	1.465005	1.902803	0.438809	1.222185	2.241284	0.754567	2.539914	2.268196	1.087265	0.114901	0.272129	1.966063	0.374410	-2.456174	0.280364	1.003769	1.359930	-1.512904	0.116108	-0.400522	-0.916733	0.047714	-0.543900	0.958221	0.930826	0.262004	0.570897	-0.133679	-0.401912	1.210305	-0.911326	1.652819
1.209710	-1.010574	2.083093	1.507244	0.743075	-1.287271	-1.429806	0.723684	0.445358	-0.754942	2.535522	1.137211	-0.871978	0.737288	-0.606807	-0.723641	-1.739732	-2.720240	-1.897176	0.710447	1.833675	0.551602	-0.458157	1.374262	2.958170	-0.857795	1.812950	1.748459	-0.328142	3.620719	2.993750	1.046563	0.363565	1.359291	2.603968	0.622616	-1.443375	0.908138	1.680318	1.641120	-3.174974	-2.211058	-2.249003	-1.869427	-1.552377	-2.377882	0.981911	0.913271	0.323847	0.882351	-0.096215	-1.828726	1.962158	0.366131	2.258369
2.223064	-1.882917	3.052739	2.540734	2.169392	-0.802369	-1.335333	2.001250	0.104802	0.406482	2.698955	2.762960	-0.238896	1.212703	0.316156	0.205061	-2.349431	-3.097975	-1.996401	1.806799	3.133344	1.031656	-0.307458	1.714094	3.063846	-0.419317	1.692459	1.885552	-0.177995	3.834991	3.189290	1.352201	1.306356	1.344985	2.585443	1.273199	-0.416453	1.955919	2.169144	2.108895	-3.072265	-3.308081	-2.657989	-2.371817	-1.769233	-2.800801	1.798187	1.442610	1.577280	2.105302	1.035602	-1.557683	2.600997	1.458401	2.825430
3.315193	-1.797288	3.912424	3.402310	3.377193	0.213328	-0.266116	2.203135	0.271375	2.100576	1.927602	3.983675	0.453710	1.444700	2.201671	1.085757	-1.905437	-2.488556	-1.308070	2.856791	3.416929	1.220207	0.158836	2.131745	2.223447	0.862002	0.908676	2.004335	0.234180	2.833426	2.573386	1.930508	1.647601	0.381777	1.602441	1.804069	-0.073278	2.696745	2.109147	2.596204	-1.729722	-3.093146	-2.067588	-2.657236	-1.095326	-1.988909	3.093620	2.263519	2.799063	2.823068	2.289998	0.054201	2.273393	1.215662	2.685114
3.194232	-1.536434	3.296648	3.321748	3.302304	1.063627	0.372610	1.177064	0.491593	2.690239	0.614766	3.810981	0.563877	1.389479	3.042573	1.766930	-1.083850	-1.484029	-0.538249	2.652356	2.224096	1.075692	0.771818	1.832046	0.914737	1.199477	0.069453	1.098693	-0.010720	1.024171	1.277168	2.033670	0.667826	-0.240698	0.017835	1.789406	0.102017	2.585939	1.644859	2.550730	-0.463077	-2.134703	-1.322408	-2.326764	-0.342947	-0.880223	3.571546	2.531685	2.503023	1.530540	2.446159	1.411611	0.947221	0.085006	1.392877
1.404599	-1.288762	1.108305	1.860734	1.643017	0.908695	0.103520	-0.169507	0.514704	1.476508	-0.433891	2.189944	-0.006925	1.233312	1.845492	1.757265	-0.293667	-0.541558	-0.286410	0.798397	0.201191	0.626255	1.180738	0.654532	-0.263049	0.168064	-0.406834	-0.653108	-0.724664	-0.568442	0.018688	1.170323	-0.980882	0.145238	-1.226736	1.203894	0.605395	1.729054	1.089756	1.738228	-0.037372	-0.969403	-0.790902	-1.182453	0.179863	-0.219086	2.412361	1.814863	0.803673	-1.094360	1.421087	1.457649	-0.516260	-0.574648	-0.489732
-0.993202	-0.803370	-1.123945	-0.256052	-0.684250	-0.282071	-0.391012	-0.920851	0.361245	-0.546690	-0.795461	0.118690	-0.758000	1.016633	-0.326975	0.752050	0.418471	0.221445	-0.570796	-1.550786	-1.396456	0.105659	0.975303	-0.603172	-0.960062	-1.009542	-0.705537	-1.907288	-1.136515	-1.170786	-0.532434	-0.270835	-1.994223	0.776508	-1.383722	0.304019	0.965650	0.632802	0.395369	0.554337	-0.163658	0.028805	-0.382193	0.054906	0.486653	-0.074410	0.310280	0.511273	-0.722014	-2.632449	0.220499	0.602071	-1.225930	-0.191986	-1.712396
-2.355510	-0.068574	-1.872171	-1.675316	-2.128601	-1.467151	-0.384885	-0.955130	0.091418	-1.651047	-0.730574	-1.267927	-1.060669	0.543225	-1.576052	-0.694092	0.911966	0.733995	-0.860246	-2.673410	-1.788159	-0.232946	0.001166	-1.030731	-1.168704	-1.123448	-1.101465	-1.635037	-0.873288	-0.912945	-0.458926	-1.346667	-1.650034	0.649591	-0.611239	-0.546923	0.507220	-0.282337	-0.590439	-0.397034	-0.084981	0.542636	0.008156	0.487359	0.447020	-0.068867	-1.172333	-0.628867	-0.905941	-1.701421	-0.309509	-0.065950	-1.011777	0.476597	-1.515375
-1.929208	0.631648	-1.130573	-1.779021	-1.811296	-1.554024	0.096189	-0.672868	-0.151016	-1.007267	-0.605158	-1.562353	-0.710477	-0.226240	-1.107998	-1.445526	0.896911	0.792930	-0.610029	-1.979164	-1.186432	-0.405904	-1.271366	-0.569135	-1.002583	-0.232628	-1.292087	-0.178377	-0.128374	-0.498720	-0.402717	-1.413358	-0.262292	-0.086402	0.232011	-0.949888	-0.419386	-0.823429	-1.439825	-0.823875	0.518179	0.496212	0.347082	0.209668	-0.045205	0.120775	-1.185243	-1.127010	-0.128879	0.420221	-0.290421	-0.027542	-0.339755	0.498218	-0.394574
-0.385235	1.121327	-0.076783	-1.189031	-0.339803	-0.626267	0.515582	-0.288364	-0.103391	0.603487	-0.296302	-1.077287	-0.100649	-0.885109	0.192283	-0.901580	0.354358	0.287109	0.123138	-0.538121	-0.352897	-0.659496	-1.892928	0.027833	-0.510550	0.751810	-0.691027	1.264004	0.790338	-0.373263	-0.740701	-0.665239	1.284665	-0.488669	0.522694	-0.652462	-0.717900	-0.927072	-1.290867	-0.781007	1.209104	0.235449	0.598472	0.112316	-0.616561	0.479910	-0.330022	-0.921296	0.506153	1.329103	-0.361792	0.431438	0.281293	-0.051339	0.408690
0.927132	1.340765	0.401630	-0.849680	0.810980	0.167452	0.396503	0.256208	0.253064	1.581953	0.492350	-0.334196	0.155603	-0.929262	0.851555	0.338661	-0.353112	-0.561445	0.648723	0.126199	0.138775	-1.094965	-1.292264	0.074631	0.213207	1.111842	0.584099	1.852373	1.606947	-0.429573	-1.217371	0.091360	2.162840	-0.206595	0.409103	0.107875	-0.036024	-0.702754	0.035290	-0.446113	1.297400	0.132071	0.718340	0.525608	-0.684478	0.706679	0.159515	-0.225264	0.534210	0.173301	-0.786385	0.881937	0.640211	-0.397674	0.170373
1.118688	1.051465	0.367444	-0.973612	0.750475	-0.029167	-0.406022	0.827655	0.461786	0.983495	1.460566	0.219798	-0.171260	-0.362066	0.233345	1.069802	-0.901304	-1.311848	0.353029	-0.458314	0.163847	-1.441945	-0.019522	-0.402249	0.860546	0.672868	1.501749	1.569924	1.872509	-0.441044	-1.400281	0.175699	1.939768	0.221143	0.346752	0.575786	0.751650	-0.486470	1.418409	-0.096019	0.599462	0.013149	0.530256	0.716481	-0.303667	0.470399	-0.232944	0.503695	0.258785	-1.775954	-1.230078	1.170647	0.709969	-0.221425	-0.672954
0.305131	0.075674	0.198801	-1.135553	-0.092187	-0.849716	-1.575400	1.043168	0.152607	-0.658890	1.779916	0.272255	-0.704273	0.290427	-0.974515	0.681906	-1.235766	-1.592588	-0.563026	-1.535155	-0.153364	-1.334484	0.687204	-0.874733	1.076068	-0.378601	1.249751	0.801898	1.204081	-0.441220	-1.209098	-0.402082	0.805597	0.359070	0.391519	0.152991	0.814094	-0.542029	1.464790	-0.111087	-0.324765	-0.574219	-0.084638	0.092206	-0.220884	-0.250697	-0.916051	0.670570	-0.033125	-2.889101	-1.245556	1.238261	0.517886	0.095197	-1.164196
-0.673157	-1.052319	-0.030329	-1.089301	-0.622481	-1.271248	-2.294556	0.803741	-0.238675	-1.851550	1.136616	-0.142629	-0.879569	0.609302	-1.495151	-0.352476	-1.259287	-1.237168	-1.189836	-2.125134	-0.597742	-0.801128	0.238461	-0.967211	0.849311	-1.490165	0.295650	-0.046006	-0.041724	-0.525740	-0.845644	-1.052443	-0.363868	0.408786	0.250599	-0.841865	0.435594	-0.697392	0.130816	-0.610781	-0.707116	-1.426608	-0.768933	-0.657308	-0.788965	-0.982580	-1.057686	0.038077	-0.353273	-2.668832	-0.693761	0.989042	0.244545	0.300681	-0.894859
-0.989779	-1.257462	-0.311834	-1.026637	-0.298868	-0.875278	-1.771822	0.508186	0.109148	-1.535451	0.283326	-0.519433	-0.581283	0.661744	-0.745505	-1.179123	-0.694701	-0.335311	-0.850511	-1.845099	-0.857521	-0.349239	-0.696476	-0.801141	0.560973	-1.817544	-0.163948	-0.556975	-0.837088	-0.519899	-0.439317	-1.233052	-0.603194	0.597091	-0.116390	-1.438475	0.303987	-0.579006	-1.188882	-1.108248	-0.346180	-1.574203	-0.824322	-0.383299	-1.327499	-1.063888	-0.592915	-0.869869	-0.615362	-1.483607	0.241082	0.484587	0.201124	0.635860	-0.226045
-0.505230	-0.210512	-0.394589	-1.061437	0.338317	-0.281787	-0.210172	0.494521	1.088227	-0.092056	0.133540	-0.336657	-0.286442	0.649762	0.554748	-1.501929	0.359848	0.650771	0.106731	-0.903825	-0.667551	-0.465076	-1.150904	-0.758421	0.485839	-0.952055	0.282513	-0.464992	-0.655397	-0.150711	-0.030941	-0.920941	0.096101	0.665217	-0.366872	-1.189292	0.329685	-0.240941	-1.363291	-0.949126	0.177507	-0.530937	-0.098020	0.734838	-1.066084	-0.361877	-0.207355	-1.230929	-0.537703	0.183629	1.145126	-0.058252	0.457909	1.116226	0.379724
0.144505	0.906386	-0.171923	-0.894028	0.304579	-0.330774	1.028172	0.543577	1.401488	1.047132	0.545736	0.293898	-0.506917	0.521805	1.172650	-1.568087	1.032897	0.990851	0.605842	0.224238	-0.113213	-1.050033	-1.073002	-0.992676	0.374142	0.386122	0.825064	-0.049419	-0.213009	0.476067	0.225024	-0.498639	0.585519	0.288272	-0.340328	-0.704711	-0.007686	-0.159224	-0.796330	-0.210482	0.097926	0.754939	0.523289	1.140969	-0.334072	0.406207	-0.427212	-0.893127	-0.086473	1.682342	1.458885	-0.599164	0.628288	1.120641	0.826614
0.231238	0.573115	-0.058567	-0.196738	-0.674513	-1.032907	0.753897	0.239629	0.183908	0.865891	0.531807	0.731544	-1.107364	0.218403	0.746659	-1.387691	0.454689	0.291384	0.015726	1.035532	0.368422	-1.426130	-1.085231	-1.201357	-0.220383	0.925896	0.618087	-0.031004	-0.508233	0.855262	0.190572	-0.295226	-0.156626	-0.388410	-0.386303	-0.717047	-0.463389	-0.403134	-0.593511	0.252511	-0.717782	0.851563	0.017251	-0.066326	-0.118944	0.357531	-0.982009	-0.535448	0.355861	2.120758	0.823457	-1.267583	0.313752	0.253553	1.124114
-0.217330	-1.136808	-0.446521	0.892197	-1.727739	-1.531748	-0.594384	-0.357569	-1.528003	-0.210675	-0.348722	0.646585	-1.315293	0.045588	0.120582	-0.545066	-1.006919	-0.920663	-1.101678	1.275540	0.465966	-0.939578	-1.276342	-0.905559	-1.186252	0.305817	-0.109578	-0.745515	-1.388382	0.668496	0.101524	-0.296716	-1.679899	-0.927387	-0.817222	-0.980440	-0.200990	-0.251861	-0.916735	-0.088294	-1.587770	-0.342666	-1.394537	-1.812398	-0.592742	-0.513339	-1.162278	-0.701081	0.444820	1.219753	-0.416040	-1.829933	-0.300720	-0.817083	1.102081
-0.416745	-2.431254	-0.904310	1.881706	-1.710175	-1.129701	-1.327841	-0.743202	-1.819851	-0.869861	-1.333691	0.436751	-0.552180	0.376981	0.201085	0.922679	-1.847817	-1.528072	-1.608309	1.173133	0.400676	0.424421	-1.017787	-0.008093	-1.712202	-0.484772	-0.511186	-1.586057	-1.775701	0.212870	0.444603	-0.244166	-2.494560	-1.068561	-1.233168	-0.686925	0.734589	0.861183	-0.925007	-0.663551	-1.702887	-1.392289	-2.307669	-2.380334	-0.858552	-1.257382	-0.653924	-1.059671	0.240036	0.019104	-1.261496	-1.574061	-0.643088	-1.102471	0.713350
0.192244	-1.886160	-0.511787	2.408190	-0.478868	-0.120336	-0.496041	-0.603460	-0.398888	-0.433688	-1.409177	0.602764	0.788611	1.010310	0.804009	1.953393	-1.108737	-0.966338	-1.079034	1.200046	0.670655	1.983190	-0.137338	0.955286	-1.115746	-0.415734	-0.366237	-1.603565	-1.263866	0.045817	1.262922	0.046012	-1.839147	-0.785267	-0.848483	0.160928	1.118798	2.240441	-0.262610	-0.569266	-0.975100	-1.119858	-1.787972	-1.575982	-0.314278	-1.069517	0.154430	-0.957635	-0.048194	-0.078851	-0.966972	-0.195217	-0.555492	-0.694725	0.350920
1.159984	-0.148474	0.842004	2.395506	0.932957	0.639873	0.939737	-0.129335	0.881788	0.417027	-0.550635	0.969432	1.623395	1.196008	0.959509	1.488121	0.408972	0.127240	-0.171110	1.456929	1.357201	2.872901	0.528748	1.276058	0.291474	0.243170	-0.282879	-0.628786	-0.656867	0.273427	1.822970	0.474251	-0.475571	-0.110532	0.413755	0.585302	0.252183	2.443331	0.286231	0.152910	-0.091955	-0.030552	-0.493815	-0.713643	0.455019	-0.203682	0.674869	-0.362353	-0.413835	0.938392	0.091286	1.405249	-0.476249	-0.623056	0.426866
1.516494	0.937389	2.002230	1.871136	1.471279	0.843052	1.306714	0.262433	0.446307	0.554275	0.296838	0.883210	1.344786	0.471994	0.212777	0.022530	1.083700	0.648604	0.318046	1.486230	1.857717	2.675040	0.307899	0.847535	1.396539	0.425305	-0.650371	0.505373	-0.642279	0.424555	1.343621	0.782026	0.415802	0.736852	1.536542	0.110462	-0.841046	1.057225	0.020310	0.580174	0.300886	0.496388	0.243698	-0.620167	0.559782	0.425010	0.755713	0.230376	-0.868068	1.590739	0.726948	1.802313	-0.678736	-1.229004	0.712750
0.957755	0.553744	1.806895	0.961312	1.127908	0.986148	0.305743	0.259718	-0.889411	-0.196786	0.319678	0.148235	0.491312	-0.712935	-0.795681	-0.664202	0.436412	0.294744	0.344356	0.891825	1.491699	1.667645	-0.168256	0.297450	1.377002	-0.117998	-0.998069	0.899167	-0.755307	0.092185	0.047537	0.853217	0.538355	1.176980	1.437568	-0.347471	-0.782538	-0.612933	-0.499924	0.253712	0.260277	0.017943	0.066387	-0.698702	0.012463	0.307925	0.687309	0.624218	-1.075483	0.848832	0.238232	0.643641	-0.793968	-1.552715	0.541612
0.152111	-0.422976	0.510532	0.068966	0.649779	1.422795	-0.730953	-0.218787	-1.100723	-0.893089	-0.353520	-0.595230	0.029583	-1.386236	-1.144277	0.288618	-0.441362	-0.221439	0.313846	-0.008038	0.343733	0.551517	0.189471	0.203350	0.449675	-0.492782	-0.753987	0.453392	-0.323663	-0.506359	-0.900187	0.795607	0.295367	0.715205	0.224249	0.259567	0.118155	-1.048223	-0.232478	-0.159573	0.202693	-0.633440	-0.286176	-0.272843	-0.529500	-0.298396	0.672312	1.049393	-0.623811	-0.469396	-0.816748	-0.909672	-0.446697	-0.790634	-0.258743
-0.252284	-0.868470	-0.587467	-0.339334	0.400322	1.633113	-0.693053	-0.903054	0.189832	-0.687042	-0.925288	-0.637111	0.153495	-1.026787	-0.702568	1.534119	-0.461159	-0.199867	0.271005	-0.471590	-0.721472	-0.120618	1.163744	0.373219	-0.521744	-0.132586	-0.213237	-0.294493	0.192820	-0.800295	-0.726365	0.699012	-0.147492	-0.299578	-0.923884	1.420022	0.340104	-0.357099	0.683406	0.112088	0.162063	-0.668029	-0.269075	0.186841	-0.800060	-0.862439	0.544038	1.439346	0.253793	-0.851939	-1.297727	-1.586401	0.000979	0.372516	-1.043914
-0.501042	-0.686997	-0.829804	-0.311347	-0.031642	0.903445	-0.055075	-1.189933	1.177252	0.155007	-0.816550	-0.129262	0.189920	-0.073749	-0.129474	1.154121	0.125895	0.225122	-0.069923	-0.286777	-1.000315	-0.347738	1.256705	0.184873	-0.975703	0.224962	-0.151852	-0.861964	-0.167998	-0.597270	-0.034452	0.454773	-0.873753	-0.802518	-1.105138	1.542143	-0.437128	-0.033533	0.905934	0.717149	-0.128342	-0.219404	-0.133919	0.025544	-0.930834	-0.976632	0.105676	1.213773	0.652929	-0.190654	-0.760174	-1.393274	-0.115640	0.678978	-1.172410
-1.177946	-0.342844	-0.837448	-0.449613	-0.952287	-0.445038	0.104075	-0.642557	0.406245	0.672514	-0.179345	0.103989	-0.296014	0.512734	0.050733	-0.732296	0.379669	0.506779	-0.558954	-0.059288	-0.715189	-0.519025	-0.200395	-0.450443	-1.004595	-0.306468	-0.590018	-1.060893	-1.078809	-0.280902	-0.041174	-0.032200	-1.441598	-0.214666	-0.565878	0.148041	-0.722671	-0.900806	-0.240422	0.614206	-0.467012	0.287629	-0.092592	-0.126528	-0.622093	-0.365047	-0.449210	0.150767	0.062801	0.185287	0.194019	-1.129582	-0.704879	0.143832	-0.808563
-2.000445	0.129844	-1.253247	-1.080606	-1.745796	-1.121162	-0.119974	0.382904	-1.156626	0.447422	0.395682	-0.330415	-0.767555	0.140255	0.034910	-1.935925	0.187274	0.571052	-0.472039	-0.334839	-0.611324	-0.818570	-1.696581	-0.821302	-0.882664	-1.154393	-0.634353	-0.780703	-0.916271	-0.229870	-0.931818	-0.507684	-0.950678	0.754794	-0.105443	-1.248821	0.448404	-1.934971	-1.546372	-0.328682	-0.142015	0.919343	0.308451	0.897634	0.725863	0.945365	-0.662132	-0.914004	-0.759430	-0.426033	0.772026	-0.934805	-0.877197	0.013249	-0.571752
-1.877711	0.934317	-1.553281	-1.642986	-1.469561	-0.392553	0.430627	0.866618	-1.414594	0.063817	0.502158	-0.880941	-0.425593	-0.956227	0.319969	-0.967175	0.394782	0.816816	0.556036	-0.767084	-0.924910	-0.933146	-1.120037	-0.250666	-0.644204	-0.799056	0.160299	0.009637	1.005801	-0.311632	-1.540243	-0.471832	0.716865	0.851703	-0.003441	-0.941223	1.677629	-1.587906	-1.241965	-0.890584	1.027881	1.808926	1.384064	2.693774	2.779194	2.305271	-0.317864	-0.832360	-0.506749	-0.968558	0.875677	-0.200699	-0.145418	0.817337	-0.595024
-0.434626	1.688321	-0.789373	-1.335813	-0.165322	0.899914	2.071809	0.145282	-0.034127	0.269068	0.166522	-0.836998	0.582350	-2.042531	0.937612	0.996979	1.387445	1.304547	1.802668	-0.595968	-1.131572	-0.549456	1.445210	1.010854	-0.315003	1.101213	0.844385	0.976154	3.047876	-0.186269	-0.917400	0.254954	2.244891	-0.280376	0.064564	0.761072	0.853902	0.061420	0.642979	-0.074199	2.114532	2.384760	2.352322	3.238626	3.968715	2.764106	0.306527	0.400319	0.967518	-0.144323	0.974065	1.059524	0.759750	1.407209	-0.390473
1.095218	1.621315	0.785749	-0.276700	1.003622	1.334527	3.370012	-1.243934	1.088809	0.979719	-0.357574	-0.298846	1.172318	-2.526980	1.346772	1.578936	2.219172	1.457812	2.114507	0.190535	-0.787648	0.014748	3.401865	1.946779	-0.243722	2.937324	0.154056	1.477447	2.954582	0.043530	0.263879	1.192258	2.120060	-1.639440	0.235426	1.826607	-1.776747	1.213086	2.029510	1.355285	2.096450	1.825657	2.006903	1.504102	3.069672	2.042433	0.717959	1.429827	2.145561	1.535258	1.284722	1.720073	0.673461	0.523554	0.288695
1.130764	0.669242	1.675112	0.502667	1.107841	0.704890	2.742367	-1.965002	0.449854	1.419152	-0.794843	0.019155	0.683697	-2.247376	1.058789	0.206843	1.692553	0.848003	1.248042	0.737217	-0.204998	0.119043	2.593814	1.803583	-0.762574	2.900234	-1.625728	1.143418	0.660262	-0.128272	0.483045	1.603027	0.434949	-1.838763	0.167891	1.029425	-3.477445	0.575950	1.243378	1.652110	1.204209	0.331087	0.389506	-0.840565	0.773758	0.928045	0.685239	1.085905	1.523745	2.149105	1.419380	0.949042	-0.518574	-1.234636	0.860171
-0.268894	-0.246251	0.941848	0.349529	0.492533	0.192854	0.575082	-1.229591	-1.026130	1.140185	-0.870043	-0.175088	-0.184479	-1.348942	0.198083	-1.225961	0.055556	-0.034769	0.159105	0.493919	0.033807	-0.216205	-0.031270	0.806084	-1.513799	1.054891	-2.627220	0.290438	-1.490865	-0.810067	-0.561435	1.219517	-1.090617	-0.496267	-0.276291	-0.505369	-2.270604	-0.932232	-0.837793	0.361769	0.599262	-0.747703	-0.911028	-1.296546	-0.889396	0.396522	0.422059	-0.162133	-0.416177	0.838851	0.965869	-0.489490	-1.580764	-1.895544	0.533537
-1.353893	-0.294231	-0.543672	-0.206377	0.137107	0.626234	-1.030397	0.350897	-1.323719	0.503977	-0.434250	-0.378905	-0.224445	-0.171638	-0.602221	-0.828341	-1.052698	-0.253062	-0.164690	-0.033735	-0.056997	-0.186957	-1.541548	-0.174370	-1.537470	-0.783052	-1.524630	-0.405935	-1.473015	-1.295747	-1.400774	0.438028	-1.027612	1.264917	-0.562774	-0.785661	0.628703	-1.288821	-1.764761	-0.989562	0.714870	-0.418198	-0.548473	0.333829	-0.707995	0.509695	0.276005	-0.766057	-1.588619	-0.976782	0.148350	-1.039643	-1.298070	-0.595036	-0.590655
-0.812087	0.300928	-1.156896	-0.283763	0.300603	1.237360	-0.738760	1.357840	-0.073159	0.003467	0.243765	-0.109960	0.652569	0.761819	-0.791962	0.919870	-0.543821	0.362945	0.180113	-0.091978	0.021150	0.612529	-0.595285	-0.525526	-0.348539	-1.091560	0.784668	-0.602616	0.174618	-0.826888	-0.678296	-0.191083	0.231309	1.770113	-0.166016	0.425374	2.316028	0.088633	-0.503712	-0.868847	0.662597	0.714510	0.887101	1.734032	0.485282	0.501106	0.258238	-0.064408	-0.836515	-1.361551	-0.447858	-0.248823	0.070905	1.194963	-1.433735
0.621887	0.667533	-0.511968	0.105111	0.312689	0.754773	0.450171	0.976930	1.078025	-0.474595	0.523862	0.288421	1.211460	0.972437	-0.407420	1.857221	0.749997	0.925746	0.351055	0.179789	0.355773	1.376034	1.097959	-0.381557	1.240216	-0.170632	2.111071	-0.513870	1.266506	0.321311	0.963658	-0.503766	1.127461	0.481493	0.542272	1.322107	1.569293	1.616392	1.307365	0.225955	-0.327635	1.180681	1.540400	1.048432	0.872580	-0.136315	0.006498	0.856879	0.589793	-0.277709	-0.701146	0.800008	1.052968	1.385755	-1.131231
1.181255	0.404544	0.228005	0.189320	-0.302529	-0.650243	0.598329	-0.250936	0.744808	-1.277437	0.053014	0.068936	0.518147	0.436358	-0.039728	0.882468	1.117585	0.625135	-0.011108	0.032672	0.416313	1.035093	1.198709	-0.291956	1.794846	0.488989	1.440174	-0.479969	0.686267	0.969261	1.596851	-0.685909	0.838215	-1.315683	0.672164	0.508591	-0.131483	1.534548	1.433703	0.466629	-1.522032	0.436129	0.578200	-0.862924	-0.242645	-0.991615	-0.694816	0.575335	0.679930	0.550277	-1.015015	0.968070	0.697930	-0.181580	-0.065623
0.358855	-0.053652	0.040392	-0.337420	-1.004950	-1.412868	-0.589455	-1.046188	-0.472898	-2.076872	-0.647034	-0.783203	-0.707493	-0.332377	-0.218248	-0.738727	0.137552	-0.179863	-0.352943	-0.610904	-0.065722	-0.212601	-0.249700	-0.532911	0.891847	0.130053	0.005717	-0.507830	-0.487368	0.448595	0.501220	-0.824768	0.085086	-1.836966	0.070897	-1.105309	-0.771359	0.058332	-0.147995	-0.753418	-1.530501	-0.555991	-0.784194	-1.662508	-1.634019	-1.236604	-1.459601	-0.754679	-0.632531	0.058340	-1.447285	0.334551	-0.309164	-1.548230	0.613249
-0.524854	-0.101740	-0.622813	-0.852927	-0.877686	-0.679003	-1.361029	-0.636737	-0.907401	-1.938068	-0.575884	-1.290106	-0.880677	-0.697785	-0.750183	-1.035028	-0.809168	-0.389216	-0.063801	-0.862101	-0.492005	-0.991980	-1.077984	-0.803782	-0.246719	-0.389056	-0.222783	-0.352532	-0.578791	-0.451875	-0.824699	-0.702691	0.039505	-0.756941	-0.377744	-1.503816	-0.086522	-0.940141	-1.250481	-1.849572	-0.314861	-0.573126	-0.794004	-0.467052	-1.552761	-0.554896	-1.555379	-1.487181	-1.334577	-0.758919	-1.295582	-0.248215	-0.549754	-1.009354	0.405854
-0.122062	0.335624	-0.599205	-0.706893	0.148451	0.506609	-0.268897	0.633342	0.131363	-0.515542	0.604403	-0.592140	0.438090	-0.341832	-0.844570	0.216487	-0.356328	0.398997	0.656151	-0.081691	-0.106185	-0.457508	0.025671	-0.636217	-0.060819	0.118388	1.217717	0.046638	0.567714	-0.371337	-0.526952	-0.167657	0.860165	0.611226	0.078777	-0.225275	0.642101	-0.204531	-0.287684	-1.039626	0.561749	0.420001	0.704190	1.247786	0.230402	0.548811	-0.696337	-0.572081	-0.036489	-0.313674	0.024982	-0.322854	0.369406	0.904463	-0.000330
1.207589	0.832776	0.309637	-0.099219	1.148095	0.611282	1.749394	1.785307	1.768906	1.198978	2.031531	0.914197	1.867151	0.625928	-0.078769	1.283427	1.022849	1.273912	1.048195	1.091994	0.893136	0.617169	1.749987	-0.085649	1.531770	1.340208	2.882930	0.407962	1.538225	0.904874	1.231167	0.375308	1.633710	1.062019	1.043406	1.030960	0.490225	1.456070	1.677094	1.212115	-0.050976	1.301513	2.099596	1.650603	2.071384	1.220610	0.492144	0.982755	2.053910	1.279176	1.906919	-0.119823	1.442209	2.185014	0.284912
1.886368	0.979031	1.076633	0.249033	1.295340	-0.411421	2.336445	2.110906	2.732674	1.737964	2.471063	1.883086	1.735973	1.731373	0.952293	0.679042	1.544616	1.031315	0.691554	1.352517	1.409642	0.759134	1.776505	0.168143	2.956577	1.651403	3.134561	0.468896	1.239359	2.100798	2.430513	0.155096	1.562111	0.717299	1.459879	0.572995	-0.084937	2.149238	2.237119	2.476031	-1.335633	1.118334	1.904649	0.719423	2.218891	0.938576	0.962940	1.242708	2.563125	2.178034	2.823913	-0.002462	1.638869	1.747918	1.192744
1.028982	0.758520	0.829480	0.014597	0.703933	-1.245503	0.593159	1.597605	2.498959	0.746409	1.582015	1.456966	-0.037374	2.280376	1.286940	-1.029576	0.365143	-0.383305	-0.110357	0.225686	0.685848	-0.474692	-0.358416	-0.375329	2.647363	0.274863	1.809434	0.377900	0.251526	1.957496	1.652637	-1.034890	0.780311	0.267792	0.859076	-1.163245	-0.138383	1.037989	0.599508	1.166331	-1.522809	0.130490	0.394472	-0.068076	0.681374	-0.099993	0.313460	-0.252023	0.951369	1.106686	1.830989	-0.060732	1.099946	0.479910	1.791633
-0.642382	0.509078	-0.104161	-0.484045	0.001781	-0.999355	-1.768932	0.670997	1.320249	-0.593423	0.135035	0.127643	-1.909938	1.773469	0.767185	-2.001848	-1.305999	-1.736247	-0.724353	-1.367123	-0.821485	-2.034628	-2.655660	-1.236977	0.647343	-1.497427	0.028637	0.511361	-0.028165	0.672802	-0.302217	-2.258764	-0.055429	-0.191211	-0.220114	-2.152891	0.367466	-0.835768	-1.518083	-1.488091	-0.107596	-0.554913	-0.827427	0.184033	-0.914813	-1.077392	-0.719029	-1.849414	-0.878693	-1.037557	-0.379352	-0.173634	0.651285	-0.162716	1.365013
-1.757944	0.541909	-0.760688	-0.814760	-0.550050	-0.154103	-2.423517	-0.254110	-0.235343	-0.861840	-0.937849	-0.925290	-2.407739	0.405536	0.106647	-1.387478	-1.656021	-1.839068	-0.766509	-2.071795	-1.930507	-2.566939	-2.903121	-1.338746	-1.512356	-1.814579	-1.212709	0.885084	0.728101	-0.472223	-1.535300	-2.205645	-0.591972	-0.897811	-0.916742	-1.217931	0.517994	-1.835196	-2.002934	-2.742041	1.563688	-0.281458	-0.671525	0.751755	-1.190545	-1.151724	-1.009771	-1.749542	-1.120988	-2.266232	-2.078614	-0.189565	0.546789	-0.004181	0.132129
-1.704992	0.737519	-0.708196	-0.823808	-1.103487	0.301501	-1.035504	-0.956452	-1.489826	0.065530	-1.373461	-1.099795	-1.495873	-1.008923	-0.164685	-0.208120	-0.447495	-0.794412	-0.359171	-1.407572	-1.878217	-1.742332	-1.058978	-0.303781	-2.317579	-0.532409	-1.759478	0.994799	1.321274	-0.659616	-1.279251	-0.651858	-0.912876	-1.537843	-0.852507	0.611661	-0.257566	-1.465810	-0.712756	-1.427950	1.890818	0.425643	0.326498	0.472534	-0.369555	-0.213532	-0.280704	-0.130420	-0.290358	-1.737683	-2.139298	-0.042061	0.244880	-0.108666	-1.019688
-0.896101	0.561990	-0.288190	-0.489573	-1.564526	0.105686	0.586556	-1.333223	-1.888901	0.993714	-1.409562	-0.738181	-0.244091	-1.791508	-0.239320	0.082114	0.757227	0.234063	0.002058	-0.049666	-0.833961	-0.326609	0.874185	0.954424	-1.545315	0.715552	-1.769969	0.413235	0.549160	-0.275776	-0.461991	1.145129	-1.093093	-1.485469	-0.294860	1.347575	-1.297472	-0.585266	0.659797	0.792604	0.688910	0.511692	0.734610	-0.627626	0.284956	0.900279	0.620450	1.132184	-0.219707	-0.377644	-0.991533	0.160356	-0.618801	-1.111642	-1.316290
-0.020833	-0.368368	0.040490	0.224422	-1.414514	-0.230531	0.640211	-1.287591	-1.470887	0.804658	-1.170283	-0.384360	0.439588	-1.921855	-0.393484	-0.653835	0.459258	0.324086	-0.174683	0.953311	0.495201	0.755370	1.122871	1.205891	-0.215058	0.509815	-1.175153	-0.598108	-1.263838	-0.120952	-0.223010	1.716467	-1.033311	-0.768743	0.217174	0.331279	-1.416283	-0.131817	0.729324	1.465067	-0.909372	-0.387821	-0.182804	-1.408649	-0.003656	1.097609	0.705783	0.706541	-1.388605	0.475749	0.014792	0.173414	-1.509148	-2.198737	-0.695012
0.566882	-1.725716	0.164972	1.127815	-0.393357	-0.333294	-0.889095	-0.707038	-0.867112	-0.398526	-0.540576	-0.081694	0.426220	-1.633478	-0.456413	-1.328825	-1.159879	-0.381559	-0.971516	1.037844	1.464860	1.127441	-0.092660	0.279949	0.518556	-0.942306	0.002146	-1.278236	-2.583970	-0.310375	-0.508787	0.852239	-0.739205	-0.035655	0.316734	-1.117650	-0.300491	-0.145019	-0.140702	0.174514	-1.802527	-1.588680	-1.756497	-1.111867	-0.879476	0.045077	-0.103093	-0.719183	-2.275599	0.401073	0.046120	-0.112303	-1.475373	-1.996900	0.164517
0.815222	-2.623655	0.157629	1.641211	0.900234	-0.454384	-2.530294	0.398155	-0.526298	-1.561424	0.446244	0.410904	0.006376	-0.807526	-0.273883	-1.140599	-2.594884	-1.076542	-1.889545	0.355676	1.741237	0.893710	-1.131636	-0.803912	0.390684	-2.357509	1.205554	-1.134158	-2.312519	-0.284247	-0.429058	-0.374446	-0.423180	0.443314	0.001285	-1.336875	1.179420	-0.164162	-0.616467	-1.216984	-1.777330	-2.150279	-2.688542	-0.200218	-1.531840	-1.492516	-0.994364	-1.387224	-1.474129	-0.157865	-0.511231	-0.444425	-0.232224	-0.198802	0.447058
0.739647	-2.411074	0.028216	1.250831	1.428823	-0.912966	-2.906163	1.640259	-0.198501	-1.820329	1.374910	0.973434	-0.529867	0.716065	-0.141618	-0.394567	-2.634887	-1.184610	-2.128436	-0.509317	1.293749	0.325382	-0.929813	-0.990887	0.034939	-2.708955	1.723915	-0.380602	-0.803691	0.236274	0.361474	-0.836915	-0.201296	1.015957	-0.457166	-0.199570	1.997478	-0.097004	-0.157379	-1.044497	-1.211447	-1.774528	-2.329765	0.405343	-1.576450	-2.313074	-1.139929	-0.576104	0.411122	-0.668943	-0.687202	-0.428315	1.396106	1.997921	0.011888
0.422576	-1.240423	-0.170123	0.178627	0.830994	-1.340719	-1.810875	2.229641	0.495417	-1.199103	1.705047	1.087944	-0.844911	2.313862	-0.268976	0.198820	-1.378124	-0.733131	-1.237336	-0.937693	0.392503	-0.204619	-0.029787	-0.221804	0.101343	-1.801885	1.410394	0.361181	0.672556	0.732976	1.165228	-0.336567	0.063663	1.718394	-0.701862	0.943004	1.868568	-0.172911	0.450943	0.193188	-0.452446	-0.888552	-1.127722	0.411827	-1.171975	-1.798041	-0.424016	0.680287	1.560767	-0.881045	-0.067346	-0.027164	2.145106	2.980612	-0.442009
0.078943	0.168390	-0.178832	-0.673575	-0.089002	-0.888732	-0.059176	1.503790	1.244280	-0.320713	1.199244	0.486126	-0.533207	2.753711	-0.273631	0.482055	0.181983	-0.077470	0.397139	-0.610823	-0.468378	-0.293679	0.377605	0.686716	0.498795	-0.053206	0.645496	0.647782	1.147619	0.526230	1.175843	0.501704	0.416700	1.816149	-0.465969	0.952873	1.023454	-0.253754	0.251170	0.736566	0.314290	-0.087848	0.034199	0.105280	-0.619535	-0.392002	0.549090	0.973095	1.176466	-0.711322	0.796745	0.317034	1.415026	2.046578	-0.179614
-0.122503	1.160371	0.213839	-0.628602	-0.268070	0.696013	1.318284	-0.344822	1.221625	0.289268	0.067997	-0.469538	0.452328	1.539872	0.142485	0.762622	1.222953	0.486604	1.796093	0.271884	-0.893151	0.138753	-0.014214	0.962494	0.556730	1.777381	-0.321142	0.449592	0.556590	-0.325260	0.484300	0.959889	0.477548	0.792424	0.217687	0.057765	-0.330909	0.099124	-0.686149	-0.086564	0.893619	0.337705	0.697589	-0.408092	-0.155293	0.817814	1.018126	0.144945	0.163939	-0.216686	1.028529	0.140089	-0.268854	-0.202645	0.651376
-0.292459	1.436408	0.733912	0.064897	0.289834	2.472699	1.727073	-2.189646	0.078927	0.534680	-1.214988	-1.192671	1.468925	-0.312122	0.381761	1.098476	1.599998	0.834756	2.208280	1.081723	-0.901751	0.661324	-0.449904	0.554289	-0.139392	2.765349	-1.504051	-0.041373	-0.546056	-1.079915	-0.148204	0.786810	-0.218784	-0.612705	0.882613	-0.703112	-1.817279	0.755448	-1.459244	-1.143912	1.098764	0.437862	0.945541	-1.263967	0.005160	1.020352	0.713682	-0.760196	-0.341489	0.286108	0.354165	-0.580879	-1.810312	-2.385087	1.123580
-0.663899	0.948164	0.740324	0.616230	0.537162	3.095346	1.222099	-2.806951	-1.461925	0.600731	-2.126760	-1.406389	1.663380	-1.243797	-0.321788	1.159136	1.505598	0.913062	1.647918	1.251025	-0.788934	0.775381	-0.304009	0.001651	-1.185908	2.287267	-2.590569	-0.625116	-1.502741	-1.193196	-0.287179	0.255498	-1.483646	-1.012636	0.897637	-0.702934	-2.511408	0.891976	-1.435304	-1.078554	0.910300	0.366344	0.904861	-2.128224	-0.203431	0.312022	0.090390	-0.858955	-0.325699	0.396819	-0.634391	-1.433969	-2.434976	-3.187533	0.591167
-1.134544	-0.100561	0.003879	0.641656	-0.125133	2.168422	0.372974	-1.866194	-2.103799	0.715332	-2.211531	-1.085945	0.904662	-0.722100	-1.464266	0.779173	1.046800	0.688177	0.660012	0.792937	-0.647388	0.525203	0.100823	-0.158629	-1.701490	0.652155	-2.782201	-1.057918	-1.790668	-0.804640	-0.170034	-0.160809	-2.350664	-0.001333	0.095536	-0.113264	-1.573722	0.113851	-0.793126	0.085830	0.478854	0.216349	0.528596	-2.080920	-0.432657	-0.476725	-0.086476	-0.256954	-0.411732	0.107293	-1.075800	-1.867477	-2.047840	-2.139079	-0.561980
-1.169459	-1.085909	-0.800457	0.465918	-0.896751	0.587671	-0.120291	-0.145962	-1.132649	1.030089	-1.302050	-0.188798	0.008498	0.430271	-1.520970	0.256549	0.368266	0.244857	-0.214908	0.265040	-0.248305	0.402029	0.107364	0.218073	-1.216404	-0.884760	-1.659205	-0.991972	-1.141059	-0.297233	-0.078760	-0.164688	-1.950986	1.337655	-0.901047	0.628581	0.529315	-0.794386	-0.047257	1.247653	0.000888	0.060378	-0.055283	-0.686461	-0.111154	-0.570473	0.525211	0.442250	-0.616412	-0.106626	-0.614497	-1.461801	-0.974369	0.007534	-1.365863
-0.386844	-1.206894	-0.690300	0.509524	-0.593953	-0.465753	0.073117	1.139443	0.774948	1.496778	0.159516	1.123481	-0.166131	1.076407	0.084446	-0.063354	-0.096890	-0.168119	-0.662407	0.136129	0.480129	0.596117	-0.269358	0.882864	-0.141185	-1.109312	0.045744	-0.237859	0.185586	0.247779	0.138569	0.204112	-0.487882	1.663178	-1.182315	1.241197	2.004891	-0.750462	0.556664	1.654125	-0.363219	0.002339	-0.378983	1.073220	0.814384	0.071737	1.462072	0.920241	-0.310313	0.090606	0.399605	-0.202055	0.319880	1.676162	-1.309756
0.781325	-0.264649	0.487472	0.671655	0.672817	-0.655699	0.661911	1.257596	1.933826	1.759562	1.200497	2.122544	0.263850	0.804190	2.025720	-0.271463	0.057567	-0.320436	-0.603043	0.249213	1.071169	0.612296	-0.478377	1.338924	0.663847	0.008908	1.009650	0.842601	1.289564	0.878586	0.642527	0.634900	0.841205	0.742669	-0.471867	1.435643	1.447800	0.239496	0.949079	1.449144	-0.536884	0.072560	-0.145350	1.511700	1.518866	0.801407	1.818752	1.126731	0.641698	0.335739	1.298656	1.300074	1.252460	1.617122	-0.760098
1.293912	0.951079	1.738155	0.486845	1.459163	-0.590258	1.040603	0.417474	1.151689	1.369273	1.082101	1.939590	0.331108	0.029572	2.568353	-0.717083	0.636461	-0.228101	-0.289517	0.033549	0.910330	-0.138543	-0.407949	1.111487	0.686519	1.302307	0.695617	1.471850	1.254100	1.321587	1.057654	0.752265	0.987603	-0.531951	0.551877	0.843239	-0.559931	1.100589	0.855518	0.986622	-0.544367	0.157532	0.298625	0.080914	1.115250	0.976783	1.093748	0.856646	1.372992	0.005369	1.555714	2.074735	1.299771	-0.012769	-0.376539
0.608667	1.419925	1.905768	-0.222273	0.702883	-0.995247	0.878424	-0.512717	-0.945063	0.302307	0.090984	0.581410	-0.607873	-0.551338	1.515723	-1.404487	0.931510	-0.129618	-0.228571	-0.747919	-0.000227	-1.453807	-0.549309	0.197793	0.132138	1.593470	-0.130120	1.233093	0.161596	1.147852	0.814817	0.406532	0.082307	-1.141116	0.958712	-0.451476	-1.995106	1.058973	0.054965	0.300171	-0.433413	0.159937	0.341680	-1.820766	-0.154792	0.581081	-0.255418	-0.056702	1.022871	-0.803817	1.045881	1.675106	0.524536	-1.689025	-0.296636
-0.555426	0.997119	0.872541	-1.055512	-0.997708	-1.921982	0.314957	-0.784603	-2.316288	-0.854235	-0.653694	-0.839172	-2.059025	-0.523698	0.135758	-1.839194	0.504287	-0.246264	-0.668272	-1.634107	-0.937019	-2.351531	-1.028189	-0.782564	-0.335018	0.743647	-0.364381	0.568133	-0.783955	0.387580	-0.073379	-0.169778	-0.752282	-0.767480	0.510776	-1.568136	-1.597858	0.479045	-0.940591	-0.541408	-0.216922	0.133876	-0.119536	-2.233424	-1.025673	0.121651	-1.192113	-1.121974	-0.115774	-1.204849	0.130531	0.768215	-0.245390	-1.863252	-0.031633
-0.946938	0.421077	-0.444705	-1.476044	-2.118743	-2.748907	-0.368670	-0.379798	-1.559883	-1.447668	-0.362087	-1.219813	-2.917840	-0.049679	-0.553092	-1.605664	-0.336171	-0.592409	-1.220441	-1.994642	-1.252939	-2.117008	-1.114355	-1.202315	-0.171440	-0.494822	0.195113	0.226049	-0.518860	-0.378575	-0.985624	-0.611169	-0.626146	0.096445	-0.236816	-1.606816	-0.140189	0.141955	-1.063397	-1.090551	0.038073	0.118416	-0.585856	-0.740186	-0.715583	-0.009435	-1.142816	-1.362338	-0.961437	-0.643481	-0.554279	0.430677	-0.185828	-0.425503	0.820949
-0.278405	0.232542	-1.220760	-1.407766	-1.932083	-2.851607	-0.999307	0.129499	0.563611	-1.389225	0.573427	-0.637778	-2.632907	0.225317	-0.783402	-0.894571	-0.938074	-0.957602	-1.273619	-1.771600	-1.074135	-1.126347	-0.192384	-1.173259	0.547544	-1.349959	0.811880	0.331372	0.640131	-0.644401	-1.417732	-0.856154	0.228203	0.629248	-0.664199	-0.769915	0.722754	0.131382	0.051723	-0.964816	0.174544	-0.035628	-0.605798	1.167560	0.117488	0.070955	-0.569294	-0.459220	-0.986854	0.340744	-0.620854	0.777890	0.574673	1.274366	1.893108
0.484591	0.132134	-1.444107	-1.178150	-1.031657	-2.110987	-1.358532	0.285268	2.005803	-1.016617	1.069447	-0.083224	-1.562196	-0.249923	-1.242846	-0.205071	-0.993777	-1.027563	-0.717350	-1.372549	-0.934748	-0.357498	1.142254	-1.313522	1.124428	-1.510326	0.858941	0.352383	1.397166	-0.451883	-1.374234	-1.153924	0.908636	0.358166	-0.629880	-0.173469	0.453066	-0.103140	1.365776	-0.400770	0.143380	-0.443239	-0.243069	1.848068	0.322344	0.004519	-0.358243	0.630562	-0.601773	0.865098	-0.267423	0.794527	1.103370	1.914409	2.270701
0.500553	-0.395829	-1.400857	-0.901424	-0.224029	-0.773597	-1.137382	0.175666	1.718765	-0.504501	0.612237	-0.151361	-0.279279	-1.233947	-1.837007	0.344762	-0.694575	-0.608699	0.035830	-0.874105	-0.840039	-0.191884	1.589393	-1.730786	0.883411	-0.993826	0.514674	-0.048559	1.029551	-0.160908	-1.038493	-1.555521	0.983877	-0.477983	-0.325860	-0.407943	-0.044794	-0.742224	1.521893	0.013242	0.119205	-0.854649	0.138643	1.195134	-0.206402	-0.311272	-0.735682	0.668210	-0.214137	0.852123	0.000817	-0.203823	0.771349	1.448665	1.450721
0.163521	-1.205856	-0.978403	-0.287768	0.461451	0.841462	-0.377699	0.153110	0.568475	0.172864	-0.212279	-0.434878	0.998085	-1.684704	-1.779782	1.019210	-0.381631	0.157104	0.665338	0.141265	-0.154490	-0.081681	0.730598	-1.712023	-0.080302	-0.038828	0.319176	-0.565697	0.090147	0.000554	-0.483716	-1.637140	0.827597	-1.162833	0.011033	-0.801150	0.114974	-1.212599	0.483109	0.060063	0.225363	-0.825277	0.300053	0.337950	-0.542092	-0.645419	-1.037388	-0.366907	0.314405	0.854931	-0.095470	-1.426103	-0.102585	0.722935	-0.081073
0.397884	-1.617638	0.014091	0.732790	1.317704	2.236931	0.263359	0.350549	-0.066673	0.761038	-0.459771	-0.279912	2.109610	-0.748474	-0.805550	1.743872	-0.249557	0.822818	1.168606	1.689654	1.390242	0.518353	-0.403948	-0.720094	-0.896162	0.800612	0.414633	-0.753630	-0.469820	0.019492	0.129099	-0.967951	0.873811	-1.079888	0.128597	-0.398694	0.735805	-0.974670	-0.424040	0.051081	0.268692	-0.275633	0.233308	0.099060	-0.146426	-0.773572	-0.590921	-1.196094	0.951854	0.975130	-0.444675	-1.436752	-0.749194	0.263811	-1.313486
1.287252	-1.269850	1.156569	1.572162	2.039459	2.677610	0.176563	0.632749	0.065946	0.782276	0.137559	0.311091	2.567705	1.144833	0.296699	1.868827	-0.308067	0.992850	1.429295	2.839345	2.976748	1.308892	-0.523054	0.681298	-0.760879	0.919517	0.543455	-0.561179	-0.380073	-0.035123	0.461260	0.278935	1.020547	-0.200725	-0.108551	0.755759	1.063847	-0.275419	-0.111924	0.326627	0.025323	0.330547	0.057281	0.288769	0.432665	-0.675427	0.449068	-0.706086	1.029413	0.764689	-0.727293	0.061804	-0.768299	-0.053350	-1.593480
2.044898	-0.509946	1.703107	1.623753	1.931398	1.801494	-0.311501	0.835103	0.276694	0.278242	0.973342	0.821466	2.011973	2.395648	0.613609	1.012356	-0.428216	0.686106	1.048425	2.661490	3.428807	1.588741	0.503358	1.410039	0.246450	0.328243	0.562174	-0.141374	-0.027730	-0.024631	0.418568	1.465256	0.951354	0.778331	-0.399836	1.746444	0.753979	0.221506	1.065308	0.865975	-0.284280	0.465997	-0.058217	0.361522	0.465945	-0.374508	1.346375	0.823444	0.220442	0.287202	-0.603746	1.776703	-0.339468	-0.348828	-0.951244
2.133454	0.047723	1.503474	1.139152	0.931753	0.285866	-0.269999	0.810292	0.200282	-0.015394	1.230137	0.948119	0.899045	1.743253	0.181327	-0.141389	-0.434742	0.268435	-0.054057	1.501900	2.517111	1.290855	1.622857	1.232319	1.225495	-0.240868	0.527115	0.475339	0.223715	0.210867	0.392920	2.183335	0.646695	0.888978	-0.171884	1.939044	0.019742	0.293395	1.859288	1.361951	-0.172268	0.054065	-0.028518	0.145204	0.045546	0.145535	1.666779	2.079896	-0.564126	0.364906	0.048597	2.218326	0.124552	-0.413931	0.182360
1.732737	0.111296	1.088771	0.909662	-0.150167	-0.606181	0.491796	0.384212	0.099808	0.351500	0.634892	0.797363	0.162875	-0.301368	-0.215759	-0.416049	-0.287825	-0.003727	-1.159860	0.620747	1.125559	1.040659	1.812231	0.966682	1.319007	-0.204539	0.354322	1.154854	0.298680	0.593947	0.708722	2.487195	0.291365	-0.121572	0.651479	1.548263	-0.727662	0.253191	1.558832	1.473107	0.385432	-0.554122	-0.026148	-0.229653	-0.213325	0.696228	1.581269	2.116373	-0.205709	1.245857	0.828445	1.213366	0.348364	-0.166577	1.239401
1.114639	-0.144726	0.842289	1.099684	-0.526688	-0.340702	1.024076	-0.400206	0.054058	0.752963	-0.301358	0.512551	0.070983	-1.824369	-0.064739	0.422777	-0.148949	-0.251145	-1.358975	0.542385	0.154644	1.133193	1.070220	1.222863	0.536659	0.156606	-0.140161	1.415065	0.200112	0.734382	1.012250	2.406329	-0.032692	-1.218777	1.338127	1.104095	-1.096966	0.349499	0.611648	1.058382	0.737309	-0.944701	-0.332421	-0.657854	-0.092570	0.797761	1.339344	1.235009	0.930461	1.770272	0.979895	-0.131775	0.323955	0.059085	1.628004
0.236496	-0.322094	0.644325	1.009059	-0.179425	0.355960	0.538845	-1.029349	-0.313371	0.253915	-0.693642	0.135633	-0.092757	-1.536471	0.431927	1.233304	-0.169540	-0.687613	-0.649979	0.458038	-0.300238	1.005410	0.207239	1.535118	-0.278991	0.208384	-0.793629	0.910189	-0.063041	0.382150	0.681878	1.692956	-0.268889	-0.994278	1.175222	0.769478	-0.919583	0.514006	-0.065030	0.368078	0.309790	-0.896849	-0.891236	-1.016079	0.086306	0.172182	0.887055	0.504560	1.330825	0.745085	0.268178	-0.732643	0.211037	-0.067099	1.075146
-0.804103	-0.132936	0.421074	0.204429	0.385767	0.476773	-0.411067	-0.885217	-1.005204	-0.928641	-0.071800	-0.129800	-0.895244	-0.186320	0.822354	0.809153	-0.282235	-1.188409	-0.038719	-0.418514	-0.574433	0.121863	-0.134784	1.185609	-0.354227	-0.062555	-1.093152	0.065968	-0.328472	-0.106138	-0.155498	0.407700	-0.236370	0.591174	0.435251	0.386698	-0.494891	0.674971	-0.089865	-0.044484	-0.624611	-0.456942	-1.209633	-1.036953	0.117137	-0.716280	0.242009	0.545869	0.450214	-1.194173	-0.445541	-0.494619	0.140873	-0.418804	0.035910
-1.427601	0.371548	0.445922	-0.663003	0.763806	-0.052814	-0.602555	0.001725	-1.190092	-1.363001	1.113231	0.086666	-1.676818	0.445378	0.980292	-0.577971	-0.305106	-1.335775	-0.344759	-1.478886	-0.699101	-0.946102	-0.022256	0.471673	0.206353	-0.082531	-0.770755	-0.254906	-0.327656	-0.066539	-0.511258	-0.569435	0.130413	1.838396	0.116362	-0.004259	-0.376125	0.887908	0.196910	0.190856	-1.198365	0.069129	-0.886325	-0.546187	0.247383	-0.936420	-0.120676	0.973645	-0.430064	-2.063691	-0.005902	-0.044720	0.140893	-0.573865	-0.566545
-1.138750	0.825300	0.776140	-0.640806	0.802823	-0.441567	0.282723	0.845897	-0.180876	-0.107461	1.853682	0.805548	-1.185342	-0.204151	1.135697	-1.392101	-0.170821	-0.890479	-1.171891	-1.358786	-0.444896	-0.961558	0.153014	0.415235	0.648016	0.357933	-0.121909	0.182525	-0.004030	0.624668	0.284238	-0.272339	0.522052	1.168480	0.723326	-0.054922	-0.705236	1.054501	0.336029	0.827689	-0.902473	0.287253	-0.112214	0.201063	0.694115	-0.070918	0.231657	1.023796	0.086484	-0.972616	1.552304	0.138685	0.222915	-0.299468	-0.286121
-0.278334	0.863435	0.825634	0.185145	0.396685	-0.139310	1.296162	0.935447	1.350713	1.879166	1.533022	1.365017	0.684565	-0.868103	1.436877	-0.673759	0.065914	-0.063583	-1.370423	0.169152	0.058999	0.342054	0.218564	1.186854	0.509352	0.713150	0.381706	0.625434	0.332783	1.254416	1.570735	0.985922	0.510227	-0.904366	1.630296	0.338477	-0.961573	0.873665	0.204715	1.157648	-0.075385	0.075084	0.531565	0.648209	1.111752	1.211567	0.860908	0.429447	1.568269	0.708566	2.734487	0.095006	0.400103	0.224775	0.315526
0.189823	0.490824	0.002837	0.673499	-0.486769	0.501404	1.414507	0.347534	1.815743	2.547007	0.433694	0.954930	2.348448	-0.270766	1.581173	0.748367	0.392624	0.725174	-0.423766	1.597938	0.211106	1.592212	0.177564	1.561231	0.040406	0.473573	0.544796	0.246501	0.323824	1.019694	1.940551	1.565276	0.035904	-2.251700	1.754267	0.628430	-0.573187	0.264219	-0.131574	0.650800	0.545409	-0.194278	0.715928	0.502531	0.928100	1.768484	0.679177	-0.489728	2.221227	1.037137	2.116106	0.035646	0.544734	0.582408	0.329535
-0.266254	0.111639	-1.341129	0.018489	-1.529157	0.721780	0.697026	-0.353267	0.574787	1.023715	-0.699050	-0.441206	2.144093	1.053568	1.041544	1.211591	0.874062	1.238562	0.956083	1.318251	-0.375173	1.203184	-0.079202	0.422448	-0.346596	-0.007971	0.414682	-0.821857	-0.009020	-0.043206	0.833681	0.287141	-0.551598	-1.593382	0.658073	0.127453	0.320188	-0.412417	-0.673762	-0.537345	0.567799	0.063221	0.646446	0.054956	0.197943	1.182490	-0.734973	-1.316589	1.113917	-0.160073	-0.015977	-0.032120	0.365663	0.454591	-0.399645
-1.150185	0.107077	-2.091814	-1.236903	-2.082767	0.244346	0.061737	-0.848741	-1.116591	-1.344953	-1.375466	-1.852149	0.236254	1.385133	-0.191942	0.146407	1.456694	1.466213	1.665280	-0.476137	-1.301029	-0.711520	-0.659346	-1.608908	-0.663739	0.059844	0.070389	-1.654022	-0.343726	-1.087938	-0.806843	-2.007684	-0.940608	0.114486	-1.081493	-1.091311	0.921518	-0.747938	-1.380237	-1.672185	0.186436	0.984922	0.676565	-0.185696	-0.303329	0.160817	-2.391577	-1.807120	-0.760984	-1.275358	-1.872656	-0.215765	-0.301206	-0.138556	-1.113247
-1.545524	0.387447	-1.641084	-1.828169	-1.680733	-0.475428	0.083070	-1.133537	-1.451927	-2.468170	-1.514234	-2.211479	-1.546432	0.090754	-1.235014	-1.347620	1.791071	1.360895	1.352514	-1.961588	-1.740790	-2.343288	-1.338705	-2.707744	-1.101000	0.716964	-0.340273	-1.633627	-0.546085	-1.397810	-1.630230	-3.233097	-1.140777	1.043945	-2.384051	-2.121274	0.674635	-0.712859	-1.953191	-2.063033	-0.178039	1.927948	0.780328	-0.065158	-0.043090	-0.348691	-2.856061	-1.821119	-1.803544	-1.078486	-2.030526	-0.492135	-1.158977	-0.813734	-1.090162
-1.128853	0.500998	-0.608430	-1.205964	-0.529393	-0.742901	0.379899	-1.074183	-0.109630	-1.699871	-1.154516	-1.363036	-1.705999	-1.438347	-1.035499	-1.798863	1.454177	0.795415	0.579516	-1.709554	-1.316075	-2.181003	-1.616155	-1.948018	-1.426582	1.052854	-0.519836	-1.056255	-0.754310	-1.067935	-1.304771	-2.361130	-1.244449	0.697078	-2.464063	-2.143849	-0.031719	-0.503525	-1.969938	-1.609519	-0.331317	2.017829	0.609990	0.183779	0.575460	-0.192324	-1.831883	-1.323465	-1.561613	-0.102268	-0.812064	-0.764594	-1.542417	-1.062794	-0.451367
-0.383339	0.243822	-0.041912	-0.058948	0.569570	-0.276293	0.343579	-0.493869	1.510225	-0.202709	-0.421184	-0.117873	-0.492988	-1.436177	0.379318	-0.904114	0.523194	-0.057462	0.069607	-0.147534	-0.455713	-0.616752	-1.201375	-0.302537	-1.127636	0.481056	-0.269407	-0.584245	-0.906128	-0.667918	-0.555135	-0.475810	-1.134172	0.074504	-1.409492	-1.243315	-0.306125	-0.186227	-1.323981	-0.787929	-0.364949	1.147187	0.101665	0.355139	0.802254	0.070298	-0.413648	-0.553812	-0.763805	0.405345	0.315349	-1.013998	-1.039372	-0.683557	0.152267
0.031868	-0.032906	-0.207316	0.529974	0.843572	0.515388	0.063618	0.258413	1.941097	0.591963	0.253018	0.567560	0.665621	0.107048	1.666963	0.307926	-0.248111	-0.550005	0.053641	1.090981	0.082681	0.646501	-0.415684	0.598256	-0.260542	-0.315574	0.163376	-0.447401	-0.620409	-0.480785	-0.078168	0.571464	-0.671627	-0.064104	-0.175470	-0.248914	0.130564	0.221289	-0.493400	-0.217282	-0.357639	0.215836	-0.249437	0.443827	0.514393	0.034545	0.206187	-0.041664	-0.127182	0.199248	0.415243	-1.135316	-0.054633	-0.039779	0.369849
-0.105165	0.097522	-0.531330	0.179230	0.215460	0.859085	0.047355	0.444217	1.042811	0.343766	0.336869	0.393582	0.730241	1.510597	1.531405	0.683375	-0.175150	-0.176232	0.291080	0.948940	-0.063100	0.523787	0.021016	0.227585	0.323808	-0.313427	0.246472	-0.407065	0.180861	-0.347626	0.056212	0.127555	-0.035965	-0.100179	0.219048	0.111534	0.655836	0.481437	-0.174720	-0.241675	-0.190095	0.127739	0.022976	0.467903	0.179966	-0.170638	-0.096641	-0.204267	0.199533	-0.004191	-0.163169	-0.792286	0.493049	0.280696	0.331001
-0.466241	0.521272	-0.507363	-0.564852	-0.564372	0.378648	0.283278	-0.048831	-0.242799	-0.311459	-0.123691	-0.158122	-0.111355	1.443725	0.230634	0.164749	0.477614	0.661740	0.472960	-0.141815	-0.562857	-0.437522	-0.209487	-0.613884	0.040861	0.332787	-0.153735	-0.247984	0.920968	-0.129152	0.017246	-0.884680	0.454102	-0.465387	-0.271670	-0.141467	0.682396	0.336501	-0.473613	-0.698610	0.239456	0.698848	0.643259	0.411876	0.066552	-0.272484	-0.590180	-0.784396	0.266420	0.109508	-0.528110	0.171912	0.231793	0.165642	0.182336
-0.452517	0.738179	-0.167285	-0.883345	-0.579188	-0.439162	0.283621	-0.335818	-0.984291	-0.650592	-0.367431	-0.358333	-0.875333	0.300479	-0.722898	-0.301635	0.764670	0.965345	0.476309	-0.959214	-0.717327	-0.922587	-0.529376	-0.978608	-0.463767	0.540325	-0.441044	0.056069	1.043042	0.071698	-0.147769	-1.232473	0.794275	-0.641521	-0.662588	-0.386717	0.410318	-0.049959	-0.658033	-0.960194	0.737273	0.932279	0.854538	0.351953	0.020074	-0.169322	-0.662851	-0.901866	0.150555	0.105766	-0.271663	1.261784	-0.141482	0.112019	-0.070614
0.282508	0.573782	0.276673	-0.477077	0.276696	-0.754617	0.036654	0.321334	-0.873007	-0.414504	0.175832	0.059458	-0.818726	-0.587581	-0.456960	-0.053042	0.286468	0.384304	0.332809	-0.821337	-0.140232	-0.402482	-0.152424	-0.687708	-0.079852	0.006812	0.043096	0.558325	0.787066	0.220954	-0.275633	-0.611964	1.205735	-0.031133	-0.139701	-0.143311	0.328254	-0.217148	-0.062393	-0.455893	0.965844	0.362661	0.436482	0.401108	0.003885	0.185078	-0.273677	-0.037716	0.177691	-0.124263	0.348084	1.713874	0.259748	0.496889	-0.239663
1.371112	0.401679	0.733485	0.213759	1.098301	-0.382677	0.123126	1.348434	-0.152318	0.154367	1.037239	0.648555	-0.102184	-0.573518	0.246609	0.454583	-0.289838	-0.294416	0.136645	-0.120460	0.797076	0.428473	0.756776	-0.120372	1.124462	-0.308320	1.068196	1.279607	0.832475	0.523860	0.008376	0.340214	1.614131	0.808239	0.909664	0.443781	0.396972	-0.001795	0.948365	0.618802	0.841657	-0.345623	0.039251	0.517818	0.264605	0.763215	0.330233	1.141464	0.652094	0.042592	0.863409	1.376831	1.277625	0.994393	0.022326
1.916939	0.538599	1.039698	0.536576	0.999885	0.028212	0.622207	1.501749	0.603714	0.517049	1.219459	0.759177	0.466070	-0.112476	0.235012	0.407935	-0.211810	-0.249286	0.015164	0.351181	1.290355	0.686293	1.173736	0.393917	1.826123	0.225149	1.623078	1.826762	1.247662	1.026904	0.732773	0.889471	1.633066	0.802127	1.398923	0.887429	0.234620	0.322588	1.407669	1.324637	0.544038	-0.381647	0.223063	0.530043	0.708709	1.153768	0.882666	1.456804	1.173312	0.783209	0.939294	0.818842	1.826089	1.019467	0.642393
1.361917	0.702411	0.890723	0.329174	0.192226	-0.065496	0.683282	0.558446	0.735965	0.244664	0.496285	0.291833	0.291265	0.164029	-0.334261	-0.124269	0.245574	0.195709	0.037983	0.326207	0.938325	0.363946	0.594836	0.675640	1.211320	0.738073	1.094651	1.523679	1.304434	1.282007	1.214870	0.812066	1.122995	-0.033614	0.894353	0.899707	-0.119212	0.487002	0.988433	0.949753	0.171224	0.067836	0.551424	0.333754	0.643074	0.722343	1.066081	0.709641	0.818576	1.128511	0.450680	0.530176	1.250995	0.528220	0.963860
0.113575	0.398515	0.261019	-0.009064	-0.358262	-0.386697	-0.221864	-0.393672	-0.012746	-0.524741	-0.319064	-0.210034	-0.446949	0.205450	-0.430783	-0.328301	0.186543	0.101023	0.098702	0.126454	0.125233	0.084244	-0.296254	0.522310	0.035253	0.113754	-0.036256	0.323586	0.550651	0.788035	0.747393	0.356042	0.399206	-0.618825	0.020593	0.514310	-0.185301	0.426821	0.233695	-0.198754	-0.247136	0.185900	0.213316	-0.015495	-0.318857	-0.520636	0.657840	-0.109461	-0.594180	0.326712	-0.425101	0.414988	0.109473	-0.008326	0.530422
-0.820709	-0.252392	-0.334401	-0.093892	-0.216175	-0.346762	-1.236838	-0.513173	-1.109899	-1.106942	-0.527453	-0.254682	-1.068484	0.259063	0.078733	0.100431	-0.537745	-0.598794	0.036574	0.026504	-0.486138	0.085225	-0.617014	-0.066958	-0.514171	-1.137830	-0.892355	-0.703039	-0.344302	-0.252520	-0.418994	-0.037704	-0.160147	-0.412984	-0.462529	-0.041950	0.184185	0.085414	-0.325809	-1.153857	-0.397065	-0.203908	-0.635321	-0.352866	-1.427302	-1.555241	-0.059502	-0.201127	-1.870678	-0.740979	-1.186164	0.168495	-0.589595	-0.308424	-0.184981
-0.800187	-0.545444	-0.330253	0.032532	0.114644	0.064580	-1.177647	-0.283076	-1.654601	-0.962636	-0.422365	0.012164	-1.108628	0.312564	0.189270	0.533329	-1.061060	-0.947503	-0.107979	-0.061201	-0.642634	-0.014595	-0.354427	-0.577942	-0.347609	-1.395405	-1.207670	-0.424001	-0.347195	-0.982726	-1.238101	0.013849	-0.397595	-0.043885	-0.498763	-0.372834	0.473253	-0.509970	-0.610136	-1.264599	0.107211	-0.469755	-0.942696	-0.529619	-1.605139	-1.439815	-0.367642	0.143065	-1.658537	-0.672500	-1.371826	-0.222417	-0.565788	-0.534134	-0.266972
-0.125436	-0.227196	0.182350	0.120827	0.083606	0.338883	-0.314143	-0.553938	-1.350453	-0.321539	-0.636626	0.072997	-0.678815	0.202720	-0.598515	0.393099	-0.784106	-0.441210	-0.181219	-0.270431	-0.549485	-0.445724	-0.049113	-0.388867	-0.235907	-0.280464	-1.266521	0.807014	0.451401	-0.840426	-1.071535	0.513088	-0.311148	-0.149343	-0.439895	-0.096972	0.174493	-0.958621	-0.563275	-0.636537	0.938833	-0.328661	-0.325467	-0.571675	-0.953386	-0.601033	0.085889	0.301748	-0.133604	0.263678	-1.040024	-0.574295	-0.366038	-0.796156	0.439772
0.318354	-0.010589	0.523382	0.116312	-0.174162	0.259390	-0.052271	-1.119629	-0.751114	0.120142	-1.022789	-0.226586	-0.168582	0.041378	-1.374244	-0.005578	-0.261773	0.146276	-0.255618	-0.467473	-0.420264	-0.789221	0.118755	0.437066	-0.466432	0.681157	-1.147940	1.334580	0.783665	-0.182581	-0.314154	0.959352	-0.072043	-0.421907	-0.322686	0.692580	-0.475041	-0.755425	0.012610	0.228024	1.043714	-0.365955	0.252451	-0.662627	-0.586159	-0.335438	0.790716	0.323972	1.131248	0.402070	-0.653324	-0.839897	-0.446907	-0.794091	1.017678
-0.007427	-0.595027	0.245687	0.167380	-0.223965	0.151292	-0.839493	-1.015053	-0.380512	0.106234	-0.814138	-0.451118	0.230832	0.097180	-1.045233	0.012774	-0.339338	-0.117167	-0.554932	-0.384222	-0.230629	-0.494790	0.383367	1.149378	-0.513292	0.185811	-0.610016	0.221303	-0.137804	0.243734	0.291458	0.852878	-0.082555	-0.223603	0.087572	1.322259	-0.768953	0.030190	0.957781	0.936910	-0.138898	-1.002289	-0.151708	-0.852054	-0.902708	-0.986061	1.002287	0.614354	0.997175	-0.780870	-0.438531	-1.068461	-0.587358	-0.245398	0.558485
-0.745423	-1.521540	-0.361217	0.312746	-0.033611	0.217435	-1.497344	-0.019377	-0.043291	0.101058	0.147669	-0.154449	0.548946	0.300987	0.151039	0.405603	-0.898652	-0.957568	-0.986113	0.033766	0.087377	0.344826	0.711077	1.167434	-0.032316	-1.066134	0.267217	-1.485628	-1.514281	0.207519	0.497148	0.326044	-0.609548	0.378692	0.658733	1.139993	-0.444883	0.713606	1.554487	1.308346	-1.775613	-1.621002	-1.070909	-0.877162	-1.016796	-1.416193	0.649760	0.992221	-0.110236	-1.772676	-0.156803	-1.164013	-0.378098	0.490091	-0.685318
-1.080338	-1.656741	-0.695945	0.356802	0.075444	0.113318	-1.022535	0.922530	0.625167	0.544360	0.980914	0.501269	0.712355	0.272169	0.975089	0.399453	-1.114599	-1.309010	-1.113418	0.494918	0.413057	1.007874	0.644775	0.615999	0.497193	-1.481615	0.862328	-2.005025	-1.961920	0.060566	0.452959	-0.050037	-1.276127	0.690745	0.839837	0.188274	0.045207	0.773403	1.207935	1.219552	-2.427436	-1.385611	-1.312126	-0.465142	-0.283304	-0.655925	0.256220	0.763597	-1.017208	-1.207788	0.378037	-0.949622	0.048805	0.645374	-1.522432
-0.655776	-0.730342	-0.543709	0.147401	-0.000286	-0.423369	-0.044475	0.949931	1.313643	1.150482	0.866537	0.905210	0.558224	-0.077050	0.771618	-0.347629	-0.705711	-0.791621	-0.742469	0.624005	0.528813	0.929421	0.031250	-0.016125	0.468094	-0.752975	0.736027	-0.982084	-1.209361	0.065263	0.234164	-0.049192	-1.312628	0.329846	0.432260	-0.814910	0.194475	0.400067	0.211774	0.667353	-1.622142	-0.522042	-0.619081	0.213213	0.566781	0.658985	0.141946	-0.202279	-1.146900	0.191141	0.890310	-0.449680	0.199453	0.039865	-1.164002
0.100475	0.279379	-0.167790	-0.131643	-0.007513	-0.866797	0.242061	0.377378	1.342247	1.264774	0.150777	0.710444	0.251162	-0.331092	0.140736	-1.078062	-0.224907	-0.075637	-0.213318	0.385659	0.394593	0.316990	-0.515073	-0.388588	0.077433	0.039688	0.284376	0.230868	-0.268301	0.090308	-0.078270	0.026816	-0.543128	-0.290140	0.009056	-1.150927	0.002091	0.134215	-0.477867	-0.006281	-0.285159	-0.035333	0.141304	0.593436	0.539400	1.185318	0.137510	-1.038611	-0.723053	0.738436	1.003567	0.059586	0.002908	-0.564671	-0.077515
0.564766	0.463777	0.140650	-0.116942	0.205259	-0.458339	-0.130900	0.152324	0.698113	0.789329	-0.151564	0.179677	0.304827	-0.195767	-0.023601	-0.910100	-0.100052	0.188120	0.071676	0.169935	0.238858	-0.122814	-0.348024	-0.397437	0.057501	0.172282	0.285074	0.414540	-0.085809	0.024378	-0.142719	-0.036972	0.222257	-0.449814	0.214127	-0.762727	-0.229984	0.170894	-0.334976	-0.269229	0.391498	-0.274568	0.314179	0.335270	-0.060281	0.768838	0.025392	-0.911174	-0.123612	0.123150	0.791036	0.259825	-0.077062	-0.448882	0.643256
0.625556	0.108889	0.351153	0.271344	0.418311	0.591026	-0.125304	0.570634	0.159029	0.393450	0.257697	-0.178131	0.912781	-0.025862	0.309762	-0.187797	-0.037567	0.152058	0.149519	0.342904	0.342307	-0.015081	0.191093	-0.108515	0.588302	0.109316	0.872912	-0.047335	-0.519319	0.074878	0.276197	-0.050753	0.163840	0.103496	0.852935	-0.269068	-0.321696	0.190861	0.089366	0.017935	0.217733	-0.509144	0.205496	-0.196350	-0.087511	0.560138	-0.151046	-0.171743	0.433356	-0.411302	0.667916	-0.007503	0.217780	0.068459	0.551642
0.620022	0.083171	0.504048	0.652705	0.383606	1.133033	0.600723	1.039164	0.270879	0.670003	0.675924	-0.131790	1.514617	-0.307053	0.427436	-0.095285	0.343383	0.282272	0.304255	0.746231	0.707334	0.299355	0.128234	0.200453	0.990574	0.451309	1.351012	0.053653	-0.725135	0.385805	0.777083	0.102341	-0.433962	0.957734	1.072382	-0.271820	-0.236928	-0.198835	-0.100929	0.380052	-0.021656	-0.080697	0.349929	-0.259431	0.713840	1.239132	-0.286085	0.068252	0.733254	0.015321	0.792084	-0.595271	0.548557	0.175390	0.135409
0.664218	0.469372	0.433845	0.558181	0.187792	0.538099	1.136898	1.013935	0.671936	1.290264	0.520341	0.134391	1.374089	-0.757730	-0.071604	-0.853934	0.733396	0.550824	0.561947	0.803865	0.946131	0.277159	-0.675044	0.170286	0.643726	0.843942	1.091116	0.887812	-0.251228	0.612862	0.651113	0.101983	-0.578943	1.483689	0.425460	-0.656616	0.078109	-0.953938	-0.853923	0.315346	0.286975	0.609686	0.626556	0.384543	1.308984	1.941312	-0.399276	-0.524416	0.591174	0.769161	0.816800	-1.006971	0.521936	-0.117305	-0.112569
0.416047	0.461612	-0.074450	-0.046463	0.061295	-0.456404	0.592579	0.627033	0.650752	1.295742	0.091499	0.257132	0.469321	-0.540149	-0.753634	-1.191625	0.464934	0.494197	0.642297	0.196444	0.615507	-0.120478	-1.132758	-0.249905	-0.183319	0.478088	0.268343	1.276765	0.488866	0.270318	-0.197899	-0.340662	0.022870	1.351124	-0.572882	-0.744952	0.594499	-1.532798	-1.106921	-0.075758	0.813698	0.650601	0.485375	1.093224	0.772036	1.389715	-0.495322	-1.020935	0.118508	0.708024	0.329320	-0.740939	0.239733	0.005870	-0.330452
-0.289945	-0.311092	-0.808908	-0.669420	0.016685	-0.754135	-0.677029	0.231990	0.066163	0.281368	-0.079571	0.043178	-0.511753	0.466571	-0.957148	-0.165753	-0.465693	-0.062036	0.368826	-0.681347	-0.229585	-0.448980	-0.445920	-0.658815	-0.708374	-0.613246	-0.471770	0.431221	0.790310	-0.508832	-1.029116	-0.890996	0.604558	0.659618	-1.056006	-0.198713	0.980182	-1.383824	-0.252881	-0.321404	0.834522	-0.113732	-0.178617	1.047610	-0.516275	-0.337215	-0.441207	-0.555173	-0.313105	-0.231077	-0.560976	0.081034	0.035667	0.741748	-0.683122
-0.900273	-1.003114	-1.083480	-0.756164	-0.076143	-0.303124	-1.440434	-0.188498	-0.541503	-1.000967	-0.107624	-0.329556	-0.991922	1.186350	-0.593892	1.237794	-1.158096	-0.669423	-0.078961	-1.072643	-0.935287	-0.402753	0.644295	-0.608218	-0.603215	-1.351722	-0.769347	-0.746076	0.489796	-0.924085	-1.079099	-0.873626	0.499539	-0.243105	-0.737679	0.488958	0.751929	-0.505445	0.855960	-0.268070	0.266608	-0.813263	-0.764103	0.227354	-1.336849	-1.757047	-0.128532	0.434398	-0.461664	-0.938560	-1.215563	0.633536	-0.043832	1.108150	-0.689047
-0.724555	-0.624112	-0.478114	-0.246530	-0.199032	0.072250	-0.996273	-0.779014	-0.641722	-1.480166	-0.432013	-0.497742	-0.985649	0.645781	-0.118630	1.326402	-0.838970	-0.769256	-0.372717	-0.670144	-0.911442	-0.136511	0.839677	-0.106042	-0.232072	-0.896180	-0.726519	-0.816564	0.041179	-0.442033	-0.372710	-0.140233	0.000569	-0.963934	-0.075474	0.627398	-0.153486	0.526452	0.961153	-0.176652	-0.271376	-0.635724	-0.680815	-0.602241	-1.024751	-1.702973	0.316863	0.844182	-0.396826	-0.559066	-1.127048	0.293169	-0.177212	0.302676	0.136677
0.029749	0.448055	0.472218	0.344160	-0.231348	-0.035672	0.055386	-1.254740	-0.301331	-1.011974	-0.901949	-0.354527	-0.773350	-0.594057	0.092442	0.133616	0.110857	-0.372774	-0.378914	0.029350	-0.339510	0.033935	0.102930	0.377535	-0.034534	0.234870	-0.553889	0.133193	-0.145878	0.428634	0.373206	0.636747	-0.269586	-1.195035	0.323435	0.222464	-1.056502	1.052833	0.120835	-0.203819	-0.350488	0.136736	-0.114145	-0.833305	-0.119929	-0.621039	0.579148	0.427791	-0.271404	0.406612	-0.504760	-0.483599	-0.359083	-0.964704	1.201565
0.404416	0.824405	0.750210	0.432722	-0.178878	-0.205809	0.556963	-1.078694	-0.000462	-0.370482	-0.838255	-0.155263	-0.475826	-1.023675	0.047216	-0.632629	0.592678	0.014735	-0.213399	0.271190	0.059986	-0.005917	-0.405299	0.390732	-0.060381	0.766930	-0.333999	0.611404	-0.120156	0.662463	0.507927	0.664488	-0.232324	-0.834853	0.231004	-0.123110	-1.090158	0.803746	-0.432918	-0.184240	-0.178425	0.521647	0.215472	-0.562639	0.369274	0.143251	0.420194	-0.046615	-0.112270	0.742632	-0.012789	-0.633070	-0.374917	-1.221944	1.249309
0.019991	0.032887	0.118013	-0.025344	-0.124440	-0.083361	0.191534	-0.216968	0.031767	-0.063109	-0.058373	-0.094259	-0.099463	-0.192832	-0.089973	-0.157542	0.234225	0.120379	-0.018713	-0.096194	-0.014800	-0.171039	-0.115318	-0.053184	-0.156102	0.310538	-0.079907	-0.047624	-0.082054	0.011515	0.039955	-0.090728	-0.139604	-0.069206	-0.186486	-0.106076	-0.191829	0.008944	-0.124650	0.004204	-0.061446	0.169789	0.028366	-0.150365	0.161923	0.080478	-0.088365	-0.084269	0.098378	0.104298	0.072281	0.129974	-0.159814	-0.152821	0.022109
