X1	X2	X3	X4	X5	X6	X7	X8	X9	X10	X11	X12	X13	X14	X15	X16	X17	X18	X19	X20	X21	X22	X23	X24	X25	X26	X27	X28	X29	X30	X31	X32	X33	X34	X35	X36	X37	X38	X39	X40	X41	X42	X43	X44	X45	X46	X47	X48	X49	X50	X51	X52	X53	X54	X55
0.202127	-0.031911	0.062050	0.089702	0.054675	-0.008467	0.006866	0.034404	-0.190837	-0.105423	-0.151386	-0.061682	-0.171005	-0.103393	-0.167693	-0.015612	-0.038715	0.064272	0.005076	0.034231	0.055476	0.084705	0.013096	-0.109522	0.002738	-0.014096	0.005055	0.010709	0.013485	0.006896	0.028408	-0.108483	0.161554	-0.061448	-0.109020	0.005993	-0.027661	-0.074787	0.033568	0.142091	-0.021106	-0.139576	-0.065594	-0.155623	-0.078549	0.007227	-0.062290	0.209783	-0.042851	-0.048175	-0.109326	-0.040225	-0.122648	-0.043917	0.119448
1.340884	0.083386	1.762535	1.440076	0.671225	1.508800	0.027498	-0.062096	-0.184233	0.504538	-0.539505	0.293348	0.412000	0.318540	-0.022298	0.226085	-0.044253	-0.192461	1.535571	0.933267	1.569667	0.633847	0.016340	0.779608	-0.155294	-0.312583	-0.515712	0.470595	0.547437	0.191501	0.431977	-0.335543	0.177114	0.069665	1.699715	0.863647	-1.394636	-0.682023	0.700980	-0.359648	0.387416	0.271552	0.257068	-0.007101	0.502233	0.305903	0.012225	0.486655	0.130137	1.045846	0.013056	-0.534503	-0.973310	-0.862835	-0.270120
1.639935	-0.734699	1.749643	1.582032	0.456657	1.536204	-0.426148	-0.921174	-0.145729	0.722824	-0.541037	0.676768	0.897434	-0.131177	-0.300541	0.516591	-0.177724	-0.612437	1.512749	1.202427	1.885336	0.802885	-0.050639	0.596334	0.091771	-0.516069	-0.735593	0.656244	0.239592	0.053123	0.212098	-0.690779	-0.495933	-0.503243	1.683897	0.485952	-2.239679	-1.311673	0.557079	-0.618680	0.460011	-0.204492	-0.110715	-0.549110	-0.082538	-0.187754	-0.183305	0.643257	-0.603537	0.985761	-0.569369	-0.770673	-1.949657	-1.856278	-0.443325
1.042948	-1.748102	0.133429	0.524383	-0.254880	0.462923	-1.082293	-1.827186	0.142222	0.546645	-0.053542	0.632001	0.680125	-1.063702	-0.868776	0.610431	-0.386639	-1.129944	0.142355	0.565837	0.776410	0.345716	-0.160669	-0.633836	0.445765	-0.646399	-0.609125	0.228232	-0.819437	-0.533145	-0.666551	-1.034991	-1.277075	-1.159348	0.008598	-0.993006	-2.283605	-1.548566	-0.254391	-0.765525	0.319657	-1.089373	-1.029263	-1.490874	-1.287401	-1.183054	-0.789794	0.433742	-1.751337	-0.210878	-1.377458	-0.689477	-2.420197	-2.125959	-0.589142
0.089858	-1.408909	-1.390756	-0.648641	-0.540859	-0.251644	-1.197362	-1.415800	0.729817	0.253960	0.612049	-0.156082	-0.527390	-1.280981	-1.085613	0.271313	-0.455341	-1.277331	-1.009331	-0.665698	-0.830482	-0.490078	-0.198292	-1.778893	0.345723	-0.797734	-0.310836	-0.671966	-1.554946	-1.078615	-1.327723	-1.061912	-1.026783	-0.568743	-1.372685	-2.143503	-1.494022	-0.927347	-0.786500	-0.875441	0.200040	-1.064671	-1.522854	-1.670480	-1.544481	-1.655235	-1.525357	-0.204837	-1.929185	-1.415967	-1.276937	-0.213680	-1.492658	-0.708980	-0.886196
-0.733750	0.416821	-1.464672	-0.951046	-0.251283	-0.206828	-0.427447	0.303423	1.243598	0.097204	0.981515	-1.066396	-1.805086	-0.482089	-0.547489	-0.231615	-0.139175	-0.507596	-0.940322	-1.697190	-1.648467	-0.894941	-0.011219	-1.703099	-0.069268	-0.964194	0.013380	-1.115314	-1.026305	-0.692326	-0.643642	-0.600607	0.211159	1.325745	-0.791162	-1.694649	-0.191791	0.330997	-0.286882	-0.541952	-0.039866	0.324281	-0.757672	-0.411106	-0.372569	-1.049033	-1.666761	-0.833328	-0.590664	-1.561164	-0.077965	0.706816	0.657585	1.641565	-0.972359
-1.199974	2.015099	-0.417022	-0.394356	-0.106933	-0.342684	0.769238	1.725709	1.293138	0.143505	0.869739	-1.116204	-1.915270	0.150746	0.287483	-0.307689	0.607558	0.976355	-0.209543	-1.831565	-1.175482	-0.284161	0.458062	-0.435064	-0.051001	-0.964327	0.330650	-0.370158	0.321748	0.731453	1.301503	0.192297	1.007474	2.720201	1.370044	0.073142	0.861754	1.361643	1.001408	0.499265	-0.595251	1.960418	0.858614	1.362802	0.938958	0.143941	-0.746677	-0.893778	1.265082	-0.650197	1.036934	1.609504	2.445519	2.821003	-0.400190
-1.248246	1.826315	0.340765	0.113465	-0.574730	-1.246160	1.505299	1.651818	0.875464	0.173019	0.452220	-0.334925	-0.997781	-0.414665	0.526759	0.168570	1.348183	1.946891	0.020353	-1.152787	-0.160489	0.753135	0.911727	0.802399	0.550811	-0.626364	0.509919	0.801951	0.942546	1.885367	2.758049	0.835441	0.323117	2.034931	2.955906	1.483791	1.048224	1.526821	1.916316	1.508169	-1.138527	2.257593	1.805239	1.958422	0.904199	0.893907	0.681708	-0.485449	2.194412	0.353897	0.958703	1.702646	2.371094	1.832468	0.467809
-1.084340	0.245481	-0.082502	-0.300696	-1.279323	-2.232223	1.208307	0.632685	0.170268	-0.189767	-0.113501	0.131514	-0.463230	-1.440132	-0.100345	0.579323	1.331017	1.269460	-0.605352	-0.488325	0.158762	0.842956	0.732084	0.898327	0.816045	-0.064466	0.225460	0.701895	0.023475	1.351734	2.033203	0.835245	-1.168411	0.055466	2.234195	1.252059	0.646715	0.944795	1.394732	1.306711	-1.119727	0.839971	1.042896	0.954036	-0.377485	0.630988	1.454178	-0.323536	1.743974	0.509025	-0.008552	0.885540	0.691850	-0.020893	0.686213
-1.142691	-1.002569	-1.291570	-1.496109	-1.577903	-2.395088	0.188440	-0.129758	-0.685125	-0.915075	-0.830935	-0.489401	-1.059223	-1.344284	-0.971009	0.316261	0.352003	-0.635384	-1.477863	-0.498864	-0.651284	-0.459136	-0.309641	0.128654	-0.002363	0.334410	-0.649598	-1.098866	-1.392076	-0.565915	-0.397735	0.257763	-1.993257	-1.028139	-0.145810	0.019554	0.432786	0.094586	-0.306560	-0.118664	-0.611271	-0.980326	-0.677425	-0.294546	-1.426580	-0.177141	1.181437	-0.691532	0.610865	-0.274107	-0.736317	-0.006038	-0.911187	-0.926553	0.009692
-1.573206	-0.905216	-2.200220	-2.328670	-1.240645	-1.782214	-0.550006	-0.362316	-1.359144	-1.328448	-1.491036	-1.585468	-1.904169	0.064866	-1.366362	-0.398887	-0.722603	-1.948167	-1.880233	-0.961985	-1.801057	-1.819127	-1.440180	-0.242071	-1.235327	0.294311	-1.584555	-2.910149	-1.653235	-2.041374	-2.209088	-0.153677	-1.621477	-0.456265	-1.798536	-0.425048	0.523084	-0.661356	-1.614560	-1.314976	-0.323973	-1.515580	-1.609649	-0.485194	-1.236951	-0.548081	0.716052	-0.927468	-0.304945	-1.242268	-0.759276	-0.322074	-1.237707	-0.680358	-0.678979
-1.896342	-0.027096	-2.033167	-1.845522	-0.477524	-1.039669	-0.312810	-0.442836	-1.302369	-0.891902	-1.508033	-1.978209	-1.784349	1.337911	-1.102947	-0.748458	-0.827403	-1.332929	-1.544683	-1.171563	-2.180158	-1.587467	-1.518074	0.364674	-1.520444	-0.024354	-1.690802	-2.877640	-0.539660	-1.809626	-1.790970	0.180505	-0.702139	0.422755	-1.340660	0.513875	0.351543	-0.962726	-1.295424	-1.084684	-0.626063	-0.480939	-1.049436	0.041318	-0.374279	-0.169280	0.881187	-0.411830	-0.628867	-1.493466	-0.476157	-0.320718	-0.526392	-0.214047	-0.555521
-1.500312	0.555614	-0.801474	-0.350598	0.341069	-0.394666	0.496204	-0.260356	-0.390929	-0.022994	-0.516076	-1.286901	-0.668186	1.345291	-0.313184	-0.300699	-0.022015	0.631716	-0.563449	-0.832486	-1.461866	0.155007	-0.400578	1.153378	-0.580896	-0.192172	-0.705767	-1.143419	0.672052	-0.392851	0.108202	0.836186	0.117940	0.363677	0.168027	1.492416	-0.147721	-0.405912	0.091310	0.067944	-0.954301	0.803005	0.057833	0.145828	0.051845	0.273784	1.287830	0.363021	-0.410711	-0.681343	-0.104742	-0.344856	0.447395	0.188792	0.071397
-0.414176	0.580866	0.826018	0.975762	0.879622	0.434993	0.864043	0.568724	0.672761	0.411180	0.969101	-0.085190	0.555354	0.482233	0.844665	0.513996	0.608708	2.131100	0.745301	-0.226035	-0.207914	1.650434	0.820032	1.161985	0.451752	-0.000399	0.547733	0.626601	1.017316	0.848852	1.505618	0.869964	0.842472	-0.155796	0.888752	1.163835	-0.228503	0.884546	0.950203	0.754753	-0.498007	1.071450	0.601006	-0.289463	-0.005679	0.169253	1.009054	0.376696	0.197368	0.773001	0.663493	-0.033050	1.357447	0.958977	0.303641
0.698285	0.597274	1.966463	1.349845	0.989837	1.482352	0.399584	1.641221	1.031429	0.239444	1.847134	0.898797	1.254370	-0.271630	1.970601	0.922874	0.388367	1.982765	1.846443	0.337866	0.841656	1.483325	1.133714	0.494027	0.545349	0.338446	1.013274	1.328281	0.838441	1.182282	1.349054	0.100102	1.549212	-0.046930	0.518932	-0.030505	0.482776	1.966596	0.682397	0.496627	0.727766	0.551984	0.614720	-0.301727	0.328388	-0.112182	0.000466	-0.469346	0.907732	1.977672	1.754312	0.862641	2.036619	1.865464	-0.168350
1.261813	0.972456	2.069035	0.937465	0.773868	2.179102	-0.274685	1.981962	0.610798	0.013256	1.492084	1.259188	1.386582	-0.570301	2.375270	0.582271	-0.198066	0.583669	2.240159	0.777976	1.311024	-0.019455	0.667176	-0.130190	-0.058887	0.515127	0.611368	1.202047	0.813471	0.750180	0.191924	-0.632733	1.842534	0.663508	0.144396	-0.733665	1.275654	1.910094	0.180005	-0.009319	1.790919	0.377910	0.721119	0.568163	1.278040	0.118509	-0.899258	-1.190963	1.236132	2.125467	2.220804	1.431427	1.990705	1.926226	-0.925037
1.230815	1.312213	1.247468	0.323765	0.447922	1.910658	-0.406024	1.341702	0.066067	0.048101	0.372567	0.914284	1.058706	-0.589572	1.708893	-0.230718	-0.339966	-0.808853	1.841245	0.975374	1.217546	-1.403136	0.160355	-0.463555	-0.406264	0.483199	0.224700	0.868429	0.837288	0.024273	-0.800131	-0.570663	1.268474	1.043976	0.351142	-0.617861	1.275094	0.788210	0.259152	-0.152463	1.801998	0.927848	0.922307	1.500743	1.883067	0.675242	-1.167120	-1.033101	0.873100	1.039030	1.252174	0.497642	0.970766	0.883659	-1.524901
0.846213	0.921896	0.072710	-0.096929	0.166033	0.719037	-0.031095	0.420341	-0.073498	0.142400	-0.439707	0.208250	0.392045	-0.410218	0.483182	-0.987711	0.023686	-1.370670	0.934372	0.712206	0.828581	-1.571898	-0.079157	-0.701507	-0.039132	0.348961	0.488128	0.501061	0.368369	-0.486407	-0.961896	0.074151	0.013530	0.671369	0.581615	-0.461960	0.496243	-0.539473	0.510289	-0.123674	0.743595	1.372164	0.642734	1.405808	1.330424	0.665052	-1.047914	-0.319734	0.092291	-0.631897	-0.656325	-1.482008	-0.320690	-0.294930	-1.790884
0.266016	-0.331095	-0.966555	-0.257969	-0.063549	-0.713651	0.180021	-0.308336	0.093567	0.182440	-0.335172	-0.175765	-0.293083	-0.040453	-0.379679	-1.302515	0.273667	-1.210954	-0.208771	0.031846	0.477074	-0.579952	-0.223918	-0.775959	0.675052	0.052141	1.027427	-0.006003	-0.633466	-0.383978	-0.419324	0.516567	-1.140196	0.033824	0.279858	-0.671928	-0.426691	-1.433857	0.144348	-0.285615	-0.698817	0.849502	-0.252158	0.170690	0.120109	-0.217982	-0.871553	0.197799	-0.516440	-1.858223	-2.112536	-2.495717	-0.858118	-0.784610	-1.536936
-0.440449	-1.744315	-1.685275	-0.360753	-0.410879	-1.698906	-0.188240	-1.148411	0.163070	0.331377	0.293194	0.040076	-0.651203	0.270399	-0.526636	-1.047565	-0.012933	-0.843730	-1.382301	-0.646889	0.260176	0.639794	-0.262116	-0.458198	1.101676	-0.550419	1.049016	-0.664853	-1.608707	0.251837	0.269523	0.337127	-1.587407	-0.367725	-0.262835	-0.776395	-1.106736	-1.841492	-0.666632	-0.484324	-1.861075	-0.444845	-1.093898	-1.333833	-0.634145	-1.187260	-0.619802	0.362753	-0.729589	-2.075521	-2.324545	-1.357534	-0.579071	-0.942684	-0.587827
-1.101336	-2.384995	-1.948272	-0.685621	-1.061100	-2.002860	-0.802126	-2.226624	0.018729	0.563612	0.595519	0.233775	-0.693070	0.182425	-0.470086	-0.311949	-0.558110	-0.498888	-2.161002	-0.957934	-0.069947	1.156222	0.095684	-0.023532	0.924271	-1.271966	0.319379	-1.304629	-1.964789	0.804351	0.659380	-0.197406	-1.492904	-0.663583	-0.429584	-0.408824	-1.543202	-1.820481	-0.965355	-0.326213	-2.427343	-1.554071	-1.177397	-2.155264	-0.679787	-1.338499	-0.276362	0.605636	-0.795683	-1.581566	-1.707855	0.767323	-0.398185	-1.437078	0.778151
-1.435207	-1.948149	-1.561594	-1.200973	-1.806636	-1.760773	-1.016641	-2.751499	-0.071223	0.532661	0.236570	-0.288724	-0.684390	-0.256594	-0.770578	0.615882	-0.761903	-0.092424	-2.031454	-0.933543	-0.707036	0.782656	0.751357	-0.091352	0.297494	-1.565796	-0.695685	-1.621520	-1.502683	0.724111	0.685096	-0.572347	-1.452245	-1.105838	-0.132099	0.045045	-1.641148	-1.262776	-0.379393	0.151460	-2.279465	-1.842365	-0.583967	-1.939964	-0.778214	-0.730353	-0.047821	1.067130	-0.871733	-1.027870	-1.024962	1.786162	-0.844080	-1.965236	1.760520
-1.265091	-0.975591	-0.636048	-1.421177	-1.959841	-1.194297	-0.642197	-1.922022	0.050990	0.022765	-0.392205	-1.127921	-0.650005	-0.517610	-1.125574	1.309162	-0.427306	0.358347	-1.024958	-0.754367	-1.333687	0.035651	0.952142	-0.674122	-0.381172	-1.063789	-1.417615	-1.416861	-0.566359	0.065161	0.426706	-0.542186	-1.576833	-1.380206	0.093323	0.075056	-1.118690	-0.245789	0.276022	0.433282	-1.470072	-1.495593	-0.037582	-0.953724	-1.420642	-0.165141	-0.000092	1.170941	-0.784400	-0.661772	-0.497664	1.096183	-1.315091	-1.639854	1.693260
-0.676864	-0.185924	0.232527	-0.891520	-1.007030	-0.468407	-0.037109	-0.194799	0.114907	-0.700679	-0.823311	-1.143631	-0.257850	-0.154414	-0.694104	1.444159	0.087132	0.676436	0.132326	-0.344344	-1.335556	-0.495498	0.155558	-0.903922	-0.810662	0.028826	-1.568326	-0.884313	0.158022	-0.683627	-0.147420	-0.177331	-1.260639	-1.032073	-0.275352	-0.148390	-0.016232	0.729685	0.074732	0.175831	-0.334679	-0.998075	0.021201	0.273015	-1.950567	-0.050920	0.186828	0.368219	-0.432737	-0.239900	0.051229	-0.052760	-1.005309	-0.418890	0.733851
0.059336	0.326422	0.527373	0.211617	0.690876	0.349294	0.510766	1.112618	-0.153361	-1.031000	-0.950372	0.006485	0.684617	0.627057	0.606116	1.032253	0.452012	0.869772	0.787990	0.479668	-0.524823	-0.551094	-1.026573	-0.021987	-0.925448	1.191157	-1.109947	-0.383563	0.342189	-1.055311	-0.916965	0.408951	-0.085642	-0.421817	-1.067417	0.012879	1.058867	1.176432	-0.671922	-0.316242	0.740585	-0.418035	0.010685	1.305769	-1.285877	0.102210	0.826389	-0.905712	0.034428	0.468649	0.725416	-0.302125	-0.043954	0.696593	-0.225481
0.706001	1.009369	0.456309	1.163164	2.119805	1.235298	1.069723	1.373324	-0.515422	-0.519618	-0.777242	1.340696	1.779150	1.212844	1.648426	0.333998	0.771574	1.105541	1.016094	1.472242	0.580024	-0.153372	-1.371113	1.564714	-0.768302	2.031186	-0.136887	0.148672	0.483142	-0.814098	-1.322687	1.100293	1.400870	-0.434034	-1.455728	0.744803	1.488046	1.134012	-0.767291	-0.482287	1.672252	0.499734	0.613428	1.918778	0.674950	0.870963	1.685021	-1.535215	0.576645	1.364201	1.535616	0.355713	0.770167	1.003224	-0.362808
1.187379	1.922295	0.680169	1.403676	2.507658	1.999402	1.538092	1.091485	-0.532632	0.576608	-0.252256	1.741090	2.263080	1.342160	1.350871	-0.398531	1.132391	1.210366	1.224578	1.915741	1.296313	0.437021	-0.612878	2.513223	-0.369488	2.314452	1.009432	1.106511	1.217773	-0.040313	-0.855302	1.509606	2.230938	-1.030675	-0.828729	1.378633	1.276265	0.959531	0.139130	-0.275944	2.468051	1.565120	1.641913	1.911246	2.638668	1.867128	2.023006	-1.046529	1.280228	2.117520	2.379696	0.843714	1.011888	0.864994	0.346961
1.494961	2.243463	1.382423	1.026898	1.814712	2.200102	1.317586	0.807998	-0.258291	1.287784	0.402953	1.111778	1.712877	1.244473	0.050532	-0.958139	1.085287	0.663337	1.403911	1.339822	1.383881	0.730585	0.184845	1.894724	0.158363	1.830693	1.695341	2.294894	2.215440	0.788556	0.178556	1.061101	2.064652	-0.999076	0.436050	1.096611	0.859795	0.724677	0.928091	-0.197769	2.749797	1.896103	1.933192	1.013700	2.981320	1.935132	1.281576	-0.116826	1.791350	2.336441	2.717964	0.283700	0.855543	0.815112	1.142099
1.500429	1.151785	1.916144	0.511464	0.514443	1.547854	0.072888	0.403453	-0.124608	0.848407	0.651902	0.113258	0.468591	0.996336	-0.899413	-1.089950	0.167681	-0.583840	1.184622	0.155244	0.986954	0.379064	0.125298	0.228447	0.515340	0.631390	1.379819	2.624064	2.338545	1.015358	0.824864	-0.263514	1.258779	0.248858	1.309482	-0.013341	0.424848	0.179555	0.550592	-0.514138	2.025040	0.854354	0.707233	-0.704128	1.291597	0.561955	-0.204828	0.418243	1.316276	1.745888	1.809451	-1.083849	0.480026	0.620985	1.169065
1.006770	-0.887768	1.527201	0.155531	-0.734554	0.428152	-1.409448	-0.239796	-0.186926	-0.307901	0.290021	-0.713834	-0.650932	0.311232	-0.759510	-0.666396	-1.132440	-1.670241	0.505911	-0.664802	0.273800	-0.360106	-0.319617	-0.955584	0.407878	-0.668017	0.204707	1.305791	1.058730	0.349970	0.510122	-1.460062	0.221118	1.459242	1.187748	-0.873682	-0.200278	-0.664482	-0.472420	-0.841804	0.544289	-0.903016	-1.254001	-2.369204	-1.091088	-1.228827	-1.275501	0.524364	-0.323002	0.536435	-0.203113	-2.081946	-0.121609	-0.117618	0.245389
0.092487	-2.306503	0.280287	-0.058821	-1.298259	-0.308396	-1.825082	-0.670638	-0.063779	-0.906682	-0.194701	-1.149132	-1.037766	-0.735074	-0.088286	0.027262	-1.623516	-1.701955	-0.205727	-0.563418	-0.542622	-0.823300	-0.169958	-0.689284	-0.090007	-1.251300	-0.938881	-0.869604	-0.768539	-0.797697	-0.395920	-1.379138	-0.724319	1.131813	0.372999	-0.603099	-0.964539	-1.281029	-0.828412	-0.713575	-0.658296	-1.855703	-2.305581	-2.770921	-2.250533	-1.843200	-1.021552	0.601660	-2.035221	-0.539379	-1.893800	-1.749416	-0.738386	-0.944564	-0.957823
-0.728397	-2.137286	-0.910827	-0.189106	-0.962783	-0.262838	-0.916457	-0.513174	0.278799	-0.356003	-0.263775	-1.039179	-0.726114	-1.312979	0.207739	0.464169	-0.856403	-0.864846	-0.547073	0.077512	-1.031206	-0.693974	0.521242	0.366871	-0.498847	-0.917103	-1.178711	-2.122817	-1.796634	-1.606155	-1.085293	-0.174817	-1.107172	-0.225820	-0.451576	0.361434	-1.335497	-1.165549	-0.259390	-0.221205	-0.884363	-1.306590	-1.771149	-1.642564	-1.562929	-0.946351	0.099901	0.679534	-2.469667	-0.824152	-1.948418	-0.458021	-0.922052	-0.973769	-1.492783
-0.903834	-1.046207	-1.172659	-0.182290	-0.239413	0.091099	0.173150	-0.149751	0.326668	0.559464	-0.037483	-0.400390	-0.182696	-0.724454	-0.031320	0.422102	0.236054	-0.161737	-0.492755	0.465913	-0.829364	-0.295742	0.797146	0.695770	-0.401394	-0.258514	-0.518464	-1.617095	-1.517613	-1.485350	-1.095973	0.715597	-0.671859	-0.751988	-0.836453	0.734069	-0.902787	-0.451641	0.287667	0.200059	-0.510520	-0.179054	-0.538454	-0.136552	-0.178149	0.200637	0.612308	0.530362	-1.524045	-0.515096	-0.745064	0.337730	-0.555454	-0.222294	-0.964369
-0.373528	-0.289042	-0.484176	0.019445	0.125948	0.156828	0.380305	-0.160236	-0.097132	0.814623	0.030843	0.370832	0.266758	0.606350	-0.283610	0.142473	0.538795	-0.116637	-0.198790	0.353020	-0.095275	-0.048420	0.289749	-0.169789	0.077568	0.131380	0.262166	-0.214666	-0.460834	-0.507550	-0.534983	0.393394	0.087799	0.006231	-0.638616	0.068201	-0.014433	0.207508	0.235359	0.390338	-0.255083	0.235822	0.258261	0.460732	0.516161	0.437308	-0.186261	0.294682	-0.306090	-0.345092	0.172783	-0.228452	-0.049678	0.288074	0.189624
0.442224	-0.126612	0.403379	0.390783	0.052043	0.058266	0.011610	-0.395645	-0.354823	0.466502	-0.090906	0.813995	0.680107	1.557453	-0.108237	-0.090019	0.152115	-0.247129	0.209675	0.263026	0.638564	0.061075	-0.246863	-0.962940	0.399183	0.348896	0.584519	0.801942	0.566156	0.639755	0.176523	-0.259353	0.415830	0.473427	0.013974	-0.534985	0.550380	0.331975	0.114636	0.517007	-0.134354	-0.111690	0.504789	0.250118	0.439192	0.146279	-1.160178	0.381678	0.300787	-0.495203	0.098428	-1.270754	0.201303	-0.050338	1.192367
1.078643	0.112418	0.716397	0.790185	0.101337	0.269897	0.089650	-0.208336	0.093810	0.280114	-0.095249	0.847780	1.116146	1.545757	0.435027	-0.228343	0.048507	0.082362	0.522214	0.678216	1.010795	0.243523	-0.085430	-0.321881	0.248105	0.785433	0.639468	1.054425	1.026051	1.101947	0.589059	0.172697	0.316442	-0.402179	0.622217	0.122185	0.479072	0.053470	0.453387	0.606042	0.300614	-0.260676	0.694712	0.343878	0.378421	0.438655	-0.690129	0.761453	0.411619	-0.393935	-0.183317	-1.204466	0.227258	-0.584893	1.565689
1.242992	0.713892	0.268104	0.905415	0.459662	0.629522	0.810211	0.503785	0.775229	0.402056	-0.001593	0.609758	1.207839	0.852293	0.874975	-0.246057	0.589671	0.714523	0.406453	1.187420	0.924186	0.390410	0.420904	1.280416	-0.088958	1.270589	0.795834	0.821469	0.719489	0.503406	0.454465	1.503453	0.414863	-1.389326	0.638459	1.543262	0.141375	-0.159301	0.770698	0.395000	0.967957	0.237652	0.851141	1.102597	0.504449	1.302998	1.106143	0.846365	0.443493	0.216586	0.122964	0.157969	0.164665	-0.402793	1.262889
0.748098	1.107187	-0.508042	0.411758	0.539447	0.402154	1.277638	1.038590	0.787918	0.161202	-0.159607	0.071818	0.455045	-0.079498	0.665421	0.005069	1.011022	0.901762	-0.240922	0.803438	0.268230	0.172918	0.353634	1.973832	-0.091166	1.079569	0.816578	0.221207	-0.137501	-0.630178	-0.065785	1.975320	0.794649	-0.733785	0.145020	1.942906	-0.055928	-0.065505	0.303407	-0.216268	1.181052	0.779783	0.539662	1.571174	0.173355	1.412816	2.304636	0.229790	0.356101	0.658227	0.575753	1.326929	-0.098175	0.335774	0.418217
-0.345841	0.776837	-0.942756	-0.551622	-0.032440	-0.550039	0.711026	0.797221	0.014687	-0.791821	-0.559363	-0.733128	-0.949988	-1.039799	-0.289153	0.528521	0.461383	0.309497	-0.974688	-0.742652	-0.883527	-0.337752	-0.502791	0.786460	0.314262	-0.126460	0.168500	-0.692916	-0.904922	-1.212007	-0.451810	0.515898	0.795270	1.255965	-0.186897	0.443995	-0.097618	0.217975	-0.715575	-0.779476	0.600545	0.679943	-0.252283	0.920595	-0.814714	-0.088092	1.477383	-0.754682	-0.003570	0.278297	0.324018	1.166469	-0.614789	0.705938	-0.741186
-1.447709	0.057257	-0.616711	-1.173322	-0.578814	-1.268574	-0.565378	0.055806	-0.758459	-1.707448	-0.636150	-1.211232	-1.900158	-1.766685	-1.329451	1.034643	-0.835006	-0.464783	-1.069802	-2.313819	-1.780550	-0.486493	-1.329684	-1.210422	0.612529	-1.679636	-1.002704	-1.374333	-0.984466	-0.600204	-0.277600	-1.808974	0.144182	2.530831	0.013176	-1.780288	-0.089232	0.568992	-1.180372	-0.619199	-0.269546	0.068838	-0.860733	-0.258564	-1.519139	-2.212071	-0.606731	-1.396610	-0.242569	-0.385665	-0.383146	0.428017	-0.939696	0.411497	-1.722982
-1.719706	-0.273800	0.313730	-0.652860	-0.173952	-0.795104	-1.481734	-0.423031	-0.804199	-1.422964	0.034927	-0.544743	-1.394163	-1.856876	-1.564738	1.233526	-1.699359	-0.495965	-0.241947	-2.364193	-1.390821	0.252524	-1.204927	-2.253362	0.305505	-2.429021	-1.775125	-1.054819	-0.396838	0.730884	0.340181	-3.001830	-0.499535	1.850692	0.380113	-2.818155	0.006660	1.061502	-0.469373	0.397630	-0.731551	-0.380105	-0.684820	-0.663561	-0.843909	-2.998418	-1.977394	-1.386275	0.273816	-0.136421	-0.385274	0.630299	-0.443954	0.150710	-1.834364
-0.935302	0.055723	1.207579	0.761120	0.952029	0.518902	-1.377816	-0.341430	-0.220124	0.216515	1.103987	1.197332	0.217536	-1.196130	-0.795781	1.098826	-1.259281	0.418774	0.956012	-0.652840	0.333457	1.443254	-0.125174	-1.863264	-0.483020	-1.835756	-1.517445	0.287392	0.281065	1.664885	0.847422	-2.367799	-0.473874	0.060836	0.389489	-2.081230	0.178479	1.689679	0.770645	1.559992	-0.717667	-0.319678	0.109682	0.054075	1.009493	-1.648329	-1.755567	-1.040213	1.439538	1.181691	0.699613	1.883392	0.823788	0.489233	-0.766849
0.177466	0.545747	1.467426	1.770264	1.516937	1.280346	-0.646092	-0.140604	0.240183	1.855155	1.707189	2.691067	1.426308	-0.244043	0.321544	0.766405	0.042891	1.462338	1.582717	1.358188	2.047616	1.924186	1.006773	-1.100223	-1.126158	-0.486178	-0.687808	1.646960	0.565283	1.579859	0.854254	-1.073480	-0.029208	-1.183289	-0.022120	-0.715297	0.187172	2.063341	1.350723	1.946354	-0.706454	-0.092176	0.775765	0.910469	2.463822	0.576641	-0.926236	-0.760718	2.200094	2.171916	1.721842	2.664290	1.852424	0.921213	0.881621
0.699893	0.586582	1.027177	1.383664	0.800787	0.650776	-0.229860	-0.355930	0.025411	1.873459	1.320813	2.586698	1.209172	0.292265	1.026237	0.370203	0.858794	1.597486	1.169701	1.992488	2.361542	1.101741	1.320596	-1.106362	-1.144869	0.449743	-0.271414	1.952173	0.476832	0.876982	0.543846	-0.603902	0.056326	-1.220797	-0.510282	-0.135092	-0.191060	1.634876	0.832910	1.327298	-0.967332	-0.254484	0.772122	0.877773	2.100283	1.718424	-0.883895	-0.501956	1.636891	1.454716	1.338176	1.757611	1.531699	0.448192	1.961356
0.471922	0.182500	0.276632	0.066567	-0.421884	-0.696918	-0.594260	-0.938959	-0.537397	0.208674	0.269454	1.031845	0.134433	0.100146	1.093723	0.016510	0.364744	0.579375	0.073771	1.047467	1.383383	-0.250576	0.753795	-1.856905	-0.632219	0.257758	-0.586543	1.156216	0.275571	0.367344	0.384786	-1.124006	-0.489854	-0.601442	-0.681167	-0.570778	-0.802876	0.329547	-0.130664	0.282171	-1.208561	-0.877894	0.229266	0.097906	0.179296	1.126941	-1.732241	-0.005483	0.083986	-0.606263	-0.315286	-0.248008	-0.131346	-1.047879	1.814593
0.097296	-0.140489	-0.403041	-0.834820	-0.915622	-1.414270	-1.292089	-1.341589	-0.596143	-1.432052	-0.626473	-0.463766	-0.489185	-0.417547	0.725739	-0.299379	-0.882990	-0.863423	-0.960181	-0.193098	0.477520	-0.861388	-0.103843	-2.413340	-0.063647	-0.726061	-0.970381	0.192530	0.032221	0.335180	0.507156	-1.553374	-1.092149	-0.025499	-0.348629	-1.157473	-1.159572	-1.173044	-0.694781	-0.544418	-1.053038	-1.431150	-0.344016	-0.440333	-1.552054	-0.141621	-2.345141	0.564870	-1.160286	-2.250245	-1.813679	-1.662664	-1.837847	-2.406506	0.855125
0.166219	-0.062517	-0.849296	-0.707341	-0.558787	-1.013274	-1.489907	-1.163371	0.130631	-1.429479	-0.839186	-0.756288	-0.244550	-0.531089	0.118810	-0.768470	-1.598414	-1.742137	-1.414484	-0.468356	0.555087	-0.478391	-0.706817	-2.038579	0.211908	-1.439186	-0.668896	-0.050865	-0.287685	0.395308	0.564121	-0.978435	-1.042620	0.293020	0.288880	-1.087640	-0.917083	-1.988603	-0.743678	-1.038426	-0.592314	-1.344989	-0.620617	-0.197777	-1.644498	-0.718620	-1.830925	0.660441	-1.229954	-2.305484	-2.122853	-1.513444	-2.243692	-2.389016	0.031601
0.678840	0.160890	-0.948872	-0.260104	-0.318353	-0.213608	-0.793493	-0.529833	0.934606	-0.039542	-0.499610	-0.236404	0.145331	0.052696	-0.636948	-1.494253	-1.125747	-1.614426	-1.201950	0.217048	1.046663	-0.033755	-0.913039	-0.803816	0.241824	-1.026303	0.250799	0.429445	-0.462126	0.163190	0.258640	0.371843	-0.411374	0.310332	0.679094	-0.339221	-0.235599	-1.899771	-0.743282	-1.369239	-0.211216	-0.590227	-0.603907	0.343587	-0.424042	-0.289990	-0.454531	0.160388	-0.526739	-1.317703	-1.508916	-0.370469	-1.326189	-1.102748	-0.133056
1.168113	0.145399	-0.593612	-0.396707	-0.742909	0.159502	0.436563	0.184319	1.016632	1.027581	-0.072526	-0.040796	0.071458	0.910413	-1.318258	-2.113733	-0.013447	-0.789764	-0.533327	0.855749	0.740880	-0.295278	-0.813296	0.695666	0.262747	0.403030	1.067250	0.874460	-0.147633	-0.246629	-0.212635	1.558525	0.010416	-0.111025	0.367741	0.585860	0.444773	-1.522657	-0.924949	-1.436719	-0.002101	0.326719	-0.388054	0.460827	0.484201	0.452023	0.894700	-0.244319	-0.080784	-0.572907	-0.778298	0.453234	-0.268688	0.135644	0.145077
1.228595	-0.055440	0.072716	-0.950432	-1.167603	0.141998	1.471620	0.786856	0.482263	0.641932	0.116732	-0.507915	-0.146112	1.431666	-1.499313	-2.038453	0.719702	0.076912	0.238740	0.684047	-0.636247	-0.901697	-0.527426	1.890635	0.351266	1.876929	1.330995	0.647462	0.565092	-0.456906	-0.408439	2.046475	-0.225538	-0.844468	-0.479395	1.271031	0.899920	-1.503397	-0.979944	-0.920477	0.302634	0.873504	-0.009449	0.166620	0.075887	0.816402	1.698385	0.176232	-0.330610	-0.511476	-0.269931	0.241306	0.016264	0.383931	0.371104
0.884381	-0.060510	0.601944	-0.998447	-0.768115	0.269620	1.869062	1.265663	0.071391	-0.595719	0.015489	-0.939448	0.054861	1.457000	-0.916959	-1.232043	0.711674	0.530933	0.783697	-0.047665	-2.023191	-1.014875	-0.223821	2.512202	0.404286	2.482344	1.345725	-0.006191	1.127822	-0.293164	-0.192624	2.152295	-0.545345	-1.290484	-1.167075	1.636154	1.237758	-1.693405	-0.565063	0.133295	0.795811	0.976266	0.483006	0.077310	-0.899614	0.793692	2.032676	1.203259	-0.769744	-0.548796	0.114258	-0.576533	-0.111472	0.119028	0.290628
0.444716	0.283184	0.625317	-0.293887	0.115704	0.630512	1.763148	1.534618	0.113198	-1.297071	-0.240616	-0.785895	0.513894	1.251896	0.147032	-0.436970	0.495705	0.550064	1.000214	-0.550119	-2.262767	-0.534550	-0.094767	2.567058	0.385862	2.168969	1.651648	-0.202006	1.241346	0.141212	0.168052	2.395050	-0.112405	-0.943793	-1.189036	1.767087	1.592229	-1.353567	0.169071	1.096109	1.129400	1.028522	0.995310	0.458208	-0.938563	0.847041	2.075112	1.792681	-0.703599	-0.184845	0.422032	-1.002880	0.285044	0.461008	-0.014817
0.041191	0.712626	0.204623	0.233972	0.399878	0.754403	1.546856	1.460133	0.253037	-0.904203	-0.393710	-0.452606	0.562333	0.980845	1.027263	-0.354686	0.674418	0.390721	1.028876	-0.522950	-1.480800	-0.174024	-0.127835	2.184222	0.396601	1.535312	2.223673	0.484894	1.228460	0.649809	0.389938	2.650381	0.931363	-0.044687	-0.737130	1.665607	1.883147	-0.175818	0.694171	1.317876	0.954808	1.410548	1.455270	0.828621	0.365545	1.265791	1.782106	1.216693	-0.061880	0.331632	0.670288	-0.466188	1.344581	1.665128	-0.308651
-0.503211	0.917453	-0.273060	-0.256239	-0.121531	0.372025	1.360920	1.101149	0.201599	-0.032202	-0.218543	-0.606876	-0.011829	0.451297	1.266974	-0.775087	1.133128	0.328319	0.961721	-0.411259	-0.865705	-0.389452	-0.003985	1.475137	0.492694	0.944663	2.433279	1.383643	1.424369	0.992446	0.445657	2.232342	1.562715	0.666344	-0.394969	1.204613	1.866350	1.177100	0.649918	0.790225	0.411557	1.977248	1.770028	0.643529	1.907566	1.804481	1.104962	-0.105361	0.637125	0.556559	1.014848	0.707213	2.189622	2.791326	-0.383751
-1.199552	0.872920	-0.443206	-1.153337	-0.335925	-0.166499	1.006680	0.667642	0.184952	0.498023	0.202876	-1.045164	-0.674397	-0.526841	0.963999	-0.807229	1.249662	0.516675	0.642750	-0.594592	-1.034553	-0.713993	0.554357	0.531056	0.590945	0.205337	1.820942	1.457028	1.492608	0.880721	0.426655	0.823432	1.302183	0.836845	-0.449379	0.322764	1.304088	1.749892	0.183615	0.120341	-0.033382	2.092852	1.701091	0.052317	2.416552	1.911406	0.274210	-1.003281	0.903113	0.568383	1.403378	1.628589	2.017843	2.785030	-0.184266
-1.518204	0.712972	-0.186524	-0.933864	0.682146	-0.361561	0.372077	0.229217	0.410726	0.520909	0.479475	-0.810496	-0.823255	-1.637929	0.517276	0.060357	0.758650	0.912745	-0.086328	-0.708755	-1.134645	-0.396980	1.317589	-0.410992	0.588986	-0.796747	0.663474	0.536540	0.803466	0.203093	0.319646	-0.926814	0.900777	0.814472	-0.631160	-0.702439	0.139194	1.348603	-0.190561	-0.077640	-0.101465	1.323950	1.013560	-0.292611	1.723010	1.293856	-0.298169	-0.715630	0.642029	0.754711	1.301235	1.534889	0.958510	1.528391	0.160656
-0.916054	0.445405	0.295673	0.852723	2.256537	-0.140141	-0.206713	-0.277323	0.551966	0.455909	0.364036	0.473845	-0.431510	-2.109181	0.176914	1.350130	0.150578	1.234521	-1.007770	-0.175913	-0.094578	0.569648	1.652323	-0.869731	0.483662	-1.554092	-0.350237	-0.511420	-0.557415	-0.714682	0.046571	-1.892821	1.185121	0.956948	-0.463288	-1.212793	-1.301524	0.656144	-0.020177	0.322960	0.139173	0.096842	-0.094699	-0.057445	0.589312	0.251845	-0.353351	0.405969	0.035866	1.103724	0.355529	0.316895	-0.242753	-0.160398	0.424249
0.234768	-0.015626	0.535661	2.692054	2.783893	0.203325	-0.242093	-0.699215	0.140069	0.644327	0.085262	1.814126	0.068995	-1.392916	-0.029477	2.089113	0.064129	1.122005	-1.591431	0.755862	1.544303	1.401077	1.200288	-0.442234	0.328174	-1.413610	-0.809570	-0.877813	-1.632997	-1.291049	-0.354236	-1.526431	1.776457	1.043021	0.199873	-0.654638	-2.238118	0.376329	0.660281	0.945992	0.498311	-0.614438	-0.942459	0.377924	-0.257735	-0.620647	0.013679	1.306402	-0.654033	1.146821	-0.752576	-1.304820	-0.967816	-1.222871	0.414530
0.734309	-0.577961	0.140543	2.675033	1.660066	0.395434	0.188044	-0.652537	-0.781017	0.844403	0.015556	1.786469	0.309846	0.179751	-0.059530	1.770154	0.378742	0.495117	-1.509001	1.068314	1.953307	1.436099	0.285067	0.612610	0.128617	-0.488525	-0.797503	-0.726861	-1.664188	-1.246344	-0.711437	-0.374302	1.682831	0.759290	0.924614	0.686976	-1.870891	0.561575	1.215612	1.237177	0.779853	-0.441489	-1.058705	0.337269	-0.615881	-1.080539	0.440265	1.267030	-1.113448	0.654803	-0.813580	-2.150151	-0.957052	-1.054458	0.077184
-0.082152	-0.935880	-0.738303	0.782730	-0.025201	0.330246	0.305515	-0.082569	-1.695735	0.448700	0.111605	0.206045	0.245803	1.504778	0.142232	0.762569	0.233029	-0.276608	-0.997284	0.259300	0.398714	0.829259	-0.483830	1.347674	-0.163532	0.287810	-0.627939	-0.805940	-1.021208	-0.871218	-0.881679	0.438441	0.846318	0.435544	1.048885	1.668244	-0.232719	0.807438	0.906110	0.894940	0.742653	-0.165096	-0.813846	-0.440930	-0.609910	-1.429505	0.602817	0.535637	-1.051313	0.059233	0.334189	-1.557178	-0.232519	0.059906	-0.417776
-1.358572	-0.895918	-1.403462	-0.947001	-0.788056	0.048924	-0.470600	0.407547	-2.153435	-0.681263	-0.051579	-1.507377	0.049163	1.623083	0.346035	-0.096119	-0.838486	-0.657300	-0.587277	-0.845267	-1.530733	0.277177	-0.840549	1.046185	-0.573137	0.158914	-0.617286	-1.375833	-0.737919	-0.655555	-0.865878	0.242289	0.198937	0.641142	0.441805	1.407796	1.475576	0.806532	-0.241914	0.178513	0.285031	-0.711638	-0.968192	-1.469971	-0.414892	-1.959311	0.505080	-0.026781	-0.460643	-0.015961	1.348384	-0.166833	0.768153	1.030285	-0.686792
-1.575347	-0.617767	-1.258039	-0.691499	-0.281753	-0.199965	-1.609672	0.151286	-2.042352	-1.720017	-0.671389	-1.795417	-0.055347	0.657695	0.083728	-0.197223	-2.020123	-0.405980	-0.466754	-0.962237	-1.727653	0.260978	-0.907821	0.126823	-1.034621	-0.586600	-0.968460	-1.883002	-1.202062	-0.739546	-0.760038	-0.605763	0.165307	1.114599	-0.180998	0.384602	1.837751	0.553383	-1.165996	-0.215604	-0.247611	-1.805591	-1.570208	-1.865267	-0.183811	-2.374130	0.439923	0.142319	0.261653	0.520430	0.992378	0.624804	1.213682	0.841602	-0.384296
-0.341941	-0.408226	-0.411985	1.128327	0.651754	-0.069322	-1.880558	-0.722901	-1.478308	-1.564832	-1.342574	-0.589226	0.086974	-0.243960	-0.738498	0.423262	-1.931694	0.236755	-0.285471	0.102157	-0.131148	0.679206	-0.772200	-0.248343	-1.359832	-0.931254	-1.543567	-1.695377	-1.670792	-0.831322	-0.627634	-1.134040	0.033153	0.836043	0.002461	-0.030608	0.658763	0.193738	-0.743728	0.204889	-0.266454	-2.208710	-1.755003	-1.177996	-0.022086	-2.041579	0.624013	0.810861	0.649965	1.145275	-0.221205	0.217841	0.575800	-0.387222	0.441850
1.119907	-0.344063	0.444930	2.412518	1.038739	0.430027	-0.797763	-1.384524	-0.674033	-0.137204	-1.423260	0.724780	0.397063	-0.106295	-1.501537	1.154279	-0.315713	0.748303	0.274392	1.162170	1.288839	1.097166	-0.357996	0.416993	-1.269706	-0.290092	-1.776275	-0.871019	-1.235161	-0.606769	-0.437632	-0.725453	-0.803749	-0.555201	0.880092	0.739147	-0.862194	-0.130140	0.860120	1.100559	0.307851	-1.341270	-0.876997	0.034485	0.045572	-0.832044	0.935186	1.319591	0.664585	1.262631	-0.701366	-0.536241	-0.656864	-1.475688	1.280795
1.384029	-0.221470	0.707203	1.728665	0.549412	0.703797	0.710307	-1.289577	0.128092	1.297961	-0.736335	0.847794	0.513507	0.741087	-1.503478	1.312461	1.436574	0.715138	0.910161	0.993119	1.001899	1.189669	0.232025	1.281823	-0.583246	0.812327	-1.168835	-0.031264	0.035353	-0.039562	-0.099199	0.307591	-1.727683	-1.984901	1.481233	1.697613	-1.515447	-0.319563	2.167992	1.493465	0.735276	-0.023356	0.543506	0.677016	0.053436	0.571698	1.060616	1.247238	0.713376	0.687280	0.050635	-0.513985	-1.353961	-1.524665	1.528295
0.308347	0.142756	0.320646	-0.323745	-0.488881	0.142275	1.335017	-0.702935	0.762876	1.409150	0.219759	-0.154465	0.088090	1.010744	-0.820615	0.731414	1.772098	0.131833	0.958232	-0.323619	-0.398068	0.926513	0.577568	1.147981	0.500577	1.311865	0.016750	0.371784	1.221282	0.673799	0.445779	1.061220	-1.684633	-2.040873	1.187299	1.479957	-1.230502	-0.298940	1.968596	0.806036	0.249570	0.677000	1.401220	0.334082	0.060747	1.357270	0.785710	0.596902	1.084258	-0.300704	0.795580	0.242665	-0.926469	-0.834897	0.983270
-1.069425	0.637432	-0.311534	-2.017930	-1.416624	-1.064175	0.808114	-0.110654	1.140313	0.287447	0.812344	-1.102747	-0.795103	0.061379	-0.163287	-0.144774	0.696190	-0.658720	0.206956	-1.587919	-1.219007	0.416669	0.378083	-0.127903	1.354708	0.736535	0.852462	0.424917	1.613554	1.303720	1.064753	0.898971	-0.683148	-0.574477	0.461599	0.026210	-0.646429	-0.009389	0.658423	-0.402100	-0.932588	0.730006	1.272238	-0.227309	0.134662	1.379897	0.064162	-0.447862	1.457207	-1.188820	0.350570	0.776905	0.135224	-0.186053	0.012712
-1.723183	0.896730	-0.738090	-2.269756	-1.651703	-1.934722	-0.031864	0.425037	1.109082	-0.649228	0.901615	-1.001340	-1.563741	-1.194615	0.097195	-0.787281	-0.404579	-1.321588	-0.788815	-1.776139	-0.749756	-0.283748	-0.111157	-1.493568	1.340865	-0.351849	0.699598	0.429865	1.248888	1.560127	1.328911	0.016840	0.200018	1.143984	0.139777	-1.352076	-0.108218	0.468122	-0.340516	-1.028159	-1.735092	0.781193	0.648101	-0.081812	0.298429	1.101436	-0.976739	-1.586471	1.176046	-1.529780	-0.744775	0.625139	0.929830	0.287377	-0.776087
-1.387866	0.647394	-0.765731	-1.334562	-1.131226	-1.633547	-0.378796	0.978412	0.564514	-0.311150	0.785916	0.023573	-1.575606	-1.353969	0.321379	-1.045639	-0.490108	-1.698227	-1.229849	-0.853261	0.244484	-1.077617	-0.325085	-1.868528	0.403127	-0.965660	-0.121955	0.461528	0.523419	1.099412	0.778221	-0.768903	0.225177	1.740614	0.328077	-1.499263	0.394495	0.777411	-0.301456	-0.729139	-1.369691	0.961808	0.084021	0.590781	0.470459	0.898857	-1.911269	-2.266754	0.050562	-1.183031	-1.013995	0.268121	1.045635	0.868195	-1.052290
-0.423781	0.058796	-0.475679	-0.180086	-0.389563	-0.307201	-0.241056	1.243444	-0.191786	0.787924	0.661871	0.962429	-0.670396	-0.279536	0.860599	-1.020181	0.090924	-1.624026	-0.783619	0.497576	0.789339	-1.624195	-0.060438	-1.189705	-0.781174	-0.620116	-0.768011	0.364594	-0.233005	-0.080040	-0.479247	-0.813038	-0.206410	0.987426	0.385165	-0.645805	0.713564	0.528776	0.150680	-0.267623	-0.119267	0.769803	-0.334647	0.787555	0.499505	0.693034	-2.135654	-1.979165	-1.261818	-0.398246	-0.061901	0.188854	0.711211	1.311213	-0.952069
0.575741	-0.357698	-0.072444	0.407691	-0.015985	1.024741	-0.090753	0.859023	-0.512655	1.244701	0.465685	0.981539	0.570742	0.723321	1.315196	-0.773628	0.377099	-0.961737	0.140438	1.471438	0.758854	-1.512160	0.317618	-0.267338	-1.316748	0.272262	-0.776502	0.089895	-0.733211	-1.257334	-1.556852	-0.245701	-0.324019	-0.194814	-0.075378	0.054358	0.618280	-0.178385	0.114386	-0.433624	1.016440	0.055015	-0.645486	0.115464	0.303162	0.279032	-1.434475	-0.919985	-1.801556	0.317342	0.977885	0.199583	0.329150	1.021098	-0.771377
1.055521	-0.337176	0.207026	0.224093	-0.109865	1.323022	-0.132706	0.059661	-0.097452	0.607430	0.226547	0.226078	1.153094	0.530692	0.975798	-0.412404	0.125814	-0.070929	0.670069	1.485507	0.567985	-0.768228	0.403110	0.170621	-0.813900	0.806004	-0.339433	-0.132962	-0.736011	-1.435982	-1.521285	0.254555	-0.114701	-0.799228	-0.559213	-0.022409	0.215226	-0.738063	-0.376807	-1.000817	1.212127	-0.550873	-0.680907	-0.698457	-0.045997	-0.198653	-0.338895	0.014687	-1.236552	0.490173	0.932707	-0.053005	0.048504	0.088238	-0.598127
0.771488	-0.228482	0.114247	-0.426110	-0.433989	0.329413	-0.183000	-0.534468	0.532365	-0.153011	0.109291	-0.454366	0.501555	-0.493146	-0.086862	-0.212200	-0.089541	0.168082	0.186400	0.498675	0.394329	-0.030685	0.221858	0.070660	0.272231	0.441164	0.122458	-0.093246	-0.359773	-0.480898	-0.451554	0.236722	-0.244102	-0.675003	-0.365713	-0.403321	-0.206636	-0.775027	-0.594133	-1.128136	0.368769	-0.477056	-0.401686	-0.859566	-0.412488	-0.336745	0.331136	0.196125	-0.228618	-0.011700	-0.159562	-0.462563	-0.288873	-0.705640	-0.375628
0.008522	-0.503879	-0.436616	-0.993516	-0.829849	-1.228027	-0.103531	-0.695710	0.513673	-0.197578	-0.035981	-0.501817	-0.881997	-1.084152	-0.900992	-0.349876	0.071510	-0.665018	-0.973725	-0.711408	0.132530	-0.007334	-0.024767	-0.204942	0.930112	-0.403812	0.307914	0.015422	-0.135552	0.468366	0.471128	-0.107582	-0.960228	-0.391280	0.297706	-0.425436	-0.590168	-0.660110	-0.306795	-0.599258	-0.865199	-0.047396	-0.208365	-0.459393	-0.722647	-0.031736	0.273111	-0.099359	0.176544	-0.828188	-1.380365	-0.663455	-0.844548	-0.985275	-0.193939
-0.566939	-0.952224	-1.071368	-0.993346	-1.093890	-2.106409	-0.009527	-0.657260	-0.361449	0.006706	-0.589408	-0.120677	-1.708626	-0.597617	-0.778124	-0.630625	0.202485	-1.698631	-1.651160	-0.973866	-0.124620	-0.709533	-0.399000	-0.356245	0.412652	-0.673306	0.057947	-0.154963	-0.361598	0.237025	0.213556	-0.252234	-1.567580	-0.374188	0.453424	-0.148038	-0.907723	-0.953943	-0.137480	-0.123517	-1.461692	0.000020	-0.464967	-0.038451	-0.906148	0.314485	-0.081871	-0.311038	-0.364831	-1.277116	-1.890753	-0.501455	-1.374916	-1.081584	-0.210405
-0.445474	-0.787027	-1.037396	-0.321894	-0.744449	-1.487531	-0.008171	-0.461496	-1.247892	-0.313534	-1.285727	0.252580	-1.052225	0.510189	-0.154810	-0.720569	-0.128734	-1.512364	-1.014319	0.108017	-0.051849	-1.329860	-1.000154	-0.274937	-0.959492	0.213648	-0.540402	-0.423266	-0.514147	-0.800766	-0.823929	0.093644	-1.238609	-0.480695	-0.248730	-0.049127	-0.725264	-1.466002	-0.572723	-0.300675	-0.755808	-0.418662	-0.852581	0.294176	-0.835994	0.266382	-0.163797	-0.447115	-1.055938	-0.853042	-1.342048	-0.061509	-1.234124	-1.080592	-0.273919
0.226335	0.230220	0.077559	0.561691	0.406380	0.209672	-0.054683	0.149640	-1.029032	-0.854632	-1.096115	0.498733	0.691834	1.489078	0.154335	-0.556717	-0.699358	0.162856	0.463408	1.503827	0.384917	-1.056054	-1.483476	-0.067149	-1.939339	1.552915	-1.038485	-0.165847	0.182920	-1.030895	-1.137038	0.665736	-0.096944	-0.390267	-0.914170	-0.295905	0.407141	-1.312891	-1.161859	-0.797833	0.797627	-0.745346	-0.698250	0.746233	-0.572751	-0.201579	0.013665	-0.851282	-0.830719	0.265668	0.076445	0.505065	-0.064509	-0.457120	-0.002417
0.710784	1.159663	1.688138	0.898133	1.514713	1.522941	-0.207305	1.020120	0.393080	-0.803672	0.351873	0.602308	2.051720	1.933758	0.123445	-0.332518	-1.061443	1.916445	1.468018	1.672925	0.716473	-0.027550	-1.337089	-0.109220	-1.614690	1.892350	-1.022765	0.644005	1.490877	0.308529	0.107787	0.794629	0.800047	-0.082253	-0.610032	-0.736682	2.019978	-0.085533	-1.158512	-0.913370	1.776460	-0.782220	0.027713	1.101768	-0.549907	-0.853636	-0.125185	-1.399464	0.346207	1.226686	1.535110	0.990714	1.480009	0.852152	0.582777
0.399545	0.853648	2.588141	0.322896	1.322980	1.315582	-0.701409	1.335426	1.755996	-0.276501	1.797247	0.349647	1.841864	1.581549	0.309090	-0.157639	-1.222832	2.130881	1.300908	0.224642	0.517380	0.756526	-0.632734	-0.708478	-0.435176	0.556208	-0.700909	1.053116	2.044962	2.015344	1.969769	0.033329	0.536058	0.180055	0.340980	-1.227235	2.755732	1.371503	-0.625434	-0.597762	1.125618	-0.955545	0.559943	0.755636	-1.085006	-1.481488	-0.863040	-1.488643	1.408566	1.206972	1.895537	1.152420	2.058746	1.724061	0.818602
-0.442836	-0.559970	2.176558	-0.699788	-0.219953	0.029909	-1.501624	0.574486	1.664149	-0.145799	1.708839	-0.309524	0.370713	0.264425	0.738822	0.067857	-1.409707	0.788165	0.598933	-1.600530	-0.006381	0.619839	-0.003873	-1.518404	0.355830	-1.487521	-0.666275	0.310097	0.954439	2.396384	2.750806	-1.235440	-0.703149	0.135519	0.831246	-1.546986	1.788672	1.773281	-0.313650	-0.387238	-0.654612	-1.401395	0.382124	-0.373830	-1.702201	-1.844249	-1.566733	-0.799174	1.518422	0.229003	0.757147	0.881104	1.013503	1.021027	0.134193
-0.800369	-1.689036	1.133668	-1.291038	-1.576058	-0.717874	-2.020118	-0.598772	0.151137	-0.608994	0.353719	-0.853438	-0.814135	-1.474352	0.799396	0.445341	-1.437334	-0.537812	0.502110	-2.217656	-0.246243	0.034784	0.216003	-1.689401	0.226426	-2.505296	-0.968940	-0.962812	-0.875267	1.339793	1.895736	-2.020382	-1.735150	-0.279604	0.377429	-1.342022	-0.056244	0.938669	-0.524946	-0.457322	-1.986894	-1.503881	-0.035793	-1.429452	-1.474036	-1.639639	-1.315916	0.326728	1.022308	-0.782170	-0.869578	0.324096	-0.718726	-0.760001	-1.083690
0.023978	-1.501449	0.633951	-0.978709	-1.306392	0.071136	-1.659039	-1.007672	-1.237506	-0.867215	-0.500415	-0.636186	-0.510179	-2.348924	0.281189	0.910354	-0.883319	-0.486080	1.314668	-1.253660	0.026848	-0.034159	0.370255	-0.893110	-0.133936	-1.755454	-0.930258	-1.429250	-1.658466	0.199969	0.414215	-1.745991	-1.514782	-0.867547	-0.501071	-0.619013	-1.150992	0.030407	-0.686306	-0.352995	-1.903300	-0.804443	0.078564	-1.471591	-0.244744	-0.872967	-0.145666	1.278905	0.748975	-0.866543	-1.437377	-0.179461	-1.468084	-1.836803	-1.699038
1.479240	-0.481704	0.959884	-0.021728	0.231169	1.635813	-0.603007	-0.502380	-1.053421	-0.370314	-0.010115	0.237909	0.877080	-1.652967	-0.221052	1.324312	0.143770	0.640155	2.201141	0.288679	0.355700	0.539466	0.785515	0.119954	0.113229	-0.193548	-0.178863	-0.756738	-0.884523	-0.155047	-0.532369	-0.905240	-0.252777	-1.238106	-1.095114	-0.060106	-0.982483	0.045079	-0.253610	0.167714	-0.898677	0.135896	0.665184	-0.578589	0.944319	-0.084232	0.794072	1.644754	0.720198	0.022119	-0.552772	-0.308198	-0.720173	-1.267833	-1.032260
2.151388	0.169329	1.213670	0.945326	1.369174	2.318024	0.258755	-0.169474	0.470446	0.325657	0.601859	0.840397	1.802262	-0.285335	-0.256422	1.579474	0.887060	1.413659	2.173848	1.183637	0.166672	0.806162	1.100950	0.355978	0.775876	0.656820	0.596623	-0.029117	0.130280	-0.305173	-0.879068	-0.461720	0.744375	-1.078068	-1.156779	-0.334961	-0.601890	0.532206	0.411283	0.543991	-0.007405	0.398976	0.875572	0.273027	1.000980	0.144659	0.545423	1.283670	0.183491	0.980912	0.583594	0.004499	0.251629	-0.033427	0.322359
1.243884	0.138754	0.511536	1.416169	1.124594	1.418659	0.323863	-0.752097	1.644809	0.332916	-0.169803	0.418812	1.275660	0.282728	-0.242700	1.496257	0.783800	1.000147	1.174624	1.070913	-0.490433	-0.023425	0.695112	-0.198345	0.876936	0.352006	0.478270	-0.241558	0.079179	-1.045799	-1.219893	-0.679906	0.537227	-0.467952	-0.815181	-1.141725	-0.968315	0.308887	0.501937	0.107121	0.503238	0.008845	0.245265	0.413005	0.091749	-0.094922	-0.494188	0.293329	-1.042520	1.095208	0.664885	0.506624	-0.001053	0.384544	1.126965
-0.451317	0.207327	-0.840955	1.259871	0.138268	-0.114173	-0.025889	-1.506188	1.242075	-0.286327	-1.876330	-0.649655	-0.127478	-0.139873	-0.724749	0.802432	0.185273	-0.052549	0.030821	0.504293	-0.923270	-1.421565	-0.330682	-0.585978	0.011814	-0.210727	-0.292682	-0.898391	-0.616375	-1.942396	-1.606903	-0.828063	-0.332187	0.111224	-0.330701	-1.401244	-1.545265	-0.811424	-0.048933	-0.868752	1.066249	-0.075025	-0.619999	0.169081	-0.552215	-0.076162	-1.035373	-0.896274	-1.903726	0.358719	-0.144991	0.812907	-1.178247	-0.087385	0.912211
-1.301251	0.873666	-1.674576	0.696641	-0.429083	-0.880869	0.091432	-1.211079	-0.006050	-0.479903	-2.501777	-1.135305	-1.045914	-0.458017	-1.329947	-0.470669	0.012377	-0.688646	-0.559976	0.188305	-0.537623	-1.976170	-0.976020	-0.104985	-0.913225	-0.105004	-0.399705	-0.629300	-0.568918	-1.819952	-1.410506	-0.129964	-0.533956	0.202818	-0.004753	-0.530198	-1.185436	-1.674128	-0.352179	-1.291434	1.699769	0.686463	-0.765798	0.190195	-0.061688	0.712358	-0.400464	-1.563196	-1.298080	-0.416188	-0.584742	0.625999	-1.589813	-0.317462	0.427487
-0.556907	1.461180	-1.323668	0.088780	-0.338966	-0.575808	0.987111	0.089256	-0.267176	0.502425	-0.979727	-0.284684	-0.881702	-0.091514	-1.152762	-1.607639	0.744672	-0.549113	-0.705336	0.291217	0.475495	-0.956196	-0.330343	0.853956	-0.614237	0.499101	0.890168	0.938014	0.472428	-0.450495	-0.354757	1.200372	0.342726	-0.146865	0.006254	0.837685	0.003869	-1.282696	0.289738	-0.492339	1.686710	1.639834	-0.039941	0.458776	1.120705	1.890070	0.760700	-1.139065	0.349307	-0.559228	-0.061387	-0.127861	-0.446824	0.207801	0.522681
0.899429	1.035067	-0.303504	-0.325291	-0.199156	-0.047407	2.042608	1.087337	0.983323	2.072893	1.424679	1.259617	-0.247187	0.170928	-0.077286	-1.640572	1.908295	-0.056342	-0.855036	0.463183	1.280631	0.847848	1.352260	1.357335	0.981867	0.778582	2.610913	2.496994	1.200207	0.979966	0.857086	2.108176	1.258476	-0.429086	-0.098054	1.602191	0.578807	-0.100776	1.385028	0.946162	0.626538	1.829570	0.819324	0.407111	1.790058	2.506346	1.301450	0.207186	1.351188	-0.222406	0.628885	-1.135793	0.973463	0.648678	0.940458
1.626271	-0.180302	0.419976	-0.525636	-0.313513	-0.006701	2.437980	0.886703	2.093848	2.826345	2.571107	2.088943	0.084270	-0.488222	0.974775	-0.390491	2.593173	0.391456	-0.959951	0.408052	1.262540	1.981455	2.742753	1.059906	2.484576	0.489558	3.071188	2.521288	0.593806	1.262267	1.262852	1.881421	1.063316	-0.304095	0.047789	1.405220	-0.347923	0.530087	1.798249	1.780451	-0.710818	1.266573	1.172006	-0.094149	1.321440	2.039775	0.864203	1.524952	0.719475	-0.001809	0.537123	-1.701851	0.918247	0.111720	0.681178
1.199656	-0.911105	0.492213	-0.560959	-0.244256	-0.177499	2.017408	0.041909	1.309055	2.024609	1.814355	1.569307	0.201038	-1.450286	1.296698	1.156485	2.328698	0.829088	-0.513931	0.276388	0.668190	1.816068	2.678013	0.518876	2.535380	0.254562	1.815423	1.064813	-0.598243	0.512433	0.730905	0.977340	-0.005399	-0.079111	0.460348	0.835410	-1.825683	0.039957	1.138706	1.420554	-1.098744	0.810140	1.145475	-0.358910	0.272386	0.938369	0.158749	1.874130	-0.672293	-0.096767	-0.104708	-1.308921	-0.587997	-0.998219	-0.531517
0.453289	-0.361360	0.269716	-0.403447	0.410674	0.088358	1.269065	-0.275977	-0.858916	0.276249	0.368354	0.454492	0.682113	-1.283997	1.289739	1.756015	1.327689	1.283805	0.539983	0.394261	0.243134	0.938990	1.228950	0.437997	1.221513	0.617339	0.182567	-0.340322	-0.811775	-0.218870	-0.032530	0.486859	-0.544734	-0.300435	0.640446	0.593308	-2.106757	-0.756059	0.119359	0.472745	-0.272492	0.893500	1.144968	0.250101	-0.370670	0.074821	0.081967	1.241768	-1.246831	-0.164309	-0.349926	-0.326151	-1.791802	-1.460251	-1.692415
0.256451	0.820293	0.071661	-0.031231	1.280616	0.726748	0.598083	0.238694	-2.258651	-1.279007	-0.522923	-0.179164	1.462046	0.340099	1.649125	1.066023	0.032759	1.362240	1.352103	0.715218	0.263755	0.183774	-0.544020	0.833059	-0.266426	1.241035	-0.241435	-0.504228	0.276880	-0.360091	-0.468288	0.840188	0.334036	-0.887715	0.094242	0.759654	-0.670045	-0.784973	-0.530401	-0.064284	0.787134	0.920647	1.044994	1.320107	-0.305791	-0.192421	0.773384	0.482992	-0.671812	0.033529	-0.019999	0.207855	-1.408692	-0.794351	-1.653940
0.432597	1.279473	-0.276295	0.400916	1.572151	0.917363	-0.081490	0.741997	-1.917114	-2.109565	-1.025371	-0.255443	1.628502	2.043741	2.067470	-0.254729	-1.252744	0.636472	0.947019	0.782277	0.216111	-0.321639	-1.757928	1.048061	-1.086984	1.282645	0.555745	0.164677	1.339214	-0.342072	-0.723486	1.302700	1.880719	-1.010790	-1.041738	0.875607	1.250912	-0.082584	-0.999834	0.017329	0.983580	0.150234	0.295169	1.653092	-0.066144	-0.228161	1.543511	0.244347	-0.086983	0.218832	0.018923	-0.226719	-0.062704	0.225434	-0.485071
0.088737	0.438180	-1.049406	0.596962	0.990189	0.093309	-0.973023	0.399672	-1.138229	-2.411661	-1.954822	-0.531949	0.519056	2.306525	1.463320	-1.397573	-2.251291	-0.679176	-0.641249	0.302533	-0.397348	-0.968249	-2.391804	0.528434	-1.425188	0.376426	1.074678	0.378155	1.036558	-0.745155	-1.103953	0.895810	2.510518	-0.013604	-2.065333	0.512385	2.144948	0.360040	-1.868209	-0.037786	0.199484	-1.200634	-1.192419	0.644310	-0.204136	-0.495374	1.588170	0.175965	-0.447365	-0.004844	-0.817682	-0.940733	0.726939	0.663897	0.671611
-1.141368	-0.917970	-2.021378	0.408905	0.054167	-1.302761	-1.853114	-0.493826	-1.429427	-2.380692	-3.121571	-1.273224	-1.312909	1.218118	-0.445646	-2.013292	-2.577097	-1.751807	-2.296397	-0.426100	-1.205493	-1.793819	-2.810021	-0.506446	-1.807095	-0.966731	0.160858	-0.402962	-0.466728	-1.405810	-1.377591	-0.358342	1.626766	1.713050	-2.333052	-0.264972	1.785362	0.006933	-2.898450	-0.865608	-0.757504	-2.104176	-2.604784	-0.857501	-0.623920	-0.989296	0.750670	-0.491490	-1.243246	-0.583296	-1.829807	-0.868883	0.448891	0.545412	0.982506
-2.449562	-1.431563	-2.497856	0.089044	-0.477627	-2.163935	-2.130352	-0.853438	-2.298133	-1.831992	-3.251421	-1.704276	-2.501855	0.209162	-2.389886	-2.010654	-2.015286	-1.860707	-2.879589	-0.812398	-1.307869	-2.144369	-2.919607	-1.212395	-2.212017	-1.865680	-1.572080	-1.394911	-1.802960	-1.628830	-1.023178	-1.399918	0.274834	2.964197	-1.637412	-0.854418	1.054196	-0.480794	-2.911882	-1.887384	-1.001252	-1.850945	-2.878587	-1.353453	-0.783535	-1.336673	-0.328388	-1.663783	-1.209764	-1.026384	-1.784701	0.106245	-0.060429	0.537961	0.767383
-2.565233	-0.468705	-1.971415	0.135659	-0.327172	-1.707914	-1.461889	-0.201925	-2.044993	-0.676662	-1.654513	-1.049778	-2.154583	0.210164	-2.742000	-1.215663	-0.877620	-0.946261	-2.147652	-0.605689	-0.431673	-1.309635	-2.142527	-0.969006	-2.107133	-1.814373	-2.434996	-1.474633	-1.853514	-1.063550	-0.058680	-1.345200	-0.160979	2.771482	-0.161708	-0.584916	0.570623	-0.155837	-1.114931	-1.651575	-0.282910	-0.744396	-1.746042	-0.342908	-0.382370	-1.249310	-0.799013	-2.121202	-0.001390	-0.874234	-0.411805	1.064037	0.029264	0.816243	0.844755
-1.091531	1.280343	-0.665455	0.730246	0.159206	-0.152434	-0.187544	0.680715	-0.328889	0.544267	0.643815	0.293244	-0.601120	0.663216	-1.226479	0.364082	0.155687	0.490194	-0.673276	-0.095644	0.609173	0.578252	-0.288550	-0.020674	-1.190815	-0.969989	-1.576255	-0.449053	-0.689881	-0.083642	0.781596	-0.428962	0.447087	1.191284	1.508173	0.583324	0.112929	0.901294	1.663486	0.472287	0.869678	0.318026	-0.031702	1.082808	0.303866	-0.744704	-0.382101	-0.862781	1.316123	-0.053214	1.282234	1.199406	0.500636	0.823359	1.349783
0.941781	2.395523	0.600807	1.357023	0.442695	1.418283	0.930735	0.746153	1.189093	0.997780	1.853722	1.093479	1.019355	0.514850	0.865172	2.049680	0.628148	1.747487	0.770505	0.257950	0.773786	2.386478	1.790803	0.821260	0.139226	0.087563	0.164206	0.782251	0.699557	0.670263	0.840515	0.427655	1.038912	-0.751441	2.433693	1.844119	-0.556798	1.602452	3.440497	3.146329	1.577149	0.735847	1.127272	1.421903	0.760723	-0.034075	0.431873	1.485781	1.479898	1.069036	2.124902	0.642360	0.611354	0.226548	1.567403
1.955116	1.961242	1.109661	1.223882	0.326206	1.881777	1.387359	0.024012	0.994545	0.520802	1.311856	0.729417	1.728904	-0.312145	2.001108	2.736614	0.662172	2.172450	1.590275	0.244109	-0.061819	2.867236	2.750668	1.065126	1.123493	0.787134	1.315823	1.221494	1.372162	0.925566	0.296751	0.722543	0.800881	-1.793550	1.999323	2.227375	-0.967834	1.157376	2.969893	4.124759	1.329327	0.626691	1.321313	0.370088	0.797190	0.638377	0.946019	3.088092	0.420788	1.840442	1.830787	0.051763	0.206524	-0.436022	0.931720
1.307129	0.309094	0.866299	0.166581	0.100067	1.019105	1.328643	-0.428281	-0.332653	0.003986	0.135756	-0.092208	1.321074	-0.874212	1.647225	1.896942	0.719985	1.446445	1.488658	-0.036179	-1.020590	1.829094	2.092697	0.962511	1.416241	0.923542	1.372415	0.767539	1.175613	0.910614	-0.064495	0.734819	0.029483	-1.381584	0.697860	1.546205	-0.549140	0.020972	1.030045	2.634504	0.407630	0.531845	1.093962	-0.954350	0.702434	1.083640	0.931776	2.830883	-0.701736	1.705091	0.941140	-0.250205	-0.130262	-0.416607	-0.162101
-0.136848	-1.368661	0.542183	-1.079056	0.125004	-0.271681	1.275269	0.137242	-0.907814	0.499494	-0.003145	-0.206178	0.305459	-0.460280	0.357161	0.222315	1.074345	-0.039660	0.640473	-0.378733	-1.252458	0.375776	0.791743	0.996317	1.451294	0.772238	1.118256	0.153384	0.702481	0.986882	0.250996	0.876078	-0.444520	-0.158521	-0.239616	0.519356	0.363690	-0.612019	-0.399244	0.318284	-0.475575	0.808549	1.181548	-1.300009	0.853048	1.247129	0.666786	1.450532	-0.697121	0.697393	0.132780	-0.486720	0.088602	0.223110	-0.780279
-0.957479	-2.029831	0.762756	-1.645947	0.293582	-0.845566	1.463139	1.272362	0.139414	1.882947	1.365394	0.642941	-0.538035	0.548962	-0.891246	-0.904906	1.480713	-1.240550	-0.229165	-0.681281	-0.824239	-0.153564	0.310946	1.133157	1.891790	0.774675	1.433601	0.007090	0.604273	1.288839	1.003094	1.030015	-0.242900	0.653668	-0.165798	-0.072476	0.786968	-0.072248	-0.188216	-0.514492	-0.941678	1.244956	1.670707	-0.507119	1.212207	1.206346	0.396332	0.497173	0.559852	-0.447772	-0.206108	-0.857682	0.674731	0.681924	-0.484682
-0.594185	-1.425518	1.454723	-1.363039	0.120113	-0.440024	1.538878	1.938422	1.810025	2.739312	3.037685	1.534850	-0.690942	1.187198	-1.394200	-0.649598	1.357805	-1.286773	-0.320156	-0.991824	-0.458377	0.552948	0.963620	0.880920	2.689976	0.957590	2.063869	0.240261	1.013778	1.739189	1.687986	0.741867	0.315866	0.546987	0.471960	-0.104014	0.393545	1.202185	0.997728	0.646705	-1.163166	1.275863	2.004396	0.592328	1.307686	1.025443	0.055253	0.539349	2.150638	-0.900701	-0.020612	-1.005561	1.112736	0.484151	0.365772
0.265828	-0.063846	1.923651	-0.695448	-0.544613	0.195821	1.011943	1.710071	2.646185	1.922990	3.408524	1.414947	-0.310499	0.993553	-1.175904	0.476007	0.428097	-0.404539	0.387016	-1.406321	-0.603644	1.640194	1.545156	0.130967	2.953520	0.785231	1.930301	0.438707	1.582804	2.222393	2.147410	-0.040231	0.664008	0.181526	1.012579	0.117843	-0.031686	2.214099	1.764890	2.137917	-1.329695	0.670756	1.706356	1.132914	0.782345	0.673033	-0.334846	0.817239	3.027859	-0.536535	0.426358	-0.339269	1.207269	0.097878	1.201177
0.550065	1.122684	1.541971	-0.169772	-1.175963	0.268109	-0.080038	1.050455	2.312264	0.001637	2.105548	0.173947	-0.155597	0.354961	-0.919400	1.032759	-0.819347	0.216013	0.908964	-1.902987	-1.067388	2.010170	0.802605	-0.478725	1.975584	-0.176615	0.662426	0.473061	1.832286	2.495044	2.420378	-0.736542	0.497596	0.387260	1.289593	0.375516	0.286236	2.278506	1.494109	2.088317	-1.264454	-0.125970	0.854123	0.804935	-0.117186	0.133125	-0.386501	0.485270	2.778144	-0.011326	0.653831	0.976804	1.144160	0.269451	1.672130
-0.100903	1.252903	0.352267	-0.050001	-1.186091	-0.213454	-1.164304	0.487199	1.446467	-1.360118	0.218164	-1.324972	-0.791332	-0.135712	-1.197266	0.093895	-1.547374	-0.304658	0.299349	-2.219298	-1.425731	1.203974	-0.953981	-0.412355	0.212873	-1.519910	-0.722820	0.402166	1.379943	2.051604	2.195839	-0.848800	-0.000680	1.079148	1.194675	0.467473	1.012768	1.378435	0.538534	0.375996	-0.792204	-0.560636	-0.182875	-0.210369	-0.759036	-0.504447	0.068104	-0.331392	1.633053	0.009949	0.317253	1.729559	1.021166	0.947234	1.513099
-1.019999	0.188209	-0.925344	-0.261001	-0.652708	-0.627168	-1.743108	-0.044767	0.528549	-1.328653	-0.979419	-2.066143	-1.755196	-0.344822	-1.714387	-1.621826	-1.472502	-1.485850	-1.077141	-1.923187	-1.380331	-0.371540	-2.096867	-0.117536	-1.089572	-2.223028	-1.050414	0.121980	0.169831	0.580590	1.004631	-0.654960	-0.366460	1.506098	0.375069	0.010751	1.184098	0.002401	-0.537686	-1.466122	-0.188171	-0.672041	-1.144673	-1.386507	-0.792166	-1.095294	0.377241	-0.859300	0.118933	-0.430607	-0.424193	0.914768	0.658521	1.253558	0.585471
-1.228817	-1.126508	-1.473550	-0.407442	-0.179978	-0.551913	-1.766537	-0.821697	-0.382002	-0.595932	-1.185124	-1.675694	-1.876326	-0.487078	-1.612536	-2.374126	-1.037075	-1.981288	-1.788514	-0.802784	-0.765221	-1.741315	-1.549987	-0.462507	-1.208233	-1.723509	-0.463958	-0.405431	-1.251472	-1.285949	-0.849402	-0.792417	-0.377842	1.303778	-0.973511	-1.063858	0.526563	-1.148021	-1.326787	-2.005925	0.085548	-0.851679	-1.811438	-1.977595	-0.419615	-1.450875	-0.280795	-0.728082	-1.150127	-0.745802	-0.984979	-0.812409	0.021202	0.613929	-0.645331
-0.507162	-1.437270	-1.087901	-0.131574	-0.178948	-0.180158	-1.423764	-1.608544	-1.001443	-0.154340	-0.909746	-0.645915	-0.682817	-0.590402	-0.610261	-1.410715	-0.658495	-1.148571	-1.051609	0.697536	0.309346	-2.031110	-0.028506	-1.402921	-0.598238	-0.553762	-0.101321	-0.777014	-1.950227	-2.183003	-2.084661	-1.236015	-0.333794	0.830035	-1.679371	-1.986152	-0.215828	-1.511056	-1.440022	-1.294773	-0.032786	-1.082825	-1.832799	-1.526778	-0.043588	-1.308284	-1.650867	-0.384326	-1.663204	-0.576733	-0.893202	-1.638010	-0.453031	-0.417624	-1.179362
0.342047	-0.508029	-0.349266	0.401296	-0.498634	0.046496	-0.880434	-1.772257	-0.780615	-0.110177	-0.633197	0.094847	0.849274	-0.414158	0.501009	0.022548	-0.253972	0.183732	0.266644	1.646023	1.245159	-1.217573	0.820506	-1.862837	-0.233293	0.264782	-0.551997	-0.504093	-1.449325	-1.406999	-1.689723	-1.198915	-0.662006	0.478388	-0.875317	-1.765484	-0.258261	-1.096537	-0.713260	-0.533000	-0.151518	-0.944404	-1.051777	-0.448767	0.126957	-0.540283	-2.433312	-0.452308	-1.362180	-0.189376	-0.244125	-0.747146	-0.299362	-0.768423	-0.535917
0.401867	0.606170	-0.004834	0.636508	-0.682856	0.016759	-0.362449	-1.155733	0.185927	-0.053745	-0.505257	-0.020686	1.372833	0.099872	0.766856	0.159368	0.265102	0.713288	0.741768	1.498798	1.357147	-0.231652	0.252695	-1.120226	-0.570717	0.311056	-1.296701	0.256285	-0.294602	0.136116	-0.198181	-0.250484	-1.308487	0.119889	0.584927	-0.442881	0.351430	-0.556730	0.297833	-0.653693	0.076200	-0.406876	0.028839	0.232399	0.054681	0.472702	-1.787790	-0.932711	-0.777806	-0.046456	0.426144	0.619745	0.283027	-0.159010	0.522193
-0.347145	0.758878	-0.190594	0.346624	-0.456543	-0.000136	-0.256726	-0.475866	0.747901	-0.038191	-0.622562	-0.707669	0.798280	0.630178	0.291132	-1.048893	0.443559	0.198615	0.115132	0.733259	0.712680	-0.067621	-0.942948	0.184655	-1.300550	0.009195	-1.646375	0.685811	0.433699	0.801936	0.762776	0.855307	-1.697620	-0.529059	0.894339	0.750312	0.980489	-0.521373	0.538835	-1.445107	0.558840	-0.147285	0.483997	-0.059103	-0.302020	0.909793	-0.355349	-1.238617	-0.596288	-0.177174	0.671788	0.710152	0.543937	0.537283	0.821565
-1.070416	-0.089259	-0.383356	-0.043056	0.018447	0.173326	-0.778947	-0.560461	-0.212913	-0.482419	-1.029569	-1.137657	0.327911	0.869727	0.142841	-1.834221	-0.234927	-0.334284	-0.592482	0.378936	0.248932	-0.710512	-1.504707	0.802874	-1.889187	-0.090428	-1.588955	0.197671	0.174536	-0.015101	0.238587	0.930702	-1.317585	-1.324340	-0.448837	0.762848	1.170608	-0.840653	-0.420128	-1.939588	0.877203	-0.772018	-0.121508	-0.861539	-0.891507	0.286480	0.573907	-0.913980	-0.981221	-0.148564	0.473054	-0.530828	0.058544	0.325521	0.210968
-0.972266	-1.017646	-0.099352	0.041117	0.371737	0.352895	-1.475115	-1.267405	-2.265051	-1.154676	-1.346900	-0.709855	0.820244	0.852894	0.933434	-0.843278	-1.347499	0.090385	-0.516755	0.923628	0.740047	-1.118852	-0.973985	0.414770	-2.079520	0.130597	-1.475571	-0.757473	-0.609691	-1.301303	-1.079685	-0.105676	-0.276275	-1.874872	-1.856399	-0.015386	0.846528	-0.796535	-1.660732	-1.432440	0.755088	-1.883996	-1.186602	-1.254179	-1.327569	-0.814148	0.641028	-0.105491	-1.353383	0.401634	0.136205	-1.402593	-0.739033	-0.735421	-0.345821
-0.025724	-1.191741	0.524455	0.664923	0.526836	0.308154	-1.394266	-1.467663	-3.476144	-1.018369	-0.906004	0.473127	1.625344	0.736791	1.876407	1.123091	-1.602850	1.173997	0.078611	1.841182	1.785725	-0.446620	0.087268	-0.053882	-1.891277	0.574902	-1.339806	-1.012778	-0.935129	-1.672206	-1.770440	-0.942263	0.740154	-2.045755	-1.487780	-0.270475	0.067977	-0.097314	-1.757242	-0.141477	0.416256	-2.269104	-1.634648	-0.777339	-1.055983	-1.138746	0.647277	0.590429	-0.960447	1.336826	0.020141	-0.548475	-0.990317	-1.540480	-0.120074
1.040375	-0.512758	0.895335	1.330086	0.805517	0.136855	-0.139117	-0.303735	-2.438167	0.375254	0.351643	1.728060	1.430528	0.542425	1.720664	2.045526	-0.345623	1.668181	0.385229	2.210659	2.180117	0.808042	0.745907	0.251937	-1.448225	1.216146	-0.936567	-0.002875	-0.302740	-0.916685	-1.297083	-0.451537	1.120008	-1.800738	0.498081	0.496487	-0.896551	0.709750	-0.431096	0.991719	0.381295	-1.202851	-1.036108	0.338354	-0.006326	-0.158704	1.166372	0.571147	0.219612	2.098412	0.298156	1.457883	-0.294525	-1.090939	0.462768
1.417521	0.545143	0.616628	1.488961	1.370333	0.112328	1.384742	1.643744	-0.081072	1.813567	1.415919	2.293235	0.048938	0.297704	0.474614	1.101524	1.340632	0.873719	0.161459	1.677382	1.343464	1.232313	0.456353	0.943202	-0.958941	1.846196	-0.287414	1.379467	0.739012	-0.064853	-0.440028	0.816578	0.942566	-0.877700	2.058563	1.294384	-1.379150	0.947144	1.012885	1.183018	0.833502	0.596777	-0.022816	1.540937	1.086709	1.178230	1.559931	-0.297492	1.251009	2.150596	0.783782	2.854890	0.825856	0.401914	0.499298
0.998205	1.382926	-0.065613	1.057436	1.777429	0.275441	1.801160	2.765821	1.248119	1.657743	1.234456	1.882139	-1.186469	0.129230	-0.473895	-0.443796	1.732474	-0.461900	-0.090937	0.744104	0.050920	0.244704	-0.482112	0.987053	-0.643883	1.930822	0.188129	1.668331	1.138625	-0.028401	-0.191136	1.322770	0.733213	0.618429	1.687296	1.024329	-0.885931	0.578426	1.182618	0.545786	1.326480	1.668749	0.500688	2.287017	1.365563	1.514277	0.931347	-1.389984	1.190496	1.430601	1.009320	2.635804	1.321362	1.613651	-0.181327
0.426117	1.577186	-0.469660	0.413795	1.433357	0.386085	0.916346	2.146507	0.646190	0.086626	0.132909	0.913156	-1.040969	0.003774	-0.181924	-0.896363	0.628847	-0.991175	0.068871	0.161275	-0.508045	-1.037446	-1.098881	0.197413	-0.479156	1.214328	0.156364	0.607521	0.543780	-0.547087	-0.568147	0.553453	0.610875	1.601334	0.158852	-0.022924	0.059803	0.068572	0.205849	-0.150558	1.270779	1.421048	0.359131	2.218759	0.797549	0.731956	-0.358557	-1.734398	0.225242	0.433527	0.671890	1.389674	0.661339	1.441899	-0.907150
0.221106	1.035422	-0.209790	-0.095082	0.418833	0.218225	-0.081119	0.593206	-0.383879	-0.994885	-0.484953	0.121581	0.024407	-0.311545	0.596969	-0.141344	-0.443733	-0.406779	0.395457	0.116572	-0.148230	-1.213868	-0.712836	-0.591899	-0.196722	0.233339	-0.227402	-0.544100	-0.299897	-0.718949	-0.793020	-0.474556	0.177126	1.094390	-0.662868	-0.753647	0.375387	-0.232043	-0.646465	-0.424805	0.579389	0.584094	0.057263	1.381291	0.070430	-0.071735	-1.054160	-1.089430	-0.550829	-0.224588	-0.001215	0.381588	-0.474120	0.227851	-1.132087
0.101104	0.081083	0.308632	-0.487427	-0.508215	-0.217953	-0.279018	-0.349748	-0.326657	-0.586983	-0.004661	-0.134997	0.454352	-0.838294	0.591459	0.528320	-0.402907	0.211632	0.325094	0.137091	0.238576	-0.503341	0.195607	-0.796227	0.250255	-0.269338	-0.550865	-0.751853	-0.582288	-0.301557	-0.472336	-0.808758	-0.594716	-0.135485	-0.312849	-0.896578	-0.102565	-0.295978	-0.692238	-0.468754	-0.300674	0.051808	-0.068149	0.323509	-0.342278	-0.193206	-0.807469	-0.372920	-0.538383	-0.370545	-0.486987	0.203967	-0.885949	-0.644349	-1.064976
-0.407686	-0.593284	0.359436	-0.823266	-0.722782	-0.619490	-0.107123	-0.145365	0.241351	0.098626	0.627743	-0.081694	-0.282197	-1.249082	-0.074932	0.329444	0.054482	-0.089807	-0.150780	-0.177544	-0.032979	-0.294686	0.515264	-0.694205	0.452786	-0.259787	-0.667625	-0.516378	-0.466273	0.031710	-0.109787	-0.702569	-1.037528	-0.333799	-0.001140	-1.000418	-0.405114	-0.192952	-0.408244	-0.522380	-0.800399	-0.038054	-0.121723	-0.194481	-0.468478	-0.057315	-0.555675	-0.504599	-0.249208	-0.299243	-0.517905	0.453111	-0.337794	-0.410678	-1.211874
-0.909700	-0.305614	-0.123444	-0.788207	-0.231296	-0.499573	-0.272714	0.423867	0.051486	-0.305771	0.398805	-0.040777	-0.948505	-1.331028	-0.116355	-0.036522	-0.100734	-0.755199	-0.320669	-0.551548	-0.569245	-0.906455	0.024890	-0.646563	0.112778	-0.279437	-0.761158	-0.823642	-0.611513	-0.239640	-0.283033	-0.777925	-0.750287	0.693817	-0.438955	-1.085757	-0.006503	0.030630	-0.250055	-0.347234	-0.566625	0.131398	-0.105154	0.222185	-0.304946	-0.172700	-0.899275	-1.036688	-0.334701	-0.267134	-0.253174	0.485884	0.146108	0.257536	-1.616485
-0.447528	0.884484	-0.424691	-0.071060	0.547701	0.343946	-0.479304	0.432688	-0.503302	-1.135963	-0.335628	-0.014267	-0.307535	-1.314347	0.819442	0.419019	-0.471517	-0.472894	0.312194	-0.439163	-0.527458	-1.039741	-0.241547	-0.554860	-0.320213	-0.604703	-0.886582	-1.434259	-1.029330	-0.711935	-0.752355	-0.947669	-0.282861	1.190763	-0.701181	-0.623896	0.264356	0.204452	0.115053	0.294097	0.258738	0.601319	0.240127	1.162435	0.228963	-0.298997	-1.199493	-0.685964	-0.655192	-0.233327	-0.022615	0.146205	-0.317819	0.281569	-1.837033
0.965231	1.830591	-0.080745	0.869927	1.072799	1.311091	-0.043167	-0.309365	-0.071472	-0.785419	-0.603305	0.089366	1.030397	-1.530270	1.339458	1.401073	0.024398	0.874562	1.171071	0.093344	0.211078	0.108411	0.490127	-0.362656	-0.047191	-1.021245	-0.738144	-1.227899	-1.137540	-0.679661	-0.801488	-0.786647	-0.393663	0.059822	0.105082	0.095143	-0.502801	-0.025525	0.910468	0.938989	0.895907	1.260333	0.830245	1.571624	0.728514	-0.128264	-0.765013	0.752680	-0.736860	-0.190512	-0.105629	-0.341780	-1.349452	-0.487578	-1.583458
1.875230	1.261832	0.387333	0.982041	0.812709	1.331430	0.777442	-1.430552	1.204162	0.705143	-0.359108	0.046357	1.323834	-1.894665	0.145457	1.593651	1.267406	1.834324	1.154223	0.322106	0.853452	1.345531	1.478358	-0.314858	0.985362	-1.264683	-0.075270	-0.062773	-0.821092	-0.161853	-0.252526	-0.326253	-1.082167	-1.469427	1.114358	-0.017694	-1.773852	-0.871669	1.402966	0.750969	0.494366	1.550552	1.062549	0.691182	0.504080	0.003513	0.009813	1.885735	-0.599997	-0.414212	-0.621118	-0.847926	-1.962154	-1.307893	-1.102939
1.035226	-0.606504	0.139481	-0.141156	-0.324594	0.074653	1.025012	-2.374183	1.683218	1.544469	-0.392448	-0.514326	0.027720	-1.922488	-1.978504	0.385973	1.952188	1.223708	0.072802	-0.180761	0.625092	1.017820	1.389509	-0.392941	1.805176	-1.217507	0.785055	0.756307	-0.658635	0.144855	0.300757	0.132550	-1.755292	-1.589717	0.778481	-1.049150	-2.128046	-1.961967	0.786131	-0.394776	-0.799734	1.119558	0.606033	-0.953165	-0.372878	-0.272432	0.343755	1.489950	-0.563923	-1.076690	-1.343893	-1.323601	-1.805151	-1.521285	-0.827454
-0.863460	-1.943597	-0.845793	-1.506762	-1.510426	-1.390857	0.444970	-2.528619	0.702759	0.685355	-0.973407	-1.444017	-1.437032	-1.253104	-2.868615	-1.231616	1.392480	-0.295977	-0.948647	-0.876342	-0.325716	-0.625059	0.145192	-0.174309	1.475202	-0.770130	1.187741	0.210244	-0.943214	-0.178435	0.258548	0.556737	-1.933208	-0.369830	-0.803932	-1.555115	-1.098936	-2.424865	-0.453039	-1.516532	-1.697417	0.392495	-0.042220	-1.826154	-0.879250	-0.563755	0.230492	0.106579	-0.552971	-1.771297	-1.690678	-1.489871	-1.221816	-1.066130	-0.783153
-1.794402	-1.300532	-1.701628	-1.623287	-1.496440	-1.589613	-0.137582	-1.575083	-0.386657	-0.682200	-1.402475	-1.838607	-1.433795	-0.063846	-1.568689	-1.755656	0.405104	-1.040033	-0.807180	-0.821950	-1.017299	-1.649971	-0.909326	0.397447	0.208028	0.086692	0.882174	-0.939726	-1.112916	-0.749370	-0.311127	1.023255	-1.444165	0.513114	-1.822278	-0.529456	0.278284	-1.662512	-0.882835	-1.459130	-1.140073	0.050507	-0.176232	-1.002092	-0.274272	-0.196163	0.215663	-0.725113	-0.177896	-1.796371	-1.194778	-1.049957	-0.464265	-0.252675	-0.537674
-0.769946	0.589433	-1.656867	-0.185507	-0.072250	-0.315367	0.072424	-0.005990	-0.165831	-0.659085	-0.977940	-0.877659	-0.021392	1.096387	0.524649	-0.862270	0.184003	-0.367096	0.177630	0.176666	-0.640569	-0.886914	-0.704618	0.698176	-0.853223	1.021171	0.340463	-1.045124	-0.529223	-0.858918	-0.820819	1.347282	-0.362093	0.031595	-1.109258	1.055815	0.820581	-0.043011	0.107270	-0.128366	0.360478	0.197913	0.222801	0.714625	0.912952	0.743819	0.417599	-0.380314	0.546873	-1.004081	-0.065181	-0.291556	0.476905	0.526090	0.240801
0.950250	1.594625	-0.771177	1.429886	1.300428	1.044116	0.890864	1.037811	0.851531	0.923473	0.100653	1.013040	1.316820	1.819273	1.365125	0.393568	0.860761	0.738792	0.688880	1.238762	0.527733	0.755393	0.348866	0.282007	-0.872442	1.507952	0.197670	0.263986	0.538174	-0.226638	-0.756469	1.300904	0.822548	-1.105541	0.410684	1.531378	0.504146	1.346716	1.511879	1.413203	1.190145	0.387149	0.612082	1.650578	1.495291	1.408320	0.428812	0.419243	1.027128	-0.106860	0.911457	-0.016316	1.341637	0.872454	1.301885
1.366298	0.651552	0.300301	1.568856	0.934433	1.045548	1.512437	0.815057	1.017988	2.328080	0.986667	2.245486	1.505328	2.047293	0.555189	1.010041	1.525066	1.125602	0.152046	1.326705	1.321672	1.656170	1.147393	-0.395989	-0.053617	1.285213	0.491975	1.509356	1.166458	0.804989	-0.033777	0.993209	1.290561	-1.604810	1.100099	0.737413	0.139356	1.689329	1.965619	2.091142	0.432330	0.275928	0.744964	1.059668	0.960212	1.238364	0.069617	0.925267	0.796661	0.075525	1.110337	-0.580384	1.534330	0.543352	2.020463
0.089723	-1.130525	0.990811	0.050217	-1.055773	-0.221021	1.459671	-0.185370	-0.058655	2.071507	1.106731	1.651872	0.835271	1.829216	-0.579017	1.109527	1.379564	0.790520	-0.554330	0.299266	0.838717	1.415889	1.321817	-0.543232	0.861057	0.558277	0.690573	1.179234	0.957988	1.671723	1.049219	0.687290	0.631580	-1.128957	0.734918	0.030697	0.180113	1.110641	1.333560	1.811522	-1.152574	-0.048937	0.923433	-0.307622	-0.139137	0.598378	-0.286984	1.290341	0.166125	-0.455151	0.617615	-1.300185	0.832750	-0.264215	2.076128
-1.371490	-1.937526	1.194162	-1.744146	-2.785921	-1.397270	0.887067	-0.710154	-0.938749	0.529498	0.658486	-0.226367	0.129067	1.183511	-0.881688	1.272268	0.471126	0.389142	-0.384363	-1.095058	-0.689243	0.835774	1.266317	-0.045017	1.442605	-0.211124	0.468583	-0.398888	0.551612	2.043443	2.029149	0.383101	-0.549416	-0.354280	0.457523	0.309676	0.354155	0.407046	0.537121	1.180704	-2.055738	-0.334096	1.309408	-1.265483	-0.979808	0.197630	-0.231349	1.850418	-0.082504	-0.934947	0.003145	-1.211258	-0.180910	-0.931388	1.772825
-1.571248	-1.326691	1.164126	-2.388836	-2.768829	-1.520711	0.131723	-0.094070	-0.385442	-0.860323	0.259175	-1.733705	-0.373521	0.363848	-0.568693	1.339006	-0.653821	0.032001	0.397347	-2.052530	-2.130470	0.454999	1.054934	0.453108	1.664108	-0.638493	0.153188	-1.466488	0.776199	1.933997	2.494661	-0.117193	-1.066943	0.131121	0.885178	0.898080	0.338744	0.227800	0.079621	0.564219	-1.641076	-0.523508	1.404909	-1.382743	-1.319326	0.159559	0.144636	2.129955	0.372828	-0.769407	-0.337769	-0.311761	-0.678697	-0.940706	1.594317
-0.694541	-0.448509	1.155164	-1.676367	-1.440721	-0.943993	-0.663677	1.002503	0.864501	-1.353656	0.220962	-1.831055	-0.915159	-0.060986	-0.440311	0.633616	-1.584506	-0.689656	0.585283	-2.272381	-2.420011	0.010985	0.227132	0.349367	1.435519	-0.658905	0.196102	-0.902378	1.552975	1.519023	2.275286	-0.790785	-0.308745	0.440952	1.227874	0.623603	0.258524	0.525534	-0.457832	-0.145838	-0.583555	-0.798590	0.581988	-1.102130	-1.487248	-0.026421	0.374499	1.337442	0.977029	-0.146001	-0.481169	0.392531	-0.439010	-0.387705	1.594984
0.059417	-0.379457	1.082951	-0.444473	-0.232055	-0.535899	-1.395470	1.339642	1.093578	-1.276813	0.271135	-0.940597	-1.439770	0.209280	-0.627724	-0.735064	-2.128666	-1.638495	-0.314991	-1.852169	-1.406172	-0.613959	-1.146016	-0.267147	0.579877	-0.561641	0.459220	0.627833	1.982900	0.952212	1.532081	-1.268430	1.107691	0.848300	0.615282	-0.511154	0.312623	0.718064	-1.311729	-0.928449	0.156374	-1.255566	-0.957968	-1.027483	-1.708184	-0.674720	0.202302	-0.268435	0.940040	0.346373	-0.621322	0.198276	0.053830	0.167002	1.423485
0.070823	-0.772430	0.591635	0.399601	0.282889	-0.457506	-1.732690	0.535689	-0.027593	-1.023739	0.046241	-0.173973	-1.491430	0.651483	-0.615214	-1.629231	-2.066920	-1.898890	-1.398337	-1.027935	0.027391	-0.776092	-1.988557	-0.699552	-0.645021	-0.675813	0.398666	1.639473	1.492313	0.338773	0.648428	-1.148274	1.921297	1.102036	-0.438928	-1.214534	0.283324	0.381143	-1.759756	-1.327160	0.374886	-1.563655	-2.095615	-1.265183	-1.634261	-1.335383	-0.041910	-1.318664	0.194652	0.499981	-0.611456	-0.341732	0.267674	0.352388	0.853438
-0.263851	-0.513639	-0.372472	0.529332	0.658322	-0.138956	-1.327098	-0.457137	-1.033424	-0.529251	-0.282736	-0.072222	-0.862508	0.384892	-0.110583	-1.255905	-1.289167	-0.946922	-1.449767	-0.108539	0.728670	0.061798	-1.436267	-0.298189	-1.434413	-0.929432	-0.103160	1.459252	0.499171	-0.227152	-0.043021	-0.398339	1.518581	0.719992	-0.710868	-0.481468	-0.167687	-0.215516	-1.096234	-0.985247	0.462683	-1.171006	-1.877941	-1.382898	-0.736045	-1.281203	0.238928	-0.986257	-0.503930	0.670865	-0.109071	-0.160485	0.158223	0.312749	0.025788
-0.377728	0.561223	-1.173457	0.213436	1.290363	0.698074	-0.354008	-0.459144	-0.766924	0.102063	-0.190934	-0.214413	0.067030	-0.713061	0.641049	-0.192709	-0.237740	0.447507	-0.340739	0.579913	0.377862	1.298256	-0.100223	0.833640	-1.180771	-0.882701	-0.489894	0.587240	-0.236777	-0.673446	-0.469007	0.486407	0.566709	-0.137762	-0.177013	1.064276	-0.805224	-0.380201	0.080835	-0.196786	0.560152	-0.080267	-0.620311	-0.939717	0.796032	-0.480034	1.105127	-0.112226	-0.482224	1.161726	0.778582	0.800303	0.025956	0.331093	-0.824235
-0.158586	1.295496	-1.030223	0.001304	1.720480	1.498765	0.411268	0.545155	0.059186	0.211972	0.365740	0.107386	0.750483	-1.688316	1.250781	0.397342	0.215729	1.011542	0.905989	0.880114	-0.214216	1.701867	0.573252	1.802558	-0.209560	-0.310015	-0.245078	-0.188382	-0.544282	-0.956795	-0.744693	0.795203	0.238372	-0.577813	-0.242610	1.795973	-0.867503	0.141485	0.394414	0.371657	0.404121	0.813685	0.325701	-0.036005	1.854528	0.230280	1.771110	-0.088468	0.073963	1.658266	1.310391	1.382491	0.067940	0.385175	-1.557077
0.269564	0.771258	-0.005968	0.305721	1.470322	1.572985	0.316899	1.436597	0.070633	-0.561070	0.712277	0.970360	0.983675	-1.512559	1.472737	0.139772	-0.309014	0.464766	1.277995	0.898386	-0.100182	0.876994	0.043295	1.790865	0.480544	0.439210	0.437129	-0.508292	-0.745211	-1.031962	-0.927257	0.286633	0.876503	-0.004583	-1.660774	0.997858	0.003153	0.783921	-0.537950	0.378422	0.020669	0.608004	0.029849	0.710858	1.524839	0.099515	1.431357	-0.978466	0.439484	1.581556	0.917731	0.751529	0.262366	0.321721	-1.912978
0.824925	-0.360364	0.885995	1.034020	0.926886	1.031732	-0.424209	1.321426	-0.641788	-1.431484	0.321414	1.615129	0.876788	-0.253756	1.180591	-0.442409	-1.094678	-0.274911	0.749574	0.828410	0.617107	-0.323454	-0.837837	0.908606	0.238968	0.816477	0.907633	-0.372456	-0.904694	-0.880062	-0.934480	-0.456559	1.649771	1.029316	-3.048867	-0.361899	1.144159	0.811400	-1.562160	-0.003141	0.001245	-0.441823	-0.980847	0.769471	0.291184	-0.623557	0.311759	-1.505534	0.287954	0.951170	0.059934	-0.361489	0.564511	0.291235	-1.450064
1.335127	-0.683616	0.775186	1.587409	0.821316	0.618278	-0.932005	0.461556	-0.644005	-1.186108	-0.406696	1.241794	0.559799	0.943205	0.433759	-0.828111	-1.031950	-0.330362	0.092585	0.724329	0.956094	-0.903321	-1.022321	-0.037727	-0.570610	0.672417	0.826568	0.106321	-0.714287	-0.580058	-0.714892	-0.606623	1.548026	1.363078	-2.413311	-0.957713	1.487564	0.170511	-1.423370	-0.446879	0.715825	-1.101037	-1.371707	0.236361	-0.394699	-1.005882	-0.546487	-0.838047	-0.014134	0.440554	-0.220707	-0.550883	0.915488	0.586396	-0.111753
1.472570	0.107626	-0.076612	1.355779	1.063858	0.640972	-0.610951	-0.278961	0.633768	0.227174	-0.643324	0.026595	0.151578	1.040750	-0.365852	-0.907310	0.077725	0.173170	-0.077824	0.523421	0.431425	-0.779752	-0.369873	-0.522155	-0.946834	0.326248	0.463659	0.641536	-0.141055	-0.274353	-0.387271	-0.048253	0.477439	0.580023	0.079394	-0.686387	0.741195	-0.550505	-0.264171	-0.746711	1.536420	-0.593000	-0.570808	-0.271819	0.101926	-0.549001	-0.607861	0.363027	-0.072571	0.360899	0.295024	0.314622	1.035412	1.004203	1.222563
1.053324	0.817947	-0.638655	0.279634	0.732864	0.534489	0.254520	-0.521492	1.834340	1.413027	-0.228792	-0.899035	-0.115919	0.139728	-0.636335	-0.660538	1.246916	0.498100	0.124190	0.231452	-0.248757	-0.577554	0.516854	-0.727566	-0.277617	0.130152	0.295003	0.742761	0.266842	-0.056457	-0.155574	0.490549	-0.742073	-0.497382	1.894395	-0.492274	-0.300672	-0.872845	0.632236	-0.801445	1.337344	0.528940	0.634945	-0.254073	0.777258	0.303737	-0.460387	0.882394	-0.065161	0.083571	0.580482	0.795896	0.535388	0.829676	1.274426
0.300682	0.383037	-0.354687	-1.038102	-0.580992	-0.233884	0.897533	-0.537264	1.414843	1.146350	0.214500	-0.693004	-0.048048	-0.768696	-0.160003	-0.072968	1.440107	0.271712	0.218812	-0.025616	-0.179129	-0.707638	1.050897	-0.994852	1.003860	0.135103	0.460186	0.154437	0.020808	0.056718	-0.122088	0.356873	-1.280714	-0.807546	1.130886	-0.927636	-0.694702	-0.819837	0.399868	-0.603147	-0.115652	1.146991	1.127679	0.207908	0.398151	0.792753	-0.836848	0.393263	-0.377673	-0.967603	-0.231594	-0.166393	-0.528650	-0.217593	-0.204255
-0.289042	-0.656345	0.286101	-1.718888	-1.867162	-1.150715	0.899142	-0.537437	-0.163881	-0.080647	0.231875	0.189214	0.217182	-0.937304	0.557009	0.524799	0.727792	-0.173186	0.057464	-0.121311	0.457267	-0.921141	1.027462	-1.184270	1.784206	0.185867	0.648828	-0.630646	-0.551978	0.078467	-0.199338	-0.209033	-1.009852	-0.296473	-1.000172	-1.426712	-0.355895	-0.604284	-0.439605	-0.282562	-1.578419	0.895294	0.736766	0.618727	-0.680762	0.689940	-1.425853	-0.363052	-0.829061	-2.056237	-1.419836	-1.610549	-1.380277	-1.298897	-1.792075
-0.348879	-0.845223	0.454193	-1.216307	-1.652999	-1.114974	0.450759	-0.335258	-0.980946	-0.688810	0.045853	0.586073	0.309124	-0.447896	0.718746	0.556959	0.021586	-0.301052	-0.079549	-0.029778	0.667999	-0.720347	0.533738	-0.845834	1.281095	0.178381	0.472799	-0.715329	-0.607680	0.035089	-0.210283	-0.422192	-0.359375	0.196574	-1.632112	-1.078684	0.086314	-0.284910	-0.699297	-0.020611	-1.495378	0.324687	0.179093	0.599995	-0.925569	0.343087	-1.222866	-0.551437	-0.756137	-1.717930	-1.387278	-1.592700	-1.147445	-1.207917	-1.698382
0.049683	0.210660	-0.013672	0.223773	0.169524	0.071439	-0.110291	0.177727	-0.320343	-0.119255	-0.030232	0.128050	0.102901	0.275301	0.162483	-0.070686	-0.206140	-0.012439	-0.011380	0.177467	0.091125	-0.032725	-0.215489	0.068972	-0.272988	0.124030	-0.088285	0.091005	0.092259	-0.037095	-0.094494	-0.023167	0.309351	0.206949	0.042948	0.193116	0.252569	0.140960	-0.043680	0.130451	0.222054	-0.088586	-0.075752	0.201192	0.170545	0.056418	0.005290	-0.093712	0.019588	0.257226	0.200847	0.267499	0.143300	0.163332	0.215458
