X1	X2	X3	X4	X5	X6	X7	X8	X9	X10	X11	X12	X13	X14	X15	X16	X17	X18	X19	X20
0.017515	0.262184	0.099583	0.033381	-0.338934	-0.416439	-0.430861	-0.511749	0.130806	0.075063	-0.343539	-0.062219	0.042292	0.109184	0.023756	-0.029300	-0.127046	-0.117812	-0.162989	-0.222922
0.823682	0.441917	0.367054	-0.118964	0.055595	-0.299808	-0.611249	-0.763753	0.729498	1.002962	0.393653	0.432228	1.316260	0.274410	-0.109180	-0.031363	-0.594760	-1.070012	-1.310197	-0.305802
0.744413	0.412757	0.343646	-0.176695	-0.001909	-0.235637	-0.455391	-0.473420	0.861774	0.898175	0.635016	0.203083	0.886244	0.181550	-0.075982	-0.062199	-0.730099	-1.103280	-1.138469	-0.548120
-0.007430	0.288432	0.022134	0.033810	-0.107786	-0.033480	0.058178	0.233088	0.459879	0.030371	0.411631	-0.338363	-0.699850	-0.015967	-0.005439	-0.127797	-0.526861	-0.302697	0.207223	-0.509143
-0.420628	0.381817	-0.267025	0.470818	0.323168	0.395781	0.524700	0.687787	-0.172434	-0.484555	0.077931	-0.319878	-1.448096	-0.076208	-0.059031	-0.141179	-0.187885	0.505542	1.372209	0.245875
-0.002345	0.687720	-0.187442	0.694631	0.879928	0.664559	0.404136	0.360701	-0.676724	-0.239916	-0.204783	0.170753	-0.578389	-0.149627	-0.079799	0.024968	0.109454	0.707766	1.266614	1.147345
0.615715	0.719790	0.175764	0.333381	0.528769	0.322984	-0.349347	-0.605769	-0.858410	-0.021466	-0.449713	0.176443	0.610191	-0.490089	0.173343	0.318856	0.233465	0.324600	0.025129	1.016198
0.577609	0.173694	0.375580	-0.318799	-0.742946	-0.388594	-0.987318	-1.418431	-0.701765	-0.551761	-0.473619	-0.603444	0.634856	-0.806796	0.525471	0.450557	0.138100	-0.222384	-1.263739	-0.299277
-0.060335	-0.458601	0.191204	-0.499708	-1.491856	-0.661737	-0.639181	-1.264955	-0.310394	-1.300312	-0.051106	-1.171003	-0.299083	-0.471678	0.483277	0.223475	0.008496	-0.445257	-1.490010	-1.384893
-0.510339	-0.443125	-0.022189	0.124487	-0.561020	-0.135297	0.622718	-0.105370	0.138417	-1.125144	0.540306	-0.534207	-0.843495	0.507553	-0.059710	-0.117414	0.144862	-0.055801	-0.398051	-0.926918
-0.386317	0.084324	0.189044	0.970566	1.250521	0.604040	1.725596	1.216939	0.410544	0.066542	0.683156	0.838996	-0.365841	1.266357	-0.511878	-0.085015	0.570466	0.776972	1.112970	0.564838
-0.163131	0.148960	0.636885	1.117567	1.987276	0.787873	1.761511	1.761710	0.279049	0.975781	0.315828	1.496096	0.446685	1.170895	-0.259681	0.424921	0.909565	1.397330	1.663149	1.413623
-0.459600	-0.739665	0.613043	0.321104	0.897652	0.434419	0.929811	1.333567	-0.248953	0.498999	0.138905	0.804577	0.693697	0.692472	0.500570	0.903321	0.786281	1.155058	0.709020	0.916641
-1.238840	-1.801761	-0.094202	-0.688791	-0.686267	0.225967	0.169269	0.549685	-0.733952	-0.796792	0.607021	-0.331810	0.344751	0.686057	0.985170	0.825234	0.299599	0.178779	-0.790031	0.079080
-1.876981	-1.915840	-0.697672	-0.962276	-1.030308	0.561484	0.108235	0.183686	-0.607416	-1.322358	1.173954	-0.711270	0.031222	1.084954	0.854574	0.366764	-0.010323	-0.502029	-1.312366	0.137712
-1.841544	-1.040636	-0.371659	-0.306749	-0.012550	1.057997	0.549894	0.402033	0.105352	-0.495576	0.998289	-0.278860	0.111912	1.007439	0.570525	0.208560	0.231741	-0.065926	-0.493193	0.958500
-1.188904	-0.223864	0.485267	0.535540	0.990581	1.070428	0.827398	0.609075	0.620177	0.524950	0.120145	0.045561	0.295871	0.128713	0.560404	0.561146	0.705192	0.892669	0.413085	1.294947
-0.463997	-0.231090	0.559965	0.616745	0.872825	0.513955	0.494084	0.199989	0.343366	0.485856	-0.571819	-0.290441	0.184342	-0.813806	0.486541	0.741973	0.684934	0.903399	0.104553	0.428854
-0.156971	-0.639626	-0.691564	-0.341985	-0.173390	-0.079516	-0.318942	-0.593949	-0.206349	-0.166334	-0.496511	-0.799273	-0.115995	-1.095457	-0.201463	0.045895	-0.084136	-0.480953	-1.051837	-0.919949
-0.231444	-0.526784	-2.218988	-1.682589	-1.264863	-0.324604	-1.114981	-0.979667	-0.026973	0.029277	-0.038223	-0.701945	-0.155389	-0.868833	-1.217323	-1.162375	-1.062117	-2.044045	-1.538116	-1.500815
-0.184364	0.271729	-2.568922	-2.330408	-1.752303	-0.419848	-1.442122	-0.679097	0.845796	1.306817	0.142118	0.028451	0.218053	-0.599281	-1.562374	-1.710063	-1.545223	-2.434053	-0.822110	-0.972703
0.386111	1.032100	-1.526297	-1.698816	-1.424346	-0.586235	-1.068587	-0.200322	1.244254	2.216635	0.096708	0.697616	0.667077	-0.310398	-0.854745	-1.041895	-1.321217	-1.592114	-0.040204	-0.008878
1.245969	1.172829	-0.171616	-0.229134	-0.451973	-0.542555	-0.069041	0.000440	0.550593	1.650103	0.404128	0.811746	0.799679	0.103454	-0.000113	0.059845	-0.618490	-0.343416	-0.223489	0.742738
1.631677	0.861040	0.420800	0.962879	0.557817	-0.084914	0.978221	0.011918	-0.396232	0.296538	1.037810	0.577094	0.540392	0.346500	-0.076017	0.436854	0.202677	0.650363	-0.779887	1.101961
1.030783	0.420475	0.066393	1.036435	0.913533	0.205088	1.186013	0.000238	-0.657526	-0.520147	1.084136	0.472300	0.036864	0.093462	-0.859827	-0.096286	0.744166	1.093109	-0.491003	0.842429
-0.152787	-0.282407	-0.778484	0.052335	0.538359	-0.403892	0.250779	-0.141177	-0.650398	-0.672399	0.010286	0.679542	-0.557882	-0.404908	-1.097718	-0.729466	0.750693	0.877326	0.599402	-0.371101
-0.909365	-1.347027	-1.539330	-1.231573	-0.016513	-1.615699	-0.983492	-0.480570	-1.289465	-1.043271	-1.319262	0.992544	-1.085762	-0.609496	-0.205164	-0.789763	0.430763	0.229935	1.208578	-2.185071
-0.658339	-2.086520	-1.652694	-1.972156	-0.390616	-2.305685	-1.345663	-0.872586	-2.156491	-1.893923	-1.600058	1.007178	-1.329771	-0.443808	0.947457	-0.448836	0.283870	-0.305920	0.541765	-3.353838
0.227744	-1.490292	-0.703686	-1.657719	-0.741440	-1.870683	-0.651336	-1.202706	-1.751465	-2.337309	-0.752363	0.456022	-1.146294	-0.288063	1.183583	-0.240862	0.416497	-0.375951	-0.744407	-2.877775
0.982510	0.438026	1.083562	-0.314859	-1.015077	-0.745182	0.246405	-1.378847	0.264929	-1.582989	0.130798	-0.368413	-0.645114	-0.257985	0.458845	-0.247736	0.362497	-0.151841	-1.388372	-1.112905
1.225836	2.294075	2.640234	1.374042	-0.551544	0.420493	0.604701	-1.113000	2.114574	-0.103545	0.287834	-0.736081	-0.144705	-0.016665	-0.252535	-0.077278	-0.190136	-0.047728	-0.893303	0.574899
1.039860	2.580523	2.819722	2.366994	0.938864	1.424371	0.477703	-0.235578	1.904941	0.841061	-0.054430	-0.383816	0.074834	0.508277	-0.261804	0.441522	-0.821843	-0.222137	0.112489	1.128627
0.614639	1.268769	1.545785	2.102905	2.419245	2.180942	0.299570	0.778995	0.068717	0.658109	-0.407242	0.024607	-0.030214	0.743109	0.081107	0.889845	-0.862430	-0.419512	0.715362	0.620721
0.139613	-0.221943	-0.018965	1.096809	2.408470	2.322889	0.289126	1.147026	-1.128314	0.029684	-0.575365	-0.194094	-0.262934	0.251797	-0.008189	0.760590	-0.268025	-0.281992	0.738224	-0.042989
-0.137522	-0.595000	-0.607272	0.411668	0.843054	1.578506	0.351112	0.720312	-0.460419	-0.032304	-0.400658	-0.742811	-0.338229	-0.465329	-0.652748	0.159016	0.312124	0.188096	0.788134	-0.031668
-0.061554	0.035176	-0.049398	0.451668	-0.658500	0.339338	0.242454	0.148142	0.869426	0.535635	0.333896	-0.837895	-0.106477	-0.558119	-1.070954	-0.246622	0.303403	0.574132	1.300186	0.702026
0.263548	0.558242	0.739509	0.554146	-0.663479	-0.525316	-0.196151	0.000997	1.082330	0.865927	1.422006	-0.401567	0.279305	-0.059499	-0.501579	0.008832	-0.219810	0.543581	1.835443	1.458252
0.640099	0.350793	0.827306	-0.054825	0.417898	-0.515492	-0.784712	0.135700	0.138635	0.421252	2.048018	-0.091750	0.456483	0.122447	0.778082	0.636328	-0.761432	0.235420	1.582756	1.530771
1.010199	-0.055828	0.121626	-1.192385	0.918771	-0.042700	-1.089779	0.091169	-0.610537	-0.233793	1.454506	-0.270172	0.246478	-0.461268	1.604934	0.872858	-0.985574	-0.035612	0.389785	0.908850
1.317734	0.094861	-0.793540	-1.935429	-0.048621	0.031873	-0.945583	-0.213616	-0.500603	-0.229821	-0.218056	-0.561855	-0.047768	-1.084475	1.132018	0.220302	-0.917250	-0.252697	-0.985844	0.164744
1.265238	0.635725	-1.362305	-1.716021	-1.521369	-0.561410	-0.682053	-0.414511	-0.217763	0.385441	-1.877146	-0.471681	0.065347	-0.824019	-0.327285	-1.096247	-0.660162	-0.538136	-1.568902	-0.256949
0.567168	0.777782	-1.382087	-0.804965	-1.765251	-1.132424	-0.606557	-0.157577	-0.450248	0.752483	-2.329578	0.006908	0.586380	0.161461	-1.695442	-2.240217	-0.169346	-0.659849	-0.899941	-0.353474
-0.503311	0.341761	-0.838865	0.193909	-0.283517	-0.918804	-0.518818	0.563758	-0.842647	0.419522	-1.284145	0.446847	0.873863	0.851213	-2.124429	-2.310827	0.533430	-0.175489	0.739106	-0.167773
-1.161132	-0.037281	0.176168	0.885882	1.512692	-0.128962	-0.082075	1.397248	-0.668393	-0.117186	0.424664	0.414358	0.421091	0.705219	-1.509155	-1.054329	1.070364	0.846539	2.444859	0.476559
-0.911602	-0.000827	1.308255	1.112428	1.822107	0.334268	0.525403	1.826033	0.038912	-0.198096	1.633946	-0.030408	-0.372416	0.248621	-0.319305	0.762290	0.991663	1.679191	3.089650	1.536192
-0.126224	-0.002114	1.984203	0.893240	0.488973	0.128059	0.777367	1.539881	0.537519	0.169665	1.864320	-0.117376	-0.553321	0.231192	0.785028	1.849064	0.443088	1.732796	2.101700	2.349375
0.358637	-0.438970	1.835255	0.528111	-0.850993	-0.106354	0.595180	0.792144	0.387595	0.505971	1.497803	0.905637	0.245635	0.643272	1.279889	1.540993	0.191801	1.195301	0.129636	2.168206
0.082771	-0.943893	1.030624	0.460481	-0.715759	0.260242	0.533420	0.256711	-0.015804	0.515330	1.078075	2.485885	1.284746	0.841103	1.057073	0.469933	0.696317	0.666727	-1.328002	1.084040
-0.737334	-1.040472	0.098722	0.815856	0.550556	0.936713	0.991038	0.347197	-0.059515	0.255062	0.710032	2.805591	1.456852	0.450639	0.523094	-0.074595	1.400398	0.437623	-1.286087	0.032430
-1.556065	-0.925911	-0.539722	1.202189	1.341174	1.155735	1.558943	0.794628	0.208007	-0.112859	0.233282	0.832581	0.475641	-0.149768	0.273375	0.503153	1.339444	0.361284	-0.223721	-0.244088
-1.898476	-0.951592	-0.792564	1.104612	0.729191	0.693879	1.474840	1.051448	0.225698	-0.415773	-0.310958	-2.046578	-0.748134	-0.319402	0.507578	1.510464	0.342350	0.188403	0.509078	0.030785
-1.546574	-0.788162	-0.735771	0.426550	-0.593946	0.047674	0.615389	0.910072	-0.077406	-0.416748	-0.744447	-3.321784	-0.989982	0.008191	0.818160	1.755584	-0.756531	-0.226592	0.140048	0.064164
-0.677330	0.069272	-0.418338	-0.390432	-1.291427	-0.262260	-0.274811	0.500376	-0.023896	0.036167	-1.184078	-2.195776	0.003798	0.230752	0.664049	0.794570	-1.091687	-0.851447	-0.895790	-0.555013
0.126869	1.176138	0.087621	-0.734839	-0.923152	-0.230641	-0.397926	-0.046877	0.767424	0.764179	-1.917828	-0.280175	1.261052	-0.053829	-0.014669	-0.687881	-0.565901	-1.349322	-1.668963	-1.467344
0.282199	1.386928	0.529231	-0.371110	-0.329113	-0.227116	0.245455	-0.543123	1.649230	1.336474	-2.698730	0.598531	1.709675	-0.370625	-0.738704	-1.593617	0.391435	-1.184481	-1.692270	-1.953327
-0.192628	0.338281	0.529895	0.276196	-0.564960	-0.511931	0.925290	-0.570934	1.778481	1.461796	-2.661551	0.370960	1.307596	0.038623	-0.904779	-1.329691	1.401794	-0.155243	-1.019759	-1.569564
-0.591887	-0.977323	-0.068544	0.457659	-1.611565	-0.914458	1.013687	0.101956	1.234250	1.191796	-1.342421	0.141585	0.766689	1.070844	-0.159849	-0.105330	2.151274	1.202723	0.150525	-0.484496
-0.248552	-1.360399	-0.929440	-0.144043	-2.316056	-0.959479	0.602984	0.971803	0.715008	0.684384	0.504566	0.434343	0.398273	1.726002	1.339917	1.371374	2.160021	1.956199	1.482602	0.631271
0.657798	-0.680341	-1.433571	-1.049686	-1.737765	-0.404567	0.225837	1.147747	0.497683	-0.046978	1.499099	0.699675	-0.194278	1.308407	2.729698	2.318073	1.063359	1.536744	2.249602	1.046894
1.233807	0.254647	-1.254444	-1.484520	-0.360365	0.347110	0.072444	0.345325	0.354730	-0.909893	0.953701	0.255339	-1.187114	0.214881	2.787952	2.205136	-0.806373	0.125639	1.710110	0.458063
0.912042	0.765927	-0.623108	-1.141972	0.454383	0.607862	-0.237933	-0.814767	0.232126	-1.382921	-0.538619	-0.794506	-1.878378	-0.687289	1.071899	1.038197	-2.380076	-1.514747	0.041167	-0.797653
0.133016	0.857024	0.044480	-0.323955	0.232780	0.277932	-0.988319	-1.572934	0.294057	-0.879074	-1.656668	-1.549766	-1.450239	-1.078245	-1.282607	-0.548160	-2.589072	-2.438621	-1.492642	-1.927421
-0.241494	0.788982	0.616873	0.532645	0.024551	0.040941	-1.749572	-1.774088	0.360807	0.312007	-1.430645	-1.096964	-0.221772	-1.231192	-2.433714	-1.680203	-1.286602	-2.067832	-1.746823	-2.188152
-0.013192	0.550953	1.194999	1.244674	0.909062	0.421456	-1.779266	-1.736756	-0.057587	0.890205	-0.040673	0.533040	0.394499	-1.324526	-1.745980	-1.939864	0.461707	-0.754985	-0.938318	-1.446322
0.245158	0.057115	1.743492	1.823845	2.356631	0.925810	-0.973447	-1.691149	-1.010505	-0.092082	1.323837	2.131043	-0.533449	-1.206199	-0.454997	-1.634198	1.170567	0.346891	-0.301762	-0.344494
0.163746	-0.323372	2.015777	2.204704	2.760566	0.572377	-0.087900	-1.592021	-1.781098	-1.869449	1.552379	2.281749	-2.159660	-0.788019	-0.085995	-1.270692	0.318652	0.390186	-0.564672	0.230457
0.174392	0.062687	1.834158	2.140126	1.482592	-0.764791	0.107055	-1.339100	-1.567914	-2.585356	0.625235	0.726292	-2.594816	-0.207443	-0.537776	-0.896728	-1.068289	-0.233120	-1.164890	-0.000200
0.789230	1.240368	1.282504	1.440157	-0.319037	-1.983993	-0.311331	-0.926028	-0.423838	-1.426829	-0.530683	-1.339711	-1.074154	0.454168	-0.383042	-0.220707	-1.474124	-0.421856	-1.094105	-0.431927
1.577675	2.215074	0.609418	0.319703	-1.090531	-1.937644	-0.601210	-0.385103	0.650779	0.395155	-1.069798	-2.352937	0.992066	1.167469	0.936082	0.640308	-0.544490	0.214748	-0.187705	-0.267312
1.492375	1.922333	0.030767	-0.668890	-0.587566	-0.753547	-0.332690	0.214909	0.689714	1.133522	-0.872256	-1.666338	1.532047	1.568366	2.060272	0.952147	0.570740	0.898611	0.722012	0.570292
0.359569	0.514160	-0.406736	-1.185211	0.145241	0.298370	0.066431	0.651906	-0.208489	0.519992	-0.267591	0.114676	0.208365	1.092800	1.419346	0.220717	0.568885	0.722553	0.828718	1.361980
-0.568904	-0.688734	-0.850651	-1.416896	0.111137	0.199681	-0.143948	0.577624	-1.086160	-0.258371	0.455576	1.684715	-1.208080	-0.200575	-0.580213	-0.970204	-0.597793	-0.275837	0.203874	1.403028
-0.125442	-0.669218	-1.460200	-1.681968	-0.745054	-0.784414	-1.063222	-0.150297	-1.370159	-0.325781	1.102648	1.860707	-0.962299	-1.360785	-1.923688	-1.448852	-1.824162	-1.288962	-0.452154	0.686246
1.054657	0.126059	-2.097164	-1.914897	-1.746714	-1.475836	-1.911584	-1.107443	-1.439852	-0.098490	1.474131	0.399541	0.663564	-1.529238	-1.434401	-0.825257	-2.109748	-1.646155	-0.645969	-0.247895
1.154919	0.361067	-2.302513	-1.810154	-2.120348	-1.008597	-1.775189	-1.454933	-1.732822	-0.375828	1.513260	-1.545480	1.831501	-0.951101	-0.084942	0.029176	-1.411806	-1.279319	-0.477002	-0.885455
-0.429451	-0.585719	-1.746876	-1.352039	-1.462484	0.360760	-0.565760	-0.735925	-1.871211	-1.140306	1.380124	-2.159354	1.370255	-0.563334	0.353380	0.073593	-0.353473	-0.544739	-0.338814	-1.017291
-2.172689	-1.961308	-0.671705	-0.878480	0.007325	1.565233	0.811486	0.483076	-1.263581	-1.697744	1.140109	-0.815606	-0.027313	-0.709946	-0.563469	-0.605680	0.534357	0.118011	-0.465092	-0.666222
-2.311338	-2.619941	0.251856	-0.577898	1.497263	1.798362	1.344539	1.102755	-0.219673	-1.588708	0.603003	0.976873	-0.840443	-0.760453	-1.608797	-0.911354	1.136795	0.481688	-0.731692	-0.001079
-0.977424	-2.229201	0.514551	-0.206618	2.144070	1.234383	0.936773	0.745374	0.261548	-0.897994	-0.205515	1.173711	-0.423524	-0.081323	-1.481595	-0.086928	1.537696	0.693097	-0.730653	0.706645
0.208070	-1.267736	0.156961	0.473629	1.650138	0.616840	0.344668	0.180649	-0.201424	0.040499	-0.684157	-0.360047	0.598589	1.024044	-0.279203	1.368786	1.703247	1.025752	-0.066716	1.196245
0.235767	-0.268628	-0.401080	1.123649	0.467943	0.286468	0.139556	0.285434	-0.871340	0.791986	-0.320747	-1.792348	1.262882	1.614529	0.810341	2.281124	1.442537	1.376781	1.201843	1.331545
-0.396545	0.466497	-0.793866	1.059919	-0.616931	-0.031920	0.144490	0.926129	-0.863922	0.947510	0.389539	-1.681182	1.170442	1.202994	0.994015	2.068636	0.718517	1.278781	2.354750	1.133687
-0.792350	0.684107	-0.909631	0.180509	-1.080365	-0.485817	0.046732	1.260935	-0.172574	0.607928	0.373516	-0.462238	0.608774	0.322485	0.614908	1.176587	-0.027206	0.627684	2.484663	0.788546
-0.848719	0.310638	-0.780505	-0.668515	-0.933490	-0.663721	0.079361	0.952033	0.582932	0.535206	-0.512895	0.609615	0.194111	-0.032118	0.402777	0.386208	-0.091141	0.094806	1.414119	0.581006
-1.003074	-0.228983	-0.481875	-0.584807	-0.525945	-0.225579	0.657133	0.588290	1.096965	1.278800	-1.075364	1.066767	0.398033	0.536883	0.472331	0.053709	0.743205	0.388501	0.017292	0.645431
-1.302280	-0.308145	-0.149033	0.289108	-0.160338	0.390867	1.584668	0.819021	1.541441	2.259765	-0.335939	1.260481	1.092339	1.385507	0.371403	0.024106	1.793356	1.229769	-0.650810	0.747137
-1.273259	0.137488	0.128371	0.939291	0.066185	0.361426	2.103622	1.435437	1.870177	2.287927	0.980058	1.441686	1.495656	1.530547	-0.164043	-0.070694	2.047186	1.542905	-0.493907	0.482652
-0.629904	0.478209	0.486369	0.727814	0.151023	-0.473260	1.732234	1.603960	1.629483	1.044463	1.188956	1.467944	0.851245	0.814292	-0.840431	-0.497678	1.148086	0.742464	-0.312969	-0.212594
0.287060	0.209155	1.094348	0.076537	0.134474	-1.280993	0.757926	0.910860	0.754684	-0.439230	-0.252756	1.175124	-0.689081	0.120006	-1.080329	-1.091051	-0.277991	-0.551916	-0.598950	-0.890187
0.869378	-0.367623	1.669733	-0.214315	0.179867	-1.088696	-0.132945	-0.109607	0.026795	-0.960609	-2.044494	0.578946	-2.010017	0.190277	-0.520151	-1.229331	-1.238379	-1.244210	-0.859527	-1.049040
0.883590	-0.533767	1.554090	-0.000324	0.459207	0.130672	-0.478550	-0.588347	0.268122	-0.410681	-2.539587	-0.137254	-2.057498	0.553685	0.584362	-0.533938	-1.277326	-0.944683	-0.426792	-0.684956
0.699859	-0.032474	0.607739	0.152047	0.824805	1.313847	-0.280232	-0.310408	1.356083	0.417661	-1.434520	-0.532920	-0.923665	0.197872	1.378794	0.403703	-0.832746	-0.266652	0.450306	-0.241853
0.894255	0.747589	-0.268880	-0.164614	0.806173	1.320106	0.095933	0.081369	2.375751	0.937689	0.204224	-0.121812	0.253653	-0.855093	1.130021	0.498697	-0.713813	-0.094766	0.817826	-0.081821
1.578497	1.330395	-0.055928	-0.628798	0.173831	0.141544	0.154089	-0.126486	2.530239	1.170987	1.154194	0.883586	0.535173	-1.449457	0.067596	-0.471642	-1.185304	-0.659230	0.230714	-0.193862
2.177339	1.539097	0.999015	-0.649322	-0.593473	-0.978157	-0.325830	-0.883390	1.668657	1.150619	1.048480	1.381573	0.098104	-0.946204	-0.763441	-1.455181	-1.640392	-1.275680	-0.670689	-0.408314
2.024971	1.368445	1.519638	-0.150017	-0.699825	-0.804729	-0.960270	-1.474787	0.184766	0.584143	0.480092	0.571974	-0.251072	-0.203518	-0.643500	-1.322646	-1.301518	-1.045529	-0.893772	-0.627506
1.130992	0.841532	0.711866	0.402643	0.036880	0.529331	-1.069489	-1.386032	-1.285534	-0.569665	0.275947	-0.887090	-0.150743	-0.387809	0.079725	-0.111496	-0.177986	0.093436	-0.172266	-0.720812
0.135677	0.119601	-0.621797	0.650535	0.891667	1.696742	-0.451814	-0.790641	-2.146600	-1.597520	0.562624	-1.594166	0.143697	-1.283445	0.547999	1.203701	0.902161	1.191395	0.806946	-0.446330
-0.447326	-0.449368	-1.149137	0.685477	1.077773	1.780021	0.397911	-0.086838	-2.067512	-1.581847	0.714399	-1.105283	0.417957	-1.506584	0.429598	1.848756	1.260182	1.398130	1.191062	0.262443
-0.647597	-0.578784	-0.627690	0.705358	0.701434	1.294784	0.936650	0.669218	-1.086625	-0.436543	0.406148	-0.201713	0.695813	-0.378364	0.161753	1.772913	1.062194	1.000678	0.885502	1.036380
-0.687737	-0.362183	0.060464	0.640797	0.513649	1.252904	1.070479	1.466328	0.340003	0.848718	0.207722	0.405883	0.744662	1.054788	0.288269	1.247071	0.800519	0.860124	0.566842	1.321882
-0.567549	-0.231250	0.194526	0.340457	0.774026	1.591811	0.860069	1.772897	1.369023	1.112985	0.591895	0.790109	0.052622	1.222413	0.728707	0.431039	0.404392	0.989315	0.724508	0.893347
-0.176677	-0.446075	-0.075609	-0.037248	0.859770	1.252689	0.216707	0.982717	1.235242	0.199168	0.908101	1.104456	-1.320369	-0.099175	0.714608	-0.562663	-0.541596	0.484517	0.956214	0.036061
0.378499	-0.710808	-0.263676	-0.160921	0.179611	-0.214629	-0.760033	-0.528671	0.078644	-0.848002	0.217075	0.970765	-2.322654	-1.592100	-0.400621	-1.457230	-1.737352	-0.933167	0.549059	-0.727519
0.763657	-0.586901	-0.233076	-0.080829	-0.959631	-1.883910	-1.518179	-1.521289	-0.934835	-0.940282	-1.203124	0.028782	-1.934431	-1.965429	-2.068434	-1.855243	-2.078194	-2.121989	-0.400914	-1.043497
0.725242	-0.209269	-0.134881	-0.239624	-1.722956	-2.583996	-1.576862	-1.375527	-0.809336	-0.236035	-2.145805	-1.314730	-0.506143	-1.229764	-2.618700	-1.505243	-1.028810	-1.875894	-0.964727	-0.941424
0.377258	-0.073814	0.001468	-0.719311	-1.713662	-2.244019	-1.148129	-0.853125	0.112554	0.137593	-2.101676	-2.145137	0.496647	-0.326077	-1.053351	-0.568009	0.431350	-0.597857	-0.575004	-0.728739
0.166756	-0.077214	0.293417	-0.925312	-1.243397	-1.686579	-0.860368	-0.927922	0.685698	-0.272262	-1.655218	-1.955816	0.249213	0.050109	1.340545	0.353086	0.839217	0.131819	0.210253	-0.671580
0.436159	0.482962	0.698775	-0.440058	-0.795732	-1.448597	-0.939385	-1.391927	0.496545	-0.510072	-1.313999	-1.082466	-0.390514	-0.040700	2.044846	0.589177	0.023071	-0.440653	0.410327	-0.760032
0.944154	1.615716	0.925245	0.220711	-0.550098	-1.325648	-1.008572	-1.294927	0.174335	0.396883	-0.905148	-0.296842	0.019355	-0.167244	0.281528	0.007936	-0.732596	-1.339674	-0.201243	-0.748855
0.998622	2.138395	0.712492	0.318006	-0.413478	-0.975819	-0.708800	-0.470521	0.175944	1.811523	-0.268925	-0.100583	1.592792	-0.066731	-1.841825	-0.746619	-0.320440	-1.156316	-0.919559	-0.369726
0.260276	1.176343	0.137056	0.071574	-0.248744	-0.483364	-0.182648	0.190881	0.077558	2.066632	0.327007	-0.357758	2.799095	0.167087	-1.775918	-0.786916	0.897771	0.228104	-0.948861	0.449825
-0.718494	-0.378385	-0.373189	0.372154	0.015044	-0.162848	0.204846	0.079074	-0.571723	0.618317	0.734474	-0.519703	2.191203	0.256540	0.420165	0.105764	1.674412	1.603386	-0.179723	1.420625
-1.031526	-0.786932	-0.333602	1.354259	0.354006	-0.069104	0.396332	-0.233449	-1.343793	-1.150845	1.143869	-0.202546	0.146858	0.113508	2.328346	1.169839	1.408128	1.896667	0.750090	1.929917
-0.507057	0.323991	0.359138	2.033964	0.646016	0.080844	0.662195	0.173604	-1.448809	-1.595632	1.449081	0.441642	-1.438393	0.095445	2.249427	1.448442	0.682267	1.231950	0.976777	1.491660
-0.026398	1.470060	1.181788	1.634119	0.751285	0.563966	1.181255	1.281794	-0.803735	-0.741590	1.091643	0.910204	-1.191666	0.764958	1.004882	0.901559	0.366290	0.518573	0.164819	0.369594
-0.585100	1.155296	1.304993	0.667535	0.634921	1.335435	1.819096	2.229352	-0.039764	-0.015536	0.005295	0.869778	0.292765	2.231138	0.404684	0.495499	0.639659	0.406583	-1.006659	-0.406419
-2.068945	-0.394146	0.357435	0.220851	0.387899	2.001907	2.313312	2.486378	0.370946	-0.276229	-0.832827	0.479667	1.262284	3.768564	0.846671	1.012019	1.084334	0.862774	-1.295286	0.003051
-3.147711	-1.650542	-1.131369	0.495853	0.127959	2.060853	2.488400	2.325926	0.483989	-0.803490	-0.433506	0.224391	0.896537	4.293144	1.198945	1.991634	1.380455	1.474977	-0.199273	1.230198
-2.582822	-1.565655	-2.174866	0.637071	-0.093483	1.289328	2.241949	2.087986	0.426716	-0.473410	0.853103	0.443230	0.180855	3.331053	0.626556	2.232420	1.517694	1.805581	1.273512	1.945058
-0.665074	-0.540046	-2.233639	-0.033041	-0.292577	0.033900	1.479023	1.575646	0.071562	0.593440	1.612086	0.986033	0.501528	1.452006	-0.372247	1.274303	1.432304	1.513626	1.533790	1.255650
0.869858	0.238096	-1.627490	-1.142450	-0.482232	-0.935640	0.206507	0.517445	-0.658868	1.113892	1.000272	1.284744	1.688793	-0.291578	-0.849355	-0.076201	0.875556	0.498510	0.146231	-0.357943
0.594634	0.026408	-1.082145	-1.833203	-0.594650	-1.037275	-1.296742	-0.740915	-1.472069	0.233373	-0.326519	0.846037	2.023632	-1.232058	-0.621261	-0.814327	-0.158131	-0.882410	-1.663235	-1.637882
-1.021904	-0.958137	-0.954640	-1.796573	-0.503995	-0.441859	-2.491270	-1.479508	-1.945849	-1.480694	-1.046950	-0.181513	0.360089	-1.372129	-0.204260	-0.861863	-1.122087	-1.893130	-2.277894	-1.857545
-2.078218	-1.917708	-0.939216	-1.360758	-0.202552	0.042293	-2.885852	-1.469858	-1.964345	-2.726255	-0.663837	-1.006622	-2.251918	-1.073807	0.029574	-0.838817	-1.394554	-1.972688	-1.239690	-1.341388
-1.307082	-2.084518	-0.495473	-0.749241	0.086969	-0.212142	-2.410437	-1.186298	-1.695654	-2.751533	0.056326	-0.995018	-3.584952	-0.705649	0.114210	-1.089676	-1.061869	-1.276437	0.455158	-0.823933
0.660454	-1.120833	0.502918	0.201257	0.128680	-0.963187	-1.451226	-1.057967	-1.180979	-1.766700	0.109069	-0.436157	-2.691911	-0.487399	0.088047	-1.362451	-0.871962	-0.552599	1.366436	-0.580852
2.192306	0.646943	1.573785	1.408956	-0.041357	-1.418908	-0.500924	-0.911881	-0.227122	-0.421505	-0.501322	-0.219117	-0.779823	-0.447954	-0.153112	-1.303997	-1.265787	-0.430801	0.904499	-0.321830
2.414218	2.249615	2.050827	2.081837	-0.265478	-1.260578	0.138166	-0.475449	1.114279	0.744390	-0.827762	-0.699454	0.386988	-0.523168	-0.561650	-0.912593	-1.785103	-0.890069	-0.212406	0.164767
1.795917	2.677813	1.683491	1.400463	-0.603867	-1.008388	0.313692	-0.110111	2.169302	1.433580	-0.288894	-1.209565	0.363723	-0.760430	-0.891927	-0.508148	-1.703712	-1.396580	-0.786791	0.523524
1.282628	1.771350	0.827324	-0.374956	-1.150023	-1.158483	-0.050037	-0.457851	2.165171	1.562593	0.519171	-0.899577	0.017959	-1.295117	-1.059027	-0.438469	-1.005927	-1.459657	-0.439852	0.211661
1.252309	0.391172	0.064832	-1.916236	-1.548153	-1.336747	-0.756323	-1.359346	1.203683	1.263235	0.606723	0.157397	0.105499	-1.982186	-1.206239	-0.755069	-0.399163	-1.063726	0.112056	-0.690432
1.326958	-0.439691	-0.281625	-2.104339	-1.179648	-0.791496	-1.209423	-1.734734	0.304839	0.812058	-0.116170	1.036372	0.435233	-2.228239	-1.270674	-1.061214	-0.390565	-0.587938	0.120271	-1.358356
0.983747	-0.416094	-0.206859	-1.052590	0.047159	0.459322	-0.821844	-0.863088	0.260495	0.487045	-0.722882	1.111636	0.455261	-1.515946	-0.861811	-0.821193	-0.621879	-0.260970	-0.236265	-1.082438
0.234209	0.057929	0.206047	0.227361	1.446033	1.518432	0.317037	0.589151	0.794746	0.455706	-0.382896	0.747132	0.162059	-0.130736	0.107457	0.011230	-0.322936	0.151091	-0.257537	-0.080718
-0.363391	0.437835	0.763097	0.878260	2.153757	1.639578	1.312600	1.214082	1.106148	0.669936	0.639892	0.610633	0.027244	0.896656	0.949371	0.784601	0.590254	0.831923	0.176770	0.725252
-0.399255	0.440951	0.988339	0.739138	1.740647	0.933730	1.225155	0.442722	0.853579	0.825172	1.182118	0.653142	0.196658	0.761901	0.841802	0.776845	1.182734	1.282057	0.411742	0.681289
-0.146682	0.125596	0.430866	0.128877	0.422124	0.065147	0.082865	-0.782611	0.264416	0.608353	0.464652	0.298785	0.273395	-0.247537	-0.074742	0.023610	0.597640	0.785838	-0.007841	0.034736
-0.182527	-0.263316	-0.674463	-0.545376	-0.918059	-0.351527	-1.009359	-1.032487	-0.377719	0.069250	-0.867115	-0.485487	-0.013368	-1.023208	-0.713563	-0.667070	-0.692806	-0.436236	-0.608590	-0.395601
-0.610117	-0.625192	-1.400772	-0.980433	-1.182021	-0.074567	-1.041779	-0.063896	-0.907616	-0.457748	-1.395785	-1.011007	-0.409738	-0.839836	-0.375147	-0.613725	-1.277635	-1.162844	-0.597859	-0.146181
-0.997495	-1.129245	-1.105255	-1.030645	-0.136378	0.648628	-0.264283	0.832391	-1.135663	-0.822251	-0.732577	-0.903379	-0.622700	-0.095634	0.366643	0.009485	-0.508606	-0.555633	0.030872	0.392806
-1.053618	-1.783262	-0.215516	-0.697138	1.124694	1.247530	0.273458	0.520020	-0.925105	-1.094006	-0.000526	-0.626051	-0.733756	0.365539	0.564658	0.545578	0.750369	0.822166	0.522065	0.565106
-0.976828	-2.024254	0.314985	-0.073697	1.377903	1.370382	0.278120	-0.312742	-0.355947	-1.091561	-0.136710	-0.632465	-0.823062	0.404510	0.304920	0.755991	1.298912	1.709655	0.486642	0.405006
-0.999237	-1.250794	0.189715	0.639965	0.738437	1.226645	0.541736	-0.049281	0.369874	-0.440316	-0.510311	-0.626515	-0.636711	0.533730	0.448088	0.928611	0.980856	1.560503	0.410760	0.536329
-0.906131	0.168209	-0.053641	1.083541	0.274635	1.162504	1.428324	1.366089	1.012260	0.637843	-0.032933	-0.165999	-0.046081	0.829596	1.087262	1.138909	0.495782	0.868294	0.758553	1.027729
-0.322052	1.007695	0.017698	0.914498	0.378187	1.043703	1.910016	2.044738	1.191406	1.178970	0.985339	0.483332	0.510414	0.657478	1.204328	0.957860	0.277221	0.289766	1.106957	1.014025
0.609868	0.627126	0.199467	0.207176	0.408399	0.464488	0.939848	0.746683	0.623033	0.611308	1.227751	0.692988	0.502778	-0.254177	0.177162	0.134991	0.121458	-0.063947	0.738728	-0.040995
1.176399	-0.194728	0.181169	-0.478146	-0.030063	-0.470567	-0.775246	-1.237565	-0.310668	-0.382192	0.390722	0.405726	0.025456	-1.120105	-1.141870	-0.834756	-0.229320	-0.407205	-0.196371	-1.250014
0.891810	-0.317348	0.053233	-0.629847	-0.436165	-1.083236	-1.488607	-1.754740	-0.739303	-0.692704	-0.404857	0.150354	-0.347433	-1.015853	-1.461816	-1.199993	-0.629348	-0.746018	-0.790032	-1.290990
0.146523	0.260661	0.012815	-0.306629	-0.354946	-0.982373	-0.750097	-0.630135	-0.400285	-0.198698	-0.363484	0.208462	-0.285869	-0.127664	-0.717603	-0.819174	-0.714100	-0.807239	-0.606084	-0.253885
-0.224881	0.571768	-0.011868	0.041719	-0.102818	-0.501659	0.173641	0.398848	0.014711	0.263196	0.004443	0.301741	0.055316	0.520492	0.024675	-0.187668	-0.291930	-0.379375	-0.126768	0.463823
0.024903	0.181440	-0.140648	0.185981	-0.066096	-0.057949	0.397935	0.379221	-0.001325	0.226593	0.078418	0.188621	0.434426	0.489661	0.175891	0.318139	0.496192	0.425695	0.170486	0.200018
