X1	X2	X3	X4	X5	X6	X7
0.106973	-0.039256	0.103610	0.024080	0.020921	0.004075	0.160944
0.076686	-0.033225	0.093012	0.001583	0.006562	0.005303	0.144978
0.021151	-0.023057	0.073035	-0.036843	-0.018929	0.007501	0.116096
-0.050375	-0.011959	0.046104	-0.079439	-0.049681	0.010197	0.079744
-0.125923	-0.003447	0.015763	-0.111768	-0.078260	0.012788	0.042620
-0.192749	-0.000206	-0.013583	-0.119898	-0.097061	0.014663	0.011277
-0.239399	-0.003115	-0.037172	-0.093660	-0.099784	0.015352	-0.009220
-0.257540	-0.010748	-0.050661	-0.029353	-0.082745	0.014678	-0.016271
-0.243280	-0.019509	-0.051073	0.068675	-0.045768	0.012887	-0.010154
-0.197758	-0.024414	-0.037756	0.187950	0.007515	0.010716	0.006216
-0.126902	-0.020361	-0.013068	0.309442	0.070050	0.009363	0.028117
-0.040436	-0.003587	0.017446	0.410594	0.132417	0.010341	0.050242
0.049725	0.027050	0.045596	0.469359	0.184390	0.015213	0.068023
0.131397	0.069325	0.061830	0.468553	0.216775	0.025246	0.078745
0.194043	0.117659	0.057134	0.399686	0.223174	0.041032	0.082185
0.230382	0.163965	0.025201	0.265506	0.201362	0.062166	0.080612
0.237428	0.199199	-0.035591	0.080635	0.153964	0.087065	0.078144
0.216794	0.215289	-0.120891	-0.129990	0.088266	0.112989	0.079588
0.174253	0.207038	-0.220191	-0.334770	0.015126	0.136308	0.089041
0.118641	0.173555	-0.317962	-0.500645	-0.052870	0.153000	0.108558
0.060311	0.118834	-0.396042	-0.598990	-0.103701	0.159305	0.137222
0.009412	0.051325	-0.436918	-0.611111	-0.128225	0.152431	0.170851
-0.025715	-0.017499	-0.427291	-0.532268	-0.122079	0.131168	0.202458
-0.039772	-0.075322	-0.361187	-0.373350	-0.086749	0.096276	0.223388
-0.031183	-0.111465	-0.241916	-0.159733	-0.029559	0.050549	0.224951
-0.002147	-0.119165	-0.082345	0.072641	0.037490	-0.001498	0.200211
0.041901	-0.097161	0.096692	0.283342	0.099859	-0.054263	0.145563
0.093303	-0.050194	0.269658	0.434652	0.143217	-0.101936	0.061781
0.143443	0.011686	0.410689	0.498549	0.156269	-0.139436	-0.045706
0.184069	0.074940	0.498247	0.462109	0.133125	-0.163240	-0.167390
0.208439	0.125129	0.519115	0.330246	0.074693	-0.171933	-0.290999
0.212159	0.149776	0.470926	0.125160	-0.011195	-0.166366	-0.403324
0.193603	0.140916	0.362668	-0.117493	-0.111027	-0.149386	-0.492201
0.153938	0.096825	0.213041	-0.355043	-0.207999	-0.125206	-0.548286
0.096782	0.022553	0.046985	-0.545651	-0.285116	-0.098535	-0.566291
0.027631	-0.070847	-0.108922	-0.656070	-0.328421	-0.073669	-0.545494
-0.046860	-0.168268	-0.231264	-0.667771	-0.329695	-0.053727	-0.489462
-0.119604	-0.253300	-0.303800	-0.580244	-0.288090	-0.040193	-0.405105
-0.183765	-0.311255	-0.319919	-0.410803	-0.210365	-0.032853	-0.301313
-0.233338	-0.331874	-0.283084	-0.190934	-0.109640	-0.030117	-0.187472
-0.263627	-0.311212	-0.205268	0.040055	-0.002933	-0.029638	-0.072190
-0.271623	-0.252346	-0.103823	0.242803	0.092056	-0.029056	0.037546
-0.256289	-0.164787	0.002448	0.385480	0.160261	-0.026690	0.136656
-0.218742	-0.062739	0.097135	0.449642	0.192001	-0.021992	0.221736
-0.162308	0.037457	0.169114	0.433206	0.184640	-0.015666	0.290472
-0.092393	0.120182	0.213926	0.349953	0.142817	-0.009417	0.340934
-0.016125	0.173178	0.233456	0.225771	0.077251	-0.005417	0.371044
0.058264	0.189494	0.234126	0.092492	0.002381	-0.005618	0.378398
0.122308	0.168403	0.224199	-0.019301	-0.066631	-0.011115	0.360572
0.168348	0.115194	0.210957	-0.086905	-0.116916	-0.021727	0.315857
0.190631	0.039925	0.198529	-0.100133	-0.140295	-0.035921	0.244256
0.186276	-0.044566	0.186940	-0.062975	-0.134592	-0.051122	0.148451
0.155920	-0.124997	0.172601	0.008022	-0.103627	-0.064324	0.034448
0.103884	-0.189864	0.150062	0.088247	-0.055965	-0.072866	-0.088375
0.037743	-0.231179	0.114497	0.151314	-0.002725	-0.075162	-0.207958
-0.032682	-0.245440	0.064167	0.175681	0.045001	-0.071180	-0.310975
-0.096814	-0.233732	0.002111	0.150084	0.078556	-0.062536	-0.384779
-0.145054	-0.201019	-0.063540	0.076504	0.093412	-0.052128	-0.419538
-0.170467	-0.154833	-0.120825	-0.030010	0.089804	-0.043404	-0.410147
-0.170101	-0.103663	-0.156611	-0.144668	0.072222	-0.039399	-0.357509
-0.145661	-0.055359	-0.160044	-0.238661	0.047929	-0.041803	-0.268849
-0.103362	-0.015851	-0.125935	-0.285999	0.024894	-0.050298	-0.156955
-0.052939	0.011623	-0.057167	-0.269905	0.009677	-0.062356	-0.038378
-0.005949	0.026687	0.034619	-0.187295	0.005769	-0.073605	0.069104
0.026351	0.031435	0.130411	-0.050258	0.012787	-0.078714	0.149338
0.035163	0.029625	0.207176	0.115843	0.026716	-0.072625	0.190447
0.015933	0.025632	0.242559	0.277328	0.041107	-0.051871	0.186785
-0.030597	0.023415	0.219935	0.399189	0.048938	-0.015647	0.139852
-0.098293	0.025690	0.132696	0.452606	0.044664	0.033616	0.057975
-0.176548	0.033440	-0.013294	0.421384	0.025928	0.090377	-0.045158
-0.252066	0.045841	-0.199726	0.305883	-0.005486	0.146818	-0.152840
-0.311190	0.060583	-0.398541	0.123566	-0.043750	0.194254	-0.248128
-0.342357	0.074494	-0.576842	-0.094017	-0.080122	0.224844	-0.316545
-0.338201	0.084314	-0.703102	-0.307213	-0.104894	0.233231	-0.348229
-0.296921	0.087481	-0.753368	-0.476003	-0.109719	0.217752	-0.339170
-0.222644	0.082748	-0.716184	-0.567911	-0.089764	0.180934	-0.291379
-0.124717	0.070538	-0.595133	-0.564450	-0.045196	0.129128	-0.212027
-0.016076	0.052947	-0.408417	-0.464807	0.018390	0.071338	-0.111805
0.089022	0.033419	-0.185522	-0.286021	0.090732	0.017475	-0.002868
0.177436	0.016130	0.038404	-0.059661	0.158744	-0.023616	0.103202
0.239332	0.005215	0.229279	0.174301	0.209064	-0.045919	0.197048
0.269702	0.003955	0.360554	0.375153	0.230782	-0.047426	0.272531
0.268972	0.014105	0.418082	0.509092	0.217776	-0.030477	0.326971
0.242620	0.035461	0.402395	0.555368	0.170145	-0.001167	0.360699
0.199909	0.065785	0.327962	0.509752	0.094417	0.032038	0.376132
0.152028	0.101104	0.219652	0.384757	0.002488	0.060183	0.376651
0.110006	0.136343	0.107187	0.206683	-0.090528	0.075785	0.365584
0.082788	0.166202	0.018820	0.010193	-0.169095	0.074458	0.345512
0.075826	0.186117	-0.024431	-0.168410	-0.220137	0.055818	0.318035
0.090385	0.193124	-0.012792	-0.297874	-0.235448	0.023507	0.283976
0.123652	0.186465	0.050789	-0.357360	-0.213134	-0.015683	0.243903
0.169542	0.167801	0.151907	-0.339560	-0.157854	-0.053370	0.198767
0.219997	0.140968	0.268319	-0.251119	-0.079806	-0.081469	0.150445
0.266502	0.111303	0.375044	-0.110475	0.007285	-0.093975	0.101996
0.301531	0.084648	0.449777	0.056270	0.088774	-0.088252	0.057550
0.319671	0.066215	0.477444	0.220538	0.151767	-0.065535	0.021821
0.318283	0.059526	0.452978	0.356444	0.187356	-0.030559	-0.000635
0.297652	0.065647	0.381804	0.445022	0.192001	0.009597	-0.006243
0.260670	0.082884	0.278083	0.476793	0.167849	0.047144	0.006857
0.212183	0.107018	0.161223	0.452421	0.121999	0.075335	0.038359
0.158148	0.132059	0.051539	0.381501	0.064901	0.089902	0.085702
0.104765	0.151376	-0.033952	0.279955	0.008255	0.089868	0.144344
0.057682	0.159000	-0.084683	0.166636	-0.037173	0.077550	0.208339
0.021368	0.150816	-0.098057	0.059843	-0.063406	0.057782	0.271080
-0.001330	0.125415	-0.079128	-0.025636	-0.066477	0.036561	0.326042
-0.009445	0.084411	-0.038700	-0.080532	-0.046844	0.019457	0.367410
-0.003978	0.032146	0.009581	-0.101959	-0.009010	0.010186	0.390512
0.012185	-0.025158	0.052390	-0.093160	0.039523	0.009697	0.392039
0.034517	-0.080634	0.079387	-0.062338	0.089709	0.015988	0.370111
0.057292	-0.128122	0.084845	-0.020890	0.132538	0.024693	0.324267
0.074200	-0.163355	0.068011	0.018636	0.160457	0.030302	0.255470
0.079147	-0.184699	0.032283	0.044542	0.168440	0.027692	0.166155
0.067164	-0.193306	-0.016384	0.047720	0.154558	0.013598	0.060335
0.035309	-0.192621	-0.071332	0.022959	0.120061	-0.012353	-0.056338
-0.016581	-0.187364	-0.126741	-0.030292	0.068990	-0.047313	-0.176644
-0.085461	-0.182221	-0.178502	-0.107730	0.007477	-0.085679	-0.292132
-0.165125	-0.180557	-0.224244	-0.200638	-0.057171	-0.120271	-0.393788
-0.246796	-0.183447	-0.262690	-0.296903	-0.117438	-0.143940	-0.473029
-0.320259	-0.189301	-0.292648	-0.382586	-0.166510	-0.151239	-0.522912
-0.375406	-0.194169	-0.312128	-0.443895	-0.199057	-0.139744	-0.539361
-0.403940	-0.192708	-0.317970	-0.469341	-0.211806	-0.110723	-0.522139
-0.400955	-0.179591	-0.306241	-0.451797	-0.203885	-0.068968	-0.475311
-0.366062	-0.151056	-0.273361	-0.390101	-0.176902	-0.021829	-0.407003
-0.303794	-0.106220	-0.217703	-0.289860	-0.134762	0.022343	-0.328381
-0.223156	-0.047835	-0.141170	-0.163210	-0.083208	0.055978	-0.251957
-0.136326	0.017745	-0.050217	-0.027402	-0.029140	0.073891	-0.189494
-0.056704	0.081419	0.044141	0.097651	0.020250	0.074329	-0.149873
0.003357	0.132896	0.127542	0.192561	0.058426	0.059242	-0.137387
0.034720	0.162647	0.184630	0.241841	0.080406	0.033693	-0.150832
0.033101	0.163854	0.202111	0.236844	0.083492	0.004591	-0.183657
-0.000151	0.133930	0.171866	0.177664	0.067690	-0.020982	-0.225199
-0.058315	0.075282	0.093352	0.073516	0.035729	-0.037420	-0.262823
-0.130562	-0.004890	-0.025347	-0.058581	-0.007339	-0.041840	-0.284552
-0.203991	-0.095726	-0.168224	-0.196673	-0.054929	-0.034645	-0.281651
-0.266023	-0.184578	-0.313802	-0.317819	-0.099973	-0.019257	-0.250618
-0.306694	-0.259236	-0.438927	-0.402369	-0.136056	-0.001122	-0.194102
-0.320371	-0.310062	-0.523151	-0.437706	-0.158429	0.013769	-0.120542
-0.306554	-0.331598	-0.552766	-0.420681	-0.164717	0.020473	-0.042516
-0.269626	-0.323323	-0.523601	-0.358159	-0.155194	0.016388	0.025850
-0.217621	-0.289423	-0.441908	-0.265521	-0.132555	0.001938	0.071897
-0.160295	-0.237646	-0.323094	-0.163355	-0.101274	-0.019532	0.087211
-0.106946	-0.177507	-0.188526	-0.073016	-0.066652	-0.042628	0.069555
-0.064454	-0.118255	-0.061074	-0.011963	-0.033787	-0.061323	0.023489
-0.035966	-0.067040	0.039635	0.010115	-0.006659	-0.070569	-0.040477
-0.020504	-0.027673	0.101199	-0.006493	0.012472	-0.067696	-0.108056
-0.013552	-0.000242	0.120782	-0.051492	0.023250	-0.053219	-0.164230
-0.008452	0.018395	0.105280	-0.106806	0.026976	-0.030854	-0.196489
0.001725	0.033359	0.069285	-0.150625	0.026025	-0.006694	-0.197571
0.022297	0.050093	0.031332	-0.162420	0.023080	0.012276	-0.167043
0.055526	0.072686	0.009305	-0.127852	0.020387	0.019958	-0.111371
0.099931	0.102605	0.016066	-0.042472	0.019221	0.012809	-0.042422
0.150540	0.138124	0.056345	0.086637	0.019678	-0.009054	0.025283
0.199997	0.174595	0.125605	0.241701	0.020838	-0.041584	0.077970
0.240261	0.205492	0.211165	0.397467	0.021225	-0.077500	0.105883
0.264497	0.223975	0.295294	0.526172	0.019434	-0.107805	0.105688
0.268693	0.224612	0.359564	0.603219	0.014723	-0.123828	0.081419
0.252633	0.204832	0.389401	0.612391	0.007401	-0.119307	0.043725
0.220001	0.165780	0.377777	0.549472	-0.001104	-0.092046	0.007532
0.177575	0.112347	0.327121	0.423479	-0.008544	-0.044725	-0.011368
0.133735	0.052375	0.248997	0.255228	-0.012443	0.015349	-0.000082
0.096614	-0.004808	0.161594	0.073496	-0.010822	0.077544	0.048148
0.072357	-0.050179	0.085587	-0.090447	-0.002864	0.130004	0.131951
0.063875	-0.076757	0.039349	-0.208796	0.010679	0.162107	0.241580
0.070391	-0.080891	0.034607	-0.262475	0.027475	0.166758	0.360508
0.087868	-0.062830	0.073581	-0.244609	0.044033	0.142000	0.468554
0.110198	-0.026483	0.148276	-0.161559	0.056482	0.091588	0.545894
0.130842	0.021581	0.242110	-0.031352	0.061531	0.024378	0.577095
0.144508	0.073607	0.333520	0.120109	0.057374	-0.047349	0.554307
0.148452	0.122277	0.400719	0.264223	0.044306	-0.110285	0.478921
0.143083	0.162098	0.426520	0.375156	0.024855	-0.152709	0.361335
0.131717	0.190263	0.402129	0.434507	0.003382	-0.166773	0.218896
0.119562	0.206810	0.329049	0.434261	-0.014813	-0.149969	0.072466
0.112188	0.214096	0.218678	0.377556	-0.024678	-0.105507	-0.057616
0.113890	0.215762	0.089728	0.277235	-0.022623	-0.041513	-0.155316
0.126359	0.215476	-0.035930	0.152641	-0.007474	0.030724	-0.211609
0.148028	0.215792	-0.138007	0.025444	0.019088	0.099089	-0.225574
0.174266	0.217407	-0.202044	-0.084579	0.052734	0.153037	-0.203698
0.198404	0.219018	-0.222210	-0.162939	0.087313	0.185551	-0.157635
0.213350	0.217768	-0.202052	-0.202390	0.116152	0.194258	-0.101007
0.213395	0.210165	-0.153097	-0.203196	0.133529	0.181518	-0.046045
0.195747	0.193218	-0.091707	-0.171864	0.135981	0.153513	-0.000870
0.161411	0.165451	-0.034983	-0.118801	0.123151	0.118592	0.031949
0.115144	0.127541	0.003271	-0.055578	0.097940	0.085274	0.055262
0.064472	0.082384	0.015564	0.007546	0.065923	0.060367	0.075710
0.017983	0.034552	0.002040	0.063281	0.034137	0.047632	0.101083
-0.016714	-0.010717	-0.030162	0.107899	0.009505	0.047226	0.137372
-0.034864	-0.048744	-0.069265	0.140783	-0.002728	0.056042	0.186316
-0.035795	-0.076528	-0.102270	0.163254	-0.000211	0.068770	0.244129
-0.023189	-0.093453	-0.118545	0.177129	0.015969	0.079419	0.301793
-0.004266	-0.101384	-0.112646	0.183510	0.041523	0.082893	0.346911
0.011934	-0.104098	-0.085657	0.182191	0.069959	0.076249	0.366713
0.016800	-0.106178	-0.044742	0.171826	0.094106	0.059347	0.351499
0.004392	-0.111643	-0.001025	0.150782	0.107807	0.034772	0.297650
-0.026885	-0.122669	0.033606	0.118351	0.107402	0.007070	0.209406
-0.073608	-0.138752	0.049930	0.075887	0.092623	-0.018470	0.098879
-0.127872	-0.156573	0.044131	0.027429	0.066696	-0.037185	-0.015853
-0.178978	-0.170651	0.019083	-0.020492	0.035605	-0.046198	-0.114229
-0.215911	-0.174690	-0.016187	-0.059932	0.006678	-0.045099	-0.177577
-0.230045	-0.163317	-0.048799	-0.083311	-0.013176	-0.035993	-0.193395
-0.217454	-0.133819	-0.065508	-0.085467	-0.019165	-0.022908	-0.158557
-0.180242	-0.087417	-0.056534	-0.065448	-0.009845	-0.010748	-0.080645
-0.126520	-0.029750	-0.018711	-0.027511	0.012415	-0.004044	0.022994
-0.068986	0.029669	0.042886	0.019040	0.041875	-0.005830	0.128382
-0.022334	0.078959	0.115379	0.061285	0.070669	-0.016914	0.209653
-0.000044	0.106110	0.180586	0.085188	0.090588	-0.035709	0.244438
-0.011253	0.101506	0.219095	0.078670	0.094994	-0.058674	0.218759
-0.058410	0.060199	0.215000	0.034586	0.080412	-0.081215	0.130353
-0.136275	-0.016566	0.160178	-0.047083	0.047433	-0.098831	-0.010335
-0.232544	-0.120959	0.057033	-0.158394	0.000701	-0.108207	-0.181765
-0.330020	-0.239440	-0.081029	-0.284257	-0.052028	-0.107985	-0.355267
-0.409913	-0.354802	-0.231664	-0.404826	-0.101540	-0.099022	-0.500566
-0.455605	-0.449025	-0.367837	-0.499054	-0.139186	-0.084088	-0.591769
-0.456066	-0.506395	-0.463399	-0.548729	-0.158780	-0.067091	-0.612560
-0.408217	-0.516300	-0.498788	-0.542151	-0.157970	-0.052026	-0.559543
-0.317707	-0.475162	-0.465580	-0.476703	-0.138752	-0.041935	-0.443026
-0.197943	-0.387124	-0.368817	-0.359738	-0.107013	-0.038133	-0.285068
-0.067542	-0.263362	-0.226513	-0.207593	-0.071209	-0.039903	-0.115208
0.053244	-0.120188	-0.066364	-0.042869	-0.040474	-0.044740	0.035281
0.146405	0.023719	0.079719	0.109467	-0.022599	-0.049076	0.139420
0.199543	0.150379	0.182117	0.226422	-0.022339	-0.049306	0.179621
0.208054	0.245334	0.219661	0.290913	-0.040414	-0.042839	0.150860
0.175701	0.299707	0.184129	0.294550	-0.073441	-0.028918	0.061308
0.113508	0.311177	0.082082	0.238791	-0.114783	-0.008980	-0.069637
0.037241	0.283765	-0.066362	0.134310	-0.156106	0.013557	-0.215450
-0.035926	0.226578	-0.231591	-0.001225	-0.189283	0.034023	-0.347837
-0.090865	0.151820	-0.380529	-0.146446	-0.208180	0.047595	-0.442229
-0.117328	0.072523	-0.483371	-0.279981	-0.209932	0.050494	-0.482314
-0.111605	0.000442	-0.519587	-0.383840	-0.195411	0.040992	-0.462749
-0.076741	-0.055520	-0.481947	-0.445910	-0.168800	0.019981	-0.389580
-0.021333	-0.090146	-0.377731	-0.461176	-0.136402	-0.009058	-0.278406
0.042722	-0.101949	-0.226912	-0.431617	-0.104968	-0.040677	-0.150773
0.102983	-0.092579	-0.057759	-0.364947	-0.079977	-0.068564	-0.029604
0.149089	-0.065826	0.099190	-0.272597	-0.064278	-0.086870	0.065345
0.174689	-0.026528	0.217447	-0.167424	-0.057418	-0.091458	0.121117
0.178308	0.020367	0.279865	-0.061614	-0.055823	-0.080798	0.133584
0.163057	0.070400	0.281806	0.034879	-0.053793	-0.056301	0.107580
0.135350	0.119812	0.231566	0.115171	-0.045048	-0.022007	0.055251
0.103031	0.165448	0.148062	0.175584	-0.024483	0.016283	-0.006925
0.073404	0.204494	0.056358	0.215219	0.010320	0.052244	-0.061750
0.051653	0.234247	-0.017962	0.235229	0.058181	0.080349	-0.094768
0.040006	0.252053	-0.054321	0.238012	0.114232	0.096971	-0.096904
0.037770	0.255518	-0.041422	0.226544	0.170708	0.101029	-0.065812
0.042149	0.242938	0.020610	0.203927	0.218433	0.094044	-0.005799
0.049537	0.213855	0.120564	0.173155	0.248683	0.079613	0.073545
0.056884	0.169552	0.238810	0.137036	0.255021	0.062437	0.159590
0.062720	0.113295	0.351621	0.098152	0.234678	0.047150	0.239254
0.067549	0.050198	0.436164	0.058789	0.189201	0.037229	0.301387
0.073495	-0.013339	0.475088	0.020800	0.124218	0.034243	0.338487
0.083316	-0.070552	0.459766	-0.014538	0.048384	0.037596	0.347519
0.099079	-0.115422	0.391593	-0.046623	-0.028247	0.044823	0.329775
0.120911	-0.143732	0.281178	-0.075454	-0.096080	0.052338	0.289960
0.146217	-0.153835	0.145749	-0.101351	-0.147655	0.056436	0.234792
0.169665	-0.146936	0.005428	-0.124475	-0.178797	0.054292	0.171492
0.184039	-0.126808	-0.120749	-0.144257	-0.189052	0.044708	0.106479
0.181807	-0.098980	-0.218225	-0.158914	-0.181321	0.028415	0.044510
0.157074	-0.069577	-0.279049	-0.165242	-0.160860	0.007868	-0.011649
0.107438	-0.044045	-0.302415	-0.158871	-0.133889	-0.013419	-0.061050
0.035254	-0.026067	-0.293648	-0.135026	-0.106145	-0.031827	-0.104048
-0.052078	-0.016899	-0.262034	-0.089730	-0.081718	-0.044626	-0.141615
-0.142967	-0.015281	-0.218103	-0.021223	-0.062390	-0.050753	-0.174693
-0.223549	-0.017923	-0.171052	0.068738	-0.047609	-0.051179	-0.203721
-0.280314	-0.020466	-0.126901	0.174082	-0.035026	-0.048737	-0.228403
-0.302894	-0.018662	-0.087747	0.284444	-0.021453	-0.047462	-0.247719
-0.286413	-0.009500	-0.052196	0.386171	-0.003957	-0.051560	-0.260113
-0.232850	0.007983	-0.016730	0.464276	0.019175	-0.064267	-0.263780
-0.151043	0.032408	0.022413	0.505040	0.047825	-0.086849	-0.256965
-0.055293	0.060331	0.067409	0.498795	0.079926	-0.118017	-0.238231
0.037227	0.087019	0.117561	0.442284	0.111844	-0.153875	-0.206660
0.109743	0.107526	0.168901	0.340042	0.139149	-0.188480	-0.162019
0.149171	0.117816	0.214803	0.204386	0.157582	-0.214877	-0.104882
0.148753	0.115658	0.247421	0.053885	0.164006	-0.226430	-0.036744
0.109472	0.101078	0.259624	-0.089520	0.157114	-0.218149	0.039909
0.039949	0.076295	0.246925	-0.204230	0.137774	-0.187749	0.121596
-0.045175	0.045158	0.208913	-0.272835	0.108946	-0.136210	0.203964
-0.128051	0.012252	0.149855	-0.285311	0.075224	-0.067722	0.282084
-0.191057	-0.018089	0.078256	-0.240876	0.042100	0.010966	0.350923
-0.220154	-0.042617	0.005491	-0.148091	0.015128	0.091662	0.405960
-0.207509	-0.059641	-0.056243	-0.023138	-0.000890	0.166082	0.443858
-0.152866	-0.069035	-0.096197	0.113387	-0.002544	0.227157	0.463050
-0.063420	-0.071821	-0.107092	0.240499	0.011762	0.270053	0.464096
0.047716	-0.069464	-0.086481	0.340837	0.041633	0.292721	0.449689
0.164122	-0.063109	-0.037164	0.403775	0.084739	0.295903	0.424264
0.269164	-0.053017	0.033394	0.426999	0.137029	0.282637	0.393226
0.348973	-0.038384	0.114499	0.416212	0.193104	0.257414	0.361955
0.394691	-0.017634	0.194207	0.383067	0.246678	0.225183	0.334762
0.403604	0.010859	0.261420	0.341840	0.291157	0.190437	0.314048
0.379014	0.047808	0.307692	0.305631	0.320291	0.156549	0.299862
0.328965	0.092083	0.328395	0.282995	0.328914	0.125484	0.289994
0.264173	0.140109	0.323070	0.275805	0.313688	0.097882	0.280585
0.195665	0.185841	0.294961	0.278867	0.273781	0.073451	0.267142
0.132631	0.221419	0.249878	0.281373	0.211334	0.051516	0.245726
0.080919	0.238472	0.194706	0.269854	0.131590	0.031563	0.213995
0.042433	0.229837	0.135889	0.231929	0.042541	0.013622	0.171871
0.015471	0.191338	0.078233	0.159934	-0.045923	-0.001605	0.121599
-0.004184	0.123227	0.024251	0.053533	-0.123345	-0.012907	0.067206
-0.021730	0.030898	-0.025827	-0.079352	-0.180339	-0.018948	0.013442
-0.041769	-0.075362	-0.073442	-0.223586	-0.210258	-0.018770	-0.035505
-0.067064	-0.181651	-0.120665	-0.359649	-0.210579	-0.012271	-0.077174
-0.097882	-0.272584	-0.169006	-0.467643	-0.183683	-0.000514	-0.111560
-0.132024	-0.333919	-0.218375	-0.531583	-0.136771	0.014218	-0.141136
-0.165485	-0.355182	-0.266462	-0.542966	-0.080853	0.028664	-0.170115
-0.193520	-0.331771	-0.308723	-0.502809	-0.028871	0.039071	-0.203093
-0.211843	-0.266085	-0.339013	-0.421626	0.006707	0.041836	-0.243378
-0.217653	-0.167426	-0.350773	-0.317343	0.016412	0.034173	-0.291468
-0.210273	-0.050626	-0.338556	-0.211577	-0.004118	0.014643	-0.344110
-0.191266	0.066352	-0.299577	-0.125106	-0.052920	-0.016530	-0.394306
-0.164052	0.165426	-0.234946	-0.073543	-0.121713	-0.057441	-0.432385
-0.133159	0.231450	-0.150287	-0.064186	-0.197216	-0.104772	-0.448022
-0.103290	0.254749	-0.055531	-0.094733	-0.263610	-0.154277	-0.432807
-0.078455	0.232659	0.036179	-0.154139	-0.305691	-0.201390	-0.382785
-0.061324	0.169812	0.110372	-0.225401	-0.312103	-0.241829	-0.300328
-0.052928	0.077143	0.153649	-0.289589	-0.277973	-0.272098	-0.194775
-0.052716	-0.030172	0.156203	-0.330203	-0.206343	-0.289800	-0.081546
-0.058895	-0.135401	0.114009	-0.336839	-0.108034	-0.293761	0.020277
-0.068926	-0.223070	0.030213	-0.307331	0.000115	-0.283953	0.091495
-0.080047	-0.281359	-0.084598	-0.247917	0.098346	-0.261299	0.116791
-0.089687	-0.303697	-0.213446	-0.171432	0.167841	-0.227427	0.088320
-0.095725	-0.289318	-0.335272	-0.094002	0.194558	-0.184432	0.008051
-0.096592	-0.242770	-0.428209	-0.031065	0.172242	-0.134705	-0.111778
-0.091265	-0.172592	-0.473329	0.006309	0.103956	-0.080833	-0.250337
-0.079231	-0.089482	-0.458221	0.013920	0.001764	-0.025559	-0.381823
-0.060508	-0.004388	-0.379736	-0.004835	-0.115429	0.028249	-0.480377
-0.035731	0.073124	-0.245308	-0.040152	-0.225483	0.077660	-0.525320
-0.006316	0.135941	-0.072519	-0.078606	-0.307343	0.119807	-0.505626
0.025403	0.179809	0.113197	-0.106827	-0.345222	0.152112	-0.422612
0.056126	0.203122	0.282402	-0.115123	-0.331757	0.172559	-0.290206
0.081757	0.206289	0.406495	-0.100147	-0.269487	0.179995	-0.132611
0.097825	0.190933	0.462710	-0.065916	-0.170327	0.174370	0.020254
0.100158	0.159185	0.438381	-0.022894	-0.053154	0.156861	0.138647
0.085708	0.113270	0.333649	0.014647	0.060020	0.129826	0.199058
0.053373	0.055462	0.162021	0.032379	0.148471	0.096568	0.189148
0.004624	-0.011643	-0.051402	0.019870	0.196869	0.060932	0.110516
-0.056254	-0.084685	-0.273838	-0.026247	0.198224	0.026802	-0.021326
-0.122424	-0.159138	-0.470209	-0.100690	0.155065	-0.002429	-0.179819
-0.185282	-0.229176	-0.609070	-0.189970	0.078639	-0.024309	-0.332511
-0.235685	-0.287927	-0.668001	-0.274833	-0.013662	-0.037616	-0.447438
-0.265406	-0.328172	-0.637445	-0.334194	-0.102067	-0.042449	-0.499437
-0.268555	-0.343378	-0.522259	-0.349699	-0.168564	-0.040082	-0.475056
-0.242683	-0.328892	-0.340660	-0.309887	-0.200515	-0.032644	-0.375076
-0.189328	-0.283013	-0.120763	-0.213005	-0.193004	-0.022673	-0.214123
-0.113876	-0.207704	0.104636	-0.067825	-0.149452	-0.012635	-0.017492
-0.024752	-0.108731	0.304013	0.107743	-0.080432	-0.004508	0.184105
0.067931	0.004844	0.452654	0.289952	-0.000991	0.000506	0.360727
0.153987	0.121775	0.536700	0.453717	0.072848	0.002105	0.489011
0.224738	0.230156	0.554924	0.577331	0.127640	0.000826	0.556370
0.274244	0.319103	0.517946	0.646399	0.155313	-0.002160	0.562763
0.299967	0.380272	0.445111	0.656155	0.154621	-0.005336	0.519717
0.302772	0.408955	0.359735	0.611736	0.130983	-0.007160	0.446947
0.286299	0.404559	0.283769	0.526430	0.094804	-0.006353	0.367386
0.255896	0.370422	0.233027	0.418375	0.058720	-0.002103	0.301788
0.217376	0.313022	0.213995	0.306503	0.034441	0.005825	0.264127
0.175876	0.240773	0.222879	0.206671	0.029927	0.017080	0.258780
0.135066	0.162658	0.247048	0.128819	0.047548	0.030783	0.280061
0.096846	0.086952	0.268503	0.075722	0.083619	0.045651	0.314112
0.061559	0.020238	0.268562	0.043506	0.129380	0.060133	0.342637
0.028586	-0.033127	0.232663	0.023672	0.173150	0.072558	0.347532
-0.002870	-0.071118	0.154217	0.006035	0.203134	0.081286	0.315339
-0.033042	-0.093742	0.036599	-0.018199	0.210206	0.084853	0.240487
-0.061135	-0.102522	-0.107145	-0.053994	0.190019	0.082136	0.126636
-0.085252	-0.099887	-0.256827	-0.101234	0.143996	0.072509	-0.014107
-0.102737	-0.088631	-0.389287	-0.154921	0.078975	0.056006	-0.163826
-0.110831	-0.071543	-0.483281	-0.206663	0.005651	0.033447	-0.302596
-0.107448	-0.051203	-0.523960	-0.247013	-0.063799	0.006499	-0.412501
-0.091856	-0.029930	-0.505942	-0.268003	-0.118345	-0.022365	-0.480943
-0.065047	-0.009787	-0.434291	-0.265181	-0.150366	-0.050033	-0.502532
-0.029694	0.007436	-0.323214	-0.238670	-0.157045	-0.073064	-0.479218
0.010326	0.020331	-0.192774	-0.192973	-0.140632	-0.088105	-0.418797
0.050717	0.028064	-0.064439	-0.135657	-0.107552	-0.092385	-0.332317
0.087659	0.030626	0.043536	-0.075303	-0.066636	-0.084191	-0.231160
0.118567	0.029023	0.119788	-0.019315	-0.026938	-0.063248	-0.124611
0.142501	0.025315	0.161763	0.027794	0.004328	-0.030919	-0.018533
0.160099	0.022404	0.175446	0.065169	0.023237	0.009820	0.084536
0.173039	0.023541	0.173005	0.095229	0.029677	0.054679	0.184027
0.183157	0.031603	0.168959	0.122252	0.026879	0.098561	0.279226
0.191469	0.048260	0.175819	0.150350	0.020116	0.136242	0.367157
0.197376	0.073231	0.200301	0.181441	0.014962	0.163088	0.441247
0.198322	0.103815	0.241081	0.213840	0.015582	0.175715	0.491355
0.190056	0.134897	0.288676	0.241949	0.023500	0.172466	0.505390
0.167519	0.159498	0.327559	0.257244	0.037173	0.153631	0.472254
0.126197	0.169862	0.340046	0.250394	0.052468	0.121372	0.385459
0.063651	0.158915	0.311073	0.214022	0.063908	0.079381	0.246457
-0.019149	0.121854	0.232704	0.145410	0.066359	0.032320	0.066695
-0.117057	0.057528	0.107274	0.048412	0.056695	-0.014837	-0.132374
-0.220806	-0.030693	-0.051688	-0.066040	0.035010	-0.057469	-0.321671
-0.318005	-0.134813	-0.221086	-0.181116	0.005027	-0.091856	-0.469037
-0.394957	-0.242974	-0.372213	-0.276828	-0.026435	-0.115546	-0.545167
-0.439003	-0.341034	-0.476266	-0.333850	-0.050830	-0.127506	-0.529738
-0.440949	-0.414739	-0.510258	-0.337585	-0.059791	-0.128059	-0.416381
-0.397077	-0.452111	-0.462059	-0.281597	-0.047125	-0.118657	-0.215288
-0.310304	-0.445635	-0.333449	-0.169566	-0.010425	-0.101554	0.047307
-0.190186	-0.393822	-0.140461	-0.015270	0.048101	-0.079459	0.332909
-0.051717	-0.301807	0.089116	0.159519	0.121782	-0.055212	0.597211
0.086927	-0.180847	0.320614	0.328828	0.200610	-0.031542	0.798027
0.207279	-0.046741	0.518757	0.467230	0.273085	-0.010897	0.903130
0.293612	0.082584	0.654072	0.554537	0.328386	0.004654	0.896380
0.335515	0.189912	0.708119	0.579462	0.358374	0.013489	0.780835
0.329557	0.261515	0.676528	0.541482	0.359004	0.014496	0.578148
0.279720	0.289385	0.569254	0.450510	0.330853	0.007148	0.324315
0.196538	0.272515	0.408098	0.324495	0.278692	-0.008403	0.062626
0.095131	0.217001	0.222069	0.185507	0.210234	-0.031243	-0.164749
-0.007485	0.134950	0.041620	0.055174	0.134391	-0.059652	-0.324780
-0.095302	0.042374	-0.107029	-0.049509	0.059466	-0.091143	-0.399568
-0.155886	-0.043562	-0.206352	-0.119116	-0.008318	-0.122610	-0.389071
-0.182189	-0.107451	-0.249914	-0.152883	-0.065619	-0.150604	-0.310081
-0.173304	-0.138229	-0.242379	-0.157819	-0.111988	-0.171703	-0.191745
-0.134123	-0.130976	-0.197300	-0.146132	-0.149163	-0.182934	-0.068678
-0.074030	-0.087666	-0.133352	-0.131678	-0.179873	-0.182183	0.026761
-0.004962	-0.016714	-0.069923	-0.126307	-0.206537	-0.168501	0.071343
0.060766	0.068538	-0.023087	-0.136994	-0.230201	-0.142267	0.055496
0.112468	0.152169	-0.002779	-0.164398	-0.250026	-0.105142	-0.015414
0.142584	0.218417	-0.011656	-0.203136	-0.263447	-0.059847	-0.123248
0.147493	0.254372	-0.045733	-0.243632	-0.266962	-0.009767	-0.242057
0.127588	0.252156	-0.096394	-0.274990	-0.257321	0.041507	-0.344645
0.086735	0.210257	-0.153175	-0.288148	-0.232786	0.090651	-0.409123
0.031300	0.133795	-0.206505	-0.278466	-0.194106	0.134967	-0.423958
-0.031001	0.033697	-0.249763	-0.247109	-0.144910	0.172606	-0.390340
-0.092223	-0.075071	-0.280178	-0.200880	-0.091385	0.202587	-0.321400
-0.145117	-0.175920	-0.298505	-0.150560	-0.041279	0.224662	-0.238524
-0.183807	-0.253316	-0.307719	-0.108203	-0.002441	0.239045	-0.165725
-0.204196	-0.295271	-0.311229	-0.084082	0.018759	0.246105	-0.123468
