X1	X2	X3	X4	X5	X6	X7	X8	X9	X10	X11	X12	X13	X14	X15	X16	X17	X18	X19	X20
0.106146	0.228055	0.011532	-0.041068	-0.094959	-0.155412	-0.013231	-0.021599	0.182712	0.151081	0.000043	-0.031889	0.012901	0.017111	-0.073773	-0.208537	-0.152561	-0.222027	-0.162346	-0.096049
0.903294	1.270918	-0.012320	-0.314312	0.608075	-0.109385	0.571552	0.719967	1.833283	0.363891	1.437351	0.897174	0.056286	1.401835	-0.086078	0.471037	-0.315428	0.087424	0.607350	0.359376
0.947343	1.120026	-0.068210	-0.691189	0.341834	-0.536093	0.327930	0.549749	1.733724	0.497495	1.038174	0.698424	0.231106	1.091388	0.157952	0.294379	-0.424957	-0.109409	0.945081	0.493155
0.255143	-0.147937	-0.059439	-0.767365	-0.482413	-0.824883	-0.402996	-0.205937	0.043397	0.352206	-0.629460	-0.205999	0.254827	-0.593407	0.270831	-0.437589	-0.434617	-0.630136	0.631652	0.310908
-0.527174	-1.362763	0.043172	-0.136047	-0.713785	-0.103699	-0.655819	-0.497708	-1.486735	-0.174167	-1.582592	-0.503766	-0.123347	-1.677508	-0.259823	-0.721031	-0.325503	-0.761421	-0.080480	0.118481
-0.880650	-1.559172	0.016074	0.837817	-0.110448	1.273942	-0.215751	0.001111	-1.512439	-0.810360	-1.066387	0.218755	-0.550258	-0.888874	-1.145021	-0.194371	-0.093866	-0.109287	-0.592652	0.136158
-0.835862	-0.868868	-0.372823	1.283731	0.411880	1.968163	0.176891	0.552497	-0.415932	-1.109296	-0.073686	1.068948	-0.514353	0.759786	-1.463633	0.497447	0.270789	0.875120	-0.570115	0.177830
-0.726766	-0.177478	-0.989035	0.836184	0.137781	1.320485	-0.103151	0.385539	0.316086	-0.996575	0.347120	1.054100	-0.267155	1.116007	-0.839125	0.593470	0.706429	1.348292	-0.304340	-0.177978
-0.744497	-0.141185	-1.395036	-0.043296	-0.514456	0.028578	-0.840919	-0.450007	-0.245037	-0.885556	0.173910	0.068726	-0.603906	-0.506594	-0.024567	-0.030730	0.968968	0.965732	-0.315814	-1.067842
-0.780223	-0.616120	-1.273823	-0.757910	-0.653904	-0.915036	-1.371423	-1.334055	-1.526489	-1.037820	-0.113904	-1.261981	-1.495782	-2.379272	-0.025573	-0.997397	0.756563	0.153636	-0.746363	-2.089696
-0.601358	-0.921045	-0.669156	-1.154807	-0.093684	-1.258364	-1.277275	-1.748636	-2.126876	-1.021217	-0.220355	-2.171567	-1.646630	-2.313420	-0.805418	-1.789555	0.087195	-0.452959	-1.285882	-2.619759
-0.127356	-0.549359	0.135651	-1.285765	0.498792	-1.228574	-0.591478	-1.508938	-1.355896	-0.222961	-0.046627	-2.136632	-0.093298	-0.221719	-1.211750	-1.858085	-0.517665	-0.583069	-1.515600	-2.297435
0.444448	0.360975	0.844590	-0.999651	0.533813	-0.853790	0.391462	-0.645828	0.059164	1.116073	0.370859	-1.154183	2.139165	1.855691	-0.305426	-0.889396	-0.461215	-0.312425	-1.129560	-1.171770
0.790247	1.188432	1.294742	-0.142607	0.261302	-0.037816	1.321716	0.588807	0.887145	1.899489	0.745219	0.135076	2.903316	2.221846	1.475739	0.710789	0.202527	0.154265	-0.010735	0.428328
0.772626	1.407626	1.493138	0.956494	0.397488	0.966752	1.898923	1.633684	0.765346	1.473312	0.736172	0.854300	1.519004	1.274798	2.743407	1.932584	0.664701	0.447732	1.570872	1.962798
0.568144	1.011177	1.507143	1.581384	1.083683	1.630148	1.912365	1.857516	0.344009	0.505537	0.384112	0.679852	-0.360607	0.484312	2.644918	2.094262	0.254804	0.142368	2.847840	2.759779
0.397530	0.395197	1.297437	1.365848	1.555809	1.673003	1.329546	1.147884	0.200247	0.112458	0.041863	0.155428	-0.860736	0.359462	1.601722	1.487609	-0.620346	-0.635423	2.971460	2.417068
0.178722	-0.100946	0.759962	0.746806	1.068362	1.258598	0.465156	0.208851	0.115141	0.373867	-0.191161	0.026389	-0.131580	0.202838	0.589426	0.912289	-0.779898	-0.909552	1.731473	1.279463
-0.355448	-0.460264	-0.012508	0.469047	-0.070644	0.687302	-0.081811	-0.027211	-0.370916	0.328259	-0.589664	0.301694	0.225919	-0.449344	0.120708	0.816560	0.335863	0.214301	-0.197598	0.261254
-1.151106	-0.809551	-0.666531	0.704424	-0.771225	0.130832	0.024033	0.558881	-1.082035	-0.569823	-1.211027	0.247814	-0.463316	-1.063670	0.129058	1.090938	1.835667	2.225680	-1.752077	-0.033247
-1.673899	-1.114745	-0.926528	0.877811	-0.472498	-0.323556	0.350792	1.036062	-1.326658	-1.618067	-1.579748	-0.572777	-1.124860	-0.977395	0.422049	1.403089	2.240733	3.376467	-2.175110	0.136468
-1.431851	-1.161415	-0.880724	0.406657	0.193106	-0.575099	0.071312	0.487915	-0.800412	-1.756207	-1.265992	-1.522746	-0.614310	-0.378943	0.775494	1.409335	1.103676	2.506207	-1.388171	0.145967
-0.561777	-0.818410	-0.771220	-0.546940	0.256179	-0.540064	-1.010356	-0.807080	0.025159	-0.871643	-0.533772	-1.472441	0.616556	0.018908	0.746999	0.828073	-0.520427	0.377056	0.009465	-0.161753
0.238821	-0.282636	-0.619954	-1.184706	-0.317155	-0.197281	-2.051270	-1.590189	0.490710	0.114614	-0.080764	-0.136546	1.130450	-0.044469	-0.066744	-0.317515	-1.248074	-1.157917	1.076663	-0.454248
0.330947	-0.035858	-0.300466	-0.906722	-0.585075	0.401986	-2.016210	-1.041895	0.421954	0.255381	-0.210216	1.455559	0.402497	-0.212373	-1.441103	-1.522033	-0.737862	-1.103245	1.167714	-0.575308
-0.349664	-0.438057	0.070049	0.061024	0.104438	1.086213	-0.811882	0.323600	0.057529	-0.577311	-0.522130	1.966545	-0.604381	-0.223087	-2.514438	-2.109692	0.233777	-0.075675	0.443541	-0.774108
-1.288056	-1.248435	0.119542	0.930756	1.162876	1.562773	0.646538	1.328850	-0.429722	-1.701593	-0.462462	1.100049	-0.817284	-0.301229	-2.577021	-1.814561	0.793627	0.728848	-0.299102	-1.147797
-1.808365	-1.668848	-0.268034	1.176481	1.405951	1.603294	1.449356	1.430950	-1.007975	-2.243781	-0.009976	-0.201201	-0.407646	-0.686005	-1.732128	-0.978023	0.765850	0.822756	-0.357103	-1.247469
-1.566463	-1.104614	-0.640420	0.966097	0.549448	1.259508	1.516983	1.058179	-1.447943	-1.825290	0.317227	-0.829823	-0.387412	-1.111782	-0.657877	-0.149398	0.541412	0.569886	0.333120	-0.582859
-0.765974	0.097094	-0.407827	0.788960	-0.366038	0.814035	1.347104	0.791270	-1.305306	-0.859321	0.122969	-0.568242	-1.165876	-1.068732	0.136123	0.443660	0.495864	0.445961	1.251556	0.637635
0.050909	0.873266	0.431802	0.846200	-0.252989	0.503061	1.214282	0.640000	-0.475369	-0.165860	-0.339152	-0.004458	-1.999547	-0.489205	0.648542	0.953577	0.641672	0.480767	1.696556	1.599703
0.447408	0.512083	1.154553	0.926905	0.633814	0.359323	0.931030	0.305587	0.431120	-0.128609	-0.420974	0.360960	-1.891912	0.095208	1.075031	1.448797	0.656710	0.342081	1.201344	1.698780
0.380685	-0.616619	0.975705	0.755915	0.998396	0.314554	0.360503	-0.147469	0.605113	-0.269446	0.166470	0.577609	-0.708444	0.170238	1.386700	1.568152	0.146945	-0.225438	-0.105307	1.047395
0.122537	-1.478095	-0.166786	0.264564	0.097866	0.288377	-0.212076	-0.283095	-0.024129	0.120848	0.960642	0.765880	0.735296	-0.114197	1.324470	0.870269	-0.958940	-1.052829	-1.405651	0.209403
-0.030720	-1.407459	-1.514413	-0.462182	-1.427776	0.077653	-0.455531	0.036172	-0.630711	0.969731	1.151366	0.571787	1.535263	-0.066248	0.749687	-0.478520	-2.154091	-1.600410	-1.763262	-0.338098
0.047159	-0.602704	-2.155032	-1.285583	-2.413160	-0.636972	-0.501094	0.320797	-0.429106	1.420457	0.400020	-0.426125	1.507589	0.747522	-0.106010	-1.609216	-2.641933	-1.445667	-1.092461	-0.455516
0.344503	0.322302	-1.770320	-1.960218	-2.412784	-1.877596	-0.713809	0.020361	0.422816	1.010657	-0.697035	-1.787744	1.153233	1.922092	-0.798709	-1.701553	-2.082096	-0.784642	-0.352700	-0.265608
0.847979	1.034287	-0.762141	-2.169402	-1.822869	-3.017166	-1.041240	-0.755866	1.115759	0.481519	-1.030926	-2.228669	0.921128	2.540190	-1.062642	-0.784323	-1.012889	-0.338458	-0.389797	0.046321
1.570328	1.621529	0.242624	-1.836992	-1.129721	-3.212935	-1.010422	-1.363287	1.279899	0.984209	-0.063840	-0.952340	0.690122	2.058787	-0.969237	0.291544	-0.335772	-0.611571	-0.759853	0.401444
2.406497	2.188343	0.902574	-1.348543	-0.523273	-2.362486	-0.492766	-1.436311	1.399207	2.581593	1.459983	1.246996	0.149368	0.766303	-0.683806	0.678742	-0.338435	-1.286313	-0.298316	0.815367
3.012127	2.543935	1.235702	-1.206080	-0.148375	-1.367259	-0.106686	-1.293205	1.990691	3.957392	2.111336	2.617777	-0.441105	-0.612248	-0.203428	0.294609	-0.422770	-1.547790	1.104668	1.173859
2.956820	2.391832	1.400502	-1.378474	-0.170521	-1.149458	-0.519042	-1.402630	2.699147	3.744871	1.259760	2.228911	-0.306201	-1.527111	0.519768	-0.252309	0.075463	-1.043156	2.019920	1.106388
2.127534	1.759119	1.531750	-1.234010	-0.364714	-1.528900	-1.477411	-1.666167	2.626098	1.951825	-0.186891	0.890081	0.807061	-1.714525	1.269840	-0.407011	0.978267	-0.302589	1.212938	0.304301
1.008494	1.115370	1.673521	-0.356658	-0.082702	-1.449555	-1.934987	-1.513353	1.544141	-0.031734	-0.733858	0.211168	1.975270	-1.049680	1.593071	-0.190150	1.412624	-0.093690	-0.628909	-0.958672
0.426833	0.966481	1.697575	0.721706	0.910742	-0.361705	-1.254326	-0.693176	0.353461	-0.761739	0.100623	0.857439	1.920780	0.246817	1.197767	0.018035	0.817701	-0.560534	-1.564569	-1.818537
0.797530	1.296418	1.326107	0.977638	1.797743	1.012336	0.000608	0.291547	0.060040	-0.056446	1.362382	1.859052	0.462314	1.361704	0.224471	-0.024944	-0.426931	-1.187578	-0.692727	-1.569399
1.565913	1.503775	0.429825	0.131538	1.482410	1.501774	0.692393	0.673204	0.570086	0.944611	1.806538	1.678765	-1.199260	1.426480	-0.903842	-0.316920	-1.439842	-1.463036	0.803833	-0.457548
1.632100	1.040302	-0.648937	-0.933065	0.039379	0.775617	0.365771	0.224597	0.901277	1.002026	1.194175	-0.102332	-1.741611	0.504068	-1.773220	-0.821918	-1.700299	-1.320344	1.084410	0.423133
0.529305	0.090798	-1.260322	-1.190791	-1.162553	-0.475865	-0.350930	-0.529735	0.481451	0.010755	0.306346	-2.271444	-1.021866	-0.368122	-2.096824	-1.467615	-1.295443	-0.932649	-0.245331	0.194619
-0.980572	-0.587867	-1.093895	-0.632169	-1.022643	-1.402277	-0.520445	-0.836769	-0.242478	-1.045990	-0.124280	-3.174555	0.029882	-0.369119	-1.751327	-1.920263	-0.464977	-0.313188	-1.771377	-0.856028
-1.751006	-0.572838	-0.569861	-0.065535	0.035137	-1.624500	0.145890	-0.369460	-0.594016	-1.277272	-0.138360	-2.308813	0.574896	0.198121	-0.885891	-1.678684	0.720873	0.682773	-1.906646	-1.566627
-1.584628	-0.301156	-0.412999	0.079127	0.705396	-1.096958	1.127384	0.587629	-0.613992	-0.796747	-0.136174	-0.651551	0.565982	0.456095	0.070444	-0.610265	2.085290	1.961915	-0.567916	-1.183645
-1.365662	-0.501977	-0.861165	0.271650	0.387082	0.124838	1.736478	1.498164	-0.847197	-0.415266	-0.101762	0.476673	0.329314	0.095401	0.687323	0.718907	3.016722	2.961758	0.927038	-0.127651
-1.820129	-1.242164	-1.439628	1.059293	-0.301720	1.676298	1.793519	2.043761	-1.377771	-0.640889	0.343416	0.656211	-0.048507	-0.426029	0.851255	1.442538	2.759178	2.979040	1.429883	0.642264
-2.537585	-1.816035	-1.507508	2.093624	-0.469263	2.715126	1.625769	2.205152	-1.563593	-1.179593	1.136586	0.422067	-0.567138	-0.651321	0.726559	1.142487	1.125794	1.780210	1.046232	0.728609
-2.507930	-1.614547	-0.864682	2.390925	0.034482	2.455807	1.490462	1.976616	-0.910770	-1.391819	1.490448	0.321032	-0.867114	-0.619825	0.437989	0.167986	-1.137516	-0.105271	0.576409	0.481457
-1.421971	-0.859221	0.215890	1.565290	0.685532	1.080015	1.238186	1.259657	0.092771	-1.071093	0.767372	0.278837	-0.521661	-0.551659	-0.019619	-0.696509	-2.738019	-1.649583	0.347880	0.343926
-0.088418	-0.322210	1.337961	0.461770	1.080274	-0.127767	0.671445	0.182007	0.380846	-0.663607	-0.586846	-0.008511	0.196440	-0.451391	-0.489498	-0.807849	-2.688848	-1.938391	0.066193	0.415324
0.444171	-0.468141	2.147435	0.278419	1.311619	0.033382	-0.018898	-0.719230	-0.483173	-0.735758	-1.483029	-0.410934	0.376373	-0.239342	-0.513175	-0.061347	-1.046917	-0.801800	-0.437641	0.541447
-0.060698	-1.053549	2.280843	1.145347	1.501370	1.269034	-0.499171	-0.979207	-1.798266	-1.296793	-1.576319	-0.495517	-0.412280	-0.036938	0.217833	1.055491	1.001660	0.916134	-0.937114	0.459408
-0.912851	-1.494544	1.546944	1.934678	1.289081	1.940784	-0.850422	-0.826177	-2.506578	-1.741063	-1.663870	-0.249242	-1.423016	-0.097856	1.292426	1.777174	1.950115	1.847493	-1.276403	-0.067276
-1.266257	-1.443867	0.314050	1.624443	0.197583	0.924473	-1.473838	-0.971368	-2.240166	-1.541058	-2.436717	-0.215422	-1.582948	-0.547958	1.758787	1.604271	1.207109	1.223426	-1.538893	-0.899983
-0.895362	-1.001379	-0.583026	0.529111	-1.466489	-0.972537	-2.367226	-1.663422	-1.438257	-0.906879	-3.330669	-0.685737	-0.864159	-1.274737	1.063547	0.708263	-0.358610	-0.354608	-1.640215	-1.384377
-0.258755	-0.489422	-0.604193	-0.154323	-2.488746	-1.886430	-2.841307	-2.217141	-0.653316	-0.502290	-3.135613	-1.065576	-0.285989	-1.919999	-0.270488	-0.163976	-1.245410	-1.433940	-1.241440	-0.952408
0.105834	-0.096045	-0.047802	0.154512	-1.882328	-1.033136	-2.221905	-1.734515	-0.057142	-0.486615	-1.534241	-0.492840	-0.508446	-1.930802	-1.075489	-0.289858	-0.756119	-1.120998	-0.279785	0.112601
0.168831	0.258225	0.353523	0.781978	-0.062196	0.524869	-0.736116	-0.234862	0.416231	-0.228936	0.461430	0.892375	-0.949943	-0.901335	-0.681933	0.375113	0.470523	0.111515	0.734982	0.862691
0.343977	0.722269	0.234948	0.681481	1.442367	1.236563	0.558346	1.182908	0.775312	0.782906	1.577343	1.760181	-0.582160	0.882799	0.468167	1.121760	1.319095	1.068019	1.164791	0.734558
0.878771	1.252668	-0.188486	-0.371991	1.543298	0.681919	0.841311	1.457544	0.960098	2.090945	1.410977	1.052366	0.737466	2.359026	1.374794	1.192475	1.350733	1.117667	0.846102	0.147187
1.455900	1.612313	-0.546119	-1.604006	0.626966	-0.341256	0.402541	0.734151	0.956531	2.719219	0.519849	-0.592314	2.050436	2.430505	1.475839	0.590627	0.991394	0.679162	0.190880	-0.061917
1.509271	1.579328	-0.685408	-2.080164	-0.122413	-0.924958	0.239903	0.160285	0.802565	2.282878	-0.230610	-1.424011	2.280358	0.951772	0.955521	0.019315	0.785112	0.499418	-0.171225	0.417062
0.870243	1.084323	-0.673126	-1.578216	-0.164302	-0.855018	0.789313	0.470130	0.566167	1.232057	-0.302118	-0.671938	1.246136	-1.001058	0.250150	-0.031785	0.740030	0.708391	0.126845	1.110704
-0.034761	0.234995	-0.633280	-0.677639	0.033700	-0.464556	1.350159	1.094759	0.354622	0.119967	0.212959	0.510410	-0.219377	-1.926057	-0.405254	0.134398	0.451263	0.770951	0.827874	1.289541
-0.623090	-0.638202	-0.597133	-0.088892	-0.023755	-0.118833	1.009758	0.971699	0.229916	-0.844949	0.726729	0.570309	-1.061110	-1.170721	-0.901751	-0.043906	-0.291683	0.280125	1.153336	0.641371
-0.668114	-1.051678	-0.434664	0.025450	-0.129488	0.005556	-0.077947	0.004503	0.098683	-1.459771	0.749034	-0.442218	-0.962342	0.439796	-1.075541	-0.538320	-1.159720	-0.497938	0.570513	-0.440792
-0.359533	-0.765282	-0.025715	-0.003335	0.068941	-0.118536	-0.798660	-0.808843	-0.151166	-1.341307	0.407310	-1.123063	-0.506481	1.369498	-0.860006	-0.805017	-1.575339	-0.994612	-0.475443	-1.161572
-0.009513	-0.142128	0.420301	0.023077	0.298398	-0.363041	-0.501605	-0.726524	-0.379686	-0.481953	0.181628	-0.768385	-0.326665	0.943036	-0.471361	-0.604707	-1.299337	-0.992115	-0.952608	-1.048986
0.178411	0.168039	0.424234	-0.066344	0.043631	-0.445982	0.212242	-0.132470	-0.294223	0.383577	0.195552	-0.169766	-0.313362	0.010405	-0.194978	-0.277593	-0.642606	-0.651720	-0.480032	-0.405041
0.129811	-0.017683	-0.170951	-0.309019	-0.547599	-0.157694	0.434226	0.236589	0.079839	0.486916	0.181480	-0.113160	0.003882	-0.208812	-0.047253	-0.128258	-0.082375	-0.137245	0.257050	0.119716
-0.119406	-0.278947	-0.862590	-0.353441	-0.777321	0.342861	0.169856	0.312884	0.284339	-0.044616	0.100241	-0.195019	0.487931	0.305815	0.119814	-0.031274	0.193292	0.374719	0.528102	0.292031
-0.385890	-0.291770	-1.035085	-0.122139	-0.377820	0.579078	0.027284	0.364242	-0.010458	-0.414660	0.193579	0.143045	0.426610	0.529100	0.191178	0.092985	0.237536	0.464398	0.462165	0.292692
-0.389417	-0.248449	-0.681892	-0.237068	0.150843	0.223677	0.060798	0.171828	-0.507961	-0.209025	0.381628	0.410713	-0.378204	0.004853	-0.248285	-0.123859	0.003901	-0.205903	0.507765	0.084330
0.007757	-0.361005	-0.245923	-1.071774	0.263559	-0.474922	-0.222809	-0.577012	-0.580887	0.230615	0.306523	0.022516	-1.150005	-0.507470	-1.323070	-0.939587	-0.598198	-1.253845	0.495166	-0.571805
0.577238	-0.380112	0.081303	-1.758556	0.029935	-0.814762	-0.756054	-1.312793	-0.008988	0.426261	0.072241	-0.301239	-1.063035	-0.251795	-2.379509	-1.798685	-1.247871	-1.712076	-0.024701	-1.349821
0.855080	0.002345	0.416273	-1.132003	-0.120691	-0.333934	-0.745442	-1.020053	0.738754	0.282208	0.187614	0.495810	-0.215391	0.409996	-2.425758	-1.781991	-1.229140	-1.058371	-0.728053	-1.363891
0.626289	0.563787	0.594003	0.376239	-0.097801	0.543700	0.031781	0.172651	0.999609	-0.058954	0.621526	1.765312	0.658606	0.647119	-1.201991	-0.832466	-0.288524	0.086136	-0.691176	-0.406321
0.244118	0.806540	0.130832	0.859274	-0.301579	0.752452	0.578008	0.774847	0.660725	-0.418441	0.713255	1.616653	1.148276	0.429099	0.388382	-0.052287	0.728886	0.542019	0.209940	0.422265
0.283365	0.672400	-0.953034	-0.598303	-0.990758	-0.212820	0.065685	-0.092864	0.315261	-0.471224	0.316912	-0.327845	1.424187	0.444376	1.145656	-0.423316	0.654295	-0.123627	0.858932	0.032438
0.783315	0.553252	-1.729135	-2.387863	-1.686342	-1.409287	-0.648107	-1.181865	0.536489	0.126027	0.237429	-1.963237	1.662071	0.908518	0.806752	-1.452626	-0.483328	-1.028725	0.343046	-1.027277
0.997183	0.548910	-1.279360	-2.123587	-1.523317	-1.251051	0.028046	-0.550344	1.036243	1.128518	0.934205	-1.250777	1.647451	1.157837	0.206228	-1.588409	-1.234145	-0.878012	-0.712334	-1.083069
0.166314	0.177596	0.110119	0.403995	-0.329071	0.587052	1.994166	1.689269	0.859685	1.553751	1.398070	1.089038	1.060928	0.598880	0.239848	-0.069529	-0.408114	0.555249	-0.917434	0.501318
-1.418185	-0.860592	1.137742	2.872474	0.882012	2.502044	3.139751	3.178612	-0.391052	0.699244	0.259922	2.401088	-0.075776	-0.455063	0.910032	2.069658	1.360914	2.030756	0.027096	2.403628
-2.432434	-1.933161	0.951086	3.100934	0.854760	2.623732	1.944520	2.196071	-1.805996	-0.783372	-2.085418	1.320907	-1.309977	-1.184796	1.444694	3.077401	2.244348	2.074630	0.958113	2.870937
-1.861440	-1.985615	0.079880	1.356087	-0.406901	0.921767	-0.497656	-0.206667	-2.026114	-1.411315	-3.443834	-0.717498	-1.983901	-1.166743	1.150192	2.258785	1.332330	0.539905	0.794480	1.660970
-0.170960	-0.812404	-0.268383	-0.345760	-1.424736	-0.808380	-1.843166	-1.620040	-0.794102	-0.573603	-2.348567	-1.334516	-1.633929	-0.619889	0.085250	0.462968	-0.328535	-1.210884	-0.142202	0.085371
1.164739	0.595001	0.405130	-0.646208	-0.834777	-1.019929	-1.323571	-1.182280	0.707512	0.762819	0.039109	0.059292	-0.442671	-0.031026	-0.930037	-0.859875	-0.937250	-1.670804	-0.642853	-0.538683
1.255278	1.163385	1.468331	0.071017	0.968469	-0.022328	-0.258888	-0.168153	1.158322	1.248040	1.269652	1.793110	0.703119	0.220477	-0.949840	-0.803745	0.062783	-0.622662	-0.064175	-0.033632
0.602837	0.927940	2.000017	0.726904	2.193250	0.644061	0.062162	0.077227	0.502280	0.667325	0.558129	1.982872	0.929702	0.094702	0.223195	0.450308	1.391590	0.790396	1.079392	0.861283
0.281121	0.805882	1.734022	0.890489	1.697775	0.088352	-0.044299	-0.232841	-0.121484	-0.042254	-0.441341	0.577632	0.308090	-0.022550	1.712199	1.795525	1.363064	1.290977	1.748100	1.333656
0.658813	1.319167	1.088593	0.826076	0.226832	-1.051067	0.397345	-0.098366	0.248284	-0.056834	0.054987	-0.856221	-0.160795	0.333682	2.316038	2.040718	-0.200540	0.671678	1.289172	1.024031
1.199906	1.970559	0.529721	0.721000	-0.633460	-1.550508	1.276819	0.610121	1.321596	0.467316	1.690751	-1.105697	0.300623	1.070304	1.704882	0.980107	-1.720515	-0.190280	-0.110273	0.120652
1.321786	2.011896	0.190960	0.425833	-0.294648	-1.046374	1.438999	0.985981	1.982085	0.831731	2.621730	-0.515013	1.281418	1.464261	0.695120	-0.385893	-1.677047	-0.432424	-1.562149	-0.803599
1.043899	1.437932	0.051952	-0.084846	0.506479	-0.293435	0.319087	0.379615	1.628126	0.740042	1.954365	-0.120494	1.658573	0.966176	0.214699	-0.935619	-0.391794	-0.182503	-2.133365	-1.232010
0.727270	0.859986	0.130113	-0.472513	0.919293	-0.126204	-1.221334	-0.780723	0.768002	0.492738	0.641913	-0.205466	0.982396	-0.120709	0.242302	-0.638889	0.473040	-0.251356	-1.614730	-1.175625
0.510139	0.610047	0.331697	-0.477437	0.882426	-0.497989	-1.933540	-1.575767	0.226813	0.362771	-0.042368	-0.246822	0.025032	-1.008477	0.058414	-0.389019	0.096935	-0.885126	-0.654583	-1.077002
0.250513	0.435146	0.393367	-0.297240	0.815474	-0.685862	-1.550492	-1.562666	0.143780	0.197379	-0.033754	0.051226	-0.241004	-1.276773	-0.624731	-0.700750	-0.526299	-1.244397	-0.025886	-1.138302
-0.117835	0.074522	0.247674	-0.224891	0.963062	-0.254298	-0.753614	-0.951366	0.061628	-0.196561	-0.065906	0.349997	0.065882	-1.108077	-1.232641	-1.030426	-0.111795	-0.483409	0.153794	-0.995353
-0.451280	-0.323717	0.241681	-0.128890	1.250059	0.450697	-0.140987	-0.170222	-0.254838	-0.598522	-0.399517	0.281654	-0.091636	-0.893968	-1.121076	-0.606780	1.045909	0.915115	0.320292	-0.307624
-0.640059	-0.554648	0.634194	0.316496	1.425812	0.784622	0.256839	0.423256	-0.560355	-0.635462	-0.638803	-0.071075	-1.184221	-0.938488	-0.442135	0.400956	1.437764	1.482700	0.702319	0.559312
-0.780145	-0.764555	0.992835	0.961302	1.117045	0.547547	0.546443	0.608467	-0.656762	-0.354990	-0.543988	-0.416178	-2.293308	-1.386840	0.046416	0.978904	0.387504	0.553565	0.972170	0.858959
-1.000697	-1.185802	0.536401	1.150361	0.029568	0.072651	0.577305	0.430248	-0.737525	-0.211886	-0.404902	-0.631812	-2.142007	-2.020038	-0.122034	0.494071	-1.020025	-0.814746	0.711867	0.422446
-1.244770	-1.672932	-0.840500	0.480682	-1.567901	-0.288542	0.172840	0.208573	-1.054756	-0.494689	-0.597055	-0.791263	-0.699201	-2.115229	-0.671521	-0.549069	-1.295676	-1.082202	-0.033439	-0.126619
-1.340630	-1.859881	-2.244634	-0.646806	-2.735635	-0.484571	-0.474604	0.182669	-1.530875	-1.001943	-1.130443	-1.012818	0.691330	-0.986495	-0.971511	-1.100482	-0.309745	-0.052547	-0.798897	-0.191943
-1.231814	-1.697535	-2.682192	-1.358773	-2.681526	-0.559927	-0.869580	0.205846	-1.891093	-1.306632	-1.661350	-1.344349	0.762264	1.016039	-0.657598	-0.668935	0.738171	1.034652	-1.123644	0.139042
-1.040142	-1.492801	-2.072327	-1.103029	-1.725191	-0.454438	-0.703996	0.004956	-2.011158	-1.177987	-1.765484	-1.657152	-0.426437	2.360690	0.124364	0.317297	0.837779	1.087639	-0.834530	0.426179
-0.916647	-1.404380	-1.182907	-0.106305	-1.016404	-0.177574	-0.202302	-0.335184	-1.944963	-0.738034	-1.273945	-1.630394	-1.713793	1.778403	0.881040	1.073178	0.139162	0.283805	-0.105022	0.520332
-0.873758	-1.216515	-0.711062	0.832430	-1.116682	0.058840	0.116193	-0.414905	-1.687992	-0.331865	-0.497057	-0.980888	-2.046652	-0.112789	1.097270	1.166254	-0.556990	-0.462798	0.592258	0.563100
-0.752979	-0.713301	-0.657776	0.993897	-1.301659	0.105659	0.026912	-0.064764	-1.109475	-0.232995	-0.015053	0.193990	-1.380430	-1.257155	0.544603	0.716939	-0.768410	-0.646137	0.732919	0.542195
-0.370432	-0.029666	-0.568616	0.335673	-0.639478	0.097237	-0.180287	0.386750	-0.183828	-0.367136	-0.090430	1.331223	-0.535697	-0.549406	-0.544615	0.115033	-0.580214	-0.482429	0.197116	0.246816
0.246834	0.516625	-0.144916	-0.469051	0.633070	0.188735	-0.163327	0.475805	0.791265	-0.368087	-0.364651	1.759220	-0.251719	0.823572	-1.536790	-0.331575	-0.270608	-0.361705	-0.516723	-0.302561
0.789868	0.772874	0.504698	-0.666039	1.430750	0.248649	-0.043793	0.077155	1.327821	-0.021084	-0.272920	1.255005	-0.387603	1.007525	-1.746229	-0.527259	-0.022709	-0.342186	-0.735836	-0.702001
0.952698	0.800711	1.092227	-0.176868	1.351087	0.073875	-0.219167	-0.556835	1.187913	0.441320	0.303288	0.288141	-0.166439	-0.063096	-0.983642	-0.541189	0.080079	-0.209792	-0.333282	-0.642073
0.816216	0.732425	1.434800	0.332442	1.116053	-0.235882	-0.745126	-1.094722	0.683924	0.654875	0.935636	-0.382051	0.744876	-0.745965	0.114988	-0.555893	0.014017	0.095894	0.125961	-0.402828
0.794360	0.723655	1.461880	0.191231	1.308427	-0.417108	-1.223143	-1.371179	0.425881	0.611792	1.184579	-0.421615	1.689822	-0.050090	0.524471	-0.801051	-0.162683	0.243582	0.015766	-0.622431
1.095969	0.910753	1.070618	-0.580676	1.404431	-0.457869	-1.317050	-1.403455	0.692098	0.572456	1.096199	-0.124550	1.838536	1.136857	-0.128441	-1.337055	-0.284302	-0.118558	-0.662373	-1.491930
1.394130	1.227299	0.166349	-1.406658	0.581923	-0.555884	-1.052774	-1.230026	1.127870	0.597012	1.055660	0.138872	1.273414	1.432870	-1.071188	-1.841557	-0.136825	-0.737064	-1.270815	-2.337743
1.218462	1.339919	-1.060758	-1.790540	-0.962626	-0.691447	-0.539356	-0.762613	1.181123	0.528813	1.188035	0.383280	0.778058	0.675585	-1.231864	-1.803152	0.308934	-0.880254	-1.182139	-2.227726
0.574250	0.967601	-1.988594	-1.583133	-2.112448	-0.561930	0.220423	0.087813	0.777145	0.418647	1.136169	0.695069	0.705317	-0.280467	-0.473689	-1.072825	0.678276	-0.339104	-0.419140	-1.019124
-0.076805	0.253768	-1.924148	-0.791873	-2.092129	-0.025092	1.029588	1.064820	0.357952	0.522345	0.603003	0.798067	0.655654	-0.831790	0.403584	-0.083274	0.470793	0.161231	0.369676	0.406953
-0.430786	-0.364817	-0.806912	0.422985	-1.166515	0.623624	1.377007	1.558027	0.207785	0.749764	-0.117456	0.392988	0.287061	-0.992131	0.806621	0.630711	-0.236357	0.037286	0.624816	1.103968
-0.642176	-0.668139	0.528097	1.514787	-0.134837	0.955772	1.022182	1.233419	0.030478	0.566389	-0.510115	-0.245239	-0.185335	-0.842871	0.919464	0.978719	-0.653316	-0.157862	0.495882	1.077538
-0.901962	-0.807062	1.082732	1.791085	0.484697	0.866574	0.484693	0.557627	-0.518581	-0.236563	-0.568761	-0.519882	-0.477946	-0.361127	1.023693	1.184705	-0.225284	0.382211	0.549042	1.059490
-1.003683	-0.883077	0.749325	1.164382	0.705974	0.594178	0.454533	0.296718	-1.092052	-1.011042	-0.642759	-0.307207	-0.648247	0.247543	0.907861	1.277909	0.509443	1.206303	0.883748	1.353073
-0.625740	-0.678562	0.320232	0.349112	0.767440	0.368616	0.808638	0.532318	-0.946820	-0.951529	-0.660322	-0.010874	-0.715397	0.627999	0.383991	1.057294	0.555522	1.101465	0.935579	1.401411
0.064596	-0.079614	0.333914	0.023757	0.738869	0.225411	0.808926	0.667586	-0.034368	-0.188323	-0.226851	0.142725	-0.402709	0.738088	-0.098831	0.554246	-0.106010	0.080430	0.377448	0.751834
0.434452	0.457179	0.374381	0.081498	0.482045	0.161269	0.307151	0.433287	0.715192	0.312944	0.430038	0.310809	0.308864	0.808488	0.030604	0.170131	-0.413369	-0.399791	-0.213198	-0.044586
0.134269	0.340415	-0.090899	0.045087	0.017586	0.238013	0.028825	0.261843	0.510498	0.016926	0.504350	0.500544	0.810316	0.864293	0.565745	0.195518	0.202635	0.371994	-0.103881	-0.099216
-0.388715	-0.247532	-0.629033	-0.102911	-0.258022	0.402363	0.409163	0.465456	-0.238800	-0.472021	-0.066975	0.437868	0.590151	0.712217	0.745170	0.429619	0.859865	1.167690	0.456222	0.493878
-0.383250	-0.430651	-0.373108	-0.046470	-0.021338	0.404082	0.872105	0.666735	-0.436260	-0.267359	-0.272806	0.119465	0.034335	0.383511	0.317373	0.444320	0.466292	0.647860	0.560391	0.744087
0.230034	0.132152	0.510056	0.116404	0.407895	0.116310	0.723986	0.410240	0.218784	0.536277	0.408905	-0.075606	-0.086645	0.157507	-0.197052	0.073386	-0.618060	-0.610744	0.046473	0.191922
0.705672	0.657484	0.871807	-0.046544	0.419628	-0.196954	0.159477	-0.146495	0.786786	0.956940	1.047130	-0.014038	0.230259	0.097039	-0.370576	-0.455585	-1.070054	-1.069523	-0.246963	-0.482653
0.486863	0.371575	0.357276	-0.469599	0.085578	-0.215752	-0.210765	-0.582459	0.363901	0.480267	0.637832	-0.020618	0.233060	-0.043284	-0.406405	-0.746589	-0.522445	-0.568461	0.118020	-0.558215
0.047237	-0.229765	0.090697	-0.565894	0.163629	-0.102489	-0.388270	-0.899699	-0.615858	-0.205091	-0.387249	-0.268840	-0.350727	-0.323372	-0.562766	-0.588332	0.040828	-0.352446	0.310668	-0.356941
0.262393	-0.027407	0.897998	-0.218510	0.855025	-0.331563	-0.812621	-1.340177	-0.887690	-0.151552	-0.936815	-0.442094	-0.737850	-0.410656	-0.567378	-0.203748	-0.069815	-0.916591	-0.565855	-0.651652
1.079579	0.986412	1.752175	-0.082018	1.228988	-0.891573	-1.328556	-1.656288	-0.007196	0.537737	-0.816230	-0.234568	-0.147539	-0.111887	-0.071568	-0.038338	-0.246785	-1.200365	-1.857742	-1.289566
1.429673	1.520361	1.087301	-0.532060	0.455581	-1.084169	-1.134711	-1.158543	1.143829	0.894668	-0.530436	0.160353	0.980553	0.215331	0.615213	-0.179515	0.224026	-0.336128	-1.874373	-1.192243
0.632210	0.739867	-0.848146	-0.949182	-0.904296	-0.425443	0.012801	0.288516	1.558694	0.447564	-0.168927	0.298606	1.423387	0.145874	0.786247	-0.232588	0.821949	0.895778	-0.093533	0.089566
-0.643340	-0.577172	-2.156243	-0.600286	-1.533365	0.599443	1.205164	1.731815	1.171620	-0.241414	0.441659	0.075169	0.745970	-0.147390	0.294457	0.061272	0.592660	1.173493	1.956077	1.521231
-1.177999	-1.090834	-1.694884	0.218560	-0.977078	1.095147	1.435617	2.008124	0.525778	-0.479514	0.904053	-0.113303	-0.151908	-0.127765	-0.207093	0.418748	-0.188549	0.520174	2.413775	1.789427
-0.632309	-0.530406	-0.262198	0.588437	0.008218	0.815732	0.779420	1.021762	-0.009843	-0.277245	0.622134	0.123679	-0.258001	0.312183	-0.122189	0.454827	-0.338618	0.079010	1.141694	0.877504
0.203714	0.241070	0.709101	0.291923	0.537918	0.256350	0.056981	-0.189078	-0.333081	-0.055619	-0.151148	0.560127	0.251725	0.669879	0.317819	0.215598	0.318701	0.292470	-0.373241	-0.119978
0.421564	0.408537	0.701104	0.008992	0.427403	-0.093569	-0.247015	-0.600137	-0.363831	-0.012063	-0.495368	0.535389	0.379245	0.445026	0.409105	0.024606	0.619078	0.410258	-0.770145	-0.370767
-0.065568	-0.033124	0.100808	0.165756	-0.019886	-0.189792	-0.242855	-0.168360	-0.128841	-0.070174	-0.097009	-0.134466	-0.244200	-0.311775	-0.056541	0.011019	-0.045734	-0.071565	-0.045552	0.034694
