X1	X2	X3	X4	X5	X6	X7	X8	X9	X10	X11	X12	X13	X14	X15	X16	X17	X18	X19	X20
-0.067556	0.031694	-0.030158	0.022381	-0.055891	0.078189	0.003849	0.053087	-0.011447	0.023933	0.114436	0.142835	0.105168	0.015155	0.200600	0.067272	0.186948	0.146135	-0.104398	-0.063778
-0.402900	-0.460808	-0.915311	-1.020569	-0.391385	-1.070169	-0.161950	-0.441487	-1.186159	-0.898029	0.510665	-0.316720	0.002470	-1.196042	-0.161367	-0.073344	1.295879	1.674335	-1.040977	-1.254965
-0.450567	-0.527418	-1.086125	-1.106166	-0.566158	-1.388925	-0.683527	-0.972735	-1.346381	-0.678662	0.360923	-1.267603	-0.358889	-1.436474	-0.722245	-0.397951	0.975476	1.437081	-1.207257	-1.085768
-0.236676	-0.079119	-0.566438	-0.302789	-0.371645	-0.909037	-1.453009	-1.433546	-0.420300	0.580054	-0.193426	-2.230144	-0.600337	-0.516349	-1.266620	-0.827152	-0.598700	-0.363232	-0.566850	0.417212
-0.004079	0.566882	-0.012789	0.439548	0.195090	-0.374927	-1.882401	-1.529200	0.698910	1.667314	-0.408434	-2.192441	-0.228923	0.767186	-1.428245	-1.081480	-1.996365	-1.896163	0.271327	1.933747
0.108545	0.943976	0.056744	0.335638	0.715238	-0.396061	-1.451763	-1.022077	1.042649	1.609707	0.197713	-0.925048	0.398423	1.237085	-1.252135	-1.016421	-2.265181	-1.886313	0.719500	2.206684
0.143667	0.804158	-0.264868	-0.514142	0.617987	-0.964493	-0.340357	-0.131217	0.460086	0.684380	1.146990	0.562916	0.257254	0.375053	-1.186441	-0.817428	-1.812059	-0.970606	0.619583	1.155084
0.148597	0.309946	-0.601641	-1.396993	-0.254428	-1.703103	0.607994	0.472225	-0.343241	-0.034685	1.449200	1.041302	-0.979497	-1.101457	-1.442130	-0.757286	-1.497492	-0.622235	0.130317	-0.257187
0.149663	-0.062748	-0.832027	-1.757987	-1.390097	-2.249977	0.690104	0.300908	-0.577275	0.042559	0.833372	0.348776	-2.183799	-1.803572	-1.588981	-0.771110	-1.385262	-1.122700	-0.471129	-0.969155
0.298320	0.133106	-1.080237	-1.597578	-1.988398	-2.341222	0.053607	-0.348078	-0.118755	0.508586	0.197593	-0.473256	-1.851525	-1.000573	-1.026079	-0.468193	-0.865171	-1.277055	-0.820527	-0.562151
0.733682	0.880744	-1.353679	-1.267733	-1.687355	-1.863575	-0.524741	-0.653252	0.471164	0.706140	0.525710	-0.286884	0.132957	0.604944	0.168499	0.281298	0.183800	-0.214022	-0.576763	0.626654
1.178741	1.555969	-1.516159	-1.110994	-0.918850	-1.081755	-0.493491	-0.190095	0.591535	0.584960	1.578745	0.946816	2.225707	1.564843	1.094699	0.930877	0.954368	1.239275	0.293148	1.782077
1.012522	1.441079	-1.573530	-1.276474	-0.464563	-0.619394	0.003798	0.580209	0.244357	0.565114	2.083187	2.052389	2.811181	1.159080	0.888310	0.727166	0.624911	1.507493	1.401235	2.102246
0.043201	0.539840	-1.661661	-1.631067	-0.666666	-0.883256	0.446422	0.839361	0.054515	0.817133	1.213352	1.760402	1.749672	0.041606	-0.343884	-0.363417	-0.638683	0.225169	2.194780	1.420381
-1.007778	-0.302929	-1.700203	-1.754094	-1.149390	-1.497245	0.520304	0.310087	0.579018	1.057960	-0.414305	0.062216	0.220307	-0.603853	-1.544636	-1.418772	-1.816227	-1.358072	2.308665	0.470837
-1.169842	-0.301379	-1.331107	-1.212844	-1.272126	-1.552356	0.358064	-0.478962	1.534425	0.989093	-1.323292	-1.569899	-0.635488	-0.341297	-1.666071	-1.412249	-1.979516	-1.841372	1.750163	0.274299
-0.341380	0.382808	-0.348300	-0.023887	-0.745638	-0.538889	0.297256	-0.786670	1.877634	0.589024	-0.674476	-1.536914	-0.596394	0.256247	-0.611507	-0.260577	-1.005242	-1.044228	0.905019	1.050261
0.564112	0.867417	0.941029	1.210054	0.173119	1.064523	0.427398	-0.446378	0.894400	-0.038015	0.841532	0.194797	-0.086163	0.491862	0.736557	1.082954	0.424128	0.121575	0.291572	1.834021
0.675821	0.578375	1.928813	1.803495	0.968632	2.225063	0.426600	0.013380	-0.852402	-0.751461	1.649594	1.952212	0.484006	0.380886	1.404200	1.606177	1.381068	0.726602	0.071510	1.383927
0.150640	-0.167774	2.262474	1.687234	1.304216	2.340733	-0.023506	0.076871	-1.939966	-1.209747	0.914030	2.088593	0.906986	0.470708	1.240802	1.231424	1.415564	0.587109	-0.141386	-0.434164
-0.091783	-0.596764	2.097009	1.432002	1.245869	1.719048	-0.694462	-0.086045	-1.535292	-0.986774	-0.554456	0.681312	1.024378	1.009656	0.932245	0.758431	0.886419	0.217052	-0.715128	-2.293115
0.447389	-0.324232	1.797074	1.457413	1.128326	1.118942	-0.912190	0.122883	-0.262766	-0.148715	-1.219723	-0.736500	0.744016	1.564731	1.119234	0.882715	0.565678	0.257928	-1.335410	-2.667562
1.159721	0.269784	1.519862	1.463951	1.200935	0.975230	-0.284101	0.904444	0.490279	0.521711	-0.610880	-0.955678	0.213785	1.532360	1.637701	1.455364	0.894210	0.885529	-1.313704	-1.445678
0.975897	0.442547	1.177887	0.946984	1.369991	1.152197	0.840147	1.798822	0.053677	0.280663	0.174375	-0.203648	-0.224289	0.867519	1.795501	1.795596	1.644820	1.647343	-0.574934	-0.003684
-0.354950	-0.144236	0.732631	0.099254	1.312830	1.320991	1.724314	2.225971	-0.883224	-0.644083	-0.055419	0.504560	-0.303619	0.135023	1.327676	1.557795	2.250855	1.925612	0.132595	0.381184
-1.795603	-1.024025	0.394879	-0.234516	0.901819	1.363938	1.930619	1.998562	-1.151759	-1.258224	-0.982868	0.650460	0.012112	-0.150770	0.763995	1.039084	2.348921	1.614063	0.224245	-0.162852
-1.970358	-1.337156	0.471124	0.430239	0.447097	1.359959	1.563585	1.297110	-0.509821	-1.010971	-1.163331	0.547951	0.561426	-0.081147	0.709480	0.641341	1.980646	1.214624	0.066691	-0.582741
-0.616236	-0.727636	0.980531	1.555775	0.357193	1.319684	0.974512	0.436487	0.046990	-0.446955	0.050777	0.630765	0.988041	-0.162639	1.032367	0.325438	1.379694	1.163684	0.360652	-0.330609
1.035109	0.199131	1.462971	2.083786	0.588691	1.090207	0.421997	-0.268514	-0.503323	-0.452885	1.534886	0.799437	0.774118	-0.668442	1.069055	-0.194396	0.716994	1.241646	0.972296	0.140104
1.465033	0.441609	1.330449	1.465358	0.680220	0.538681	0.040385	-0.637986	-1.858056	-1.125817	1.641657	0.574030	-0.385403	-1.317026	0.511420	-0.883522	0.068339	0.876342	1.012820	0.217750
0.394906	-0.336882	0.488156	0.094109	0.386944	-0.251425	-0.059593	-0.749720	-2.575044	-1.695608	0.101285	-0.267698	-2.049457	-1.581756	-0.269283	-1.339241	-0.548503	-0.104505	0.219617	-0.031839
-1.047968	-1.414729	-0.553690	-1.190704	-0.009903	-1.021132	0.096127	-0.849867	-1.677689	-1.467434	-1.708207	-1.334187	-3.086835	-1.211789	-0.815033	-1.349404	-1.208851	-1.316168	-0.404524	-0.121678
-1.598313	-1.744034	-1.261771	-1.873930	-0.184691	-1.547290	0.137097	-1.109658	0.205867	-0.554191	-2.261791	-1.906789	-2.596191	-0.443162	-1.138468	-1.212372	-1.978724	-2.301029	0.087501	0.030323
-1.018494	-0.996535	-1.526340	-1.981077	-0.260383	-1.767785	-0.427366	-1.475203	1.519598	0.355832	-1.315609	-1.584165	-0.846531	0.226799	-1.462825	-1.293665	-2.616363	-2.796358	1.031967	-0.073453
-0.011142	0.195896	-1.403576	-1.685816	-0.511467	-1.707389	-1.546647	-1.679345	1.438676	0.758782	0.127464	-0.681947	0.854968	0.486213	-1.640394	-1.415907	-2.550809	-2.573025	0.778632	-0.783868
0.668974	0.962326	-0.788373	-1.006772	-0.771339	-1.349661	-2.404813	-1.388883	0.584227	0.751826	0.913756	0.015905	1.352783	0.499370	-1.229384	-0.997168	-1.448143	-1.504896	-1.091644	-1.675547
0.811347	1.023700	0.276029	-0.026069	-0.566318	-0.663805	-2.205586	-0.497561	0.117160	0.775882	0.656680	-0.017434	0.682470	0.719572	-0.224536	0.125973	0.200942	0.014478	-2.964581	-1.908591
0.690469	0.814764	1.170056	0.804395	0.132084	0.199515	-1.136483	0.620511	0.459448	1.092812	-0.151494	-0.525620	-0.093920	1.332048	0.622078	1.252666	1.316233	1.121639	-2.982253	-1.166096
0.670233	0.880406	1.066793	0.881738	0.666045	0.802681	-0.207486	1.281180	1.111183	1.565090	-0.641176	-0.725971	-0.024643	1.911203	0.524124	1.448000	1.210547	1.285661	-1.156035	-0.000410
0.788966	1.196560	-0.155351	0.082475	0.394767	0.694640	-0.042017	1.123164	1.460834	1.834194	-0.291272	-0.171157	0.788483	1.738506	-0.407546	0.577788	0.260097	0.859556	0.713839	0.775347
0.630709	1.130287	-1.618717	-0.925040	-0.567901	-0.065082	-0.141356	0.572433	1.372348	1.596474	0.546641	0.698636	1.336546	0.530141	-1.264868	-0.513833	-0.513298	0.537506	0.995061	0.845857
-0.195371	0.179979	-2.219899	-1.168351	-1.489621	-0.744545	0.397995	0.456607	1.028358	0.794334	0.894876	1.014174	0.787950	-1.141634	-1.322634	-0.896492	-0.471791	0.460809	-0.201968	0.510051
-1.321364	-1.251409	-1.621135	-0.288095	-1.747871	-0.555653	1.604079	1.033488	0.615003	-0.280677	0.202814	0.495710	-0.572666	-2.205774	-0.624182	-0.432818	0.135505	0.262092	-1.327903	0.246411
-1.707466	-2.055248	-0.429143	1.051502	-1.295273	0.452172	2.402156	1.582293	0.297441	-1.097302	-0.908973	-0.197923	-1.592831	-1.997520	0.299143	0.269338	0.632729	-0.120374	-1.121158	0.273831
-0.805833	-1.554133	0.459268	1.760578	-0.575212	1.292120	1.750451	1.187863	0.224938	-1.274961	-1.305154	-0.285224	-1.474447	-0.896809	0.856791	0.544756	0.659878	-0.222793	0.024213	0.428510
0.626181	-0.261124	0.545012	1.346766	-0.152658	1.071396	-0.151339	-0.140464	0.377471	-0.888335	-0.690426	0.162769	-0.551109	0.012075	0.602254	0.186691	0.359936	0.203549	0.559278	0.384575
1.339136	0.731199	-0.091427	0.301094	-0.285991	0.068628	-1.895048	-1.366843	0.538402	-0.281796	0.153685	0.390147	0.278422	0.047996	-0.393867	-0.491147	0.034385	0.717391	-0.288712	0.054798
1.077744	0.971885	-0.948632	-0.471929	-0.664314	-0.518241	-2.101223	-1.452688	0.531430	0.342859	0.546857	0.088229	0.631309	-0.345397	-1.196298	-0.864536	-0.117565	0.782355	-1.413735	-0.213111
0.739989	0.934327	-1.335984	-0.469177	-0.680962	0.011069	-0.668705	-0.322215	0.410588	0.965296	0.736593	-0.060806	0.834386	-0.161489	-0.640389	-0.425416	-0.008337	0.471325	-1.066942	0.045946
1.060889	1.150907	-0.759972	0.152504	-0.172475	1.004834	1.095398	1.132670	0.358552	1.444756	1.194616	0.719700	1.152448	0.883345	1.221828	0.664611	0.240818	0.148731	0.898879	0.843954
1.690181	1.504018	0.596771	0.934380	0.249966	1.291963	1.590877	1.797596	0.444594	1.477895	1.581086	2.095894	1.244134	1.877763	2.727394	1.473484	0.214538	-0.240391	2.561488	1.582219
1.791210	1.528840	1.859232	1.563992	-0.083658	0.656292	0.354795	1.166790	0.514621	0.952269	1.064991	2.781299	0.607448	1.710648	2.274411	1.121956	-0.361086	-0.928313	2.047721	1.571209
1.116310	1.059207	2.162519	1.928499	-0.913646	0.030329	-1.474208	-0.277952	0.315707	0.130182	-0.397561	1.953881	-0.583754	0.375716	0.252908	-0.171323	-0.986406	-1.476700	-0.163956	0.718687
0.111515	0.268228	1.375712	1.820040	-1.189822	0.164974	-2.200473	-1.493163	-0.249068	-0.662793	-1.698154	0.139771	-1.401427	-1.008328	-1.288764	-1.179811	-0.703440	-0.987559	-1.644658	-0.352925
-0.815762	-0.728889	0.075038	0.884057	-0.339362	0.582951	-1.187342	-1.825232	-0.970988	-1.391984	-1.769403	-1.472892	-1.120370	-1.468063	-0.966148	-0.988999	0.604625	0.516340	-0.823168	-0.920029
-1.686424	-1.921616	-1.009813	-0.853987	0.983356	0.262704	0.643447	-1.465451	-1.466472	-2.179285	-0.845811	-2.241967	-0.136279	-1.146802	0.508543	0.053039	1.689487	1.618329	1.206215	-0.857147
-2.555543	-3.024821	-1.368889	-2.550031	1.731042	-0.848689	1.926931	-0.903182	-1.505120	-2.884286	-0.145750	-2.295725	0.392328	-0.853694	1.463405	0.932454	1.325972	1.082537	2.135480	-0.645936
-3.073673	-3.399406	-0.789752	-3.056003	1.771405	-1.563057	2.177598	-0.258568	-1.245422	-3.058376	-0.374758	-1.874383	-0.120631	-0.925072	1.292827	1.190328	-0.020426	-0.475320	1.237857	-0.729841
-2.750464	-2.631214	0.534171	-2.021137	1.883563	-0.873081	1.823604	0.527343	-1.125529	-2.428949	-0.983407	-1.019596	-1.022447	-0.913599	0.765470	1.124871	-0.671687	-1.273837	-0.039574	-1.040252
-1.629734	-1.108855	1.916471	-0.317980	2.517059	0.716908	1.293014	1.098999	-1.418076	-1.295869	-1.025903	0.033083	-1.234992	-0.388610	0.619418	1.000385	0.091663	-0.615768	-0.161568	-1.219503
-0.443100	0.221255	2.499907	0.709032	3.099790	1.661507	0.615416	0.847361	-1.832153	-0.269384	-0.316217	0.675614	-0.449524	0.366541	0.676843	0.672785	1.127580	0.379621	0.648159	-1.123281
0.063327	0.726565	1.945251	0.422295	2.806866	1.118203	-0.070152	-0.161265	-1.690391	0.361116	0.575975	0.526304	0.694201	0.729365	0.473354	0.082787	1.022674	0.462403	1.008138	-0.904149
-0.124392	0.595144	0.797684	-0.566334	1.629130	-0.123393	-0.230429	-0.830118	-0.695613	0.823474	1.148214	0.021143	1.380199	0.585115	0.033991	-0.425346	-0.096688	-0.145193	0.327433	-0.621630
-0.304213	0.494499	-0.022015	-0.987108	0.298784	-0.623865	0.348130	-0.139057	0.535863	1.382813	1.352797	0.023559	1.294115	0.405346	-0.360976	-0.556127	-0.950119	-0.345837	-0.445893	0.006435
0.221877	0.883527	-0.171225	-0.195598	-0.663589	0.008828	0.833203	1.384814	0.983080	1.846438	1.310183	0.812495	0.670520	0.510875	-0.685329	-0.477377	-0.912827	0.185286	-0.075615	1.217133
1.457055	1.651843	-0.180354	1.097350	-1.388495	0.737018	0.036553	1.902729	0.346753	1.739424	1.081337	1.730342	-0.011257	0.675981	-1.004642	-0.482167	-0.666518	0.659915	1.315441	2.559782
2.656467	2.272202	-0.657778	1.577784	-2.094444	0.445778	-1.977126	0.413241	-0.569816	0.952159	0.778095	1.944684	-0.334841	0.616573	-1.105780	-0.474695	-0.955889	0.375287	2.191159	2.989573
2.961605	2.277174	-1.361640	0.856712	-2.484871	-0.642163	-3.518441	-1.718227	-0.737804	0.040834	0.588040	1.360395	-0.179843	0.500659	-0.690335	-0.114545	-1.340154	-0.312508	1.296910	1.949818
2.167860	1.667816	-1.403098	-0.074719	-2.039368	-1.215365	-2.957627	-2.079359	0.046921	-0.237365	0.572545	0.604149	0.219381	0.653885	0.176061	0.616831	-0.732086	-0.429691	-0.807675	0.214714
0.859840	0.842821	-0.447805	-0.134498	-0.818130	-0.485512	-0.548165	-0.049330	1.105008	0.304997	0.599716	0.228640	0.507360	0.963202	1.033021	1.263335	0.963804	0.400104	-2.269290	-0.797060
-0.198349	0.155660	0.657877	0.471019	0.347117	0.814722	1.791494	2.363719	1.614735	1.048998	0.528409	0.192010	0.523912	0.963854	1.375917	1.344519	2.372248	1.424351	-2.014627	-0.586524
-0.644765	-0.274039	0.842097	0.681060	0.643603	1.309506	2.394576	2.826761	1.270982	1.197473	0.348197	0.160031	0.350165	0.527194	1.024999	0.842239	2.164928	1.560574	-0.830228	0.009705
-0.513271	-0.356885	0.191329	0.185506	0.154809	0.649358	1.297558	1.299097	0.445099	0.622807	0.135085	0.043570	0.136196	0.109502	0.338369	0.225018	0.718888	0.663332	-0.109304	0.094552
-0.038778	-0.052487	-0.211625	-0.218674	-0.268098	-0.174077	-0.092123	-0.227774	-0.182322	-0.063273	-0.022511	0.007668	0.019829	0.131717	-0.009054	0.020403	-0.312334	-0.253568	-0.106223	-0.196105
0.354526	0.317529	0.149488	0.008866	-0.042757	-0.215388	-0.516360	-0.328434	-0.304338	-0.286642	-0.054001	0.107524	0.108904	0.389170	0.248586	0.309104	-0.042463	-0.224343	-0.096244	-0.251050
0.293431	0.282570	0.595573	0.374830	0.486292	0.309889	-0.006505	0.381733	-0.237408	-0.101389	0.030887	0.199558	0.342451	0.409675	0.592302	0.640330	0.677767	0.471216	0.206523	-0.021988
-0.035748	-0.059427	0.467838	0.337419	0.615653	0.594830	0.441535	0.565904	-0.291462	0.085071	0.117991	0.180322	0.470383	0.208218	0.454561	0.568470	0.621769	0.734664	0.361884	0.111707
-0.038925	-0.103985	0.094527	0.118197	0.246869	0.365575	0.204954	0.060372	-0.235108	0.079508	0.134984	0.110479	0.378654	0.208819	0.091548	0.220539	-0.093451	0.201667	0.149232	0.051511
0.340504	0.251735	-0.014759	0.007752	-0.138010	-0.052657	-0.252706	-0.241519	0.140014	-0.001146	0.156948	0.107191	0.255664	0.450206	0.098007	0.041705	-0.376989	-0.316324	-0.136435	-0.071329
0.359033	0.343560	-0.092757	-0.195861	-0.311301	-0.384394	-0.147644	0.138180	0.356072	0.016838	0.231387	0.220261	0.192812	0.425116	0.266219	0.017792	0.053653	-0.199089	-0.315497	-0.290612
-0.406393	-0.173017	-0.467227	-0.502372	-0.499348	-0.591310	0.481154	0.689897	-0.082847	0.195146	0.242666	0.357595	-0.064666	-0.108433	-0.171268	-0.316661	0.295523	0.016022	-0.516290	-0.632207
-1.193353	-0.688377	-0.685204	-0.401097	-0.698995	-0.631972	0.797695	0.676697	-0.668723	0.415188	0.093535	0.251422	-0.591634	-0.656706	-1.125177	-0.955655	-0.196689	-0.322048	-0.741401	-0.852498
-0.956622	-0.594375	-0.174929	0.200989	-0.478084	-0.451554	0.274076	-0.051368	-0.449691	0.394143	-0.205793	-0.360019	-0.870682	-0.678957	-1.468058	-1.165680	-0.743792	-0.764410	-0.769938	-0.729282
0.145402	-0.259964	0.634256	0.533195	0.250924	-0.119020	-0.589390	-0.988470	0.485768	-0.051208	-0.704494	-1.313825	-0.443021	-0.370081	-0.627597	-0.536664	-0.582796	-0.505245	-0.478033	-0.371600
0.855375	-0.426582	0.722649	0.091814	0.816340	0.261213	-0.824700	-1.438156	1.010357	-0.701719	-1.385341	-1.895734	0.255920	-0.310157	0.468896	0.293026	0.001295	0.233270	0.040114	-0.018904
0.395947	-1.035135	-0.123290	-0.435894	0.551682	0.662046	-0.152668	-1.080265	0.582552	-1.079734	-1.824449	-1.490585	0.281873	-0.578066	0.586204	0.467033	0.272654	0.499923	0.555873	0.235072
-0.634979	-1.315478	-1.043915	-0.113602	-0.368092	0.991307	0.648220	-0.271216	0.031407	-0.940041	-1.523890	-0.428653	-0.607863	-0.717993	-0.261069	0.003769	0.110256	-0.034664	0.742860	0.379550
-1.101080	-0.877150	-1.243379	0.782353	-1.172499	1.000616	0.630601	0.247896	0.320438	-0.460434	-0.729477	0.200361	-1.562072	-0.483830	-1.010299	-0.468108	-0.119009	-0.810445	0.380128	0.374825
-0.605336	-0.117767	-0.775252	1.059922	-1.305620	0.564698	-0.212818	0.104150	1.140098	0.051322	-0.315532	-0.171454	-1.563581	-0.093801	-0.918300	-0.645828	-0.264364	-1.219448	-0.275447	0.236634
0.321969	0.454513	-0.109092	0.286455	-0.756916	-0.056503	-0.971718	-0.289631	1.327304	0.428750	-0.560656	-0.800214	-0.481741	0.281757	-0.161109	-0.600991	-0.371161	-1.042927	-0.589282	0.078812
0.957148	0.768881	0.461474	-0.627534	0.106441	-0.475075	-0.917605	-0.258321	0.436371	0.588146	-0.614296	-0.516063	0.903558	0.734861	0.685752	-0.232053	-0.266167	-0.264405	-0.288813	-0.028365
0.948134	0.890393	0.724449	-0.742919	0.745183	-0.625845	-0.249727	0.262468	-0.691801	0.443711	0.290222	0.726048	1.692047	1.120828	1.174825	0.550690	0.239861	0.855511	0.116921	-0.149399
0.366394	0.643896	0.433270	-0.310198	0.720457	-0.716114	0.361321	0.672224	-0.979109	0.059916	1.493548	1.643018	1.533352	0.903331	1.056418	1.194185	0.823109	1.580603	-0.030131	-0.356060
-0.382351	-0.042063	-0.279997	-0.183512	0.075387	-0.796219	0.594179	0.526660	-0.301992	-0.237096	1.570287	1.148426	0.730734	-0.045201	0.375371	0.867721	0.848547	1.257243	-0.646345	-0.552319
-0.750411	-0.678696	-0.769966	-0.501158	-0.635183	-0.713777	0.566526	0.066174	0.538003	-0.144250	0.321897	-0.238720	-0.080424	-0.920330	-0.392883	-0.358511	0.215386	0.225129	-1.036241	-0.536837
-0.531494	-0.666139	-0.615100	-0.660687	-0.866854	-0.518176	0.427725	-0.193601	0.730505	0.191698	-0.768481	-0.961060	-0.426803	-0.898643	-0.702841	-1.343782	-0.408075	-0.388390	-0.842241	-0.302883
-0.169878	-0.171562	-0.189456	-0.429633	-0.554089	-0.509873	0.261727	-0.105102	0.142202	0.263294	-0.486537	-0.384436	-0.317815	-0.300107	-0.522311	-1.186026	-0.439771	-0.064227	-0.369834	-0.135375
-0.257679	0.019372	-0.065039	-0.277037	0.003720	-0.692805	0.244325	0.087686	-0.663113	-0.137504	0.504563	0.424327	-0.068560	-0.099623	-0.238749	-0.234269	-0.136547	0.417171	0.095635	-0.213147
-0.744746	-0.372712	-0.164462	-0.426797	0.495525	-0.557947	0.513736	0.187654	-0.884031	-0.568384	0.718511	0.251490	0.096998	-0.447525	-0.057812	0.469194	-0.119963	0.102449	0.639922	-0.278564
-1.031725	-0.756748	-0.023481	-0.323227	0.679130	0.197215	0.857090	0.205515	-0.202466	-0.515429	-0.141733	-0.576703	0.036898	-0.581761	0.049792	0.318720	-0.439764	-0.781070	1.067339	-0.057804
-0.831440	-0.651547	0.367504	0.455795	0.388248	0.968995	0.775095	0.073943	0.723255	-0.163200	-1.106753	-0.835617	-0.530402	-0.261534	-0.089319	-0.541158	-0.628450	-1.220258	0.654757	0.141633
-0.489820	-0.408851	0.584622	1.274786	-0.191739	0.798538	0.019563	-0.449492	0.714870	-0.209148	-1.407036	-0.278746	-1.656719	-0.270875	-0.690889	-1.546398	-0.522603	-0.864591	-0.706859	-0.211125
-0.395958	-0.573752	0.540619	1.163209	-0.399607	-0.326745	-0.964631	-1.321586	-0.676108	-0.920563	-1.105533	0.142007	-2.530412	-1.082919	-1.350911	-1.978962	-0.472222	-0.389491	-1.679342	-0.937476
-0.497172	-1.006570	0.651888	0.273507	0.314245	-1.177502	-1.317170	-1.901961	-2.469462	-1.734110	-0.534956	-0.170594	-1.961970	-1.883918	-1.217815	-1.330338	-0.744417	-0.499717	-0.797266	-1.194801
-0.509366	-1.093107	1.113440	-0.169522	1.602807	-0.572098	-0.664750	-1.555558	-3.056134	-1.897031	0.082847	-0.641917	0.076654	-1.583815	-0.093971	0.103413	-1.126500	-1.121941	1.502691	-0.624195
-0.270201	-0.553562	1.454277	0.484688	2.360463	1.241156	0.334050	-0.519292	-1.741561	-1.250215	0.513979	-0.453794	1.970997	-0.254179	1.158118	1.245324	-1.131697	-1.584864	3.084859	0.110098
0.221387	0.329184	1.113970	1.413125	1.832919	2.788164	0.615622	0.294382	0.561589	-0.260042	0.564551	0.391020	2.127271	1.077940	1.636094	1.325263	-0.404478	-1.244014	2.498947	0.251944
0.841206	1.124280	0.255414	1.478101	0.430376	2.929038	-0.092103	0.435973	2.161072	0.518884	0.303332	1.227660	0.829430	1.722571	1.421191	0.796080	0.920140	0.003259	0.498497	-0.005654
1.320246	1.596303	-0.309108	0.789465	-0.682895	1.966937	-0.959041	0.419473	2.102428	0.868657	0.019086	1.546717	-0.136802	1.850463	1.250846	0.763386	2.110674	1.544266	-0.998147	0.154609
1.429027	1.721583	-0.004478	0.479100	-0.689456	1.111212	-1.014929	0.889872	0.937861	0.945196	0.026940	1.375426	0.394434	1.944710	1.515437	1.629408	2.383102	2.480064	-0.891420	1.038616
1.292956	1.618263	0.871891	1.059147	0.228842	1.044741	-0.192887	1.667769	0.052643	1.060971	0.553598	1.048763	1.751949	2.205965	1.961781	2.690644	1.744073	2.416283	0.384835	2.077440
1.307770	1.471771	1.447612	1.672123	1.131120	1.280225	0.699753	1.954598	0.261566	1.372972	1.529525	0.824785	2.389392	2.400997	2.139552	2.977255	0.967081	1.703561	1.604658	2.548995
1.569122	1.372634	1.127184	1.236708	1.097005	0.921112	0.866731	1.311999	1.095509	1.657164	2.346277	0.684229	1.608423	2.014377	1.742809	2.108885	0.552106	0.841518	1.798921	2.269256
1.559548	1.203140	0.121498	-0.105188	-0.023270	-0.207488	0.231743	0.139067	1.428095	1.444311	2.140892	0.436829	0.086771	0.734767	0.694472	0.425133	0.168413	-0.009326	0.853484	1.493681
0.699880	0.785171	-0.801163	-1.167272	-1.410666	-1.367795	-0.611550	-0.762378	0.670836	0.541439	0.693255	0.063403	-1.033166	-0.963122	-0.670911	-1.277725	-0.535930	-0.742250	-0.499779	0.485353
-0.764779	0.157212	-1.039361	-1.210173	-1.928954	-1.750074	-0.967699	-0.855221	-0.712303	-0.581009	-1.025455	-0.097402	-1.261586	-1.991520	-1.591632	-2.128501	-1.072822	-0.962845	-1.295259	-0.566173
-1.719024	-0.370970	-0.689089	-0.755027	-1.229856	-1.307281	-0.563360	-0.123133	-1.722000	-1.094767	-1.552346	0.314902	-0.987669	-1.714988	-1.481573	-1.733629	-0.687531	-0.379424	-1.180393	-1.343047
-1.276054	-0.473257	-0.418129	-0.756460	-0.202669	-0.693318	0.334827	1.055442	-1.671206	-0.594735	-0.352024	1.131908	-0.784886	-0.601940	-0.585522	-0.526175	0.439185	0.642775	-0.680191	-1.407077
0.146537	-0.119955	-0.740464	-1.327999	-0.056287	-0.475641	1.194797	2.113194	-0.628093	0.490680	1.567162	1.642852	-0.668000	0.453950	0.282529	0.617163	1.237006	1.335256	-0.501655	-0.574954
1.137271	0.335183	-1.342862	-1.663729	-0.870289	-0.556080	1.599716	2.502550	0.669808	1.294593	2.563603	1.260694	-0.204011	1.100702	0.646413	1.159596	1.052904	1.329807	-0.676950	0.683496
0.777595	0.406674	-1.303561	-1.155932	-1.364807	-0.422729	1.458604	1.986561	1.277099	1.259166	1.876597	0.136364	0.650709	1.416251	0.689741	1.193565	0.396314	0.931663	-0.644996	1.368612
-0.397924	-0.078346	-0.191374	-0.200637	-0.406543	0.134005	0.985529	0.885222	0.724065	0.525083	0.231359	-0.941919	1.156379	1.230668	0.675481	1.034245	0.161042	0.580931	-0.119454	0.791175
-1.082140	-0.755914	1.213255	0.303568	1.440987	0.716005	0.514728	-0.079968	-0.509481	-0.280297	-0.968468	-1.229458	0.564008	0.269762	0.460219	0.777577	0.444258	0.318848	0.499554	-0.579279
-0.655196	-1.049852	1.636145	0.013659	2.351292	0.753121	0.246718	-0.395606	-1.325818	-0.595132	-0.947957	-0.638294	-0.798718	-1.057469	-0.166204	0.342029	0.520838	-0.049497	0.686114	-1.406406
0.247416	-0.795568	0.710092	-0.608517	1.328283	0.137379	0.116412	-0.224533	-1.063437	-0.382778	-0.099533	0.220386	-1.612582	-1.690289	-0.898308	-0.223941	-0.061839	-0.440777	0.423948	-0.919275
0.536248	-0.455913	-0.677523	-0.990498	-0.579657	-0.643563	-0.049799	-0.133951	-0.219320	-0.145483	0.586497	0.566360	-0.974873	-1.062495	-1.066492	-0.672747	-0.787067	-0.470164	0.071218	0.146785
-0.159062	-0.584092	-1.437906	-1.005948	-1.490986	-0.956677	-0.255381	-0.371697	0.087435	-0.426164	0.462203	0.105767	0.474023	0.123242	-0.428648	-0.788499	-0.813573	-0.012269	-0.153195	0.396583
-1.129277	-1.102903	-1.306512	-0.777948	-0.800031	-0.576501	-0.322630	-0.602702	-0.570295	-1.196810	-0.345607	-0.733591	1.195360	0.627744	0.471953	-0.539975	-0.043712	0.513108	-0.281190	-0.540503
-1.323785	-1.322397	-0.736070	-0.324781	0.386320	0.126555	-0.199651	-0.447389	-1.380810	-1.787083	-1.223305	-1.208105	0.519342	0.050865	0.896831	-0.020211	0.810370	0.641162	-0.344436	-1.578297
-0.437421	-0.774739	-0.184376	0.321473	0.761765	0.495255	-0.136112	-0.086230	-1.263865	-1.549513	-1.647454	-0.964361	-0.627925	-0.839854	0.676396	0.555726	1.089937	0.437552	-0.274366	-1.483043
0.785736	0.167705	0.200945	0.884262	0.219955	0.193765	-0.399344	-0.062309	-0.220391	-0.581857	-1.497945	-0.339200	-0.918306	-1.101911	0.224799	0.789074	0.758366	0.293338	-0.020656	-0.264243
1.385346	0.725686	0.428882	1.071028	-0.363122	-0.393333	-0.873929	-0.512379	0.626989	0.333630	-0.937664	0.099795	-0.165895	-0.585881	-0.039478	0.367310	0.179202	0.307323	0.367022	0.915292
1.180154	0.631382	0.556864	0.955276	-0.290995	-0.480587	-1.127405	-0.916613	0.359611	0.501965	-0.178137	0.219900	0.658865	0.176087	-0.036810	-0.412785	-0.284489	0.235556	0.732854	0.994859
0.748662	0.336427	0.731344	0.868169	0.326371	0.265597	-0.894894	-0.760348	-0.676045	-0.055948	0.532665	0.331066	0.755123	0.712969	0.162945	-0.672766	-0.387913	0.013839	0.845335	0.011376
0.562455	0.346723	1.089545	0.949190	0.902595	1.285966	-0.344879	-0.188641	-1.285321	-0.673781	0.842117	0.579043	0.381716	0.965863	0.550786	0.116955	-0.059282	-0.065322	0.550645	-1.019823
0.485157	0.634270	1.520388	1.023321	1.000795	1.689091	0.172252	0.229715	-0.736198	-0.634186	0.498966	0.669890	0.288740	1.018734	0.988550	1.278649	0.457154	0.157627	-0.043370	-1.096367
0.167713	0.778728	1.654038	0.902289	0.633580	1.182912	0.477181	0.214439	0.522212	0.194055	-0.287124	0.342425	0.582201	0.783505	1.012148	1.417756	0.667261	0.325186	-0.628104	-0.193606
-0.398366	0.482160	1.225186	0.607891	0.165179	0.298587	0.586023	-0.025541	1.393449	1.143119	-0.904551	-0.187234	0.581481	0.116921	0.232926	0.018038	0.250636	-0.060461	-0.951377	0.701177
-0.928733	-0.180029	0.418318	0.277338	-0.008974	-0.245019	0.537970	-0.219676	1.216152	1.258669	-0.950646	-0.514699	-0.150748	-0.792263	-0.998106	-1.727833	-0.560497	-0.937732	-0.931283	0.596879
-1.223205	-0.868332	-0.258241	0.010736	0.199309	-0.206858	0.348929	-0.353872	0.297699	0.269899	-0.651867	-0.555729	-1.057310	-1.350839	-1.705131	-2.121775	-1.127176	-1.606002	-0.604069	-0.443774
-1.221348	-1.172025	-0.466123	-0.126772	0.483133	0.129109	0.088769	-0.478141	-0.453829	-0.933183	-0.452724	-0.467746	-1.216412	-1.097426	-1.328782	-0.941797	-1.011951	-1.477638	-0.148952	-1.334999
-0.837747	-0.810489	-0.336465	-0.075476	0.435003	0.340408	-0.107184	-0.441835	-0.326127	-1.054566	-0.346308	-0.268946	-0.535724	-0.300018	-0.435863	0.291969	-0.451200	-0.800292	0.112203	-1.077141
-0.107327	0.106338	-0.247793	0.132553	-0.047660	0.196790	-0.140395	-0.081177	0.618453	0.210168	0.014439	0.098470	0.118692	0.252134	-0.086514	0.199735	-0.146706	-0.412487	-0.006721	0.207756
0.544784	1.002720	-0.374279	0.311961	-0.666917	-0.226863	-0.063241	0.374350	1.573702	1.692978	0.602076	0.458295	0.012065	0.157822	-0.581145	-0.824970	-0.514016	-0.773222	-0.288219	1.374063
0.572159	1.217306	-0.539008	0.270886	-1.005287	-0.613578	-0.061288	0.383368	1.646821	1.880336	0.844216	0.509929	-0.640756	-0.180439	-1.156840	-1.297486	-1.199796	-1.480572	-0.338662	1.380843
-0.056360	0.547816	-0.518512	0.007512	-0.877847	-0.673466	-0.259449	-0.285359	0.682723	0.477307	0.272343	0.167909	-1.095701	-0.247193	-1.018543	-0.623209	-1.476806	-1.825301	-0.085746	0.277136
-0.769739	-0.617408	-0.398166	-0.338434	-0.458411	-0.481111	-0.552881	-1.227458	-0.494147	-1.298135	-0.920380	-0.472702	-0.966992	-0.218720	-0.409472	0.210151	-1.085427	-1.537494	0.134692	-0.965975
-1.031167	-1.659622	-0.497806	-0.680624	-0.106715	-0.445819	-0.700540	-1.841589	-0.794636	-1.961243	-2.043757	-1.342660	-0.450217	-0.686413	-0.333076	-0.044035	-0.488700	-0.843014	0.007190	-1.480577
-0.828973	-2.132410	-0.907389	-0.976056	-0.044663	-0.784209	-0.580433	-1.879948	0.033559	-1.180516	-2.476083	-2.229992	0.079459	-1.658436	-1.188593	-1.328527	-0.238192	-0.087944	-0.385193	-1.190140
-0.474084	-1.886715	-1.224248	-1.057245	-0.174739	-1.114654	-0.288206	-1.428539	1.072596	0.055846	-2.040838	-2.534514	0.390039	-2.236622	-2.029196	-2.287107	-0.300806	0.441920	-0.647181	-0.570750
-0.170153	-1.010435	-0.925341	-0.702522	-0.237423	-0.822803	0.006804	-0.614029	1.167453	0.571797	-0.964325	-1.649556	0.424177	-1.490546	-1.525197	-1.681151	-0.212366	0.555215	-0.464836	-0.035774
0.076972	0.235257	-0.006406	0.046489	-0.137111	0.148473	0.238708	0.427407	0.195188	0.194396	0.403021	0.266077	0.265455	0.459826	0.407502	0.347813	0.215022	0.309078	0.101179	0.341417
