X1	X2	X3	X4	X5	X6	X7	X8	X9	X10	X11	X12	X13	X14	X15	X16	X17	X18	X19	X20
0.096429	0.062949	-0.065349	0.050787	0.054881	0.064919	0.018082	-0.080999	0.037140	0.296565	0.211384	0.176934	-0.047992	-0.012933	-0.042599	0.015525	-0.051479	-0.045358	0.065200	0.051798
0.614314	-0.003527	-0.184432	-1.114757	-0.038264	-0.080247	-1.234041	-1.317130	-0.763745	-1.782874	0.210697	-1.523874	-0.204000	-1.632295	-1.962434	-0.937469	-0.601916	-0.553500	-1.136911	-1.236340
0.244972	-0.234238	-0.113239	-1.361703	0.186014	0.067279	-1.023576	-1.202261	-0.934046	-1.840287	0.546994	-1.505047	-0.396394	-1.628862	-1.743979	-0.632298	-0.369855	-0.226990	-1.035284	-1.188647
-0.228198	-0.441710	-0.028699	-0.896783	0.465594	0.363929	0.118546	-0.166376	-0.582408	-0.492558	0.959512	-0.226667	-0.568060	-0.385063	-0.290080	0.273672	0.297541	0.621875	-0.088008	-0.198815
0.228044	-0.361796	-0.206484	-0.590867	0.310637	0.375583	0.528794	0.270595	-0.282585	0.138111	0.918044	0.484053	-0.574557	0.347832	0.034866	0.330725	0.495825	0.939862	0.263465	0.266598
0.836325	-0.109823	-0.510549	-0.684055	-0.202116	-0.011584	-0.232356	-0.362622	-0.295088	-0.534891	0.346379	-0.093820	-0.346257	-0.191045	-0.944564	-0.409936	0.053442	0.293355	-0.350460	-0.299731
0.048959	-0.028633	-0.483858	-0.593686	-0.450451	-0.366422	-0.935862	-0.950934	-0.420804	-1.034963	-0.290445	-0.895135	-0.025809	-0.943636	-1.160138	-0.591282	-0.434051	-0.670470	-0.885735	-0.898288
-1.786885	-0.135008	0.016412	-0.000609	-0.142874	-0.286408	-0.562533	-0.509625	-0.458430	-0.206896	-0.504382	-0.733193	0.169934	-0.726773	0.271042	0.215103	-0.602566	-1.124489	-0.489168	-0.536241
-2.438329	-0.071127	0.560864	0.554611	0.298606	0.049967	0.358420	0.439296	-0.362626	1.146191	-0.203706	0.255157	0.225540	0.175256	1.613693	0.835799	-0.585183	-0.920316	0.429152	0.484355
-0.716348	0.306410	0.615499	0.424810	0.406954	0.195779	0.709011	0.741544	-0.039703	1.453097	0.274238	1.036572	0.313883	0.698056	1.137300	0.315534	-0.371295	-0.401185	0.952537	1.144245
1.760853	0.596974	0.064355	-0.267203	0.267464	0.114551	0.415639	0.287881	0.530406	0.404986	0.429930	0.945701	0.479736	0.584777	-0.402050	-0.632589	0.304584	0.183246	0.851231	1.039275
2.434292	0.338695	-0.757539	-0.797633	0.189004	0.201300	0.410378	0.079330	0.981387	-0.832642	0.043863	0.208466	0.505920	0.472625	-0.942131	-0.589262	1.292205	0.776942	0.612759	0.635681
0.919493	-0.341148	-1.323947	-0.616809	0.164956	0.638839	1.134154	0.744302	0.850000	-1.097428	-0.552876	-0.443606	0.192003	0.708681	0.120948	0.641610	1.874964	1.281292	0.608799	0.441930
-0.594305	-0.825283	-1.207243	0.203842	-0.015731	0.995587	1.796966	1.641610	0.263201	-0.366432	-0.761182	-0.370171	-0.329996	0.913564	1.409004	1.657400	1.565215	1.498736	0.663882	0.432060
-0.144668	-0.752413	-0.405404	1.081697	-0.362007	0.648223	1.412699	1.681031	-0.082111	0.519084	-0.334664	0.551852	-0.680318	0.794795	1.497059	1.057782	0.670600	1.268048	0.432464	0.334404
1.575832	-0.435444	0.507722	1.375248	-0.684881	-0.405084	0.118822	0.671911	0.194681	0.834276	0.357385	1.740685	-0.642748	0.680224	0.491545	-0.884847	-0.172064	0.553868	-0.070583	0.134978
2.203661	-0.399536	0.787614	0.889288	-0.877909	-1.353044	-0.993313	-0.512873	0.620567	0.545798	0.717379	2.193379	-0.397511	0.847007	-0.467291	-2.435729	-0.732417	-0.514778	-0.454423	0.066582
0.739883	-0.628420	0.255571	0.026143	-0.930957	-1.387501	-1.166171	-0.999108	0.499181	0.131090	0.487701	1.327200	-0.253811	0.833082	-0.687922	-2.240893	-1.142206	-1.564489	-0.411653	0.209438
-1.253570	-0.531317	-0.467356	-0.615735	-0.724741	-0.609943	-0.636081	-0.765487	-0.136186	-0.004220	-0.086661	-0.297578	-0.217730	0.069001	-0.494405	-0.664113	-1.311648	-2.003742	-0.077954	0.322044
-1.686607	0.230703	-0.603773	-0.791814	-0.096687	0.149017	-0.055560	-0.369727	-0.592170	0.064891	-0.526360	-1.329089	-0.009485	-1.010479	-0.512398	0.802133	-0.876690	-1.399746	0.149471	0.142031
-0.466659	1.099095	-0.039425	-0.692563	0.808132	0.377600	0.283369	-0.156306	-0.477388	-0.048883	-0.450010	-0.938976	0.463775	-1.242032	-0.782623	1.151717	0.159572	-0.001422	0.119204	-0.236633
0.658931	1.115855	0.631895	-0.519229	1.473491	0.385270	0.478855	-0.019604	-0.125044	-0.485452	0.215408	0.295488	0.864235	-0.291242	-0.704985	0.641821	1.144001	1.263084	0.084785	-0.418480
0.470327	0.072684	0.821847	-0.187957	1.467556	0.641793	0.585557	0.177890	0.041810	-0.911419	1.112848	1.008455	0.796706	0.680982	0.190945	0.137715	1.422047	1.544665	0.256640	-0.191144
-0.428139	-1.153139	0.499828	0.390533	0.852572	0.988268	0.481930	0.310644	0.037863	-0.974629	1.542311	0.488459	0.289388	0.369388	1.474993	0.052183	1.014522	0.814033	0.371549	0.131330
-0.890413	-1.566175	0.016507	0.898382	0.021106	0.853326	0.138243	0.221893	-0.071480	-0.796129	0.938202	-0.685262	-0.271003	-0.963937	2.002465	0.077308	0.362108	-0.262245	-0.019985	0.005190
-0.899282	-1.116610	-0.370601	0.818340	-0.726404	0.107280	-0.246851	-0.003002	-0.553526	-0.743451	-0.516963	-1.417449	-0.596193	-1.706948	1.117693	-0.206323	-0.348350	-1.050304	-0.875889	-0.677036
-1.180757	-0.568793	-0.630066	0.133569	-1.258243	-0.667321	-0.485956	-0.204353	-1.481678	-0.794027	-1.792027	-1.237976	-0.701223	-0.882816	-0.435643	-0.729845	-1.190236	-1.344031	-1.582314	-1.375005
-1.689270	-0.475882	-0.768457	-0.454920	-1.420000	-0.823303	-0.621701	-0.425970	-2.144086	-0.471940	-1.758693	-0.551867	-0.693021	0.600097	-1.193621	-1.041903	-1.960391	-1.176142	-1.635949	-1.456600
-1.567551	-0.611133	-0.731224	-0.243829	-1.091049	-0.341452	-0.774618	-0.747714	-1.605447	0.418760	-0.292698	-0.007898	-0.561305	1.060741	-0.582778	-0.854896	-2.130385	-0.631793	-1.144726	-0.854202
-0.636556	-0.447467	-0.495135	0.617889	-0.456668	0.235010	-0.876008	-0.908423	0.108859	1.228015	1.366324	0.094449	-0.268538	0.114438	0.559354	-0.302584	-1.463634	0.049719	-0.533568	-0.060744
0.086038	0.073797	-0.128950	1.206039	0.052534	0.418784	-0.710907	-0.451049	1.808633	1.014708	1.642624	-0.128427	0.051610	-0.931084	1.167955	0.296909	-0.360547	0.508228	-0.017769	0.423798
-0.192600	0.464933	0.269018	0.813325	0.203221	0.187752	-0.226593	0.604104	2.267779	-0.228733	0.225425	-0.364055	0.135195	-0.779948	1.141679	0.729988	0.570981	0.611400	0.424588	0.501261
-0.810653	0.309858	0.603436	-0.295679	0.140275	-0.183808	0.299191	1.470838	1.349858	-1.279337	-1.527353	-0.363890	-0.119372	0.285397	0.977311	0.874143	1.040877	0.564655	0.730776	0.377392
-0.540375	-0.248751	0.726653	-1.270116	0.031199	-0.547961	0.458939	1.272640	-0.056564	-1.007202	-2.016045	-0.189985	-0.484910	0.889434	0.639646	0.578007	1.030207	0.489813	0.674357	0.208212
0.614716	-0.695223	0.485064	-1.668370	-0.198267	-0.987149	0.115140	0.025210	-0.976249	0.204560	-1.066975	-0.185047	-0.629966	0.337219	-0.446237	-0.195325	0.559904	0.161662	0.165636	-0.051338
1.292121	-0.650577	-0.050351	-1.752726	-0.530204	-1.443930	-0.378060	-1.213397	-1.060803	0.917628	0.141614	-0.460711	-0.460254	-0.595612	-2.169554	-1.043267	-0.129368	-0.507393	-0.453916	-0.406996
0.557786	-0.092032	-0.478202	-1.795928	-0.503783	-1.419724	-0.409888	-1.269438	-0.565008	0.524798	0.672189	-0.498687	-0.115600	-0.727599	-3.188237	-1.157134	-0.380075	-0.928762	-0.537432	-0.512152
-0.808761	0.761738	-0.406386	-1.542706	0.334144	-0.381806	0.296923	0.039588	0.091928	0.032994	0.777872	0.287234	0.315632	0.092861	-2.198268	0.008264	0.356894	-0.306162	0.293978	0.145476
-1.259179	1.554885	0.039560	-0.676947	1.614450	1.406839	1.297916	1.682768	0.654168	0.623696	1.074712	1.526642	0.847478	0.966823	0.411279	1.989353	1.679609	1.235578	1.634483	1.530001
-0.384042	1.866865	0.253009	0.462806	2.250476	2.763040	1.764020	2.319082	1.007631	1.941109	1.355947	2.007530	1.296764	1.138574	2.670953	3.432061	2.340174	2.396979	2.484724	2.698725
0.701861	1.499616	-0.111138	1.120449	1.623064	2.629890	1.295099	1.516071	1.004203	2.442752	0.870901	1.143972	1.194722	0.730344	2.924309	3.237952	1.532782	1.958179	2.140972	2.562276
0.913736	0.804182	-0.559867	1.066319	0.398136	1.204807	0.315633	0.100106	0.543451	1.327791	-0.378942	-0.141375	0.284554	0.278139	1.372881	1.675699	-0.072825	0.215311	0.904082	1.107527
0.571159	0.467467	-0.244570	0.875760	-0.163522	-0.241570	-0.392187	-0.731233	-0.096556	-0.491907	-1.314708	-0.473974	-0.926133	0.019304	-0.355258	0.183593	-0.923461	-1.185838	-0.194249	-0.444899
0.760572	0.739212	0.923519	1.092527	0.349705	-0.716362	-0.455170	-0.590456	-0.304125	-1.487134	-1.030277	0.307095	-1.399386	-0.119582	-0.951102	-0.110350	-0.268115	-1.014099	-0.396273	-0.915292
1.587701	1.032713	1.940465	1.440102	1.024527	-0.459464	-0.159658	-0.120750	0.172472	-1.109809	0.004916	1.039569	-0.557514	-0.158699	-0.526557	0.402300	0.978113	0.165000	0.088499	-0.402491
1.809765	0.613417	1.747141	1.209876	0.691783	-0.436100	-0.035355	-0.117842	0.736141	-0.063661	0.411953	0.726919	1.028691	-0.055741	-0.072555	0.320452	1.222649	0.656527	0.389810	-0.010307
0.526735	-0.375567	0.489564	0.323517	-0.692614	-1.068026	-0.281912	-0.624673	0.558083	0.608161	-0.461813	-0.341090	2.126072	0.040794	-0.162127	-1.021140	-0.066691	-0.379298	-0.073213	-0.473853
-1.299268	-0.961907	-0.550511	-0.407601	-1.936650	-1.744034	-0.592253	-0.986631	-0.328006	0.364864	-1.714000	-1.138390	2.039691	-0.131364	-0.461133	-2.645539	-1.833687	-1.969898	-0.981125	-1.374417
-1.717243	-0.517454	-0.367054	-0.266458	-1.877732	-1.614965	-0.491981	-0.694808	-0.977289	-0.569936	-1.881311	-1.226192	1.183100	-0.547003	-0.432094	-3.029762	-2.639926	-2.510667	-1.446242	-1.749821
-0.158826	0.453295	0.641154	0.402443	-0.585809	-0.644588	0.142867	-0.002350	-0.715267	-1.365619	-0.590765	-1.121016	0.405035	-0.829221	-0.126790	-1.885395	-2.139011	-1.589660	-0.935176	-1.213296
1.714179	0.908649	1.169658	0.570600	0.772558	0.312717	0.860245	0.355836	0.014509	-1.192319	1.038830	-1.376286	-0.023135	-0.751332	-0.022287	-0.447130	-1.168211	-0.254327	0.159039	-0.288509
1.916508	0.440456	0.562933	-0.165918	1.138879	0.440638	0.958280	-0.004971	0.273266	-0.042265	1.611138	-1.680807	-0.463573	-0.571973	-0.248340	0.009861	-0.542047	0.434853	0.896303	0.271642
0.497542	-0.369466	-0.438342	-1.028332	0.496055	-0.172680	0.184096	-0.651710	-0.143357	1.170903	0.824175	-1.154197	-1.037027	-0.588017	-0.341526	-0.444155	-0.144455	0.592200	0.750513	0.311616
-0.627548	-0.659050	-0.658867	-0.997035	-0.336678	-0.658073	-0.850625	-0.754348	-0.497257	1.580032	-0.391946	0.488800	-1.176140	-0.558407	0.125845	-0.711407	0.573565	0.977686	0.123757	0.326369
-0.138033	-0.180819	0.057237	-0.061390	-0.639272	-0.307743	-1.151231	0.015437	-0.132644	1.232994	-0.842411	2.302931	-0.386743	-0.015600	0.894955	-0.138288	1.476994	1.667798	-0.185405	0.727873
1.125472	0.492114	0.712602	0.798529	-0.411282	0.672555	-0.409841	1.057513	0.652845	0.760036	-0.073294	2.888519	0.822642	0.920463	1.231476	0.740548	1.698933	1.863451	0.030365	1.208477
1.392013	0.565221	0.419255	0.802556	-0.171832	1.355909	0.536893	1.377338	0.984864	0.476180	1.324814	1.848554	1.292896	1.524172	0.749027	1.002689	0.878235	1.084152	0.129439	1.002182
0.174068	-0.200470	-0.616228	0.182348	-0.346055	1.010288	0.542362	0.555298	0.462068	0.182931	2.213432	0.237749	0.531792	1.311893	-0.186377	0.489887	-0.106356	-0.010153	-0.567451	-0.206692
-1.375953	-1.305106	-1.502070	-0.272792	-0.887287	-0.155464	-0.600497	-0.828876	-0.463845	-0.355563	1.877321	-0.630414	-0.752150	0.495734	-0.909917	-0.178725	-0.194614	-0.409566	-1.889116	-1.799648
-2.031164	-2.034959	-1.678374	-0.143223	-1.352965	-1.126142	-1.943905	-1.719557	-1.073569	-1.114602	0.710162	-0.597763	-1.583716	-0.445351	-1.113570	-0.522779	0.348130	-0.091699	-2.922770	-2.752496
-1.677936	-2.041081	-1.238065	0.351895	-1.277613	-1.017026	-2.413879	-1.544806	-1.022304	-1.835539	-0.182105	-0.528025	-1.771301	-1.175473	-0.957477	-0.650898	0.213856	-0.030252	-2.927776	-2.548712
-0.896814	-1.401619	-0.531486	0.745256	-0.610996	0.015696	-1.858898	-0.733872	-0.409063	-2.065681	-0.221092	-0.919091	-1.714436	-1.339792	-0.737540	-0.768419	-1.100814	-0.819025	-1.976183	-1.494478
-0.069636	-0.358598	0.108959	0.701970	0.103398	0.822295	-1.008147	-0.275008	0.412894	-1.415669	-0.017786	-1.228276	-1.527595	-0.513477	-0.625193	-0.686571	-2.417584	-1.750478	-0.748303	-0.292674
0.654030	0.775615	0.359843	0.201551	0.148104	0.399649	-0.537390	-0.621635	0.967459	-0.115289	-0.541677	-0.760711	-0.904357	1.220424	-0.591544	-0.090095	-2.206006	-1.581242	0.132524	0.521897
0.939771	1.556748	0.094066	-0.342715	-0.551184	-0.928956	-0.344956	-1.048820	0.941145	0.956398	-1.774374	0.256114	0.197667	2.851780	-0.399158	0.914373	-0.373530	-0.026052	0.564763	0.838969
0.504876	1.589086	-0.332981	-0.295270	-1.129671	-1.676635	0.191469	-0.396572	0.552161	1.191234	-2.567574	0.908535	1.234790	3.133530	0.183209	1.774747	1.672750	1.825456	0.884589	0.896750
-0.252267	0.916077	-0.345868	0.468180	-0.622553	-0.779422	1.294707	1.372640	0.361205	0.931622	-1.912521	0.711136	1.609154	1.805518	0.932340	1.967266	2.529229	2.569104	1.342416	0.973639
-0.481206	0.079202	0.149445	1.096921	0.851459	1.084010	2.291720	2.715155	0.498879	0.803109	-0.073357	0.088572	1.248721	-0.180253	1.136244	1.366479	1.989009	1.758862	1.702951	1.070190
0.043810	-0.352020	0.626005	0.571956	2.066804	2.117780	2.256054	2.127705	0.409438	0.732900	1.683504	-0.234619	0.557514	-1.677105	0.430283	0.272923	0.855793	0.148669	1.533468	0.957710
0.554108	-0.260837	0.681695	-0.833506	2.044384	1.437680	1.169985	0.142502	-0.281976	0.300689	2.270074	-0.007674	0.049386	-2.184460	-0.407420	-0.715585	0.005681	-1.076925	0.911449	0.616179
0.298260	0.032445	0.592017	-1.500643	1.143656	0.069503	0.124835	-1.031391	-0.974241	-0.201749	1.549963	0.456401	0.076587	-1.719154	-0.132663	-0.996011	-0.234799	-1.252668	0.514579	0.430669
-0.456408	0.162737	0.766019	-0.460077	0.463536	-0.420058	0.071874	-0.218304	-0.775569	-0.007129	0.251211	0.723520	0.548498	-0.596193	1.224266	-0.481220	-0.080847	-0.662428	0.738705	0.682110
-0.816078	0.038324	0.936886	1.037419	0.397909	0.101775	0.625356	1.124164	0.119204	0.738902	-0.595753	0.613705	0.823069	0.397842	1.995056	0.180942	0.071034	-0.142763	1.028529	0.975451
-0.416869	-0.177333	0.496424	0.963889	0.367925	0.443181	0.631292	0.894598	0.502982	0.833385	-0.421178	0.242340	0.341722	0.410945	0.959999	0.253142	0.038845	-0.134829	0.596859	0.636249
0.243098	-0.315524	-0.394419	-0.602381	-0.029697	0.016264	-0.131879	-0.604890	-0.153760	-0.213142	0.319393	-0.115561	-0.480260	-0.363896	-0.760984	-0.213808	-0.007863	-0.214744	-0.314416	-0.229403
0.577136	-0.330291	-0.716949	-1.338649	-0.317949	-0.347833	-0.515722	-1.003795	-0.807462	-1.099688	0.586606	-0.136435	-0.573205	-0.620536	-0.982583	-0.468008	0.184970	0.196409	-0.543455	-0.571798
0.557696	-0.160606	0.102221	0.189541	0.086486	0.185808	0.405104	0.715809	-0.187720	-0.328247	0.037813	0.392306	0.322982	0.436123	0.629250	-0.016393	0.574344	0.876722	0.467419	0.343087
0.412972	0.312339	1.314958	2.472722	0.897714	1.113201	1.855133	2.622919	1.415762	1.581093	-0.531041	1.245931	1.141765	1.893248	2.123560	0.807431	0.762636	1.011537	1.810641	1.823755
0.106766	0.957714	1.676317	2.935991	1.219930	1.263508	2.128982	2.346475	2.366161	2.523119	-0.377613	1.631926	0.853725	2.149374	1.824705	1.246855	0.332560	0.242928	2.100674	2.363271
-0.443741	1.238495	0.857176	1.074342	0.606161	0.339880	0.728058	0.126257	1.557695	1.446079	0.061618	0.808097	-0.175279	0.832020	0.228833	0.874781	-0.682752	-0.912586	1.020712	1.322915
-0.879663	0.745319	-0.303582	-1.183346	-0.417597	-0.717887	-0.892993	-1.610307	-0.411879	-0.406174	-0.123926	-0.896216	-0.721901	-0.834651	-0.971500	-0.025091	-1.572381	-1.609507	-0.380443	-0.315489
-0.688176	-0.143710	-0.808152	-1.903225	-0.850028	-0.786416	-0.997558	-1.265937	-1.978351	-1.212580	-0.807285	-1.998127	-0.295089	-1.494940	-0.907025	-0.682471	-1.386842	-1.326906	-0.821285	-1.004772
0.001960	-0.572916	-0.498995	-1.162076	-0.208377	0.210853	0.348268	0.232038	-2.175996	-0.748980	-0.864598	-1.337267	0.374393	-1.090249	-0.117644	-0.574587	0.040565	-0.184381	-0.099514	-0.322482
0.384488	-0.322004	-0.078161	-0.556393	0.897711	1.125799	1.340557	0.826779	-1.315773	-0.246575	0.189150	0.411465	0.389660	-0.705529	0.359556	-0.074078	1.579642	1.031492	0.725011	0.596210
-0.050576	-0.178965	-0.288075	-1.177874	1.296114	0.769966	0.609447	-0.196421	-0.310239	-0.579140	1.391357	1.310750	-0.257844	-1.173766	0.013475	-0.113157	1.802741	1.365318	0.504237	0.418325
-0.794055	-0.868028	-1.136086	-2.442185	0.496630	-0.665726	-1.177584	-1.585061	0.325234	-1.366764	1.568188	0.428020	-0.880445	-2.074020	-0.841092	-0.975876	0.638320	0.625621	-0.702421	-0.817440
-0.867893	-1.946661	-1.910784	-2.913761	-0.769561	-1.710895	-2.254095	-1.806397	0.629213	-1.790754	0.831644	-1.080677	-1.021236	-2.257972	-1.471524	-1.749765	-0.457478	-0.317149	-1.749980	-1.853290
-0.006489	-2.286726	-1.896603	-1.985659	-1.429210	-1.345141	-1.928269	-0.831027	0.638216	-1.594354	0.286471	-1.526767	-0.846230	-1.252753	-1.442575	-1.381497	-0.277775	-0.519603	-1.815099	-1.841121
0.988440	-1.543133	-1.011086	-0.444828	-1.242786	-0.225273	-1.162755	0.051531	0.201174	-1.045227	0.503058	-0.744405	-0.672559	0.181981	-0.997466	-0.058724	0.629882	-0.090547	-1.269676	-1.269968
1.116653	-0.589490	0.184635	0.547415	-0.837758	0.206690	-1.031046	-0.105040	-0.534706	-0.376452	0.838501	0.035275	-0.457985	0.984175	-0.666216	0.939856	0.720405	0.059546	-0.963127	-1.072943
0.214933	-0.353499	0.938077	0.641868	-0.800040	-0.496391	-1.351978	-0.930696	-0.938099	0.334832	0.323355	-0.040300	-0.001281	0.941196	-0.560308	0.736970	-0.553548	-0.545109	-1.063774	-1.323139
-0.949448	-0.682145	0.787785	0.330677	-1.111596	-1.443956	-1.246907	-1.454730	-0.613486	0.887218	-1.140457	-0.619892	0.473713	0.634904	-0.324899	-0.223661	-2.101374	-1.409476	-1.054916	-1.309033
-1.474552	-0.700577	-0.144335	0.155471	-1.418544	-1.694869	-0.515258	-1.283912	-0.081360	0.932285	-2.639045	-1.015417	0.315250	0.476415	0.159937	-0.851996	-2.571651	-1.760524	-0.656239	-0.682317
-1.113067	-0.017686	-1.166574	0.247791	-1.487486	-1.282766	0.191103	-0.724475	-0.225150	0.374765	-3.140215	-1.068504	-0.742499	0.260741	0.412474	-0.658936	-1.850922	-1.373361	-0.206218	0.033937
-0.371758	0.855703	-1.457470	0.519364	-1.284086	-0.814159	0.383232	-0.085863	-1.022945	-0.338961	-2.401470	-0.928253	-1.959298	-0.252628	-0.002101	-0.065698	-0.926059	-0.595799	-0.080209	0.184107
0.063331	1.232846	-0.740642	0.914642	-0.811148	-0.492203	0.287028	0.560380	-1.348730	-0.530135	-1.093258	-0.585052	-2.163577	-0.716194	-0.689159	0.347648	-0.557026	0.169360	-0.167148	-0.173424
0.024374	1.024377	0.420062	1.362701	-0.061126	0.074816	0.295823	1.001447	-0.371198	0.023343	-0.135163	0.006111	-1.016689	-0.487630	-0.742320	0.516682	-0.492033	0.816924	-0.127631	-0.418774
-0.020449	0.708552	1.131766	1.686506	0.847497	1.142840	0.385078	0.890509	1.199840	0.776803	0.118819	0.662794	0.576310	0.521258	0.132470	0.719965	-0.044017	1.439794	0.110872	-0.176181
0.378805	0.787103	1.061063	1.721994	1.563931	2.216454	0.341437	0.345258	1.800957	0.967357	0.072430	1.138008	1.474526	1.551188	1.193339	1.029679	0.861677	1.982410	0.371226	0.333406
0.994612	1.375317	0.723237	1.489504	1.686832	2.430469	0.266397	0.064850	0.909786	0.531509	0.275842	1.412244	1.504045	1.689709	1.551666	1.227185	1.536178	2.089877	0.588749	0.736786
1.164162	2.122734	0.808413	1.168455	1.195546	1.554297	0.503798	0.517416	-0.254713	0.263754	0.743158	1.623441	1.413409	0.836031	1.217488	1.181386	1.404095	1.431387	0.886961	1.009874
0.641850	2.405356	1.350479	0.900353	0.635201	0.348661	1.112475	1.307486	-0.155988	0.827864	1.020678	1.730505	1.761725	-0.110398	0.939563	0.996956	0.687804	0.189302	1.292545	1.323414
-0.095777	1.789919	1.737881	0.648907	0.625574	-0.259473	1.652864	1.670192	1.241679	1.769871	0.829293	1.404802	2.211452	-0.123283	1.108274	0.719877	0.032776	-0.931606	1.569680	1.552080
-0.418793	0.531157	1.468444	0.280720	1.109383	-0.140085	1.612935	1.392996	2.432457	1.903952	0.389243	0.410145	2.037526	0.846456	1.240027	0.200001	-0.268396	-1.298820	1.435473	1.316739
-0.137064	-0.484740	0.671804	-0.205428	1.333831	0.177018	1.008526	0.946730	2.092511	0.703321	0.095158	-0.892278	1.084505	1.747986	0.726859	-0.547095	-0.377757	-0.909696	0.893557	0.616507
0.501768	-0.547151	-0.123392	-0.590706	0.756579	0.376854	0.436184	0.809816	0.497736	-1.048098	0.088239	-1.634351	-0.023907	1.544944	-0.232290	-1.098279	-0.435999	-0.304568	0.286238	0.062276
1.120059	0.081996	-0.562291	-0.694595	-0.275660	0.574342	0.375920	0.896988	-0.953206	-2.099606	0.219899	-1.288039	-0.585637	0.352000	-0.838402	-1.084933	-0.367633	0.014109	-0.041289	0.141310
1.425078	0.353733	-0.765481	-0.710498	-1.057529	0.650190	0.479619	0.638852	-1.369895	-1.934756	0.276760	-0.350065	-0.567295	-0.769335	-0.752601	-0.776955	-0.134974	0.001277	-0.156106	0.427407
1.314449	-0.472734	-1.144555	-1.061884	-1.508855	0.034970	-0.120340	-0.421781	-1.130248	-1.003967	0.159115	0.148707	-0.589685	-1.081682	-0.544704	-0.816880	0.116636	-0.059961	-0.525000	-0.009609
0.866920	-1.977226	-1.870893	-1.770348	-2.105687	-1.407045	-1.613241	-2.007740	-1.041446	-0.077339	-0.037863	-0.131402	-1.195126	-0.883881	-0.908621	-1.320561	0.227368	0.007335	-1.422938	-1.314261
0.173750	-2.902036	-2.472071	-2.178939	-2.827904	-2.707647	-2.960686	-3.119568	-1.218248	0.364580	-0.051682	-0.478667	-2.173206	-0.860720	-1.667111	-1.573571	0.176362	0.067927	-2.372155	-2.388573
-0.755510	-2.342495	-2.167891	-1.650036	-2.805022	-2.685367	-2.942247	-2.912966	-1.096375	0.317945	0.273081	-0.168741	-2.661869	-1.094357	-1.850931	-0.845444	0.060657	-0.093521	-2.446797	-2.076195
-1.774420	-0.607398	-0.825115	-0.482886	-1.422806	-1.472754	-1.579718	-1.592681	-0.326439	0.205499	0.630099	0.571640	-1.949771	-1.049983	-0.809102	0.606789	0.029404	-0.438441	-1.315189	-0.587950
-2.369074	1.093728	0.647519	0.311242	0.580421	-0.506892	-0.087011	-0.194254	0.717690	0.565732	0.427481	1.049959	-0.197575	-0.385175	0.910421	1.583805	0.176013	-0.682013	0.245245	0.726607
-1.957327	1.772799	1.241990	0.306141	1.723489	-0.711831	0.548707	0.537545	1.369624	1.437152	-0.400092	1.186359	1.602253	0.588581	1.957418	1.143884	0.381096	-0.608284	1.164082	1.021705
-0.598280	1.432837	1.064961	0.261063	1.494062	-1.235709	0.480427	0.741605	1.399851	2.082191	-0.994035	1.422726	2.377591	1.279583	1.532378	-0.253482	0.390390	-0.249643	1.235726	0.810866
0.765876	0.788556	1.115855	0.996655	0.908922	-0.622037	0.404834	0.840310	1.140004	1.714302	-0.470380	1.680521	1.789798	1.385598	0.249693	-1.022783	0.213970	0.251592	1.073034	0.928892
1.074053	0.404612	1.821509	2.041416	1.103453	1.045477	0.536002	0.791500	0.919636	0.531223	0.842331	1.271906	0.459269	1.021009	-0.508267	-0.121196	0.255650	0.767939	1.046095	1.222220
0.244185	0.248098	2.365425	2.116003	1.812558	2.074075	0.570536	0.351667	0.646310	-0.408625	1.620015	0.103826	-0.541098	0.504710	-0.074104	1.640383	0.747263	1.083682	0.864985	0.921090
-0.645786	0.025517	1.784861	0.914859	1.813962	1.441144	0.436845	-0.156431	0.132995	-0.480083	1.155267	-0.831953	-0.518034	0.142901	0.868531	2.352105	1.231974	0.927156	0.331782	0.022576
-0.471594	-0.298489	0.297959	-0.378580	0.717013	0.253316	0.517426	0.013298	-0.405020	-0.222250	0.232811	-0.727570	0.302160	0.053310	1.195757	1.206284	1.063987	0.381174	-0.129643	-0.547434
0.637662	-0.514446	-0.925326	-0.612473	-0.422667	0.221925	0.957965	0.926248	-0.576318	-0.471319	0.037115	-0.120183	0.968936	0.064589	0.644121	-0.511419	0.358051	0.047668	-0.110965	-0.284474
1.394137	-0.544719	-1.092394	-0.020056	-0.533231	1.253350	1.191976	1.558595	-0.413335	-1.114139	0.604023	-0.064628	0.697788	-0.089249	-0.073043	-1.042565	-0.106435	0.364540	0.079604	0.154073
0.948740	-0.473199	-0.447850	0.411238	0.078381	1.628429	0.641468	1.029873	-0.247704	-1.204610	0.940542	-0.522550	-0.262881	-0.346711	-0.292054	-0.318330	0.004854	0.871887	-0.065733	0.023336
0.005775	-0.230128	0.284294	0.386592	0.379803	0.575474	-0.246892	-0.053052	-0.029958	-0.267181	0.530000	-0.452400	-0.780670	-0.257304	-0.056558	0.298145	0.184785	0.732614	-0.298219	-0.276434
-0.201367	0.336423	0.676237	0.436583	0.234548	-0.489306	-0.313708	-0.232897	0.573508	0.974024	0.025135	0.481675	-0.098619	0.394371	0.295435	0.175994	0.021512	-0.012600	0.125740	0.193072
0.314035	0.966858	0.748953	0.808034	0.457590	0.037237	0.734314	0.792985	1.290937	1.375738	0.227768	1.138584	1.165211	1.002541	0.600670	0.124446	-0.131369	-0.438926	1.185427	1.283580
0.418952	0.984148	0.695930	0.964544	1.284721	1.536371	1.662825	1.644454	1.217344	0.651494	0.947720	0.344525	1.645168	0.612119	0.685118	0.702095	0.144412	-0.181276	1.776782	1.643707
-0.405947	0.021455	0.686574	0.434837	1.774557	1.914024	1.159635	1.117206	0.027804	-0.414507	1.339453	-1.341497	0.840560	-0.865427	0.347117	1.083670	0.546215	-0.034265	1.024940	0.491944
-1.441835	-1.475832	0.806335	-0.344207	1.134980	0.491694	-0.453476	-0.203869	-1.437366	-0.955869	1.018588	-2.065752	-0.343815	-2.278931	-0.116864	0.361631	0.544447	-0.600953	-0.517402	-1.206654
-1.816168	-2.581249	0.925613	-0.544189	-0.117503	-1.102271	-1.597204	-0.880415	-2.190540	-0.882639	0.302202	-0.963486	-0.791594	-2.389039	-0.036896	-0.930236	0.246133	-1.124609	-1.475914	-1.874822
-1.307035	-2.544608	0.608847	-0.147723	-0.910138	-1.174219	-1.318054	-0.597216	-2.112184	-0.673511	-0.448742	0.680678	-0.456704	-1.184500	0.550252	-1.481138	0.166877	-0.492933	-1.253534	-1.198892
-0.107342	-1.250432	-0.552642	-0.056025	-1.015913	-0.030323	-0.172000	-0.299249	-1.576627	-0.677002	-1.110610	1.020086	-0.177531	0.219839	0.648929	-0.882684	0.374239	1.025021	-0.537210	-0.265795
1.315999	0.571795	-2.278465	-0.822271	-1.065958	0.740692	0.676372	-0.606486	-0.696113	-0.833547	-1.470694	-0.095556	-0.561821	0.812349	-0.320383	0.085443	0.386688	1.912063	-0.267273	-0.059154
2.085160	1.648514	-3.430509	-1.757349	-1.438391	0.279216	0.601799	-1.044040	0.453646	-0.829443	-1.286648	-1.174249	-1.394112	0.502318	-1.536693	0.525807	-0.140616	1.208082	-0.579343	-0.456161
1.470973	1.198655	-2.900571	-1.722967	-1.763934	-0.886440	-0.260592	-0.968376	1.246953	-0.367826	-0.843581	-1.156703	-1.933078	-0.146093	-1.811020	0.192335	-1.001407	-0.469762	-0.889533	-0.722049
-0.131434	-0.136215	-0.830749	-0.575524	-1.526917	-1.706736	-1.291729	-0.486557	0.952685	0.487793	-0.830740	-0.513747	-1.528373	-0.546568	-1.090345	-0.562526	-1.687176	-1.761313	-0.674848	-0.441165
-1.299078	-0.768283	1.265528	0.670683	-0.703485	-1.537947	-1.662398	-0.099729	-0.119446	1.199345	-1.309100	-0.104675	-0.160149	-0.366363	-0.250033	-1.079806	-1.783053	-1.880877	0.048377	0.244967
-0.996796	0.134540	1.846200	1.076917	0.287849	-0.466956	-0.868165	0.065857	-0.576112	1.263101	-1.355888	0.149855	1.368923	0.388946	0.210282	-0.792514	-1.166731	-0.985097	0.845329	0.956919
0.293080	1.619695	0.754354	0.680541	0.955560	0.768376	0.633517	0.228708	0.464584	0.839696	-0.303645	0.796430	1.972091	1.226080	0.480559	0.192471	-0.128526	0.236739	1.261344	1.353486
1.119995	1.957265	-0.831025	0.055926	0.957914	1.244308	1.622006	0.398929	2.081306	0.564392	1.045315	1.554624	1.273393	1.360236	0.634291	0.983127	0.651460	0.998001	1.135693	1.246996
0.689523	0.634692	-1.645954	-0.471684	0.276969	0.626125	1.285874	0.305298	2.458576	0.691293	1.190056	1.375930	-0.044765	0.483808	0.349281	0.784527	0.552757	0.799133	0.636509	0.688497
-0.357727	-1.034764	-1.264887	-0.787843	-0.602608	-0.445082	0.045379	-0.123685	0.985579	0.735693	-0.132973	-0.110335	-1.020047	-0.740551	-0.392403	-0.118691	-0.347558	-0.154873	0.035817	-0.054159
-0.903109	-1.469137	-0.052881	-0.619400	-0.926890	-0.960998	-1.007853	-0.556768	-1.128812	0.116583	-1.514234	-1.832415	-1.324112	-1.317953	-0.974221	-0.643580	-1.226168	-0.994418	-0.526056	-0.710779
-0.731583	-0.621407	1.217436	0.158523	-0.401496	-0.599492	-1.288833	-0.676744	-2.328481	-1.032779	-1.600596	-2.326922	-1.232547	-1.012750	-0.881636	-0.228398	-1.287310	-0.970482	-1.032757	-1.198125
-0.527327	0.218679	1.713342	1.008143	0.420137	0.032101	-1.050002	-0.555884	-2.183085	-1.898438	-0.643764	-1.298437	-0.967167	-0.451924	-0.375789	0.522200	-0.537073	-0.206033	-1.387268	-1.514133
-0.641656	0.247553	1.103742	1.143231	0.753832	0.263281	-0.703544	-0.425828	-1.260515	-1.805768	0.110894	0.171546	-0.451757	-0.176846	-0.072325	0.698206	0.306413	0.515104	-1.318936	-1.483395
-0.513780	0.081254	-0.016181	0.493606	0.486990	0.162090	-0.275681	-0.275834	-0.188057	-0.868875	0.090802	0.847324	0.319656	-0.042859	-0.120741	0.220898	0.588587	0.629509	-0.613150	-0.822222
0.367724	0.593124	-0.650876	-0.221550	0.151118	0.213266	0.320158	0.039723	0.698686	0.194151	-0.198938	0.501418	1.019761	0.295490	-0.177953	-0.246518	0.289413	0.260797	0.506324	0.374143
1.389984	1.421088	-0.490723	-0.424825	0.087745	0.449505	0.810792	0.396541	1.130668	0.747987	-0.206125	-0.115790	1.246588	0.704463	-0.037448	-0.285372	-0.112410	-0.113120	1.315683	1.349053
1.350902	1.358247	-0.093507	-0.222759	0.086798	0.386777	0.737042	0.440681	0.895875	0.656997	-0.013815	-0.205899	0.897003	0.723661	0.126368	-0.116654	-0.184177	-0.193871	1.134241	1.246088
0.054888	0.105346	0.082712	0.055594	-0.079101	-0.163313	0.079152	0.093343	0.130281	0.178302	0.118276	0.306645	0.192342	0.259160	0.154789	-0.028597	0.086749	-0.029431	0.047780	0.086193
