X1	X2	X3	X4	X5	X6	X7	X8	X9	X10	X11	X12	X13	X14	X15	X16	X17	X18	X19	X20
-0.005332	-0.039606	0.139338	0.045398	0.020883	0.026299	0.043391	-0.097622	-0.081794	-0.174930	-0.207149	-0.142586	0.024577	-0.017818	-0.235321	-0.116402	-0.057764	-0.071966	0.093340	-0.003116
0.646698	1.030263	-0.446935	1.295674	-1.494609	0.032904	-1.738553	1.288449	1.375345	1.117972	1.144672	1.395210	-0.332386	0.560583	0.012464	0.853875	0.581182	1.081340	0.523116	0.714311
0.215089	0.726390	-0.882127	0.930094	-1.414833	-0.220766	-1.844710	1.181734	0.837221	1.181547	0.731193	1.284482	-0.561730	0.534755	0.288698	1.131032	1.021841	1.349446	0.088167	0.521037
-0.822685	-0.458987	-0.795933	-0.650838	0.135302	-0.613779	-0.374074	-0.265730	-0.854900	0.121071	-0.803245	-0.128087	-0.429780	0.318709	0.674354	0.749194	1.071288	0.624335	-0.655613	-0.321531
-0.900969	-0.782471	0.042232	-1.497751	1.614304	-0.661471	1.146296	-1.323574	-1.177694	-0.801844	-1.261411	-0.907899	0.259120	0.727883	1.166060	0.432843	0.842027	-0.201381	-0.384342	-0.675793
0.599658	0.435781	1.235693	-0.541074	1.885759	-0.066031	1.583804	-0.565897	0.609298	-0.632103	0.185518	0.085389	1.299550	1.613591	1.552007	0.761882	0.819494	-0.008809	1.108291	0.034718
2.311143	1.846406	1.940311	1.030828	1.295962	0.763016	1.195040	1.432914	2.484764	0.233419	1.919526	1.758337	1.995021	1.854221	1.571536	1.449053	1.272229	1.275294	2.397689	1.036916
2.347194	1.742847	1.638272	1.244684	0.907733	1.023380	0.865406	2.684313	2.314456	0.604888	1.940403	2.156419	1.745237	0.880240	1.194649	1.659186	1.757502	2.408598	2.117601	1.128700
0.642430	0.211255	0.668302	-0.137985	1.105521	0.482178	0.860006	2.067120	0.444569	-0.033700	0.304861	0.914837	0.781060	-0.381908	0.652396	1.044813	1.614777	2.198990	0.730669	0.221610
-0.826026	-0.972967	-0.052315	-1.265613	1.300187	-0.130101	0.677619	0.526391	-0.923421	-0.898614	-1.036476	-0.393218	0.025010	-0.577359	0.225390	0.184099	0.862018	0.924998	-0.003906	-0.458261
-0.406910	-0.503144	0.129937	-0.489064	0.873447	0.075451	0.021641	-0.195380	-0.406875	-0.860742	-0.566047	-0.349906	0.062718	0.343122	0.077349	-0.133040	0.188693	-0.096620	0.679665	0.142153
1.222994	0.986791	0.989918	1.595244	0.045976	1.079192	-0.537935	0.433641	1.183630	0.203000	1.187232	0.663517	0.489444	1.087007	0.224878	0.213717	0.092365	-0.180225	1.549474	1.536089
2.064541	1.880837	1.673981	2.886103	-0.371750	1.950048	-0.218288	1.381566	2.097012	1.334094	2.444256	1.286330	0.534868	0.796768	0.571443	0.739978	0.433853	0.164234	1.163386	2.189141
1.432265	1.578407	1.569588	2.247815	0.002292	1.886635	0.801632	1.456052	1.689395	1.695406	2.200143	0.996691	0.175381	0.208995	0.982269	1.064886	0.847824	0.307846	-0.025402	1.312866
0.595772	0.933392	0.820871	0.595192	0.600665	1.020260	1.370489	0.615365	0.784722	1.416078	1.108985	0.460948	0.172524	0.525696	1.337142	1.171408	1.166201	0.343832	-0.380075	-0.219243
0.718785	0.801196	-0.012076	-0.494267	0.612542	0.121110	0.765131	-0.155953	0.246847	1.108294	0.403517	0.379251	0.880208	1.566447	1.515759	1.084184	1.361435	0.596608	0.422674	-0.911661
1.258683	0.899258	-0.563663	-0.595914	0.085668	-0.264783	-0.325517	-0.032865	-0.032540	0.964501	0.353218	0.670451	1.540155	1.916720	1.443172	0.787742	1.432354	0.971509	0.937409	-0.339759
1.034831	0.479364	-0.793003	-0.481101	-0.100621	-0.191038	-0.688778	0.746112	-0.445687	0.674905	0.187318	0.845345	1.289189	0.952415	1.209491	0.518738	1.432577	1.205754	0.218582	0.523891
0.081413	-0.383939	-0.711682	-0.732984	0.527818	0.048605	-0.143472	1.216236	-0.704870	0.040715	-0.562024	0.716058	0.510578	-0.190977	0.997531	0.631769	1.346651	1.294655	-0.722203	0.621066
-0.480906	-0.817420	-0.268074	-0.959936	1.309395	0.326883	0.434793	0.871149	-0.267642	-0.674925	-1.205727	0.501812	0.361151	-0.183759	0.798456	0.982932	0.946197	1.264030	-0.453941	0.013972
-0.096847	-0.398972	0.463953	-0.529346	1.309409	0.597167	0.459688	0.233908	0.641059	-1.018018	-0.734565	0.391348	0.995929	0.605242	0.375105	0.906035	0.075816	0.876897	0.768828	-0.468611
0.545955	0.184026	1.152864	0.384102	0.557817	0.660680	0.233587	0.068474	1.142573	-0.795664	0.752837	0.230618	1.211679	0.606040	-0.342226	0.082855	-0.914209	-0.005744	1.418876	-0.428356
0.522590	0.015416	1.383242	0.923561	-0.073190	0.325415	0.154836	0.328940	0.735335	-0.241094	1.909653	-0.253646	0.194457	-0.747034	-0.994317	-0.948573	-1.382513	-0.992387	0.794715	-0.254493
-0.256334	-0.849754	0.941985	0.559241	-0.093149	-0.298283	0.059996	0.280033	-0.291569	0.171293	1.523715	-1.001679	-1.235442	-2.172194	-1.163633	-1.484049	-1.192715	-1.524441	-0.295928	-0.441875
-1.178593	-1.540415	-0.056780	-0.445657	0.016482	-0.947044	-0.365528	-0.498869	-1.355024	0.062752	-0.163561	-1.590133	-1.775013	-2.199412	-0.936789	-1.529205	-0.993291	-1.603866	-0.945821	-1.057842
-1.729237	-1.598588	-1.185944	-1.484754	-0.413770	-1.550829	-0.993780	-1.637605	-2.008351	-0.582948	-1.674375	-1.701975	-1.421837	-1.046838	-0.829054	-1.569242	-1.391603	-1.726298	-1.281804	-1.827551
-1.821817	-1.424567	-1.791280	-2.048152	-1.191791	-2.059234	-1.356286	-2.438755	-1.933176	-1.364271	-1.808117	-1.424653	-1.226337	-0.214155	-1.069985	-1.662441	-1.999775	-1.994022	-1.712703	-2.267274
-1.505626	-1.337939	-1.340058	-1.734778	-1.383874	-1.998511	-1.124629	-2.458068	-1.025846	-1.687891	-0.830912	-0.988350	-1.510285	-0.467915	-1.222079	-1.320413	-1.777486	-1.769063	-1.797224	-1.806170
-0.767513	-0.904471	-0.029343	-0.452446	-0.566027	-0.799524	-0.391622	-1.673074	0.270482	-1.212647	-0.090783	-0.463046	-1.365368	-1.039372	-0.813393	-0.426353	-0.480865	-0.628609	-0.851931	-0.348870
0.194021	0.226876	1.028765	1.100902	0.386554	1.173709	0.364342	-0.467690	1.018378	-0.169580	-0.495759	0.097090	-0.242395	-0.975999	-0.211426	0.237989	0.714576	0.663496	0.537874	1.245057
0.754140	1.299212	0.672126	1.658111	0.214755	2.450477	0.612954	0.479177	0.565617	0.822450	-1.501693	0.446826	0.829681	-0.447041	-0.309157	-0.107179	0.553337	0.852578	0.808099	1.800517
0.331677	1.098476	-1.025925	0.627708	-1.059309	1.857289	0.233793	0.592744	-0.700467	1.281549	-1.732881	0.359054	0.446295	-0.119604	-1.164063	-1.011310	-0.594336	-0.130124	-0.426465	1.090534
-0.828199	-0.395694	-2.573830	-1.038097	-1.943998	-0.092667	-0.404109	-0.151459	-1.643955	1.128149	-0.604039	-0.063863	-1.078785	0.103096	-1.570722	-1.118818	-1.076730	-0.938334	-1.560007	0.036312
-1.658610	-1.719078	-2.483134	-1.698792	-1.232605	-1.668247	-0.899246	-1.228676	-1.530843	0.534723	0.887159	-0.478102	-1.786833	0.791511	-0.526655	0.121691	-0.070417	-0.540787	-1.106213	-0.437183
-1.356283	-1.564314	-0.836227	-0.788220	0.494198	-1.703498	-1.145822	-1.966520	-0.717711	-0.208702	1.211478	-0.638548	-0.530279	1.685432	1.269651	1.621132	1.368605	0.481717	0.184853	-0.285720
-0.341581	-0.287673	0.801614	0.623456	1.562967	-0.574708	-1.104673	-1.941263	-0.111836	-0.687382	0.051198	-0.555452	1.357317	1.701738	2.075560	1.892553	1.717960	0.848931	0.421242	0.035428
0.186088	0.618370	1.025701	1.114920	1.136841	0.490750	-0.632924	-1.230460	-0.127595	-0.588392	-1.350773	-0.404410	1.576411	0.514233	1.187790	0.779106	0.869269	0.296613	-0.641823	0.290011
-0.329471	0.374258	-0.073145	0.443750	-0.053903	0.678924	0.154088	-0.428705	-0.345220	-0.089528	-1.651368	-0.364681	-0.220771	-0.664081	-0.280249	-0.520342	-0.016672	-0.273774	-1.260785	0.427533
-1.125436	-0.242417	-1.209738	-0.410101	-0.815598	0.116902	0.703624	-0.175823	-0.136495	0.267772	-0.845267	-0.442884	-1.946136	-0.494066	-0.890425	-0.982750	-0.205263	-0.187012	-0.314342	0.239063
-1.037783	-0.047020	-1.288440	-0.526628	-0.800699	-0.555325	0.611863	-0.484926	0.553642	0.256374	0.020877	-0.386123	-1.712421	0.706748	-0.547996	-0.758451	-0.149588	0.147467	1.020630	-0.427782
0.084727	0.927648	-0.403191	-0.065023	-0.565232	-0.924682	0.121800	-0.754593	1.135230	0.200857	0.248724	0.047607	-0.089248	1.296782	-0.209094	-0.544420	-0.519072	-0.027843	0.889099	-1.267304
1.145053	1.412575	0.397891	0.088029	-0.687071	-1.087334	-0.304646	-0.562728	1.019574	0.350191	0.100395	0.606063	0.865681	0.318905	-0.411782	-0.557425	-1.222997	-0.725299	-0.794166	-1.745192
1.008428	0.542114	0.257655	-0.466270	-1.132120	-1.250378	-0.535641	-0.106130	0.250964	0.432989	0.106671	0.634076	0.229839	-1.447228	-0.841997	-0.582726	-1.742203	-1.272802	-2.338781	-1.610493
-0.231332	-0.926098	-0.609945	-1.101893	-1.428529	-1.290580	-0.498759	0.289900	-0.512635	0.184147	0.336152	-0.040559	-0.948752	-2.502827	-1.136370	-0.648392	-1.884542	-1.211889	-2.319532	-0.904244
-1.367524	-1.469668	-1.265253	-1.053003	-1.264887	-0.994597	0.104870	0.601693	-0.655532	-0.114412	0.500727	-0.645672	-1.282173	-2.213105	-1.314278	-1.000041	-1.785430	-0.728070	-0.980162	0.239921
-1.440255	-0.738986	-1.176791	-0.511343	-0.807241	-0.589788	1.157602	0.777461	-0.276792	-0.128155	0.360886	-0.414574	-0.711405	-1.223457	-1.372601	-1.470880	-1.521792	-0.305249	0.263286	1.430519
-0.759668	0.008318	-0.695391	-0.287913	-0.422699	-0.532235	1.651118	0.567219	-0.094963	-0.152297	-0.155268	0.242863	-0.200156	-0.584250	-1.083964	-1.441978	-1.113937	-0.250228	0.328991	1.987355
-0.386071	-0.331834	-0.348045	-0.496043	-0.191756	-0.707484	0.750974	0.131200	-0.514122	-0.653833	-0.921230	0.225519	-0.244423	-0.636717	-0.381287	-0.604488	-0.677787	-0.456473	-0.513063	1.556507
-0.695141	-1.121523	-0.077770	-0.310905	0.127662	-0.407151	-0.824707	0.235303	-0.963678	-1.296649	-1.535813	-0.593223	-0.371955	-0.783125	0.382543	0.531612	-0.292777	-0.452714	-0.980995	0.579925
-0.815575	-0.791865	0.496060	0.742584	0.591983	0.624743	-1.403025	1.206908	-0.530491	-1.123839	-1.485599	-0.938178	-0.098191	-0.360485	0.711387	1.099624	0.091597	0.145395	-0.151215	-0.197442
0.240099	1.002132	1.295207	1.921223	0.774348	1.630939	-0.427118	2.158716	0.828596	0.145314	-0.560343	0.230620	0.363483	0.473251	0.471927	0.809044	0.442496	1.095753	1.493333	-0.503562
2.062654	2.743058	1.702823	2.158674	0.316569	1.783290	0.905799	2.008214	2.099637	1.515350	0.846311	2.139004	0.666519	1.009791	0.126427	0.304586	0.605618	1.691516	2.475630	-0.540872
3.014286	2.753172	1.353975	1.433577	-0.308353	1.317673	1.320403	0.980033	2.273935	1.728409	1.840544	2.886503	0.964504	0.989365	0.332939	0.491974	0.690818	1.622500	1.849835	-0.459301
2.160803	1.111665	0.697819	0.689484	-0.117588	1.134701	0.942541	0.271686	1.322434	0.645432	1.635930	1.649896	1.448786	0.884609	1.176682	1.505148	1.158606	1.362548	0.238935	-0.206619
0.525471	-0.498772	0.493201	0.548161	1.083827	1.458794	0.628043	0.337893	0.070892	-0.656314	0.363040	-0.368923	1.716679	1.142543	1.976521	2.488920	2.127371	1.427068	-0.787306	0.207127
-0.165061	-0.743332	0.843853	0.682599	2.203439	1.605140	0.571995	0.415669	-0.677848	-1.070754	-0.827365	-1.411100	1.255891	1.544105	2.034540	2.480443	2.822220	1.542967	-0.363157	0.631440
0.341349	-0.012663	1.055654	0.541108	2.067374	1.131011	0.351690	-0.082131	-0.782072	-0.538027	-0.877961	-1.138451	0.343297	1.529922	1.347979	1.358875	2.231427	0.986388	0.833414	0.930213
0.696751	0.324396	0.541364	0.125334	0.822265	0.462971	-0.087083	-0.621921	-0.629897	0.043446	-0.055440	-0.725504	-0.205295	0.925973	0.365235	-0.176176	0.334872	-0.380475	1.479982	0.971344
-0.010783	-0.301819	-0.370797	-0.263165	-0.294368	0.071197	-0.300867	-0.514128	-0.575274	-0.182871	0.350641	-1.182758	-0.184226	0.114440	-0.646650	-1.357611	-1.675766	-1.822464	1.134324	0.574628
-0.958370	-1.061817	-0.730667	-0.577822	-0.406071	-0.260421	-0.080738	-0.087869	-0.598834	-1.162095	-0.325143	-2.088988	-0.233408	-0.386151	-1.579795	-1.840750	-2.460490	-2.445568	0.593364	-0.174091
-0.763375	-0.857312	-0.024546	-0.841092	0.169501	-0.793720	0.293114	-0.127063	-0.412125	-2.000099	-1.199878	-2.148841	-0.695396	-0.349250	-2.043316	-1.617716	-1.653247	-1.898399	0.752455	-0.650631
0.595082	0.311874	1.181902	-0.743512	0.472931	-1.074060	0.484945	-0.554357	0.172095	-1.882784	-0.910036	-0.780925	-0.908682	-0.018258	-1.579020	-0.901578	-0.062621	-0.525636	1.409052	-0.264536
1.700385	1.295534	1.734275	-0.045330	-0.015751	-0.583820	0.362747	-0.529393	0.847897	-0.884793	0.604897	1.107122	-0.206156	0.004203	-0.476269	-0.202757	1.005901	0.776929	1.499131	0.626764
1.447007	1.062980	1.050393	0.754458	-0.894568	0.187010	-0.096392	0.225521	0.876093	0.223248	1.865215	2.016251	0.889649	-0.681462	0.226174	-0.085961	0.793237	1.041604	0.485030	0.971123
0.275237	-0.104749	-0.266191	0.782182	-1.302568	0.197751	-0.776350	0.944881	-0.104438	0.887690	1.535378	1.435739	1.275443	-1.618630	-0.010449	-0.530855	-0.239557	0.092832	-0.895842	0.413454
-0.541165	-0.901548	-1.046569	-0.077287	-0.810299	-0.637851	-1.316668	0.835553	-1.368538	1.210121	-0.005791	0.328536	0.820670	-1.766903	-0.440548	-0.819378	-0.866827	-1.106886	-1.517045	-0.199770
-0.413248	-0.539632	-0.717606	-0.898361	0.149264	-1.225100	-1.332209	0.048683	-1.722135	1.432995	-1.109212	-0.043916	0.417976	-0.778386	-0.084458	-0.406666	-0.445765	-1.428003	-1.190288	-0.127890
0.138091	0.318486	0.280121	-0.781761	0.759097	-0.797860	-0.775014	-0.632089	-0.916031	1.394594	-0.729366	0.424769	0.485600	0.345158	0.807114	0.330766	0.378175	-0.832862	-0.689253	0.104003
0.353510	0.481021	1.134092	0.124006	0.708140	0.096376	0.078419	-0.722560	0.094053	0.829050	0.520360	0.705885	0.359278	0.404636	1.104248	0.622912	0.597877	-0.194550	-0.569568	-0.368441
0.075407	-0.196835	1.453149	0.909027	0.503725	0.594316	0.951209	-0.346533	0.494021	-0.020626	1.271239	0.075982	-0.475669	-0.362148	0.488884	0.419275	0.199110	0.043066	-0.471598	-1.095255
-0.317964	-0.706395	1.372096	0.975945	0.831592	0.833420	1.696035	0.155818	0.611289	-0.524454	1.028844	-0.894600	-1.355423	-0.478272	-0.049067	0.453871	0.044293	0.343485	0.191909	-0.722044
-0.471158	-0.345514	1.140391	0.545160	1.694143	1.482451	2.161664	0.537397	1.094990	-0.401288	0.523717	-1.095455	-1.313503	0.766510	0.345835	1.129842	0.513963	1.061589	1.178194	0.838863
-0.350305	0.317100	0.833416	0.192720	2.310590	2.327038	2.156636	0.569227	1.637036	0.005514	0.499792	-0.336407	-0.497458	2.156238	1.151564	1.840124	0.964160	1.639041	1.451704	1.793943
-0.128611	0.277058	0.379408	0.165039	1.860484	2.288356	1.566418	-0.001535	1.348568	0.255637	0.688862	0.437894	0.054372	1.968768	1.209325	1.715664	0.731936	1.291321	0.323172	0.688031
0.037912	-0.492094	-0.294460	0.235739	0.289426	0.949789	0.398133	-1.167292	0.223169	0.316668	0.360173	0.380995	-0.162760	0.207171	0.316349	0.734590	0.078085	0.136192	-1.645388	-1.528934
0.120080	-0.985371	-1.088298	0.128597	-1.533477	-0.715640	-1.192493	-2.390815	-0.687259	0.403745	-0.435845	-0.268632	-0.626286	-1.322431	-0.539142	-0.293660	-0.255413	-0.823417	-2.992298	-2.548429
0.187272	-0.474834	-1.611057	-0.075885	-2.435861	-1.501725	-2.749926	-2.875458	-0.666726	0.562331	-0.787039	-0.622087	-0.675122	-1.170529	-0.456784	-0.690447	-0.047602	-0.768281	-2.664186	-1.497101
0.285266	0.591892	-1.402291	-0.072615	-1.924931	-1.335408	-3.526117	-2.277424	-0.115393	0.634187	-0.169851	-0.244992	-0.297927	0.146787	0.328001	-0.521897	0.229407	0.090121	-1.041515	0.179474
0.328701	1.180686	-0.503069	0.169678	-0.698853	-1.043581	-2.977029	-1.083617	0.274252	0.521005	0.725354	0.451272	0.055778	0.945617	0.784476	-0.319105	0.062836	0.721922	0.395731	0.657606
0.155319	0.844683	0.285759	0.261362	-0.029203	-1.083004	-1.404879	-0.150758	0.388008	0.271037	0.791661	0.782004	0.044999	0.367619	0.268233	-0.445122	-0.544008	0.359160	0.540891	-0.190785
-0.279596	0.022324	0.051386	-0.103081	-0.488359	-1.039903	0.057650	0.110166	0.393902	-0.053468	-0.121184	0.506452	-0.301946	-0.854468	-0.799817	-0.789745	-1.092370	-0.609985	-0.312462	-1.017441
-0.794360	-0.625666	-1.194776	-0.635874	-1.423425	-0.380931	0.387895	0.010661	0.215129	-0.394237	-1.084437	0.008937	-0.657290	-1.520969	-1.477461	-1.008323	-1.033574	-1.034314	-1.056386	-0.786417
-1.098022	-0.784245	-2.361289	-0.735737	-1.804091	0.689482	-0.288894	0.090794	-0.181652	-0.574440	-1.276491	-0.092721	-0.642380	-1.309133	-1.370861	-0.966345	-0.270372	-0.389699	-1.098117	0.191386
-1.030717	-0.482127	-2.393171	-0.322337	-1.370887	1.308437	-0.783712	0.473289	-0.399274	-0.381027	-0.803352	0.402930	-0.167079	-0.693688	-0.895007	-0.828820	0.683707	0.558561	-0.719359	0.835536
-0.730526	0.013272	-1.435955	-0.110801	-0.703961	0.826644	-0.173744	0.784591	-0.130863	0.123096	-0.247643	0.899357	0.396550	-0.013272	-0.555525	-0.754490	1.084160	0.736757	-0.316460	0.451834
-0.558286	0.241150	-0.616955	-0.798463	-0.331102	-0.438236	1.086735	0.682395	0.147772	0.544874	0.088604	0.456431	0.506994	0.706183	-0.414479	-0.732753	0.596535	0.082232	0.151160	-0.683282
-0.755006	-0.092093	-0.689385	-2.082748	-0.151614	-1.365253	1.686431	0.306883	-0.301226	0.560541	0.184805	-1.090866	0.064499	1.194825	-0.338102	-0.731393	-0.387023	-0.522927	0.851900	-1.594558
-1.138661	-0.671095	-1.216609	-2.807678	0.197351	-1.118549	1.018893	0.069646	-1.254144	0.236795	-0.074386	-2.593456	-0.359944	1.007928	-0.322604	-0.730014	-1.087971	-0.462272	1.615898	-1.445741
-1.242805	-0.817836	-1.232128	-2.180768	0.699262	-0.120102	-0.160549	0.101010	-1.534789	-0.149813	-0.791695	-2.581763	-0.143620	0.282310	-0.372126	-0.569303	-1.034630	-0.027275	2.003019	-0.296161
-0.797153	-0.281364	-0.424102	-0.625994	0.913164	0.341601	-0.700023	0.175635	-0.530169	-0.439854	-1.626381	-0.876181	0.566521	-0.235001	-0.351448	-0.068789	-0.424139	0.225049	1.703871	0.958617
-0.007795	0.464134	0.596805	0.690394	0.539363	-0.351471	-0.298265	0.183805	0.843523	-0.619341	-1.892448	1.131572	0.975112	-0.188218	-0.153732	0.604236	0.163982	0.254075	0.784663	1.453959
0.619888	0.737554	1.064484	0.993911	-0.124825	-1.337505	0.395397	0.309426	1.131056	-0.698162	-1.312238	1.930591	0.654511	-0.108834	0.126321	0.940297	0.296320	0.301421	-0.352248	1.070912
0.686599	0.283969	0.834153	0.453198	-0.432492	-1.359191	0.639879	0.559573	0.038396	-0.692532	-0.468015	1.303218	0.065505	-0.530316	0.285451	0.618781	-0.078370	0.223045	-1.188650	0.274891
0.230477	-0.534511	0.410112	-0.180420	-0.107381	-0.377800	0.295616	0.484665	-1.274019	-0.625862	-0.186053	0.152324	-0.146129	-1.061395	0.208424	-0.101701	-0.685677	-0.335744	-1.381841	-0.470255
-0.263701	-1.011936	0.341012	-0.302316	0.432877	0.434586	-0.188749	-0.218844	-1.564131	-0.514088	-0.532453	-0.634198	-0.006614	-0.914946	-0.043344	-0.630361	-1.045959	-1.130889	-0.966184	-0.891924
-0.326796	-0.715007	0.615519	0.041205	0.597317	0.240216	-0.211604	-1.009052	-0.815455	-0.454119	-0.800604	-0.781192	-0.004734	-0.114443	-0.255634	-0.600761	-0.750624	-1.323545	-0.314551	-0.763634
-0.069054	-0.014489	0.678848	0.228683	0.327415	-0.538240	0.488020	-0.940656	-0.020939	-0.638599	-0.542340	-0.465993	-0.290329	0.481754	-0.182499	-0.153750	0.073152	-0.602831	0.117212	-0.056082
-0.081940	0.196135	0.111890	-0.262623	0.056144	-1.018406	1.480191	0.092149	0.032320	-1.039512	-0.144954	-0.108387	-0.540122	0.333115	0.193045	0.212380	0.663618	0.149074	0.099125	0.714449
-0.612443	-0.431467	-0.779947	-1.155806	0.027482	-0.998365	1.798335	1.037110	-0.563356	-1.131749	-0.124306	-0.165167	-0.511929	-0.191534	0.476892	0.075019	0.332140	-0.146822	-0.214264	0.766126
-1.049886	-1.105652	-1.212113	-1.466554	-0.031969	-0.822381	0.811277	0.931447	-1.154611	-0.321586	-0.244951	-0.629161	-0.295129	-0.440427	0.202096	-0.449661	-0.700557	-1.275327	-0.444851	-0.003022
-0.555150	-0.754732	-0.726799	-0.471200	-0.419841	-0.516497	-0.883870	0.126902	-1.103480	1.155570	0.163114	-0.798213	-0.046148	-0.206573	-0.510055	-0.710011	-1.476965	-1.847671	-0.367444	-0.654271
0.843294	0.583470	0.393391	1.423567	-0.851361	0.227279	-1.748367	-0.215545	-0.197753	2.063819	1.109788	-0.031708	0.135904	0.258857	-0.944217	-0.256365	-1.378430	-1.013028	-0.069885	-0.229814
2.114429	1.688347	1.467603	2.914860	-0.683670	1.245926	-0.853064	0.284512	1.092672	1.310718	1.700639	1.242540	0.134529	0.585753	-0.651030	0.494330	-0.706705	0.514763	0.277910	0.971938
2.307632	1.572028	1.973611	2.978636	0.193830	1.777348	0.951193	0.749077	1.866948	-0.710707	1.242182	1.785139	0.015695	0.584743	0.052804	0.754301	-0.068432	1.415489	0.612137	1.612664
1.532361	0.550989	1.778170	1.780097	1.038138	1.403486	1.848072	0.351868	1.631509	-2.268884	0.243669	1.004314	0.169027	0.451840	0.673037	0.493257	0.414987	1.260389	0.832276	0.919249
0.681896	-0.278890	1.075426	0.406755	1.102531	0.642562	1.110745	-0.432707	0.777616	-2.003259	-0.123197	-0.267885	0.763743	0.592676	1.154863	0.484406	0.939006	0.649202	0.746688	-0.315868
0.383625	-0.265085	0.251709	-0.210994	0.540453	0.256824	-0.172221	-0.442323	0.040361	-0.300623	0.547751	-0.777053	1.218875	1.024130	1.531060	1.059600	1.350936	0.232634	0.378088	-0.631676
0.492075	0.353534	-0.307209	-0.027140	0.048703	0.313451	-0.673846	0.522061	-0.241239	1.268806	1.451178	-0.293930	0.826246	1.158926	1.401357	1.417743	1.161935	0.119241	0.090565	0.404513
0.524073	0.925826	-0.448710	0.379785	-0.176139	0.306849	-0.472554	1.332096	-0.124264	1.688400	1.614288	0.358012	-0.157832	0.503307	0.372578	0.634459	0.253340	0.109647	0.161431	1.724973
0.271102	0.993953	-0.321975	0.548065	-0.515733	-0.019198	-0.483628	0.995531	0.286896	1.268608	1.035409	0.516321	-0.690739	-0.604446	-1.090670	-0.922500	-0.754377	0.082891	0.399683	1.956807
-0.106040	0.538045	-0.166836	0.467226	-0.959059	-0.358302	-0.820145	-0.062380	0.826438	0.783799	0.564330	0.388762	-0.273915	-1.288182	-1.774249	-1.697264	-0.990310	0.119631	0.432853	0.846141
-0.377261	-0.111716	-0.045361	0.312828	-0.756631	-0.270352	-0.762986	-0.621309	1.131029	0.449601	0.753581	0.454472	0.490009	-1.063992	-0.854817	-0.590257	-0.143486	0.413168	0.237926	-0.558476
-0.479199	-0.579399	0.166419	0.123172	0.552510	0.346572	-0.199553	-0.273644	0.852323	0.058193	1.059277	0.579017	0.772936	-0.232259	1.186064	1.692397	1.208205	0.981450	0.103141	-1.033592
-0.520458	-0.770932	0.536126	-0.153622	2.184073	1.169688	0.054026	0.144380	-0.007840	-0.323566	0.425946	0.122529	0.369964	0.511502	2.810179	3.133235	2.055926	1.407931	0.092681	-0.459959
-0.659836	-0.891502	0.925153	-0.408724	2.720420	1.647531	-0.368648	-0.270043	-1.041357	-0.362103	-1.264872	-1.093549	-0.480064	0.620281	2.624229	2.334047	1.813202	1.125699	-0.118831	0.070075
-0.970948	-1.114764	1.147165	-0.358923	1.652125	1.338974	-0.682383	-1.376533	-1.676690	-0.111713	-2.680073	-2.301842	-1.527506	0.003756	0.572552	-0.101862	0.753791	0.093197	-0.700162	-0.457094
-1.368565	-1.372798	1.190495	0.072170	-0.026697	0.262841	-0.178450	-2.290780	-1.602229	-0.189470	-2.429587	-2.579176	-2.466648	-0.939903	-1.938578	-2.222744	-0.401184	-1.110161	-1.210483	-1.686190
-1.643089	-1.540164	1.136324	0.408217	-0.839375	-1.029318	0.630625	-2.438393	-1.094666	-1.059038	-0.857482	-1.955474	-2.874243	-1.604983	-3.231926	-2.670983	-1.187867	-1.984072	-1.067059	-2.239428
-1.572324	-1.598990	0.888229	-0.035297	-0.273680	-1.804776	0.843684	-1.937997	-0.760331	-2.291881	0.197179	-1.281302	-2.480656	-1.591865	-2.727146	-1.729527	-1.522624	-2.484266	-0.420921	-1.407370
-1.047700	-1.468912	0.212202	-1.247041	0.834774	-1.657972	0.592603	-1.134459	-0.805276	-2.785275	-0.356079	-0.987176	-1.329422	-0.909080	-1.128177	-0.541516	-1.343111	-2.546207	-0.130725	-0.088831
-0.177793	-0.937630	-0.819848	-2.213291	1.234070	-0.769786	0.713939	-0.241202	-0.820004	-1.834278	-1.470089	-0.572433	0.288690	0.058485	0.429048	0.149097	-0.611362	-1.844727	-0.644081	0.252432
0.710814	-0.014502	-1.588979	-1.898460	0.495397	0.248059	1.242298	0.501506	-0.447657	0.056920	-1.375892	0.379324	1.770881	0.701878	1.118852	0.248856	0.288421	-0.452790	-1.241219	-0.651172
1.257970	0.862822	-1.425137	-0.473805	-0.647672	0.806230	1.226741	0.764499	0.109648	1.563599	0.029914	1.267778	2.313770	0.592711	0.695972	-0.112197	0.669003	0.772816	-0.841406	-1.542837
1.314436	1.265687	-0.427527	0.779257	-1.144905	0.776187	0.234479	0.516780	0.523287	1.784187	1.080389	1.204170	1.658233	-0.016690	-0.349989	-0.657291	0.326773	1.058944	0.536450	-1.120239
0.980837	1.272517	0.446469	0.858847	-0.727430	0.531655	-0.785316	0.235498	0.883587	1.015012	0.601197	0.382875	0.607237	-0.318018	-0.988067	-0.840629	-0.126879	0.719506	1.646184	0.457271
0.432124	1.262450	0.343492	0.078688	-0.104415	0.490466	-0.678576	0.384538	1.385188	0.285178	-0.664803	-0.044315	0.201001	0.131350	-0.574274	-0.273859	-0.023733	0.730981	1.475259	1.769355
-0.169813	1.343353	-0.551613	-0.425499	-0.165750	0.625376	0.297127	0.766249	1.734073	0.293684	-1.273868	0.476372	0.415570	0.772778	0.324024	0.638161	0.487198	1.376309	0.347662	1.715259
-0.556405	1.307337	-1.284708	-0.027589	-1.111332	0.579101	0.681960	0.757006	1.428390	0.918528	-0.891335	1.171926	0.303051	0.706428	0.506770	0.944921	0.646469	1.864888	-0.690432	0.605184
-0.351307	1.117443	-1.227116	0.833107	-2.287917	0.292408	-0.343537	0.230601	0.644053	1.614856	-0.198423	1.097438	-0.499879	-0.050048	-0.311340	0.268274	0.078374	1.464633	-1.131037	-0.358969
0.552492	1.065439	-0.587195	1.385448	-2.742783	0.236670	-1.833289	-0.162802	0.286235	1.997864	0.406201	0.468473	-1.098119	-0.454670	-1.043509	-0.641289	-0.748941	0.532758	-1.212855	-0.404799
1.627287	1.297438	0.105857	1.435079	-2.022750	0.756055	-2.140028	0.110699	0.834474	1.950863	1.082781	0.281423	-0.577613	0.158463	-0.669917	-0.784010	-1.118980	0.026447	-1.149138	0.211491
2.026867	1.486220	0.596751	1.326169	-0.623591	1.372382	-0.919591	0.636997	1.549978	1.457325	1.716485	0.873738	0.616937	1.054430	0.354429	-0.116720	-0.839675	0.274878	-0.728468	0.746461
1.476125	1.254592	0.842198	1.270263	0.376844	1.194528	0.386125	0.559035	1.379618	0.662138	1.707739	1.482792	1.230521	1.039221	0.774562	0.532725	-0.253055	0.713502	0.175791	0.791115
0.651869	0.730478	0.719797	1.077993	0.323763	0.064659	0.261157	-0.224522	0.406018	-0.017141	0.826648	1.266475	0.889731	0.119151	0.328831	0.611383	0.268880	0.713574	1.067151	0.514525
0.371003	0.328456	0.132602	0.527554	-0.356025	-1.131736	-1.003412	-0.883352	-0.312969	-0.247552	-0.270490	0.285198	0.439917	-0.536670	0.010054	0.380912	0.530833	0.202280	1.196758	0.321628
0.514258	0.063018	-0.675545	-0.266332	-0.641857	-1.505989	-1.618436	-0.791712	-0.313007	-0.290862	-0.707356	-0.703023	0.512298	-0.216838	0.480877	0.284138	0.395627	-0.518363	0.491956	0.413160
0.188252	-0.496424	-1.156737	-0.931954	-0.043781	-1.177014	-0.532959	-0.390762	-0.317198	-0.769658	-0.349856	-1.131006	0.575338	0.539211	1.086830	0.291878	-0.091922	-1.105068	-0.220180	0.601465
-0.983291	-1.468553	-0.904529	-1.182398	0.947191	-0.942143	1.167754	-0.556330	-0.994532	-1.764467	0.119292	-1.085830	-0.121621	0.881410	0.866715	0.112886	-0.447635	-1.235355	-0.145389	0.471953
-2.205208	-2.241860	-0.037992	-1.040004	1.518190	-1.177162	1.560853	-1.318850	-1.853693	-2.485732	0.018964	-0.984986	-1.238123	0.633182	-0.061561	-0.289874	-0.102887	-0.757568	0.521935	-0.217914
-2.447450	-2.162405	0.859476	-0.783531	1.368263	-1.453615	0.285661	-1.689669	-1.952067	-2.154698	-0.573366	-0.999873	-1.698449	0.029152	-0.752063	-0.701296	0.725757	-0.016941	0.864999	-1.238645
-1.701098	-1.454541	1.185395	-0.681366	0.786543	-1.197110	-1.053941	-0.886833	-1.285798	-1.015743	-0.936988	-0.926010	-1.200402	-0.887164	-0.810831	-1.015495	0.939925	0.263564	0.377209	-2.025111
-0.862161	-0.965683	0.765766	-0.721552	0.179918	-0.376838	-0.955195	0.608276	-0.740847	-0.070197	-0.571909	-0.572357	-0.614645	-1.995493	-0.808855	-1.265106	-0.145359	-0.218984	-0.465069	-2.129447
-0.516996	-0.936381	-0.077179	-0.641472	-0.250036	0.531813	0.217385	1.548857	-0.701773	0.176269	0.183518	-0.072177	-0.610429	-2.515759	-1.161804	-1.280347	-1.617741	-0.819464	-0.801316	-1.497314
-0.356810	-0.611527	-0.874520	-0.324236	-0.509796	1.017700	0.978349	1.386943	-0.478670	0.242733	0.580873	0.314633	-0.540499	-1.515902	-1.287204	-0.703288	-1.803788	-0.662927	-0.339067	-0.374533
0.118193	0.538404	-1.367365	-0.075802	-0.696581	0.859591	0.750709	0.872460	0.491300	0.763665	0.417396	0.566897	0.582176	0.688699	-0.490229	0.389590	-0.406429	0.125641	0.437006	0.864071
0.771483	1.735736	-1.499290	-0.268567	-0.839339	0.189713	0.366491	1.014854	1.493876	1.485702	0.218062	0.846184	2.306322	2.279598	0.735751	1.189535	0.954198	0.476673	0.892238	1.772032
1.001382	1.725542	-1.242972	-0.729654	-0.811208	-0.580523	0.534132	1.717605	1.339461	1.593798	0.411719	1.082471	2.910527	1.758723	1.157577	0.956100	0.755884	-0.159053	0.835624	1.946176
0.518072	0.435584	-0.649510	-0.812791	-0.488833	-0.979894	0.681439	1.874845	0.036832	0.817308	0.730696	0.887779	1.521393	-0.265311	0.462218	-0.007133	-0.548427	-1.010653	0.463803	1.288901
-0.320017	-0.926001	0.012774	-0.221562	0.015466	-0.818773	-0.037966	0.860489	-1.163007	-0.243775	0.666428	0.096203	-0.737588	-1.808047	-0.389060	-0.678948	-1.338273	-1.061042	0.012681	0.183288
-0.874569	-1.367944	0.398706	0.496416	0.411851	-0.361511	-1.120107	-0.524582	-1.366300	-0.853049	0.214379	-0.770259	-2.038458	-1.818451	-0.559166	-0.584137	-0.991461	-0.420032	-0.337320	-0.673101
-0.774096	-0.997728	0.377537	0.527680	0.517794	-0.054181	-1.106095	-0.941061	-0.867288	-0.814279	-0.180880	-0.929160	-1.639107	-0.932636	-0.240430	-0.178931	-0.316128	-0.042510	-0.430288	-0.752801
-0.159672	-0.363817	0.090421	-0.224006	0.397386	-0.035859	0.359269	-0.157054	-0.268135	-0.394753	-0.299860	-0.282835	-0.117452	-0.017565	0.083168	0.071480	0.006137	-0.320427	-0.273545	-0.151006
