X1	X2	X3	X4	X5	X6	X7	X8	X9	X10	X11	X12	X13	X14	X15	X16	X17	X18	X19	X20
0.011042	-0.029434	0.038029	-0.055718	-0.138116	-0.067104	0.008983	0.035988	-0.023510	0.055673	-0.143242	-0.063013	-0.107314	0.240783	-0.285754	-0.256197	-0.070531	-0.172755	-0.273373	-0.368304
0.191172	-0.160424	-0.553278	-1.287670	0.092161	-1.117243	0.837236	-0.518242	0.505868	0.533367	-0.311341	-0.245642	0.370285	0.378896	-0.153502	-1.129645	-0.536665	-1.033650	-0.382844	-0.948354
0.142062	-0.449533	-0.533769	-1.445261	0.398275	-1.411878	1.400720	-0.085331	0.214486	0.534380	0.216726	-0.254351	0.587456	0.025057	-0.040318	-1.179623	-0.310869	-1.020811	0.267130	-0.732052
-0.037278	-0.683189	0.116481	-0.212090	0.819430	-0.533555	1.624009	1.031701	-0.501767	0.261142	1.198965	0.027555	0.920249	-0.402990	0.327490	-0.180077	0.500531	-0.139161	1.470066	0.461655
-0.051134	-0.558443	0.919630	1.687905	1.230677	1.149610	1.457268	1.631870	-0.650090	0.276962	1.839178	0.571202	1.631579	-0.244061	1.090524	1.301041	1.161306	0.901844	2.303822	2.021787
0.116864	-0.219258	1.381971	2.943283	1.308751	2.501020	0.777695	1.080292	-0.080051	0.571812	1.759917	1.161226	1.947610	0.267529	1.760006	2.287893	1.173562	1.456417	2.146599	2.947084
0.042471	-0.202588	1.246171	2.639395	0.791784	2.490456	-0.318794	-0.093176	0.407205	0.377524	1.129430	1.481740	0.853005	0.316988	1.613491	2.127940	0.716075	1.284805	1.155356	2.560308
-0.623918	-0.776681	0.527215	1.040961	-0.161572	1.162778	-1.345440	-1.002300	0.269872	-0.787341	0.103971	1.281636	-1.225846	-0.179491	0.596077	0.997728	0.204468	0.446262	-0.124231	1.010034
-1.543556	-1.481569	-0.402118	-0.581603	-0.957810	-0.399107	-1.812406	-1.298192	-0.116489	-2.134283	-1.233113	0.525234	-2.480515	-0.374418	-0.494502	-0.241231	-0.235049	-0.694506	-1.238229	-0.813492
-1.875836	-1.482244	-0.902035	-1.018911	-1.049429	-1.058502	-1.705418	-1.129782	-0.177185	-2.186975	-2.364914	-0.527760	-1.816075	0.180852	-0.811669	-0.711410	-0.640321	-1.447951	-1.854848	-1.840570
-1.169807	-0.430962	-0.568227	-0.087663	-0.484544	-0.468389	-1.412752	-0.683789	-0.022210	-0.478014	-2.354744	-1.402261	-0.213204	0.630087	-0.254218	-0.146596	-0.868668	-1.227774	-1.662031	-1.440792
0.127956	1.081283	0.342729	1.386472	0.097936	0.891014	-1.231122	-0.088578	-0.219497	1.714831	-0.771899	-1.702738	0.504997	-0.181849	0.588149	0.990505	-0.780927	-0.155662	-0.609066	0.199717
1.119557	2.011285	1.164879	2.389736	0.119369	2.179795	-1.069100	0.466148	-0.888125	2.615800	1.518805	-1.391694	-0.130510	-1.978036	1.063303	1.905159	-0.646432	0.933489	0.715587	2.089274
1.239329	1.791856	1.481511	2.485809	-0.296583	2.708386	-0.648574	0.822072	-1.472142	1.758396	2.871457	-0.696321	-0.822536	-2.995673	0.933219	2.054596	-0.888788	1.232962	1.332355	2.994590
0.607805	0.750241	1.394754	1.957610	-0.428392	2.341612	0.066250	0.983754	-1.494645	0.302453	2.389329	0.229535	-0.201017	-1.960878	0.435140	1.521351	-1.333905	0.722808	0.884351	2.386533
-0.168264	-0.310009	1.157638	1.360777	0.215918	1.584155	0.745510	0.986534	-1.145221	-0.336691	0.816989	1.313438	1.548765	0.315824	0.057239	0.877800	-1.154448	0.161374	0.231467	0.943233
-0.533537	-0.821670	0.739150	0.929116	1.223311	1.096493	1.083964	0.760319	-0.847271	0.108532	-0.333060	2.181237	2.940181	1.808048	0.151585	0.600245	0.107584	0.269278	0.503624	-0.090345
-0.486428	-0.784810	-0.041522	0.425397	1.606917	0.993109	1.188868	0.305844	-0.560388	0.766264	-0.431457	2.155505	2.804029	1.525580	0.577345	0.573086	1.697686	0.901339	1.550458	-0.160155
-0.515371	-0.576314	-0.985384	-0.366207	0.906978	0.749975	1.325692	-0.138417	0.029544	0.789458	-0.141182	1.018567	1.358442	0.337279	0.742628	0.242408	2.246450	1.131782	1.959307	0.113793
-0.921283	-0.549611	-1.451430	-1.139943	-0.209328	-0.086407	1.364007	-0.323691	0.798425	0.240834	-0.214623	-0.412153	-0.248962	-0.419960	0.182124	-0.690579	1.248556	0.281635	0.875604	-0.193788
-1.337886	-0.734369	-1.072883	-1.329207	-0.656180	-1.247889	0.921075	-0.253516	1.234927	-0.218642	-0.430923	-0.957407	-1.115298	-0.482330	-0.837920	-1.788182	-0.343241	-1.189716	-0.779792	-1.133905
-1.142265	-0.794300	-0.345278	-0.869696	-0.149168	-1.986347	0.156385	-0.004173	1.234042	-0.282007	-0.058365	-0.359261	-1.159332	-0.464602	-1.456073	-2.185320	-1.124826	-1.989560	-1.395664	-1.807202
-0.285527	-0.323698	-0.160544	-0.404549	0.527144	-1.916696	-0.092119	0.522317	1.276449	-0.358717	0.931327	0.515602	-0.773451	-0.634429	-1.128946	-1.446847	-0.632108	-1.273709	-0.565353	-1.437818
0.537151	0.678429	-0.765610	-0.551527	0.492794	-1.415227	0.670414	1.318599	1.604317	-0.941271	1.582142	0.837981	-0.256795	-0.578802	-0.300466	-0.111041	0.439475	0.438112	0.693291	-0.268300
0.644402	1.646730	-1.451827	-1.122957	-0.190735	-1.078166	1.782921	1.858677	1.710129	-1.807844	1.008314	0.741157	0.265914	-0.065312	0.110595	0.738912	1.192917	1.712484	1.381495	0.747469
0.139673	1.889833	-1.370438	-1.326380	-0.616600	-0.929677	2.078754	1.419484	1.048966	-2.100315	-0.473694	0.840879	0.547919	0.420735	-0.118952	0.567522	1.343961	1.554444	1.476888	0.983209
-0.226512	1.239710	-0.498074	-0.801376	-0.154248	-0.469708	1.158705	-0.048709	-0.048007	-1.271908	-1.539078	1.199970	0.201061	0.332454	-0.237764	-0.041832	1.075291	0.254230	1.352606	0.640706
0.133188	0.259961	0.357454	-0.255841	0.709679	0.402385	-0.386450	-1.669447	-0.676147	0.205434	-1.282061	1.213186	-0.830898	-0.133076	0.368439	-0.135831	0.511174	-1.042040	0.898623	0.216489
1.115257	-0.196741	0.473550	-0.735979	0.904816	0.932614	-1.801098	-2.438276	-0.479548	1.247204	-0.250200	0.464626	-1.911508	-0.286931	1.153724	0.363590	-0.298170	-1.407361	-0.252283	-0.223207
2.066589	0.242317	-0.036588	-2.155626	0.139058	0.452993	-2.644239	-2.102378	0.019923	1.190909	0.219640	-0.650328	-2.091445	0.171664	1.027655	0.579081	-1.019409	-0.746236	-1.812137	-0.904778
2.250908	1.005249	-0.463981	-2.962995	-0.673477	-0.496449	-2.554509	-1.141455	0.251754	0.310454	-0.387626	-1.290888	-1.001353	0.869261	-0.109280	-0.054010	-1.117824	0.377220	-2.698109	-1.592636
1.352759	1.000808	-0.316266	-1.780354	-0.580650	-0.714914	-1.312262	-0.131383	0.277042	-0.551588	-1.208773	-1.036294	0.646767	1.287478	-1.070532	-0.927885	-0.463766	1.231251	-2.089592	-1.544988
-0.151249	-0.241067	0.320138	0.771453	0.211084	-0.007474	0.535868	0.604982	0.448344	-0.704656	-1.155726	-0.308516	1.579328	1.272816	-0.807297	-1.019327	0.397379	1.328681	-0.477208	-0.548291
-1.186010	-1.883191	1.095773	2.492118	0.748102	0.481084	1.664549	0.872382	0.752442	-0.110910	-0.231224	0.037045	1.119577	0.961363	0.386242	-0.172421	0.800505	0.700468	0.676651	0.463695
-0.980265	-2.497293	1.726956	1.971225	0.636268	-0.117904	1.174599	0.557572	0.824578	0.650279	0.596379	-0.434608	-0.175545	0.494842	1.390845	0.781546	0.663104	-0.094091	0.455937	0.418446
0.133119	-1.554202	1.980297	0.085642	0.354273	-1.116099	-0.291907	-0.135345	0.516412	0.947700	0.589355	-1.222850	-1.110294	0.065709	1.554639	0.996853	0.430049	-0.432569	-0.564671	-0.481905
0.970783	-0.058987	1.651983	-1.098498	0.357427	-1.161872	-1.115207	-0.679166	0.121552	0.634587	-0.017803	-1.296015	-1.020060	0.025172	1.068850	0.354798	0.399011	-0.276355	-1.107280	-0.993349
0.588125	0.409252	0.737409	-0.603482	0.456034	-0.078197	-0.477504	-0.715228	-0.120370	-0.035522	-0.411323	-0.194048	-0.245685	0.503817	0.378149	-0.627296	0.376723	-0.206040	-0.676863	-0.439077
-0.924546	-0.709865	-0.484687	0.635385	0.228872	0.851472	0.762327	-0.446084	-0.517611	-0.833951	-0.117070	1.245157	0.443556	0.943741	-0.264419	-1.291770	0.054091	-0.661257	0.108367	0.542921
-2.594745	-2.361341	-1.625319	1.129465	-0.385399	0.497609	1.139770	-0.334759	-1.540828	-1.592810	0.512355	1.482770	0.668144	0.486512	-0.718201	-1.283612	-0.541328	-1.336768	0.500589	1.008181
-3.360827	-2.915552	-2.430592	0.557289	-1.178614	-0.744480	0.240234	-0.497334	-2.924956	-1.938427	0.697719	-0.181624	0.636945	-0.970179	-0.879876	-0.764432	-1.100669	-1.565675	0.406215	0.875903
-2.846941	-1.790104	-2.866499	-0.176865	-2.040826	-1.535660	-0.998463	-0.625377	-3.609751	-1.485112	0.125013	-2.688220	0.675401	-2.440540	-0.860203	-0.277962	-1.354124	-1.165423	0.111494	0.682093
-1.582209	0.070528	-2.976430	-0.325086	-2.846985	-1.244612	-1.493309	-0.496455	-2.883866	-0.465052	-0.651730	-4.023176	0.699105	-2.861524	-1.026582	-0.322271	-1.242256	-0.626060	-0.262949	0.563983
-0.440534	1.319123	-2.646946	-0.152458	-3.120153	-0.532240	-1.156755	-0.286649	-1.275093	0.247341	-0.844561	-3.081878	0.277636	-2.210690	-1.624604	-0.934749	-0.935496	-0.471556	-0.702006	0.135407
0.211904	1.539982	-1.615201	-0.265387	-2.314161	-0.299314	-0.693982	-0.221307	0.094346	0.101352	-0.382595	-0.700646	-0.673585	-1.273129	-2.319341	-1.593186	-0.702837	-0.649267	-0.990416	-0.648402
0.675794	1.274475	0.083524	-0.595815	-0.621483	-0.544270	-0.527708	-0.126643	0.764599	-0.381517	0.068979	1.227919	-1.393767	-0.483123	-2.304097	-1.567515	-0.557875	-0.619085	-0.868558	-1.117173
1.208240	1.024685	1.709366	-0.543054	0.857020	-0.568361	-0.342473	0.337074	1.033303	-0.259373	0.053241	1.564678	-0.890352	0.424795	-1.121124	-0.596503	-0.121254	0.028100	-0.426186	-0.699190
1.546481	0.742938	2.269502	0.059402	1.127436	-0.041167	0.202352	0.997823	1.040096	0.539724	-0.143806	0.717028	0.731642	1.489043	0.595805	0.664137	0.765333	1.033408	-0.071019	0.213517
1.396473	0.286055	1.606115	0.649194	0.375893	0.580820	0.717303	1.121072	0.543844	1.102073	-0.107456	-0.188336	1.960484	1.902965	1.479521	1.098015	1.338051	1.543418	-0.103108	0.633920
1.022605	-0.147140	0.683032	0.692034	-0.307138	0.724136	0.500448	0.321183	-0.264568	0.806042	0.016814	-0.501210	1.409875	0.958364	0.789225	0.316607	0.512056	0.912764	-0.444539	0.171607
0.958803	-0.201075	0.469250	0.312385	-0.217250	0.412980	-0.399021	-0.711437	-0.480957	0.196332	-0.118174	-0.324089	-0.490616	-0.652289	-0.698447	-0.737240	-1.502382	-0.431061	-0.749783	-0.541325
1.360427	0.337839	0.846562	-0.080227	0.333728	0.084500	-1.046292	-0.835638	0.472517	0.217682	-0.338539	-0.002906	-1.854966	-1.256885	-1.446508	-0.738292	-2.854179	-1.169508	-0.724098	-0.776852
1.930987	1.427413	0.991949	-0.463086	0.736287	-0.055861	-0.679444	0.178076	1.893693	0.908173	-0.130212	0.310022	-1.392593	-0.101553	-0.781949	0.489466	-1.978473	-0.420884	-0.390837	-0.673680
2.241035	2.539700	0.552061	-1.047808	0.972240	-0.143235	0.459697	1.307141	2.415734	1.378004	0.569825	0.674324	0.331082	1.724242	0.538318	1.766436	0.485277	1.257911	-0.027384	-0.844754
1.910740	2.639102	-0.046775	-1.605080	1.382084	-0.272213	1.469907	1.441964	1.533040	1.052845	1.220129	1.110615	1.701509	2.520703	1.391015	1.937848	2.361144	2.448165	0.227297	-1.268901
0.835863	1.089358	-0.323710	-1.534861	1.763348	-0.420717	1.645109	0.581884	0.185465	0.429881	1.287122	1.319092	1.661715	1.731752	1.499477	1.093577	2.373125	2.305763	0.541128	-1.220768
-0.483951	-1.231729	-0.260425	-0.728347	1.353259	-0.649776	0.906017	-0.332855	-0.253657	0.347721	0.696319	0.795434	0.378202	0.224176	1.366870	0.262977	1.317822	1.187298	0.989761	-0.375370
-1.165368	-2.399861	-0.014208	0.177308	-0.004647	-0.916336	-0.253925	-0.542236	0.561553	0.849655	-0.225947	-0.453771	-1.241477	-0.799157	1.350876	0.192642	0.775713	0.030561	1.230029	0.620660
-0.818622	-1.465973	0.428664	0.638562	-1.183348	-0.789600	-1.075141	-0.153716	1.597495	1.204651	-0.953309	-1.447969	-2.291014	-0.799436	1.241764	0.674801	1.179978	-0.540535	0.913734	0.967359
-0.004811	0.431416	1.000337	0.788042	-0.922757	0.042657	-1.074466	0.163538	1.574786	0.952665	-1.050751	-1.090421	-2.297408	-0.045904	0.698798	0.949142	1.494252	-0.547795	0.236001	0.637172
0.444580	1.435943	1.220719	0.853957	0.440924	0.966831	-0.521789	-0.104853	0.364786	0.451141	-0.620862	0.376847	-1.400558	0.781687	-0.277969	0.496218	0.630170	-0.442842	-0.340784	0.096338
0.366942	1.096435	0.583720	0.562125	1.112917	0.885283	-0.215365	-0.884817	-0.932228	0.233455	-0.335231	1.398240	-0.303056	1.042449	-1.387568	-0.572434	-1.180143	-0.668468	-0.741558	-0.485630
0.211572	0.526273	-0.694933	-0.279013	-0.009281	-0.218787	-0.595354	-1.568735	-1.303218	0.205423	-0.660991	0.937635	0.200272	0.468233	-2.237460	-1.639266	-2.584739	-1.259609	-1.144910	-1.121148
0.201050	0.637993	-1.680557	-0.979560	-1.864191	-0.852804	-1.225500	-1.490463	-0.900367	-0.137737	-1.161929	-0.238335	-0.095339	-0.666481	-2.429177	-1.979690	-2.546808	-1.789421	-1.281582	-1.302302
0.027079	1.011319	-1.638626	-0.548187	-2.402171	0.240522	-1.316120	-0.540989	-0.578618	-0.800442	-0.945320	-0.608298	-0.614691	-1.652684	-1.759438	-1.291328	-1.344120	-1.765869	-0.510318	-0.263413
-0.521467	0.767244	-0.758762	0.944002	-0.939251	2.360785	-0.584563	0.640021	-0.653176	-1.061053	0.230025	0.173481	-0.584562	-1.783582	-0.508265	-0.018202	-0.078099	-1.059488	1.190350	1.792864
-1.080194	-0.079462	0.145545	2.235861	1.202808	3.566762	0.576786	1.216400	-0.646886	-0.431528	1.617994	1.047728	0.243590	-0.889858	0.699017	1.020996	0.584586	0.092631	2.790647	3.401379
-1.198532	-0.729720	0.479017	2.281934	2.309358	2.903162	1.568708	0.938056	-0.272926	0.437727	2.263301	1.085559	1.443723	0.478528	1.457394	1.445129	0.894563	1.327452	3.165137	3.284209
-1.055315	-0.794880	0.284879	1.326402	1.980173	1.268311	1.969485	0.280824	-0.043182	0.337076	1.846138	0.523726	2.296354	1.442393	1.833129	1.533162	1.303414	2.207099	2.293074	1.763980
-1.242835	-0.739234	-0.017552	0.372601	1.083192	0.103142	1.628801	-0.199985	-0.524057	-0.923232	0.744854	0.097073	2.236498	1.435231	1.964787	1.533530	1.679927	2.197433	1.167766	0.269628
-1.830544	-1.027615	-0.110726	-0.029595	0.456149	-0.177808	0.719719	-0.487340	-1.384618	-1.982514	-0.429068	-0.041827	1.175027	0.581978	1.662001	1.115168	1.499677	1.004587	0.556887	-0.349198
-2.048581	-1.334024	0.021147	-0.109601	0.115938	-0.201308	-0.269828	-0.916165	-1.695253	-1.386124	-1.198720	-0.259793	-0.316457	-0.423586	0.668807	-0.109447	0.599618	-0.899253	0.210320	-0.489268
-1.170489	-0.990450	0.239611	-0.189750	-0.289124	-0.466574	-0.815232	-1.450555	-1.079800	0.594897	-1.337477	-0.610372	-1.219945	-0.870843	-0.739267	-1.686989	-0.564006	-2.317472	-0.515893	-0.813770
0.461234	-0.040872	0.452694	-0.184148	-0.723270	-0.676818	-0.755073	-1.449878	-0.153394	2.042682	-0.906089	-0.649496	-0.883806	-0.664676	-1.742320	-2.488032	-1.354031	-2.223590	-1.529780	-1.225475
1.613012	0.606394	0.618029	0.039118	-0.802834	-0.355080	-0.376109	-0.390003	0.299416	1.386036	-0.237859	-0.149168	0.205916	-0.424420	-1.730964	-1.944151	-1.432249	-0.739434	-1.946828	-1.173093
1.406941	0.210869	0.657538	0.198096	-0.399475	0.266189	-0.061147	1.278572	0.301129	-0.959150	0.245174	0.431528	0.797440	-0.758281	-0.895099	-0.711933	-0.860532	0.877881	-1.205704	-0.585274
0.180999	-0.915076	0.514048	-0.068392	0.177413	0.422651	0.086074	2.321214	0.532615	-3.066067	0.331328	0.458859	0.281550	-1.422571	0.106465	0.194735	0.027981	1.385360	0.145934	0.030710
-0.962410	-1.780668	0.269962	-0.577464	0.600923	-0.165453	0.205599	1.931953	1.269336	-3.402728	0.161704	-0.061327	-0.573523	-1.460579	0.834252	0.554326	0.794486	0.730675	1.000704	0.297307
-1.243262	-1.762522	0.087473	-0.774190	0.833207	-0.881323	0.362781	0.578832	1.874305	-2.098870	0.048233	-0.446391	-0.638952	-0.299199	1.177096	0.774632	1.088779	-0.020937	0.830491	0.304204
-0.672621	-1.001051	0.034202	-0.503479	0.923025	-0.996078	0.428596	-0.550629	1.579067	-0.463138	0.108373	-0.155576	0.112597	1.493973	1.072967	0.930658	0.812125	0.021989	0.094810	0.249131
0.316073	0.029491	0.038685	-0.212519	0.722728	-0.608476	0.281577	-0.818705	0.480386	0.466040	0.048151	0.490150	0.660848	2.688275	0.593811	0.668725	0.124619	0.535510	-0.387727	0.143164
1.256012	0.880655	-0.037286	-0.339309	0.047476	-0.494453	-0.004970	-0.607143	-0.565847	0.734769	-0.556047	0.596099	0.347123	2.491018	0.170801	0.040586	-0.647313	0.465072	-0.325830	-0.049993
1.675941	1.120647	-0.296685	-0.805378	-0.868164	-1.036869	-0.196994	-0.534194	-0.843275	0.988992	-1.520322	-0.198270	-0.336060	1.135099	0.220830	-0.267686	-1.071913	-0.503761	-0.181855	-0.299703
1.320851	0.574958	-0.594684	-1.182557	-1.304804	-1.639733	-0.058659	-0.508228	-0.228295	1.523419	-1.777903	-1.095391	-0.561013	-0.384515	0.553509	0.155782	-0.768584	-1.367288	-0.535045	-0.663536
0.624720	-0.199126	-0.475275	-1.171051	-0.740080	-1.458497	0.419953	0.099474	0.992323	1.986968	-0.469714	-0.979007	-0.313890	-1.050585	0.619783	0.782550	0.207047	-0.989928	-1.311926	-1.251891
0.431059	-0.233411	0.262829	-0.856526	0.384131	-0.511165	0.832344	1.313108	2.191238	1.845330	1.578435	0.135808	-0.257080	-0.574382	0.356708	0.826406	1.169521	0.389205	-1.815741	-1.794942
0.853941	0.646457	0.961186	-0.545000	0.910066	0.326185	0.576943	2.043586	2.417073	0.928408	2.275238	0.954717	-0.657677	0.341226	0.231325	0.293570	1.331106	1.323983	-1.544381	-1.590889
0.984941	1.389000	0.725753	-0.345402	0.223220	0.402458	-0.461381	1.240992	1.104291	-0.381468	0.693993	0.441397	-1.047704	0.615285	0.334924	-0.183027	0.615044	0.863685	-0.766031	-0.394546
0.228307	1.000254	-0.255452	-0.044442	-0.981088	-0.027812	-1.544995	-0.581816	-1.016107	-1.365144	-1.563612	-0.883723	-0.978351	-0.112127	0.086364	-0.377912	-0.310479	-0.358126	-0.141471	0.879702
-0.713274	-0.100459	-0.854369	0.429661	-1.534218	-0.313288	-1.709476	-1.675812	-2.343170	-1.505877	-2.185552	-1.592932	-0.545300	-1.084733	-0.810457	-0.666884	-0.849476	-0.987322	0.036339	1.056043
-0.859519	-0.608670	-0.677547	0.640774	-1.194497	-0.241263	-0.812657	-1.142559	-2.087488	-0.949088	-0.882860	-1.079864	-0.030504	-1.343968	-1.696353	-1.162716	-1.014268	-0.596552	-0.019782	0.231457
-0.339814	-0.007957	-0.605803	0.156460	-0.726400	-0.121555	0.247903	-0.055944	-1.044666	-0.290049	0.563123	-0.136128	0.437156	-0.864425	-1.782872	-1.376375	-1.071063	-0.020144	-0.100222	-0.397304
0.046982	0.893985	-1.212410	-0.687337	-0.678536	-0.232513	0.499367	0.029569	-0.393862	0.133812	0.733197	0.212151	0.685692	-0.372879	-1.230827	-0.998224	-1.016758	-0.055383	-0.279037	-0.280408
0.098015	1.063704	-1.665068	-1.015441	-0.717806	-0.447178	-0.004772	-0.780286	-0.294248	0.453301	0.066119	-0.044541	0.516897	-0.172092	-0.791271	-0.419831	-0.633063	-0.347074	-0.565004	-0.123067
0.128563	0.383941	-0.971618	-0.427403	-0.351928	-0.413331	-0.257035	-0.888116	-0.161151	0.712205	-0.181182	-0.114415	0.167808	0.126722	-0.649563	-0.130960	0.129544	0.024280	-0.589583	-0.462713
0.101650	-0.383564	0.439580	0.591938	0.258097	0.003556	0.419750	0.531727	0.159239	0.583517	0.407801	0.403393	0.229113	0.522468	-0.330601	-0.067447	0.988852	1.109976	0.007892	-0.648441
-0.193165	-0.491208	1.256871	1.286012	0.597765	0.524494	1.419974	2.282560	0.225048	-0.021737	1.244599	1.024560	0.792223	0.221211	0.292742	0.094582	1.482105	1.879331	0.952980	0.085132
-0.419499	0.039469	0.951067	1.314027	0.564332	0.743863	1.587674	2.577054	-0.115935	-0.454493	1.708994	1.115788	1.164105	-0.977131	0.622963	0.390511	1.284935	1.538998	1.435109	1.219315
-0.142223	0.481870	0.084698	0.784666	0.483175	0.545039	0.762269	1.163655	-0.358944	-0.011240	1.705666	0.661927	0.813963	-1.714343	0.247614	0.657341	0.523772	0.514076	0.967751	1.475499
0.179069	0.209410	-0.779608	-0.052905	0.461710	0.094626	-0.031831	-0.575432	-0.079313	0.968388	1.363690	0.042387	0.165000	-0.664705	-0.310457	0.845090	-0.245817	-0.198636	-0.021296	0.512143
-0.323016	-0.598099	-1.601010	-0.916100	0.134853	-0.498275	-0.066407	-1.374358	0.383047	1.299616	0.664191	-0.584202	-0.053867	1.316341	-0.249926	0.894250	-0.551234	-0.278981	-0.635364	-0.619033
-1.393705	-1.160085	-2.231745	-1.442275	-0.787209	-1.237628	0.097364	-1.292543	0.339478	0.492071	-0.403215	-1.259091	0.095368	1.961197	0.349640	0.566541	-0.499018	-0.291147	-0.511595	-0.815825
-1.669065	-0.983754	-2.104111	-1.353538	-1.908087	-1.897917	-0.434902	-1.156578	-0.291119	-0.417902	-1.470530	-1.786571	-0.065637	0.576169	0.586244	-0.220804	-0.566186	-0.789360	-0.197743	-0.228854
-0.565065	-0.334837	-1.008700	-0.776527	-2.338780	-1.940934	-1.443804	-1.351187	-0.809625	-0.136364	-1.897944	-1.779157	-0.736285	-0.984281	-0.032194	-1.043997	-0.898016	-1.560999	-0.435860	0.077676
0.801749	0.253409	0.293700	-0.240853	-1.584556	-1.070720	-1.858481	-1.534632	-0.601888	1.033248	-1.431403	-1.146964	-1.388618	-0.818445	-0.960233	-1.357348	-1.112192	-1.865533	-1.229602	-0.492253
1.152285	0.637111	0.797504	-0.191227	-0.124621	0.239250	-1.315327	-1.349159	0.114051	1.387984	-0.588489	-0.191278	-1.571326	0.583893	-1.454465	-1.213784	-0.913815	-1.324358	-1.824065	-1.414142
0.686739	0.939328	0.455384	-0.493414	1.036275	1.119438	-0.613718	-0.935226	0.632898	0.061066	-0.105794	0.813346	-1.290408	1.298561	-1.524876	-1.197315	-0.566059	-0.412142	-1.526093	-1.738938
0.431117	1.028340	0.195435	-0.533772	1.370811	1.258742	-0.429602	-0.601571	0.645880	-1.681146	-0.090058	1.740992	-0.593023	0.690905	-1.559875	-1.497854	-0.466217	0.062156	-0.349413	-1.094701
0.577996	0.611573	0.669001	0.082513	1.217612	1.153890	-0.376855	-0.342562	0.430552	-1.961840	-0.058570	2.240943	0.459531	-0.032694	-1.391938	-1.467849	-0.498528	-0.100437	1.044450	0.080252
0.439948	-0.186279	1.384780	0.982579	1.131298	1.262333	0.158064	0.041204	0.256871	-0.643242	0.243701	1.785104	1.279284	0.132331	-0.484188	-0.488140	-0.188627	-0.284966	1.826901	1.015035
-0.219431	-0.806911	1.405663	1.389280	1.108259	1.316755	0.867834	0.549429	0.071384	0.653885	0.511507	0.455836	1.048007	0.663105	1.002316	1.001579	0.582845	0.123440	1.584064	1.217083
-0.765210	-0.899602	0.662210	1.061001	0.746688	0.863844	0.915240	0.958220	-0.116209	0.732760	0.411114	-0.768169	-0.116340	0.633119	2.064031	1.883566	1.355814	0.909887	0.715567	0.842461
-0.661257	-0.611890	0.073367	0.546925	0.040609	0.143312	0.166389	1.066032	-0.008265	0.103436	0.028169	-1.037859	-1.012229	0.127315	2.000524	1.697566	1.584753	1.220263	0.134096	0.519720
-0.125922	-0.206648	0.346502	0.384900	-0.426939	-0.147784	-0.651247	0.821188	0.465389	-0.166824	-0.325011	-0.615748	-0.842092	-0.200483	1.192167	1.060731	1.148613	0.600207	0.320646	0.637366
0.347692	0.202699	1.142704	0.473886	-0.201821	0.182425	-0.925286	0.373474	0.741394	-0.045275	-0.432000	-0.306760	-0.213619	-0.302962	0.518297	0.734146	0.409483	-0.328632	0.848160	0.904018
0.567230	0.464811	1.621861	0.498495	0.442026	0.644156	-0.711081	0.093948	0.244958	-0.295418	-0.251667	-0.271362	-0.095206	-0.617410	0.402882	0.775593	-0.093662	-0.494441	1.038567	0.833763
0.540314	0.369232	1.402130	0.483202	0.784858	0.749288	-0.352635	0.249615	-0.709447	-1.061743	0.036312	-0.077924	-0.369751	-1.079888	0.592602	0.725295	-0.122484	0.254894	0.779248	0.437375
0.236883	-0.019076	0.667353	0.489468	0.383134	0.384222	-0.108196	0.473399	-1.195836	-1.502642	0.078007	0.305521	-0.223738	-1.079564	0.531043	0.243555	-0.020914	0.772539	0.395498	0.079987
-0.275383	-0.338270	-0.318159	0.211405	-0.516009	-0.322458	-0.158281	-0.049750	-0.888423	-0.935813	-0.257028	0.359359	0.398956	-0.434375	-0.133590	-0.566274	-0.332287	-0.003071	0.054250	-0.131510
-0.678558	-0.399364	-1.272735	-0.532709	-1.108984	-0.980864	-0.438327	-1.441765	-0.425254	0.217814	-0.563309	-0.082404	0.695383	0.231719	-1.099825	-1.254108	-1.035502	-1.520602	-0.277116	-0.390965
-0.626082	-0.370134	-1.626454	-1.191796	-0.665243	-0.978146	-0.425865	-2.492490	-0.393180	0.962366	-0.327767	-0.424876	0.331810	0.358723	-1.494498	-1.377774	-1.429858	-2.080837	-0.476998	-0.717318
-0.093301	-0.339699	-0.887212	-1.007366	0.680883	-0.107608	0.313109	-1.864265	-0.543158	0.899987	0.328848	-0.105238	-0.050848	0.249079	-0.793820	-0.865896	-0.961546	-0.892526	-0.320490	-0.820831
0.576841	-0.070301	0.503694	-0.067576	1.817370	0.938783	1.257627	0.061850	-0.378719	0.520244	0.697744	0.593722	0.082956	0.549100	0.366388	-0.068045	0.047735	0.894480	0.117478	-0.502843
0.960911	0.517232	1.296544	0.714792	1.714242	1.226188	1.296701	1.328850	-0.008010	0.443182	0.376703	0.874771	0.361900	1.166178	0.792241	0.537086	0.710128	1.523206	0.418342	0.024200
0.863147	0.928183	0.853112	0.710220	0.619572	0.683131	0.263362	0.753842	0.126285	0.710706	-0.187456	0.416814	0.236549	1.296062	0.211759	0.672975	0.520269	0.644102	0.271180	0.319105
0.409662	0.626022	-0.021377	0.220019	-0.228034	0.092271	-0.584018	-0.548973	0.046873	0.873505	-0.282219	-0.260297	-0.071158	0.616292	-0.390612	0.403593	-0.142733	-0.449941	-0.168177	0.167528
-0.076983	-0.150261	-0.172808	-0.054692	-0.146917	0.010928	-0.156403	-0.632633	0.202650	0.562434	0.137244	-0.425939	0.069439	-0.118627	-0.117585	0.068922	-0.415621	-0.477780	-0.423083	-0.178839
-0.335169	-0.592874	0.363268	0.155685	0.250728	0.181518	0.944816	0.783090	0.729069	-0.148130	0.427554	0.034220	0.652813	-0.066050	0.727051	0.067154	0.209387	0.462128	-0.157292	-0.229320
-0.395900	-0.390428	0.547809	0.507259	0.074880	0.080304	1.238706	2.114111	1.195287	-0.854093	0.134374	0.493936	0.916499	0.510717	1.234453	0.528055	1.357736	1.307921	0.483022	0.225005
-0.527847	-0.119470	-0.115238	0.525840	-0.611777	-0.359729	0.397034	2.043726	1.121087	-1.170557	-0.455128	0.295767	0.334451	0.609700	1.101281	1.079535	2.035689	1.337029	0.958718	0.800190
-0.840059	-0.352677	-0.884512	0.189454	-0.974781	-0.737395	-0.368652	0.987861	0.483926	-0.973730	-0.732258	-0.428864	-0.617468	-0.108845	0.713618	1.076568	1.575895	0.706972	0.848291	0.846815
-1.005329	-0.758112	-0.798191	-0.053427	-0.538213	-0.691190	-0.030067	0.238858	-0.311223	-0.418407	-0.460031	-0.822365	-0.943570	-0.921688	0.347890	0.298376	0.408532	0.002656	0.292775	0.185621
-0.595725	-0.511686	0.034977	0.023471	0.226780	-0.298114	0.852664	0.300921	-0.790588	0.189259	0.085626	-0.379330	-0.283964	-1.099317	-0.066876	-0.619809	-0.322978	-0.329749	-0.192730	-0.591412
0.319953	0.542039	0.526622	-0.065330	0.403619	0.000526	0.871219	0.520731	-0.707343	0.573349	0.438083	0.248929	0.664899	-0.751414	-0.440142	-0.732503	-0.069780	-0.189212	-0.365912	-0.721979
1.194202	1.624675	-0.031046	-0.864388	-0.410677	-0.162656	-0.425404	0.116876	-0.112543	0.659412	0.254574	-0.007270	0.924508	-0.360401	-0.416617	0.108391	0.452314	0.179144	-0.512634	-0.157931
1.630725	1.973508	-1.013286	-1.936914	-1.635401	-0.743755	-1.966497	-0.832401	0.707842	0.587782	-0.487407	-1.137346	0.218217	-0.013484	-0.029305	0.898422	0.186152	0.337154	-0.950488	0.333763
1.632690	1.595713	-1.209219	-2.134930	-2.212733	-1.344769	-2.388374	-1.501733	1.275523	0.472046	-1.378129	-1.899976	-0.881493	0.418338	0.051582	0.529812	-0.865893	0.032348	-1.478685	0.068616
1.209974	0.910683	-0.417338	-1.108536	-1.629530	-1.505012	-1.431879	-1.257517	1.081875	0.200901	-1.728782	-1.379873	-1.540391	0.685263	-0.610228	-0.837531	-1.596502	-0.505173	-1.578931	-0.708834
0.304942	0.138207	0.299108	0.080269	-0.351077	-0.994679	0.034588	-0.319369	0.115174	-0.309324	-1.062551	-0.093974	-1.253024	0.384273	-1.392439	-1.826307	-1.177751	-0.768942	-1.114180	-1.131139
-0.699684	-0.600045	0.161197	0.313598	0.778809	-0.013628	1.070323	0.566772	-0.744290	-0.731404	0.426825	0.868737	-0.135367	-0.255422	-1.236871	-1.393603	-0.066837	-0.481750	-0.518070	-0.783201
-1.028684	-0.974630	-0.249931	-0.111034	1.297845	0.854568	1.398633	0.937086	-0.426418	-0.586080	1.883202	1.220766	1.039239	-0.419065	-0.066931	0.008790	0.602759	0.186255	-0.191589	-0.114010
-0.474929	-0.741275	-0.071949	-0.070276	1.147725	1.011797	1.201973	0.851530	0.905546	0.053830	2.299622	1.311653	1.290767	0.224240	0.944139	1.013299	0.327239	0.775476	-0.036905	0.251561
0.168873	-0.185780	0.352421	0.629026	0.407418	0.328975	0.690575	0.500392	1.670780	0.545010	1.280655	1.091809	0.388872	0.940604	0.737407	0.791571	-0.382852	0.798503	0.180425	0.212235
0.065380	0.087755	0.073693	1.023786	-0.502551	-0.621371	0.160211	0.036310	0.689275	0.491615	-0.415866	0.257036	-0.692454	0.796021	-0.342865	-0.254181	-0.730599	0.105136	0.326614	0.036455
-0.639523	-0.223806	-0.723599	0.547813	-0.736684	-0.932585	0.081928	-0.232902	-1.178209	0.154047	-1.282511	-0.707097	-0.776774	-0.169085	-0.994949	-1.047522	-0.424913	-0.793528	0.129283	-0.153435
-1.116014	-0.848422	-0.777787	-0.159234	0.114677	-0.255486	0.599261	-0.016658	-1.940345	-0.098496	-0.501264	-0.723230	0.071215	-1.029879	-0.559835	-0.908646	0.193345	-1.044072	-0.282956	-0.422902
-0.872565	-1.168074	0.330592	-0.293261	1.225932	0.717654	1.109651	0.491088	-0.908947	-0.261398	1.012153	0.342977	0.695214	-1.083519	0.303181	-0.123315	0.581791	-0.375134	-0.455416	-0.656713
-0.121583	-0.698853	1.385248	0.070400	1.312029	0.987288	0.867439	0.731558	0.549035	-0.407088	1.481171	1.204369	0.460398	-0.488556	0.627983	0.473595	0.499825	0.516767	-0.173311	-0.491756
0.627796	0.416471	1.146744	0.359521	0.198756	0.394391	-0.063915	0.448921	0.851917	-0.396231	0.297919	0.741410	-0.055573	0.129098	0.296107	0.405657	0.142588	0.768039	0.305720	0.191297
0.958480	1.319823	0.017333	0.327666	-0.955007	-0.312873	-0.865817	-0.065892	0.080711	-0.174866	-1.232086	-0.468166	-0.180890	0.359653	-0.136736	-0.046907	-0.158571	0.334553	0.568832	0.867372
0.672575	1.117660	-0.585687	0.120545	-1.012038	-0.436491	-0.892508	-0.412637	-0.483306	0.011773	-1.381742	-0.875342	-0.082026	0.220271	-0.302763	-0.316275	-0.264373	-0.133632	0.427910	0.790606
-0.088788	-0.155809	-0.174186	-0.107179	-0.010381	0.005393	-0.253383	-0.516251	-0.259430	-0.002430	0.030608	-0.029516	-0.132599	-0.087223	-0.264596	-0.234821	-0.241579	-0.270397	-0.000624	-0.103649
