X1	X2	X3	X4	X5	X6	X7	X8	X9	X10	X11	X12	X13	X14	X15	X16	X17	X18	X19	X20
0.078586	0.151220	-0.059995	0.006762	-0.040354	0.154604	0.093798	0.028412	-0.075833	0.051641	0.039340	0.037765	-0.111109	-0.023647	0.002689	-0.073078	0.079071	0.132630	0.104598	0.294892
0.663440	0.238270	-0.285232	-0.639363	-0.221927	-0.465097	-0.148104	0.873471	1.004758	0.079114	1.033830	1.042399	0.494290	1.271420	-0.363800	0.277561	0.369534	-0.192824	1.166287	0.817151
0.646447	0.215643	0.399845	-0.154229	-0.234224	-0.504503	-0.787959	0.344701	0.926835	-0.061842	1.673410	1.597309	0.608668	1.571011	0.500614	1.073451	0.351988	-0.415387	0.896169	0.938340
0.183861	0.208410	1.606040	1.242341	0.181320	0.194555	-1.142396	-0.813308	-0.112433	-0.322785	1.680960	1.615555	0.387241	1.009232	1.951262	1.866008	0.120582	-0.457889	-0.445988	0.524331
-0.050827	0.356528	2.191240	2.239015	1.057983	1.174077	-0.277307	-0.782589	-0.841906	-0.450974	1.174813	1.316516	0.333318	0.556617	2.381010	1.851459	0.093494	-0.202572	-1.418319	-0.177216
0.187847	0.437971	1.766358	1.886083	1.812443	1.581405	1.316801	0.587872	-0.460596	-0.298057	0.650332	0.862774	0.534351	0.694024	1.460038	0.988932	0.465237	0.391354	-1.187150	-0.689027
0.350830	0.032764	1.012242	0.525746	1.566967	0.855732	1.871174	1.391746	0.471159	-0.049458	0.389086	0.245716	0.554450	0.798361	0.409534	0.009968	0.877281	1.033189	-0.337157	-0.653191
-0.112023	-0.777305	0.583998	-0.666404	0.188657	-0.544429	0.556328	0.340138	0.826104	0.046515	0.170999	-0.391488	0.076696	0.070903	0.194981	-0.518280	0.859205	1.253781	0.182712	-0.100569
-0.840801	-1.164551	0.357776	-0.831107	-1.225450	-1.288526	-1.202663	-1.308184	0.281485	0.103277	-0.196424	-0.602499	-0.644278	-1.220253	0.458227	-0.563353	0.458799	0.915868	0.263709	0.540965
-0.882298	-0.433477	-0.036524	-0.094047	-1.395513	-0.503411	-1.389385	-1.407036	-0.424975	0.419658	-0.444061	-0.161500	-1.061775	-1.864570	0.422138	-0.184189	0.088986	0.285674	0.322930	0.689958
0.064724	0.917238	-0.463423	0.726365	-0.378692	1.033434	0.043656	0.149727	-0.469791	0.856314	-0.305995	0.391245	-0.869413	-1.097649	-0.007479	0.559308	-0.138055	-0.431618	0.305812	0.071089
1.153805	1.530638	-0.507774	0.941950	0.470111	1.544408	1.209875	1.348431	0.177984	0.806577	-0.088987	0.224449	-0.165612	0.477456	-0.474008	1.138649	-0.436645	-1.191532	-0.191842	-0.856697
1.382113	0.806488	-0.212773	0.538758	0.204091	0.314277	0.817656	0.791282	0.882334	0.034507	-0.255076	-0.648215	0.704808	1.547607	-0.857715	0.759013	-0.708542	-1.661607	-0.965087	-1.147190
0.764018	-0.270041	-0.089463	0.005449	-0.590633	-1.385742	-0.327249	-0.650287	1.073628	-0.775191	-0.588166	-1.196628	1.312441	1.482502	-1.146751	-0.517930	-0.489534	-1.290661	-1.249780	-0.436440
0.133605	-0.359144	-0.345950	-0.233289	-0.750752	-1.835217	-0.697495	-1.277744	0.726998	-0.721299	-0.386274	-0.666412	1.310691	0.813120	-1.035900	-1.418163	0.215355	-0.191470	-0.888931	0.415635
-0.044809	0.456939	-0.520783	-0.129600	-0.119822	-0.885526	-0.072006	-0.710015	0.264900	0.148935	0.428376	0.372639	0.665831	0.364445	-0.310660	-0.870297	0.612627	0.595957	-0.622458	0.342118
-0.145985	0.769916	-0.124127	0.113453	0.466889	0.164470	0.523118	0.121024	0.147931	0.817750	0.978599	0.780365	-0.290579	0.253166	0.545147	0.536774	0.114166	0.283543	-0.840432	-0.358703
-0.594454	-0.242667	0.609931	0.256674	0.487781	0.404458	0.400034	0.497900	0.492040	0.553486	0.528824	0.360421	-1.123813	-0.008027	0.738250	1.212065	-0.745034	-0.600800	-0.819589	-0.282718
-1.126441	-1.671227	0.956850	0.128633	0.231902	0.204622	-0.112023	0.535041	0.914465	-0.194387	-0.519175	-0.042364	-1.561914	-0.606112	0.182688	0.576004	-0.961541	-0.931216	0.149185	1.043328
-1.172992	-2.038300	0.639973	-0.218504	0.039771	0.271341	-0.444223	0.485543	0.789599	-0.441486	-1.153794	0.123044	-1.479064	-1.068449	-0.318450	-0.270253	-0.397881	-0.479254	1.422989	2.232915
-0.671059	-1.136266	0.205701	-0.377220	-0.126716	0.639153	-0.457280	0.331063	-0.113845	0.046788	-1.014557	0.427596	-0.826164	-0.945330	-0.006468	-0.013495	0.187688	-0.004886	1.644237	1.706414
-0.119755	-0.112062	0.291702	0.071343	-0.202483	0.912078	-0.190870	0.196462	-1.195609	0.528239	-0.664874	0.317218	0.167597	-0.527843	0.946583	1.226169	0.354995	-0.008503	0.554882	-0.293325
0.021054	0.059637	0.680958	0.826615	0.062906	0.864080	0.383585	0.405989	-1.459973	0.306025	-0.705875	-0.036048	0.823571	-0.526373	1.505420	1.948490	0.453716	-0.185493	-0.614953	-2.000854
-0.319262	-0.450809	0.407257	0.804780	0.365367	0.374757	0.987306	0.767052	-0.557842	-0.418063	-1.064911	-0.230348	0.470268	-1.070683	0.662859	0.827806	0.692620	-0.212018	-0.706136	-2.106224
-0.933887	-0.882894	-1.016786	-0.644267	-0.140063	-0.697903	0.907778	0.444586	0.749396	-0.872960	-1.234655	-0.476277	-0.710492	-1.377021	-1.521317	-1.786680	0.527505	-0.271553	0.044385	-0.849198
-1.435485	-0.807972	-2.695391	-2.538182	-1.488804	-2.027007	-0.189150	-0.869600	1.354396	-0.636680	-0.893005	-1.225210	-1.565273	-0.645655	-3.620929	-3.903640	-0.458528	-0.441757	0.549595	0.608045
-1.286088	-0.268167	-3.114611	-2.978851	-2.304029	-2.597521	-1.527881	-2.120314	0.936470	0.018338	-0.156663	-2.143701	-1.049439	0.815207	-3.902496	-3.698223	-1.596513	-0.236123	0.298413	1.290259
-0.162928	0.548434	-1.890513	-1.351156	-1.425455	-1.699361	-1.889249	-1.993589	0.110928	0.568355	0.578888	-2.220105	0.597052	1.658931	-2.044814	-1.437381	-1.796302	0.662125	-0.224390	0.974612
1.502090	1.362956	-0.318191	0.747873	0.292774	-0.071505	-1.070377	-0.715317	-0.472124	0.748947	0.948796	-1.044349	1.998759	0.890490	0.354264	0.730773	-0.988660	1.608724	-0.381334	0.161795
2.600238	1.713521	0.106637	1.246457	0.836156	0.614947	-0.203075	0.070041	-0.803542	0.584101	0.882736	0.568544	2.029510	-0.900904	1.339666	1.117724	-0.220486	1.566782	-0.182556	-0.456253
2.237993	1.212182	-0.633932	-0.099979	-0.365247	-0.366727	-0.384566	-0.581617	-1.158257	0.119940	0.579845	1.457467	0.914059	-1.981141	0.588427	0.216107	-0.252950	0.392631	-0.099640	-0.730532
0.543940	-0.014535	-1.295849	-1.668935	-1.660028	-1.886617	-1.337131	-1.635204	-1.453993	-0.661265	0.157255	1.220945	-0.115490	-1.284373	-0.493987	-0.280194	-0.633634	-0.875848	-0.351829	-1.150984
-1.458859	-1.315903	-1.013328	-1.970821	-1.289409	-2.207181	-1.786042	-1.432306	-1.383739	-1.612976	-0.511055	0.285341	-0.180695	0.391385	-0.574907	0.258204	-0.419144	-1.081983	-0.665190	-2.015064
-2.655141	-2.003829	-0.129813	-1.028396	0.505882	-0.842287	-0.997037	0.142130	-1.024225	-2.218583	-1.377919	-0.675294	0.351012	1.250335	0.208266	0.818104	0.548856	-0.103582	-0.671216	-2.733598
-2.474669	-1.753537	0.616076	0.216559	1.984145	1.119227	0.461709	1.560150	-0.792908	-1.831297	-1.832783	-1.093650	0.423843	0.524815	0.819809	0.385457	1.442409	1.079490	-0.253908	-2.322870
-1.035198	-0.605630	1.097859	1.147968	1.974944	2.291091	1.489603	1.601259	-0.709076	-0.317802	-1.175772	-0.680804	-0.320413	-0.668551	0.830737	-0.565165	1.413575	1.361458	0.494928	-0.569454
0.975333	1.095549	1.604092	1.722577	0.873319	2.188725	1.600042	0.684711	-0.195360	1.542803	0.435462	0.285256	-0.990099	-0.669664	0.828171	-0.674701	0.494886	0.540716	1.309788	1.523116
2.557055	2.622370	1.979900	1.879139	-0.169794	1.239399	1.117698	0.034730	1.043822	2.506652	1.860466	0.975565	-0.501358	0.775610	1.342834	0.472922	-0.503774	-0.582792	1.655130	2.544071
2.904120	3.072776	1.558656	1.333446	-0.464247	0.099999	0.537876	0.097995	2.277132	1.903398	2.032198	0.740053	0.982577	2.279342	1.880481	1.664041	-0.832773	-1.098008	1.031921	1.939664
1.978578	2.114403	0.124389	0.116602	-0.155408	-0.739208	0.079937	0.301841	2.379948	0.281731	1.018128	-0.126538	2.083262	2.463287	1.471191	1.422535	-0.414285	-0.868544	-0.319431	0.479749
0.592676	0.516032	-1.391304	-1.038230	0.193467	-0.933470	-0.164349	0.118837	1.167796	-1.025289	-0.127631	-0.639250	1.774495	1.377061	0.091145	-0.180619	0.304908	-0.469322	-1.335708	-0.565661
-0.258722	-0.446027	-1.611500	-1.228345	0.169476	-0.354652	-0.046496	-0.230872	-0.326323	-1.070127	-0.489653	-0.244421	0.533510	0.087233	-0.995995	-1.504570	0.896799	-0.390267	-1.135588	-0.665750
-0.257971	-0.291980	-0.237012	-0.333480	-0.198734	0.660822	0.431082	-0.239797	-0.998467	-0.114695	-0.108016	0.539912	-0.365527	-0.675440	-0.660983	-1.227072	1.227670	-0.519742	0.021898	-0.281255
0.059091	0.182934	1.407055	0.784277	-0.537241	1.395468	0.899848	0.149258	-0.771536	0.708711	0.314437	0.783536	-0.411562	-0.967001	0.612445	0.123058	1.297143	-0.413734	1.051075	0.035803
-0.000833	-0.045378	1.690140	1.154263	-0.456589	1.362594	0.923351	0.561459	-0.406532	0.599060	0.339828	0.318857	-0.244352	-1.003145	1.228751	0.903362	1.025420	0.115696	1.167487	0.322392
-0.494178	-0.889291	0.510239	0.666494	0.185239	0.827626	0.560314	0.775281	-0.495372	-0.107868	0.241574	-0.021157	-0.582832	-0.783556	0.495124	0.421824	0.352921	0.774353	0.477658	0.756954
-0.832403	-1.230732	-0.584468	0.055553	1.179575	0.529178	0.382928	0.944140	-0.885429	-0.428752	0.469599	0.530650	-1.297929	-0.426962	-0.507623	-0.353577	-0.470825	1.068536	-0.336559	1.026832
-0.528919	-0.382761	-0.295483	-0.001560	1.922105	0.810231	0.715671	1.155304	-1.014647	0.075566	0.881167	1.566389	-1.720068	-0.260738	-0.481969	-0.304463	-0.892721	0.765436	-0.601394	0.713907
0.220193	0.927834	0.804845	0.403996	1.633761	1.188828	1.021850	1.068326	-0.629125	0.830477	0.871394	1.838231	-1.475622	-0.303177	0.237421	0.292721	-0.565549	0.129805	-0.094842	0.097959
0.802374	1.362623	1.047350	0.639975	0.128024	0.959584	0.463713	0.326220	-0.091725	0.977928	0.305931	0.797285	-0.722755	-0.137718	0.228364	0.359015	0.150788	-0.282538	0.706368	-0.059017
0.872901	0.548744	-0.142185	0.306335	-1.545645	0.103409	-0.866651	-0.754075	0.054066	0.335997	-0.153387	-0.615682	0.193527	0.386829	-0.864184	-0.261011	0.440594	-0.125509	0.912128	0.439421
0.536283	-0.593698	-1.530723	-0.395736	-1.810715	-0.683121	-1.748578	-1.310428	-0.202680	-0.475198	0.023952	-1.094045	0.935955	0.766813	-1.767459	-0.589431	-0.048050	0.436314	0.168151	0.943770
-0.053021	-1.086106	-1.683931	-1.002614	-0.320297	-0.857694	-1.194662	-0.905279	-0.241940	-0.695762	0.389550	-0.574391	1.098862	0.538293	-1.401746	-0.047558	-0.698743	0.938585	-0.694039	0.878304
-0.863939	-0.927865	-0.598328	-1.223297	1.406301	-0.592809	0.295461	-0.057672	0.427841	-0.089936	0.129246	-0.122446	0.374587	0.011406	-0.323237	0.707632	-0.612952	1.043602	-0.447534	0.458117
-1.650171	-0.670122	0.640884	-0.965412	1.623285	-0.339864	1.266855	0.436332	1.433761	0.909151	-0.695891	-0.305378	-0.978197	-0.133908	0.221606	0.827373	0.247208	0.718124	0.935804	0.211821
-1.868181	-0.468994	1.243779	-0.258167	0.397458	-0.173859	0.962369	0.468746	1.792699	1.528487	-1.146234	-0.453365	-2.037191	0.222136	0.022882	0.431059	0.939389	0.162992	1.983170	0.164309
-1.296221	-0.110014	1.179575	0.573196	-0.587174	0.118608	0.017343	0.539668	0.937292	1.189831	-0.661666	0.140503	-1.909053	0.545697	-0.080762	0.170252	0.686222	-0.281570	1.403137	-0.081519
-0.493704	0.272936	0.661520	0.909601	-0.237537	0.495000	-0.504710	0.829693	-0.633575	-0.028637	0.229208	0.952137	-0.641149	0.403177	0.369054	0.115321	-0.168589	-0.318158	-0.266398	-0.576858
-0.222562	0.184257	-0.067648	0.466025	0.618028	0.616336	-0.325091	0.859163	-1.775952	-1.330602	0.652403	0.855386	0.667670	-0.077004	0.833096	-0.190743	-0.630943	0.009596	-1.231961	-0.802405
-0.487883	-0.408470	-0.488477	-0.142682	0.490393	0.391039	0.034782	0.268409	-1.739437	-1.745638	0.446865	-0.233352	0.865727	-0.517474	0.724487	-0.685083	-0.293710	0.314189	-0.615560	-0.414577
-0.553981	-0.784933	-0.103723	0.014230	-0.693795	0.178093	0.104219	-0.492882	-0.822350	-0.982346	0.179600	-1.109482	-0.072162	-0.740970	0.280607	-0.611667	0.263208	0.338141	0.474471	0.073546
0.036126	-0.377130	0.717051	0.876602	-1.542711	0.205753	-0.116685	-0.716700	-0.055617	0.190871	0.264307	-0.851429	-1.010596	-0.785404	0.001793	0.232320	0.284407	0.255124	0.326377	-0.191073
0.814561	0.332136	0.792771	1.214901	-1.153285	0.095155	-0.466048	-0.469958	-0.188355	0.581375	0.381531	-0.025453	-0.904757	-0.690176	-0.292997	0.749553	-0.296640	0.278295	-1.209276	-1.162292
0.948606	0.285334	-0.403184	0.208757	-0.243567	-0.571103	-0.829791	-0.485858	-0.929652	-0.245301	-0.054224	0.174100	0.084009	-0.449457	-1.059409	-0.130394	-0.919631	0.209017	-2.438526	-1.661086
0.234682	-0.781097	-1.695846	-1.207080	0.060975	-1.328683	-0.945617	-0.968132	-1.282795	-1.462265	-0.939822	-0.338585	0.898629	-0.123749	-1.833551	-1.654518	-1.075551	-0.261624	-1.833182	-0.767382
-0.684616	-1.845258	-1.406305	-1.303569	-0.174879	-1.137878	-0.500409	-1.147025	-0.691641	-1.798772	-1.365829	-0.403986	0.839997	0.116034	-1.459681	-1.850063	-0.741507	-0.960904	0.105116	0.850739
-0.999618	-1.688150	0.408086	0.201831	-0.099542	0.145269	0.281148	-0.442321	0.316510	-0.853598	-0.743818	0.625031	0.238209	0.100315	0.134594	-0.153205	-0.275605	-1.366298	1.435844	1.565329
-0.421448	-0.245975	1.745052	1.650695	0.363059	1.213804	0.559660	0.428943	0.801294	0.537187	0.245569	1.703023	-0.040903	-0.152275	1.356241	1.638073	-0.059198	-1.278057	1.064060	0.717624
0.760644	1.394882	1.066519	1.481004	0.376485	0.806572	-0.124916	0.259184	0.572920	1.266847	0.399139	1.337289	0.535834	-0.341983	0.947827	1.719881	-0.195219	-0.976113	-0.154978	-0.640906
2.009912	2.220396	-0.797899	0.096295	-0.375775	-0.608437	-0.996159	-0.853033	0.389430	1.125035	-0.401178	-0.331716	1.777304	-0.059736	-0.153711	0.651179	-0.431636	-0.752096	-0.726761	-1.103992
2.773973	2.159771	-1.822052	-0.865315	-1.059281	-1.383873	-0.748319	-1.358455	0.961021	0.833830	-1.006445	-1.578555	2.925151	0.802265	-0.075727	0.266303	-0.391569	-0.687912	-0.332086	-0.500032
2.623390	1.733003	-1.332103	-0.674165	-0.815508	-0.806424	0.837241	-0.207675	2.027020	1.002787	-0.578050	-1.305138	3.102970	1.752551	1.258346	0.860078	0.044284	-0.849277	0.168578	0.244790
1.507276	1.228184	-0.456128	-0.122484	0.126136	0.128863	2.441240	1.700824	2.627690	1.346628	0.300639	-0.366534	1.910250	1.940002	1.964981	0.925721	0.573493	-1.209376	0.181658	0.469218
-0.087714	0.504572	-0.217701	-0.096945	0.813811	0.182079	2.547833	2.511994	2.162930	1.106873	0.479022	-0.249239	-0.151676	0.915194	0.869719	-0.342076	0.711588	-1.341015	0.054794	0.398344
-1.422711	-0.524794	-0.283340	-0.426032	0.615635	-0.653066	0.936189	1.460110	0.911264	0.069721	-0.245587	-1.058096	-1.922458	-0.755369	-0.905774	-1.760130	0.196920	-0.721653	0.163874	0.374511
-1.993738	-1.478212	0.035950	-0.507306	-0.345732	-1.505326	-1.289448	-0.551081	-0.461860	-1.100559	-0.998397	-1.542461	-2.465462	-1.807592	-1.592086	-1.924028	-0.811762	0.459095	0.025365	0.081076
-1.679976	-1.685948	0.459112	-0.387073	-1.413560	-1.849259	-2.827316	-2.130837	-1.536732	-1.550688	-1.053572	-0.914726	-1.773946	-1.458834	-1.045082	-1.116689	-1.845899	1.265554	-1.039873	-0.943194
-0.622853	-0.843903	0.205986	-0.539561	-1.827158	-1.797840	-3.108680	-2.618762	-2.142765	-1.110392	-0.648655	0.105235	-0.630869	-0.259833	-0.498090	-0.581579	-2.375821	1.099813	-2.586532	-2.240936
0.713228	0.481018	-0.639331	-0.894253	-1.225902	-1.474028	-2.358031	-2.165955	-2.117889	-0.440573	-0.395038	0.308101	0.112248	0.466844	-0.621795	-0.662980	-2.036751	0.502830	-3.145081	-2.571551
1.499496	1.166578	-1.068380	-0.803828	0.069380	-0.685133	-1.109997	-1.130556	-1.454861	-0.350050	-0.245709	-0.389766	0.130092	0.094792	-0.846038	-0.672422	-0.793399	0.556518	-1.895185	-1.328822
1.102074	0.610074	-0.448171	-0.010346	1.369024	0.678657	0.204594	0.236816	-0.557145	-0.939247	0.469030	-0.828360	-0.266738	-0.655545	-0.502025	-0.199030	0.979961	1.636571	0.276757	0.630780
-0.121442	-0.534443	0.704962	0.899949	2.172743	2.184479	1.288695	1.560393	0.042441	-1.428604	1.909746	-0.087589	-0.478860	-0.698921	0.238527	0.417499	2.586327	2.958679	1.800297	1.894500
-0.939944	-0.952549	1.413446	1.229769	2.328761	3.005316	1.824762	2.171594	0.292019	-0.941756	3.063150	1.299816	-0.188693	0.007485	0.788021	0.815444	3.325432	3.300354	2.149404	1.947397
-0.471913	-0.084899	1.327185	1.027263	1.891362	2.633824	1.572193	1.597397	0.640001	0.501790	2.650609	1.888663	0.309333	0.384804	0.921213	1.004790	2.914537	2.131791	2.045883	1.426695
0.813279	1.234233	0.867405	0.866033	1.088082	1.421952	0.702375	0.256873	1.257914	1.876141	0.646630	0.937075	0.412684	-0.390132	0.773019	0.960810	1.657964	0.122945	2.142900	1.135810
1.547090	1.672170	0.469133	0.887896	0.243389	0.247394	-0.164135	-0.726277	1.561088	2.125907	-1.497490	-0.796885	-0.085318	-1.704367	0.392414	0.481717	0.186385	-1.460902	2.154704	1.162328
0.947356	0.832103	0.057082	0.535583	-0.492653	-0.362320	-0.425236	-0.643212	0.950507	1.254603	-2.279334	-1.861709	-0.664366	-2.010560	-0.260680	-0.295529	-0.920454	-1.898529	1.464529	0.986350
-0.316566	-0.346802	-0.584489	-0.536443	-1.173283	-0.564861	0.012620	0.100935	-0.107845	0.371797	-1.576689	-1.493878	-0.578619	-0.559288	-0.930640	-0.692804	-1.287810	-1.496316	0.129221	0.227998
-0.919242	-0.628734	-1.198781	-1.673526	-1.704118	-0.702219	0.679522	0.558445	-0.393648	0.551667	-0.548713	-0.190646	0.278584	1.603096	-1.085180	-0.207576	-0.844563	-0.994986	-1.098895	-0.864918
-0.456622	0.200831	-1.202970	-1.836239	-1.759801	-0.838849	0.890294	0.233495	0.439243	1.612248	-0.295297	0.881621	1.134310	2.614300	-0.501468	0.728915	-0.031884	-0.765018	-1.600470	-1.663612
0.124205	1.177373	-0.478868	-0.892922	-1.238230	-0.909043	0.272322	-0.648122	1.123589	2.192080	-0.787979	0.998923	1.120672	1.744818	0.357602	1.089997	0.310898	-0.726911	-1.431441	-1.787009
-0.173310	1.287241	0.310219	0.179227	-0.524909	-0.948026	-0.828985	-1.515181	0.276093	1.240929	-1.090296	0.533265	0.289147	0.139212	0.731571	0.404461	-0.316679	-0.798975	-1.036013	-1.359795
-1.057275	0.558779	0.404304	0.419277	-0.073811	-0.931138	-1.507629	-1.795957	-1.618158	-0.648736	-0.486408	0.490214	-0.376095	-0.464635	0.296203	-0.687511	-1.419491	-1.023345	-0.668234	-0.680888
-1.384902	-0.129482	-0.221821	-0.203223	0.069546	-0.661059	-1.074584	-1.141629	-2.508604	-1.723701	0.720803	1.279751	-0.114957	0.436812	-0.522096	-1.159318	-1.853396	-1.214335	-0.268637	0.083148
-0.762179	-0.205823	-0.927117	-1.062513	0.126757	-0.093204	0.276486	0.282580	-1.260928	-1.006608	1.529105	2.083733	0.615337	1.713613	-0.920739	-0.705979	-0.943684	-0.889495	0.168769	0.701429
-0.072656	-0.048388	-1.156501	-1.585231	0.190933	0.442303	1.651507	1.722082	0.840103	0.529150	1.256451	1.752130	0.649101	1.884375	-0.447333	0.044859	0.808218	0.097839	0.360642	0.691014
-0.257721	-0.356103	-0.826323	-1.442919	0.213087	0.632817	2.222759	2.299579	1.567051	1.002402	0.188311	0.284645	-0.381061	0.592299	0.554281	0.327962	2.136395	1.037508	0.073203	-0.186365
-1.113873	-1.164628	-0.042870	-0.475947	0.197888	0.631591	1.727382	1.680277	0.305046	-0.287148	-0.722962	-0.996347	-1.483267	-1.147875	1.265933	0.056113	2.120078	0.979683	-0.335722	-1.252432
-1.671420	-1.817035	1.111463	1.084590	0.149889	0.825636	0.434539	0.309510	-1.477886	-2.129839	-0.693969	-0.904535	-1.514101	-2.000314	1.276691	-0.154921	1.018010	0.011570	-0.035872	-1.268759
-1.432474	-1.843323	2.278828	2.433723	-0.039759	1.268170	-1.029660	-0.926372	-2.128019	-2.801042	0.339641	0.317098	-0.601421	-1.575472	1.045174	0.304838	0.053675	-0.564401	1.273905	0.190822
-0.793241	-1.525380	2.640404	2.678373	-0.371492	1.624774	-1.871392	-1.293421	-1.510505	-1.936489	1.784906	1.383999	0.074467	-0.703108	1.226997	1.273387	0.167682	0.219528	2.597272	1.993748
-0.342126	-1.447889	1.559123	1.677155	-0.494316	1.630745	-1.586801	-0.674658	-0.676360	-0.813313	2.758420	1.355588	-0.247676	-0.454737	1.603921	1.788905	0.904925	1.563657	2.430094	2.505312
-0.145157	-1.689511	-0.476876	0.227675	-0.060670	1.311048	-0.483641	0.368720	-0.361233	-0.778429	2.501518	0.347518	-1.155547	-0.980282	1.161946	1.019175	0.862109	1.701495	0.565685	1.344603
0.134536	-1.692015	-1.965980	-0.726497	0.603723	0.724427	0.481822	1.031712	-0.299164	-1.620585	0.898864	-0.873613	-1.781806	-1.474346	-0.522109	-0.750163	-0.562533	0.172800	-1.368508	-0.269955
0.631702	-0.938613	-1.828125	-0.993194	0.628511	-0.159196	0.665559	0.947148	0.063115	-1.801134	-1.180339	-1.596987	-1.745490	-1.247175	-2.395961	-2.278621	-2.237529	-1.408523	-1.624806	-0.909264
1.054916	0.369667	-0.594383	-1.098997	-0.233630	-1.101655	0.408492	0.540050	0.657200	-0.348439	-2.404187	-1.568459	-1.143916	-0.508879	-2.932463	-2.580170	-2.485270	-1.234632	-0.248434	-0.278504
1.087154	1.397146	0.193938	-1.429390	-0.903062	-1.425727	0.486161	0.592921	0.932412	1.840477	-2.211530	-1.084194	-0.066379	0.091294	-1.870220	-1.754803	-0.953153	0.556083	1.203299	0.853763
0.807961	1.448274	-0.240522	-1.659854	-0.093429	-0.684284	1.013848	1.308719	0.737631	2.937033	-1.348234	-0.750031	1.366000	0.411427	-0.445765	-0.585691	1.094423	2.155967	1.528066	1.576351
0.561126	0.661449	-1.096047	-1.192613	1.864247	0.525266	1.283410	1.901732	0.598654	2.249869	-0.880449	-0.897012	2.585813	0.853058	0.169745	0.371463	2.171546	2.207826	0.835395	1.428546
0.510211	-0.089811	-1.079364	-0.016776	3.016443	0.919909	0.716560	1.365780	0.922797	0.887559	-0.917408	-1.163903	2.748296	1.494520	0.149785	1.070630	1.818960	1.019546	-0.164996	0.482142
0.539920	-0.016347	0.011347	1.121798	1.978088	-0.041642	-0.400619	-0.335655	1.262784	0.278111	-0.724711	-0.840014	1.610641	1.753170	0.376823	1.523116	0.554929	-0.257648	-1.044134	-0.704393
0.569395	0.867905	1.117094	1.478311	-0.318305	-1.407796	-1.301877	-2.078291	0.798246	0.511294	0.096618	0.305600	0.030903	1.234446	0.914444	1.441381	-0.850187	-0.939188	-1.648057	-1.348675
0.701726	1.834853	1.223252	1.076506	-1.606527	-1.770079	-1.569193	-2.678341	-0.491491	0.563343	1.102474	1.664207	-0.756825	0.510888	0.840209	0.583812	-1.795158	-1.005786	-1.818443	-1.100428
0.963721	2.166914	0.463213	0.570076	-0.899057	-0.908331	-1.348476	-2.033425	-1.547926	-0.088066	1.665976	2.310957	-0.382699	0.492491	-0.271454	-0.633189	-1.919190	-0.576309	-1.520393	-0.472960
1.101011	1.724487	-0.209832	0.415936	0.439439	0.018735	-0.955184	-1.049439	-1.348878	-0.726553	1.607889	1.805557	0.384869	1.117213	-1.400792	-1.251247	-1.226598	0.205861	-0.990979	-0.273338
0.811932	0.878846	-0.204329	0.407294	0.440711	-0.031960	-0.580798	-0.574182	-0.120006	-0.490736	1.063143	0.490964	0.627567	1.275666	-1.229776	-0.769514	-0.187165	0.919853	-0.481638	-0.562697
0.132655	0.085670	0.136787	0.120188	-1.073644	-0.753861	-0.325589	-0.626363	0.852054	0.317897	0.244446	-0.839334	0.249526	0.277752	0.064459	0.169828	0.533806	1.040798	-0.031672	-0.620659
-0.513349	-0.383787	0.144110	-0.347520	-2.359881	-1.032506	-0.201308	-0.655000	0.662216	0.604528	-0.432692	-1.525098	-0.160019	-1.083339	0.914594	0.474202	0.596550	0.487480	0.323069	-0.088824
-0.678476	-0.457601	-0.259732	-0.380302	-1.924134	-0.388174	-0.033497	-0.291367	-0.198299	-0.004828	-0.482720	-1.453907	-0.162223	-1.442943	0.362713	-0.070829	0.232374	-0.260880	0.385288	0.409377
-0.339119	-0.258412	-0.532052	0.282002	-0.250179	0.561609	0.374247	0.313365	-0.532574	-0.685553	0.014840	-1.034412	0.096418	-0.634549	-0.723687	-0.602530	-0.055848	-0.673041	0.115333	0.203422
0.032082	-0.083243	-0.379241	0.936443	0.928049	0.971468	0.872694	0.762700	-0.019502	-0.606515	0.272921	-0.756127	0.210882	0.087027	-0.872138	-0.407748	-0.042328	-0.647048	-0.109338	-0.356003
-0.023049	-0.157413	-0.232954	0.631819	0.709113	0.683468	1.033765	0.838911	0.401655	-0.010336	-0.285877	-0.751216	0.060081	-0.298228	0.039712	0.153814	-0.006131	-0.484081	0.111886	-0.410738
-0.343423	-0.323931	-0.519597	-0.477210	-0.112433	0.207055	0.747413	0.651336	-0.072771	0.300978	-1.220504	-0.781220	-0.080278	-1.282259	0.776384	0.309996	-0.351184	-0.527820	0.655061	0.071478
-0.294033	-0.169478	-0.772133	-1.031902	-0.238763	0.068238	0.470430	0.465065	-0.874520	0.162221	-1.627598	-0.594356	0.065482	-1.557972	0.573577	0.048468	-1.002237	-0.848782	0.997465	0.220849
0.344984	0.406122	-0.111260	-0.085347	0.534190	0.327283	0.616915	0.425259	-0.806769	0.153735	-1.338023	-0.218249	0.367251	-0.647039	0.107188	0.028760	-1.336159	-1.208627	0.841382	-0.412588
0.913557	0.904386	1.368524	1.581378	1.227659	0.639396	0.921097	0.428150	0.237171	0.591161	-1.020683	0.125464	0.382125	0.659976	0.270932	0.464247	-0.857404	-1.338702	0.380178	-1.119434
0.636952	0.729807	2.355932	2.296856	1.005958	0.674273	0.747790	0.246389	1.033163	0.966597	-1.062962	0.345337	-0.132565	1.290769	0.727832	0.757572	0.149637	-1.238826	-0.037164	-0.947118
-0.279911	-0.061936	1.805420	1.460194	0.128042	0.424942	-0.052480	-0.206637	0.634850	0.656334	-0.934245	0.571247	-0.874865	0.892678	0.469804	0.412936	0.830110	-1.080056	-0.257809	0.064940
-0.786389	-0.753478	0.223699	0.064570	-0.598427	0.095222	-0.936631	-0.727329	-0.388858	-0.147840	-0.036255	0.820958	-1.259654	-0.060044	-0.536104	-0.225864	0.615681	-0.821355	-0.268840	0.989648
-0.320762	-0.787728	-0.948723	-0.727943	-0.919035	-0.209569	-1.350914	-0.978297	-0.748191	-0.627287	1.205239	0.772365	-1.044777	-0.763083	-1.197509	-0.470093	-0.229569	-0.168507	-0.046628	1.139843
0.439928	-0.381880	-0.954590	-0.852244	-1.196607	-0.508963	-1.307993	-0.840238	-0.104533	-0.370737	1.708687	0.196675	-0.580207	-0.668652	-0.833312	-0.142080	-0.856603	0.941172	0.296105	0.674472
0.507648	-0.116879	-0.267446	-0.876204	-1.483073	-0.692562	-1.104834	-0.534278	0.642490	0.199135	1.156292	-0.454900	-0.320761	0.100504	-0.028456	0.391214	-0.554197	1.981155	0.362000	0.150261
-0.088019	-0.104316	0.256683	-0.896033	-1.189319	-0.515849	-0.734367	-0.302418	0.671516	0.495674	0.430103	-0.376782	-0.236173	0.815878	0.317126	0.704248	0.591265	2.169593	-0.163555	-0.115370
-0.467224	0.054960	0.211906	-0.596300	-0.039045	-0.015294	0.010511	-0.098399	0.187943	0.429745	0.373935	0.506712	0.040871	0.805492	0.117206	0.499519	1.605140	1.197676	-0.943313	-0.134631
-0.267938	0.502563	-0.320994	-0.157435	1.136853	0.308198	0.887644	0.215529	-0.186566	0.199160	0.649539	1.248645	0.574827	0.137977	-0.108303	-0.295558	1.429545	-0.364108	-1.153574	-0.039239
-0.134615	0.779294	-0.981259	-0.261134	1.246635	0.056256	1.175812	0.512600	-0.383377	-0.132548	0.366253	1.073803	0.993574	-0.449365	-0.045554	-1.155867	0.090143	-1.390457	-0.458491	-0.010031
-0.622927	0.477609	-1.233598	-1.006232	0.434498	-0.412378	0.570264	0.534007	-0.723863	-0.457395	-0.470050	0.495955	1.015308	-0.328462	0.245763	-1.087115	-1.139981	-1.132724	0.455558	-0.216885
-1.238388	-0.110372	-0.753813	-1.499501	-0.053162	-0.317809	-0.258623	0.298719	-1.145864	-0.399381	-0.894253	0.609666	0.750812	0.379699	0.608253	0.188607	-1.090687	-0.024044	0.670255	-0.565127
-1.065549	-0.357909	0.077007	-0.965955	0.365001	0.481914	-0.418795	0.093734	-1.226441	0.174272	-0.401878	1.435052	0.385347	0.910560	0.819344	1.428664	-0.065287	0.633524	0.177517	-0.624811
-0.040116	-0.155485	0.448025	0.156553	0.813986	1.197778	0.086836	0.097433	-0.899550	0.622047	0.316671	1.779598	-0.081309	0.559656	0.616341	1.104081	0.570813	0.083819	-0.214347	-0.122177
0.914640	-0.019705	0.094033	0.737508	0.395464	1.080124	0.446649	0.244560	-0.588618	0.145280	0.399601	0.912213	-0.581211	-0.588588	0.055148	-0.559600	0.129872	-0.948000	-0.046538	0.545983
0.958997	-0.327222	-0.364269	0.351061	-0.390987	0.297561	0.175086	0.386500	-0.501332	-1.028969	-0.018840	-0.415050	-0.783840	-1.567492	-0.367476	-1.671653	-0.592592	-1.099491	0.261400	0.653767
0.186321	-0.766936	-0.284291	-0.353625	-0.483618	-0.439972	-0.319249	0.362603	-0.235686	-1.660920	-0.187302	-1.074547	-0.477940	-1.404413	-0.289820	-1.059642	-0.443183	0.002250	0.188655	0.068234
-0.627148	-0.776700	0.147514	-0.635424	0.029416	-0.787911	-0.412548	0.038845	0.598465	-0.950576	0.079249	-1.071071	0.013289	-0.259526	-0.007423	0.299440	0.596218	1.403778	-0.095411	-0.543922
-0.866778	-0.362019	0.261475	-0.516886	0.091667	-0.902741	-0.096463	-0.451233	1.595822	0.410326	0.194608	-1.265710	0.127725	0.592802	-0.068140	0.732042	1.424415	2.018698	-0.071719	-0.597853
-0.558663	-0.132745	-0.134237	-0.468046	-0.576091	-0.905623	0.154254	-0.626338	1.843176	1.005060	-0.279289	-1.913728	-0.246698	0.198378	-0.473276	0.006019	1.155909	1.641637	0.321725	-0.290403
-0.136444	-0.444017	-0.528238	-0.585910	-0.973855	-0.680764	0.110388	-0.149044	1.081202	0.337318	-0.970489	-2.233616	-0.632742	-0.913044	-0.676035	-0.728664	0.104363	0.753017	0.647453	-0.106111
0.080330	-0.837936	-0.400697	-0.470859	-0.299068	-0.204802	0.034611	0.656867	0.171183	-0.688939	-1.112983	-1.508182	-0.551325	-1.366411	-0.356205	-0.662605	-0.609494	-0.139758	0.610980	0.010540
0.102719	-0.658608	0.160553	0.106730	0.913374	0.270012	0.206713	1.101520	0.059992	-0.967300	-0.456393	-0.086386	-0.057288	-0.599530	0.180201	-0.129697	-0.310716	-0.733209	0.367990	0.438265
0.079659	-0.021371	0.608857	0.737245	1.530091	0.467747	0.479025	0.920097	0.562404	-0.464235	0.393007	0.945324	0.380494	0.522130	0.448486	0.200933	0.481490	-0.863791	0.180272	0.986478
0.074787	0.311949	0.525518	0.784355	1.094656	0.347445	0.469923	0.450714	0.682487	0.003879	0.603217	0.839209	0.394552	0.786598	0.313300	0.166590	0.692334	-0.526427	0.081145	0.914532
0.073044	0.038238	-0.017831	0.178180	-0.011218	0.052272	0.097879	0.028724	0.046815	0.014734	0.058661	-0.195253	0.034149	0.029545	-0.046947	-0.028203	0.037241	0.098427	-0.012973	0.026289
