X1	X2	X3	X4	X5	X6	X7	X8	X9	X10	X11	X12	X13	X14	X15	X16	X17	X18	X19	X20
-0.172650	-0.197324	-0.354145	-0.175203	-0.090074	-0.008820	0.005946	-0.142911	0.109282	-0.232037	0.034668	-0.025096	0.184208	0.412976	-0.105956	-0.236751	-0.205895	-0.162410	-0.156752	-0.203618
-1.359623	-1.373537	-0.722633	-0.004230	-0.842221	-0.888616	-1.023476	-1.191983	-1.060888	-0.566518	-1.016833	-0.273767	-0.146913	-1.182640	-0.652114	-0.769281	-0.448567	0.011592	-0.590174	-0.138229
-2.037550	-2.050039	-0.606966	0.452726	-0.737888	-0.698862	-0.743830	-0.991358	-1.700388	-0.160316	-1.301564	-0.138378	-0.048866	-1.335309	-0.357988	-0.288845	-0.062041	0.581701	-0.493495	0.243532
-1.951589	-1.931304	-0.190673	0.851816	-0.037417	0.213022	0.582708	0.245653	-1.377408	0.582049	-0.596629	0.500325	0.456936	-0.447943	0.402371	0.715221	0.717137	1.264889	-0.137923	0.682342
-1.183849	-1.060933	-0.075949	0.522042	0.279584	0.573129	1.500418	1.142856	-0.244510	0.576714	0.526833	1.229579	0.917053	-0.036640	0.575256	0.883000	1.139050	1.358922	-0.100630	0.540245
-0.091788	0.114689	-0.448824	-0.551255	-0.175616	-0.076142	1.174357	0.806750	0.734411	-0.427414	1.131603	1.355752	0.924680	-0.542886	-0.034934	-0.085293	0.977004	0.661645	-0.302093	-0.382181
0.852743	0.934365	-0.784809	-1.370470	-0.776169	-0.753866	0.312329	-0.206343	0.569880	-1.320488	0.845375	0.755466	0.513512	-0.836450	-0.436010	-0.858150	0.747595	-0.137753	-0.132402	-1.367918
1.322667	1.039919	-0.514736	-0.951037	-0.794288	-0.413172	0.043325	-0.741975	-0.606843	-0.927112	0.270093	0.228462	0.022180	0.017557	0.145517	-0.143812	0.831349	-0.213447	0.548808	-1.344265
1.319589	0.701885	0.199040	0.332119	-0.267751	0.575303	0.315706	-0.559531	-1.515582	0.399218	0.199215	0.517220	-0.325689	1.376628	1.059200	1.496388	0.824786	0.329655	1.103950	-0.032308
1.060965	0.439770	0.577387	0.906299	0.288164	0.914491	0.028378	-0.474163	-1.059273	1.012717	0.569556	1.146241	-0.574788	1.845433	0.916569	2.100883	0.098141	0.460054	0.948055	1.563338
0.704435	0.386354	0.127054	-0.171529	0.673169	0.207088	-1.247367	-0.958925	0.442877	0.026498	0.622728	0.944278	-0.833219	0.923585	-0.653615	0.670987	-1.164947	-0.487280	0.331214	2.065730
0.262090	0.236454	-0.728508	-1.864964	1.073898	-0.432074	-2.312020	-1.268249	1.534526	-1.368005	0.064538	-0.189365	-1.036494	-0.612301	-2.341514	-1.388961	-1.824639	-1.681188	0.080800	1.240133
-0.260484	-0.251011	-1.056981	-2.193802	1.460388	0.106201	-1.588908	-0.438314	1.164893	-1.281778	-0.515875	-0.877292	-0.918680	-1.611292	-2.417281	-1.693473	-0.880809	-1.429771	0.669398	0.322485
-0.778589	-0.938465	-0.412149	-0.583000	1.432486	1.354900	0.859988	1.268205	-0.176763	0.371924	-0.581305	-0.123106	-0.240063	-1.494433	-0.555606	0.350725	1.273134	0.775439	1.652112	0.517973
-1.194382	-1.494382	0.770258	1.461489	0.889868	1.842500	3.119972	2.555016	-1.047027	1.641785	-0.439125	1.120671	0.847843	-0.585949	1.785548	2.779199	2.919044	3.213617	2.069397	1.426587
-1.444226	-1.701191	1.786668	2.241621	0.442145	0.995088	3.423424	2.553777	-0.706877	1.014237	-0.647936	1.099727	1.705999	0.220056	2.859338	3.303313	2.668468	3.576009	1.452393	1.550903
-1.465143	-1.516842	2.343062	1.770577	0.674583	-0.240981	1.992535	1.533066	0.155303	-0.755426	-1.000693	-0.348593	1.689204	0.291279	2.288960	1.777619	1.026116	1.664655	0.372606	0.339463
-1.219091	-0.975196	2.406722	1.267192	1.202346	-0.716223	0.533489	0.280618	0.466734	-1.862666	-0.715503	-1.523849	0.764793	-0.150347	1.070282	-0.012006	-0.135792	-0.283185	-0.182550	-1.006495
-0.796609	-0.218653	1.779167	1.276130	1.065775	-0.353024	0.181715	-0.601416	0.081893	-1.742131	0.368587	-1.109699	-0.497372	-0.466859	0.227511	-0.582772	0.190572	-0.336058	0.014674	-1.101645
-0.404341	0.369870	0.384686	1.141407	0.123876	0.171485	0.530573	-0.757154	-0.322545	-1.209115	1.309726	0.146205	-1.494020	-0.544168	-0.080024	-0.091654	0.982855	0.784640	0.171989	-0.166634
-0.152267	0.371706	-1.110253	0.306728	-0.587383	0.477337	0.630518	-0.080150	-0.288493	-0.769043	1.097053	0.509324	-1.937176	-0.849441	-0.230288	0.387259	0.678346	0.883363	-0.429314	0.363703
0.120843	-0.075712	-1.596030	-0.672448	-0.231836	0.686101	0.229394	0.999923	0.082020	0.038893	-0.013035	-0.454774	-1.761508	-1.513507	-0.450492	0.183929	-0.661334	-0.638532	-1.359667	-0.195523
0.699402	-0.140641	-0.693217	-0.857503	0.603450	0.783209	-0.271330	1.599029	0.675371	1.487426	-0.607827	-1.358058	-1.056946	-1.881951	-0.596378	-0.517676	-1.430169	-2.008310	-1.454360	-0.874077
1.596226	0.802551	0.703172	-0.271029	0.619721	0.388092	-0.567747	1.166897	1.562758	2.806423	0.224719	-0.783444	-0.144506	-1.287642	-0.366711	-1.066225	-0.623315	-1.522209	-0.293753	-0.374970
2.346054	2.210909	1.276600	0.080552	-0.508012	-0.598569	-0.721268	0.130620	2.460269	2.997953	1.617284	0.916177	0.540038	-0.005803	0.278163	-0.981080	0.847693	0.229865	1.071425	1.063172
2.319811	2.786036	0.523921	-0.426664	-1.745702	-1.475141	-0.890955	-0.517684	2.539079	2.059701	1.786669	1.975452	0.729081	0.879112	0.793626	-0.428027	1.287082	1.228716	1.129118	1.751599
1.345711	1.922961	-0.911453	-1.155525	-1.993066	-1.360376	-1.106678	-0.314040	1.256132	0.928076	0.192965	1.226023	0.428672	0.586390	0.427666	-0.071732	0.215815	0.571935	-0.393407	0.681182
0.012023	0.367736	-1.881986	-1.077443	-1.257113	-0.344838	-1.238712	0.200338	-0.734573	0.364717	-1.719376	-0.618716	-0.128472	-0.459545	-0.740344	-0.262655	-1.196557	-0.664978	-2.069717	-1.025488
-0.732396	-0.653393	-1.621445	-0.189898	-0.358394	0.494942	-1.067259	0.257044	-1.918386	0.295159	-2.185797	-1.774185	-0.498267	-0.954733	-1.470691	-0.512958	-1.543265	-1.003636	-2.214378	-1.423700
-0.385110	-0.614887	-0.284425	0.554556	0.134025	0.470373	-0.504692	-0.085317	-1.409942	0.278676	-1.015782	-1.233945	-0.247775	-0.113623	-0.702162	-0.130120	-0.628343	-0.245775	-0.727070	-0.199450
0.623549	0.079153	1.157036	0.623109	0.283121	0.091799	0.135355	-0.147744	0.025738	0.217931	0.525237	0.323035	0.507458	1.311957	0.891447	0.694404	0.489792	0.592772	0.770251	0.991730
1.276762	0.663200	1.689954	0.441382	0.273982	0.033581	0.268176	0.094717	0.741709	0.227336	1.209705	1.294146	0.991272	1.772612	1.450893	0.902533	0.610277	0.503308	0.765005	0.643537
0.917268	0.597181	1.155147	0.441678	0.048255	-0.037291	-0.294730	-0.244621	0.014242	0.027802	0.734050	0.699413	0.637705	0.800517	0.260775	-0.095178	-0.452905	-0.551404	-0.432482	-0.900950
-0.126859	-0.124891	0.330808	0.397081	-0.386718	-0.720755	-0.906451	-1.453920	-1.263331	-0.833535	-0.419624	-0.888315	-0.072429	-0.329969	-1.215170	-1.447088	-1.637470	-1.570917	-1.170838	-2.103921
-0.970906	-0.979008	-0.011621	0.064315	-0.686762	-1.491314	-0.730857	-2.319822	-1.823465	-1.989445	-1.362687	-1.890009	-0.203410	-0.227741	-1.214627	-1.707054	-1.684835	-1.431074	-0.578642	-1.989186
-1.214342	-1.366599	-0.018271	-0.246694	-0.559717	-1.247430	0.122046	-1.703178	-1.519448	-2.260211	-1.330832	-1.363523	0.279691	0.780524	-0.013000	-0.599949	-0.574709	-0.168503	0.361779	-0.887169
-1.293865	-1.220445	-0.442362	-0.235377	-0.233154	-0.119719	0.616987	-0.360257	-1.168320	-1.221215	-0.457937	-0.072846	0.424064	1.151078	0.558056	0.608215	0.391433	0.853834	0.172258	0.154009
-1.667408	-0.978029	-1.449369	-0.144219	-0.181242	0.498360	0.166325	0.047267	-1.232873	-0.094873	0.185007	0.427122	-0.326401	0.249641	-0.295614	0.697644	0.156481	0.474138	-1.162739	0.306152
-1.965597	-0.878203	-2.152236	-0.242632	-0.436405	-0.056480	-0.556666	-0.611401	-1.294598	-0.241609	-0.135847	-0.237816	-1.278189	-0.834780	-1.332308	-0.077829	-0.818035	-0.812090	-2.160487	-0.413458
-1.359921	-0.607196	-1.619401	-0.314346	-0.494703	-0.780440	-0.611173	-0.872163	-0.824715	-1.185230	-0.771298	-0.822510	-1.312925	-0.753263	-1.128258	-0.571256	-1.202487	-1.450850	-1.559874	-1.078067
0.272211	0.163556	-0.114979	-0.173613	-0.003670	-0.545474	-0.153099	-0.061370	0.086716	-1.136991	-0.538260	-0.271040	-0.228011	0.412748	0.028617	-0.353472	-0.493448	-0.791921	0.395207	-0.653057
1.934705	1.173558	1.067928	-0.187341	0.683980	0.310895	-0.105969	0.680688	0.965900	0.525066	0.601552	0.753545	0.998648	1.311220	0.733914	-0.100227	0.388316	0.150712	2.260527	0.736186
2.460024	1.793359	1.070543	-0.609713	0.885395	0.699590	-0.599653	0.333055	1.515503	2.253084	1.446940	0.848043	1.222528	0.993918	0.406765	-0.394374	0.309296	0.126838	2.637558	1.624849
1.704892	1.702328	0.434037	-0.768359	0.465273	0.490034	-0.613819	-0.272960	1.653708	2.250123	1.132781	-0.126421	0.375981	0.047681	-0.121830	-0.777231	-0.580952	-0.678748	1.289508	0.850680
0.580524	1.079032	0.295739	0.158297	0.026006	0.504620	0.465192	0.221834	1.281076	0.706795	0.091286	-0.977568	-0.367545	-0.159875	0.123288	-0.403092	-0.991507	-0.980914	-0.646606	-0.884903
-0.046657	0.235848	0.816585	1.574900	0.084789	0.966324	1.695531	1.411300	0.418187	-0.615495	-0.710011	-0.923837	0.101307	0.787976	1.017924	0.678521	-0.132378	-0.186641	-1.613736	-1.786234
-0.184954	-0.565735	0.991293	1.743491	0.385095	1.018941	1.706023	1.581170	-0.490529	-0.660103	-0.826978	-0.362204	1.397670	1.776109	1.593802	1.459928	1.259592	0.867560	-1.008403	-1.108376
-0.336730	-0.953690	0.170790	0.087050	0.345463	0.112691	0.498426	0.238074	-0.795648	-0.066957	-0.360421	0.169692	1.957576	1.475281	1.194759	1.198418	1.796072	1.102864	0.352512	0.219793
-0.609595	-0.591165	-0.862454	-1.669817	-0.073193	-0.985275	-0.689925	-1.206094	-0.305011	0.078332	0.455705	0.726568	0.896266	-0.062166	0.061420	0.218625	1.007030	0.502828	1.107253	0.990113
-0.607938	0.280578	-0.885913	-1.481605	-0.423042	-1.180796	-1.058045	-1.447886	0.447380	-0.330904	1.231083	1.278154	-0.932511	-1.466478	-1.079723	-0.637679	-0.293350	-0.116832	0.610426	0.902827
-0.164481	0.831066	0.046270	0.413053	-0.551569	-0.521869	-0.908603	-0.786004	0.717058	-0.564192	1.437893	1.266336	-1.960577	-1.609368	-1.656833	-0.923271	-1.024407	-0.222511	-0.608274	0.352284
0.248858	0.522981	0.589703	1.812995	-0.745103	0.037944	-0.677879	-0.170588	0.275407	-0.117608	0.982736	0.536554	-1.553617	-0.736141	-1.471341	-0.697183	-0.880317	0.001983	-1.431759	-0.125583
0.067642	-0.244362	-0.131168	1.343083	-1.047582	0.044496	-0.201194	0.212462	-0.430065	0.741111	0.472482	0.046668	-0.362528	0.072595	-0.641630	-0.127604	-0.351579	0.161257	-1.136789	-0.013035
-0.637128	-0.704690	-1.351617	-0.050434	-1.039221	-0.107465	0.657194	0.641331	-0.785326	1.257118	0.396759	0.737984	0.588390	0.259990	0.386549	0.536490	0.005395	0.148545	0.033146	0.792667
-1.260095	-0.705261	-1.627142	-0.676904	-0.512915	-0.168365	1.262097	0.805929	-0.620830	0.804782	0.308253	1.949248	0.795542	0.226091	0.902316	0.752127	0.081041	0.051739	1.104060	1.448234
-1.403525	-0.725744	-0.635048	-0.314381	0.159357	-0.464211	0.801251	0.066541	-0.320274	-0.539209	-0.537141	1.916482	0.469240	0.475460	0.402213	0.040650	0.057152	-0.143359	1.230631	0.807049
-1.212367	-1.041465	0.513956	-0.086311	0.636198	-1.028856	-0.494517	-1.307043	-0.330475	-1.849530	-1.842025	0.062414	0.196712	0.857868	-0.778126	-1.213366	0.044070	-0.493518	0.482903	-0.921778
-0.918050	-1.272837	0.729143	-0.574427	1.078792	-1.084941	-1.367420	-2.002940	-0.576625	-2.023385	-2.349650	-2.009227	0.393364	0.905818	-1.522707	-1.774373	0.044220	-0.814964	-0.199997	-1.895535
-0.394449	-0.843210	0.118454	-1.092571	1.568459	-0.026209	-0.989669	-1.121053	-0.467023	-0.841306	-1.474382	-2.367231	0.868054	0.525875	-0.999313	-0.869609	0.085022	-0.758623	0.013009	-0.831565
0.500655	0.317021	-0.543396	-0.985823	1.508217	1.466066	0.042752	0.671833	0.404473	0.757343	-0.153816	-1.097517	0.925538	-0.019200	0.315849	0.660648	0.133344	-0.319071	0.866102	1.021722
1.303678	1.565887	-0.947369	-0.690531	0.362133	1.993722	0.560704	1.823737	1.632385	1.585026	0.403149	-0.030693	0.100971	-0.537356	1.044110	1.118425	-0.015254	-0.029647	1.236744	1.222314
1.196968	1.977352	-1.232465	-0.850056	-1.113327	1.169708	0.383282	1.589952	2.289601	1.249029	0.279914	-0.295549	-1.131206	-0.907335	0.525332	0.015130	-0.432559	-0.286824	0.513361	-0.614834
0.107227	1.126271	-1.177272	-0.997206	-1.257985	0.236851	0.443714	0.754818	1.895503	0.242332	0.480329	-0.993883	-1.605397	-0.866376	-0.311982	-1.158185	-0.657815	-0.571896	-0.510416	-2.112737
-0.865300	-0.359048	-0.276458	-0.084680	0.492169	0.615514	1.320560	0.630057	0.907770	-0.673421	1.311241	-0.570131	-0.665955	-0.271735	-0.088278	-0.656578	-0.023172	0.105990	-0.530709	-1.122828
-0.598792	-1.212458	1.252957	1.752659	2.616967	2.077926	2.271787	1.499149	0.146256	-0.938480	1.958538	1.124217	0.994307	0.487832	1.249655	1.384286	1.429717	1.781349	0.581675	1.577399
0.629097	-0.798624	2.278260	2.904113	3.097058	2.859924	2.151247	2.259401	-0.085193	-0.370824	1.716182	2.644680	1.969054	0.761618	2.320479	3.090389	2.688481	3.056865	1.520230	3.338251
1.405837	0.168811	1.986202	2.161095	1.644195	1.715340	0.913625	1.720032	-0.106329	0.665542	0.950946	2.641710	1.548031	0.379618	1.960588	2.964405	2.727462	2.553994	1.145108	2.744682
0.913338	0.501688	0.879227	0.287061	-0.209752	-0.540482	-0.342127	0.084425	-0.230896	1.333320	0.550564	1.317247	0.249282	-0.158764	0.475215	1.311432	1.567127	0.608857	-0.065029	0.818250
-0.135378	-0.024440	0.111452	-0.873595	-1.023812	-1.931549	-0.721691	-1.231662	-0.368567	0.991087	0.781650	0.059419	-0.925184	-0.320297	-0.899361	-0.427673	0.128201	-1.034243	-0.572835	-0.588293
-0.540163	-0.561721	0.131912	-0.543258	-0.804457	-1.577085	-0.408137	-1.303013	-0.349952	-0.108592	1.010646	-0.194464	-1.391975	-0.136735	-1.352081	-1.214161	-0.822513	-1.221321	0.309076	-0.764994
-0.143036	-0.465324	0.431732	0.356529	-0.452005	-0.499511	-0.112660	-0.733313	-0.349922	-1.075920	0.477580	0.098068	-1.167519	-0.026917	-1.048262	-1.069054	-1.245987	-0.525249	1.517859	-0.393249
0.161904	-0.095176	0.418861	0.615119	-0.522223	-0.118093	-0.138206	-0.676710	-0.671051	-1.396995	-0.822532	-0.105185	-0.582985	-0.187802	-0.621045	-0.609440	-1.420321	-0.193418	1.474519	-0.378267
-0.256759	-0.114872	0.015858	0.096037	-0.910290	-0.579992	-0.300787	-1.258183	-1.180849	-1.344144	-2.067691	-1.025792	-0.053873	-0.410541	-0.487723	-0.378247	-1.430379	-0.540097	-0.074113	-0.840809
-0.969660	-0.456545	-0.563250	-0.510901	-1.359059	-1.008461	-0.475771	-1.554990	-1.285157	-1.262348	-2.396460	-1.883218	0.094472	-0.468394	-0.625960	-0.576125	-1.251319	-0.881565	-1.837081	-1.200490
-1.082582	-0.438305	-1.094223	-0.746473	-1.720670	-0.898973	-0.755793	-0.979228	-0.576141	-0.944412	-1.748432	-1.984660	-0.115418	-0.401052	-0.728725	-1.042863	-0.950359	-0.678179	-2.486201	-0.972786
-0.302464	0.231345	-1.265875	-0.731034	-1.764141	-0.577277	-1.076947	-0.022993	0.632542	-0.148962	-0.873120	-1.495382	-0.251095	-0.336612	-0.481408	-1.306130	-0.524128	-0.085653	-1.948180	-0.307412
0.735792	0.978598	-0.788234	-0.688810	-1.228944	-0.445744	-1.089154	0.499818	1.507391	0.625939	-0.477381	-0.998172	0.065201	-0.302737	0.138355	-0.900455	0.154200	0.522010	-1.148924	0.221234
1.091506	1.008739	0.142722	-0.588509	-0.252703	-0.446348	-0.611227	0.420874	1.418297	0.551522	-0.486717	-0.718203	0.571985	-0.333035	0.717084	0.087748	0.928942	0.975725	-0.865922	0.220591
0.443783	0.225396	0.829222	-0.309647	0.612362	-0.346084	-0.015509	0.128976	0.491822	-0.376561	-0.325812	-0.524877	0.536482	-0.481124	0.704762	0.928386	1.213453	1.154706	-1.051756	-0.182825
-0.542759	-0.673178	0.848902	0.098000	1.045181	-0.064053	0.133062	-0.086551	-0.528679	-1.162868	0.183453	-0.428017	-0.320452	-0.563754	0.026668	0.981909	0.675220	0.884271	-1.097950	-0.543796
-0.851954	-0.969409	0.567463	0.431456	1.294213	0.407134	-0.195614	-0.180836	-1.012089	-0.964119	0.564822	-0.603632	-1.315165	-0.202229	-0.716818	0.441560	-0.112997	0.246461	-0.560740	-0.541621
-0.195389	-0.636793	0.514176	0.516471	1.582004	1.007436	-0.419783	-0.076519	-1.006194	-0.042604	0.362189	-0.982521	-1.480841	0.584972	-0.867097	0.054485	-0.242946	-0.312995	0.331341	-0.232531
0.666763	-0.244580	0.568091	0.349735	1.544206	1.381394	-0.087225	0.296032	-0.995918	0.658084	-0.320630	-1.210056	-0.633585	1.100393	-0.408478	0.181939	0.281514	-0.478712	0.849494	0.064503
0.816960	-0.253486	0.287712	0.117815	0.751115	1.016324	0.549147	0.744582	-1.160797	0.661966	-1.059514	-1.045626	0.471966	0.713172	0.174975	0.474655	0.429808	-0.471892	0.550112	0.112130
0.248064	-0.481807	-0.228457	0.017502	-0.447952	-0.095107	0.829834	0.943500	-1.098544	0.389658	-1.475901	-0.536243	1.001865	-0.224404	0.559030	0.452250	-0.451388	-0.676067	-0.139193	-0.006215
-0.209247	-0.344422	-0.478077	-0.007599	-1.178900	-1.163025	0.440713	0.788362	-0.405580	0.472340	-1.237612	0.175674	0.851602	-0.649010	0.771294	0.069087	-1.572072	-0.983070	-0.333596	-0.001404
0.035996	0.355951	-0.384218	-0.197565	-1.106247	-1.343572	-0.210193	0.424669	0.657065	0.950125	-0.203709	0.956720	0.530843	-0.038064	0.881542	-0.339478	-1.542647	-0.856564	0.290144	0.285708
0.664067	1.098866	-0.291668	-0.529351	-0.738994	-0.712945	-0.411190	0.026701	1.376483	1.334187	1.137931	1.586765	0.386603	0.923312	0.851269	-0.462353	-0.171443	-0.130046	1.112025	0.681500
0.945974	1.308269	-0.255015	-0.617779	-0.612395	-0.155830	-0.024584	-0.300203	1.435609	1.249537	1.810091	1.761917	0.211192	1.097711	0.631470	-0.339602	1.109082	0.545291	1.271913	0.787488
0.618359	1.062272	-0.065428	-0.321877	-0.632565	-0.260173	0.253487	-0.512790	1.185770	0.751893	1.340089	1.325202	-0.254107	0.206936	0.216600	-0.329785	0.895903	0.382184	0.595627	0.349182
0.050385	0.781325	0.091379	-0.112032	-0.443855	-0.673088	-0.143016	-0.616531	0.984399	0.155937	0.382846	0.546879	-0.716725	-0.795882	-0.274140	-0.620422	-0.421779	-0.464646	-0.249204	-0.353132
-0.272125	0.519525	-0.186544	-0.381781	-0.078247	-0.693546	-0.686889	-0.572703	0.688226	-0.182551	-0.018226	0.077309	-0.633776	-0.785376	-0.495791	-0.809471	-1.104836	-0.934298	-0.456040	-0.593710
-0.197454	0.094167	-0.642000	-0.678278	0.117837	-0.196230	-0.427301	-0.280198	0.077874	-0.069004	0.355486	0.339898	-0.032107	0.172553	-0.157115	-0.338860	-0.270533	-0.373839	0.069297	-0.005620
0.071037	-0.327749	-0.493637	-0.239387	0.056043	0.306375	0.511820	0.184759	-0.575778	0.271742	0.786417	0.937362	0.414289	0.835530	0.463550	0.603727	1.012876	0.588068	0.582254	0.751401
0.215932	-0.383595	0.349114	0.788120	0.060240	0.386684	0.967697	0.455301	-0.781473	0.302532	0.632657	1.000820	0.247505	0.345736	0.635667	1.104955	1.193565	0.855082	0.351837	0.602720
0.072469	-0.139305	0.959478	1.310310	0.396692	0.192222	0.368755	0.266065	-0.497556	-0.207022	0.020719	0.211275	-0.154585	-0.611606	0.040754	0.643727	0.187082	0.221957	-0.419707	-0.571876
-0.264156	-0.035897	0.621784	0.649940	0.843459	0.129910	-0.490676	-0.150805	-0.162829	-0.815626	-0.538700	-0.820540	-0.068611	-0.700488	-0.745847	-0.249402	-0.779504	-0.535300	-0.837923	-1.667079
-0.587946	-0.253664	-0.211334	-0.486855	0.859892	0.251225	-0.578762	-0.323098	-0.102607	-0.865566	-0.797011	-1.207002	0.585568	0.235420	-0.877614	-0.692258	-0.863906	-0.688945	-0.494844	-1.631572
-0.792956	-0.501848	-0.603307	-0.751623	0.200504	0.220991	0.060211	-0.128115	-0.196764	-0.215179	-0.780500	-0.583495	1.028294	0.893252	-0.208309	-0.470354	-0.375564	-0.224362	0.029505	-0.608262
-0.858880	-0.420593	-0.352676	0.251429	-0.677305	-0.084565	0.462101	0.086717	-0.158934	0.574188	-0.479327	0.615584	0.500361	0.196953	0.536738	-0.114026	0.006263	0.379402	0.041916	0.413670
-0.704249	0.034290	-0.060698	1.434484	-0.945492	-0.275859	-0.035068	-0.028823	0.089226	0.751072	0.094724	1.425801	-0.794334	-1.236747	0.543785	-0.166479	0.032781	0.628537	-0.312776	0.737287
-0.239120	0.573386	-0.188560	1.461616	-0.275447	0.033234	-0.952764	-0.363930	0.382604	0.130693	0.660895	1.108980	-1.797235	-1.691435	-0.218257	-0.593221	-0.192701	0.310902	-0.372201	0.454646
0.401607	0.822191	-0.524509	0.341016	0.719081	0.664021	-1.097700	-0.413877	0.461779	-0.613967	0.853479	-0.033417	-1.618740	-0.277293	-0.967496	-0.872802	-0.507358	-0.381850	0.023615	0.025386
0.833154	0.636333	-0.623629	-0.581943	1.140071	1.136421	0.107726	0.150834	0.101227	-0.580593	0.701597	-0.782594	-0.369763	2.000077	-0.958452	-0.556328	-0.683026	-0.976535	0.331993	-0.256131
0.757145	0.195280	-0.387651	-0.294759	0.874955	1.293391	1.791477	0.989201	-0.693396	0.337041	0.656492	-0.279550	0.994878	3.160128	-0.254645	0.297511	-0.504917	-1.102208	0.157562	-0.341461
0.296596	-0.270531	-0.006492	0.635141	0.687255	1.311295	2.420787	1.317936	-1.504487	1.262638	1.019036	0.946626	1.610541	2.212959	0.468174	1.208464	-0.038396	-0.767287	-0.112431	-0.264034
-0.098458	-0.735597	0.401626	0.841131	1.119631	1.228981	1.495932	0.784493	-1.738597	1.332274	1.503368	1.563839	1.488346	0.207324	0.785659	1.716784	0.434595	-0.215412	0.182365	-0.080962
-0.113643	-1.188445	0.776293	-0.092648	1.637074	0.833401	0.109084	-0.021898	-1.213213	0.622123	1.527897	0.994892	1.346276	-0.777755	0.919826	1.695930	0.804214	0.379149	0.990664	0.113204
0.119920	-1.310394	0.879317	-1.208222	1.210312	-0.003029	-0.423158	-0.225868	-0.329611	-0.143467	0.894042	0.038484	1.644191	0.147815	1.198993	1.290360	1.147558	0.907185	1.478754	0.249891
0.246133	-0.685515	0.455289	-1.490527	-0.353647	-1.091292	-0.170874	0.163986	0.481225	-0.535129	0.000065	-0.200639	1.950745	1.584881	1.397924	0.658734	1.300095	1.078299	1.052234	0.324783
0.160702	0.573422	-0.329522	-1.059842	-2.027918	-1.996600	-0.347958	0.123841	1.221374	-0.708945	-0.694455	0.267107	1.483724	1.394450	0.923845	-0.154205	0.848520	0.516675	0.073708	0.302839
0.108369	1.680962	-0.928647	-0.764700	-2.609322	-2.231792	-1.511246	-1.061679	1.976879	-0.883028	-1.184273	0.364865	0.169069	-0.622673	-0.370274	-1.094612	-0.191567	-0.659339	-0.711933	0.095784
0.258671	1.878334	-1.005906	-0.916925	-1.902701	-1.543132	-2.621515	-2.606423	2.379532	-0.930180	-1.615925	-0.527819	-1.194677	-2.327175	-1.817013	-1.897576	-1.060546	-1.597864	-1.106149	-0.228349
0.373796	1.127612	-0.697590	-0.889433	-0.697527	-0.226536	-2.263765	-2.875983	1.903525	-0.652971	-1.701928	-1.578110	-1.831589	-1.928886	-2.444531	-2.081365	-1.005515	-1.448249	-1.337605	-0.330749
0.091787	-0.036923	-0.164521	0.001007	0.241227	0.931248	-0.400679	-1.279730	0.691175	-0.270482	-0.993653	-1.484837	-1.636208	-0.257623	-1.743409	-1.259915	-0.135052	-0.247097	-1.284624	0.059570
-0.545783	-1.065839	0.711210	1.538176	0.822959	1.292256	1.590000	0.983930	-0.367655	-0.313467	0.275449	-0.218978	-0.872022	0.504621	-0.034132	0.397577	0.806192	1.236431	-0.527034	0.701782
-1.073593	-1.536338	1.825773	2.714167	1.248545	0.962663	2.418744	2.271006	-0.553043	-0.909891	1.205081	0.858204	0.216076	-0.243420	1.684649	2.013819	1.294290	2.316684	0.753004	0.984981
-1.123863	-1.133992	2.403347	2.674891	1.382241	0.539850	1.943639	2.117480	-0.044560	-1.424432	1.223820	0.680741	1.186771	-1.037108	2.353127	2.536403	1.293822	2.630410	1.581231	0.604801
-0.809680	-0.076840	1.683930	1.478820	0.906042	0.297768	0.891846	1.237124	0.376310	-1.143583	0.601346	-0.314442	1.314758	-0.652304	1.657957	1.648130	0.891342	1.904826	1.264209	-0.069696
-0.538967	0.661533	0.052898	0.028702	-0.013547	-0.041425	0.063229	0.396663	0.135345	-0.220119	-0.120848	-0.950660	0.285547	0.310699	0.283016	0.102087	0.145165	0.253460	0.264330	-0.422472
-0.517255	0.288895	-1.109059	-0.707603	-0.703855	-0.653764	-0.215316	-0.187262	-0.661973	0.474833	-0.709962	-0.830969	-1.183568	0.540478	-0.798563	-1.007185	-0.717043	-1.376771	-0.390745	-0.297135
-0.506964	-0.651184	-0.934761	-0.543632	-0.802805	-1.163035	-0.269089	-0.607921	-1.350082	0.449904	-1.116565	-0.643081	-1.878721	-0.137266	-1.204141	-1.268769	-1.323788	-1.872260	-0.350850	-0.155193
-0.159417	-0.824740	-0.018400	-0.191233	-0.714745	-1.154047	-0.677564	-0.962194	-1.288745	0.088413	-1.241729	-1.093646	-1.301001	-0.701482	-1.185323	-1.123013	-1.476544	-1.256511	-0.183624	-0.493289
0.416467	0.042982	0.409018	-0.427143	-0.946642	-0.823050	-1.421543	-1.256137	-0.524382	-0.066867	-1.057981	-1.941042	-0.147985	-0.396104	-1.061054	-1.108047	-1.292967	-0.689948	-0.432002	-1.147370
0.621303	0.663950	-0.112239	-1.199839	-1.282005	-0.681192	-1.692171	-1.339400	0.168438	-0.030468	-0.694706	-2.246591	0.415597	0.377070	-0.964443	-1.226292	-1.042272	-0.931649	-0.844100	-1.307961
0.087144	-0.044076	-1.041401	-1.789126	-1.060556	-0.751248	-0.957476	-1.011592	0.108199	-0.078664	-0.298497	-1.477452	-0.138445	0.712371	-0.993210	-1.149816	-0.903990	-1.377802	-0.718796	-0.362658
-0.704167	-1.336366	-1.710886	-1.772132	-0.189138	-0.514167	0.126357	-0.335948	-0.472766	-0.128073	0.018058	-0.145146	-1.273075	0.396506	-1.166362	-0.797866	-0.776012	-0.987958	0.190692	1.315995
-0.818370	-1.476487	-1.914928	-1.414062	0.580976	0.303113	0.495474	0.352307	-0.652432	0.153646	0.150490	0.792525	-1.927625	0.155789	-1.214056	-0.432718	-0.290977	0.265563	1.319397	2.588443
0.073908	0.051678	-1.692740	-1.018036	0.520353	1.250219	0.152680	0.875810	0.103623	0.770443	0.119523	1.005814	-1.476210	0.663126	-0.788887	-0.244160	0.716802	1.324295	1.783775	2.573929
1.228292	1.814888	-1.067148	-0.383302	-0.212873	1.652541	0.117292	1.356936	1.237886	1.283631	0.061372	0.949776	-0.229852	1.522518	-0.001573	-0.108421	1.681740	1.279268	1.147926	1.350048
1.483708	2.000910	-0.261306	0.733104	-0.768863	1.425342	0.898062	1.764220	1.559894	1.228140	-0.099882	0.997923	0.944015	1.613006	0.535800	0.170938	1.649937	0.378284	-0.217444	-0.287926
0.326085	0.324705	0.165906	1.937177	-0.538981	1.181118	1.728561	1.693122	0.446800	0.453715	-0.683267	0.887602	1.430737	0.487855	0.363991	0.541549	0.407022	-0.271157	-1.459325	-1.528237
-1.618347	-1.790148	-0.138060	2.459414	0.316860	1.493780	1.570331	0.919065	-1.378209	-0.790250	-1.604706	0.254383	1.248308	-1.021342	-0.287802	0.713039	-1.096930	0.023596	-1.992392	-2.024915
-3.004047	-2.703806	-0.699871	2.027616	1.245524	2.163274	0.425765	-0.089032	-2.369297	-1.869104	-1.992929	-0.613110	0.730069	-1.835915	-0.737088	0.475222	-1.751771	0.702828	-1.936928	-1.941959
-2.783047	-2.021562	-0.623351	1.095221	1.898381	2.340148	-0.648873	-0.557353	-1.631644	-2.043162	-1.025149	-0.941560	0.094367	-1.829902	-0.514015	0.013966	-1.400890	0.655370	-1.696564	-1.614015
-1.061823	-0.614296	0.230873	0.202253	2.132939	1.431104	-0.700517	-0.224573	0.146872	-1.118591	0.870572	-0.385497	-0.525410	-1.618938	0.246066	-0.152255	-0.661653	-0.289314	-1.233840	-1.127549
0.976344	0.547798	0.920687	-0.498477	1.676007	-0.198126	0.106726	0.442757	1.378428	0.188511	2.197471	0.504144	-0.832532	-1.493106	0.948232	0.288631	0.005225	-1.036772	-0.198687	-0.345021
2.110355	1.270258	0.664281	-0.968770	0.326114	-1.542982	0.671525	0.778723	1.175687	0.909925	2.014182	0.904159	-0.513986	-1.076572	1.070021	0.975806	0.585558	-0.605092	1.171361	0.622225
2.102469	1.806424	0.065428	-0.971974	-1.380558	-1.958420	0.181843	0.478011	0.132282	0.918347	0.995245	0.679492	0.322298	0.011783	0.699959	1.187863	1.062522	0.597693	1.896128	1.260656
1.672176	2.062021	0.428291	-0.420348	-2.216256	-1.666917	-0.929839	-0.313394	-0.494219	0.948930	0.511289	0.413413	1.161196	1.533737	0.505359	0.702073	1.217038	1.290438	1.400968	1.191327
1.541828	1.645631	1.850749	0.178426	-1.459966	-1.252430	-1.487094	-1.202781	-0.155342	1.410350	0.946434	0.485656	1.605012	2.704318	0.931339	0.072012	0.954621	0.859783	0.349446	0.632869
1.688683	0.711627	2.779459	0.106119	0.101071	-0.956784	-1.008755	-1.730160	0.627776	1.755969	1.464541	0.572848	1.590542	2.741734	1.498864	-0.130544	0.466433	-0.119071	-0.197225	0.089536
1.580719	0.145569	1.917243	-0.691961	0.852096	-0.730545	-0.263010	-1.556423	1.107024	1.379847	1.306333	0.284745	1.103241	1.509528	1.305420	-0.061361	-0.023896	-0.800465	-0.095475	-0.236777
0.955085	0.490949	0.026945	-1.475315	0.153143	-0.707620	-0.186786	-0.750768	1.086602	0.547442	0.636505	-0.166611	0.195077	-0.173708	0.300023	-0.245646	-0.374961	-0.930099	0.016085	-0.479745
0.153664	1.069211	-0.869603	-1.545632	-0.889337	-1.114419	-0.629697	0.118260	0.778389	-0.102108	-0.024896	-0.354160	-0.584875	-1.064624	-0.425286	-0.665656	-0.352491	-0.668949	-0.084942	-0.693903
-0.289660	0.769502	0.057791	-0.936785	-0.762589	-1.683917	-0.643377	0.414864	0.331216	-0.487568	-0.557260	-0.340231	-0.454552	-0.635023	0.035236	-0.723816	0.233761	-0.127478	0.073052	-0.690205
-0.204318	-0.383050	1.448710	-0.182660	0.520714	-1.643447	0.086692	0.076880	-0.157291	-0.847415	-1.034482	-0.466048	0.438820	0.366820	1.087104	-0.205867	0.977228	0.489716	0.640288	-0.319313
0.148429	-1.092577	1.383506	0.316933	1.352618	-0.557761	0.686709	-0.298298	-0.426603	-0.932664	-1.218952	-0.643581	0.712448	0.682946	1.186347	0.231182	0.886842	0.627577	0.905197	0.252715
0.416785	-0.453326	-0.377821	0.519789	0.575618	1.018609	0.285037	-0.154785	-0.265480	-0.297036	-0.816129	-0.453066	-0.588814	-0.109974	-0.232111	-0.077001	-0.467038	-0.083711	0.260513	0.663068
0.426513	0.760743	-2.104439	0.524682	-0.922834	1.933483	-0.656691	0.316467	0.110857	0.654315	-0.099844	0.067690	-2.321660	-1.125464	-1.836945	-0.764317	-1.971863	-1.054897	-0.728277	0.696379
0.185381	0.983378	-1.960377	0.384454	-1.254360	1.443947	-0.834399	0.423825	0.225584	0.812397	0.243285	0.331894	-2.275919	-1.135345	-1.796475	-0.817044	-1.894911	-1.153970	-0.873883	0.420478
-0.201672	-0.142082	0.051587	0.143007	0.031777	-0.155624	0.124690	-0.058430	-0.056403	-0.128306	0.002369	0.083849	-0.035470	0.011726	0.059715	0.039218	-0.008369	-0.139241	0.077930	0.014820
