X1	X2	X3	X4	X5	X6	X7	X8	X9	X10	X11	X12	X13	X14	X15	X16	X17	X18	X19	X20
0.153386	0.073877	0.098915	-0.197233	0.021207	-0.200757	-0.312879	-0.029849	0.503979	0.227568	-0.150303	-0.351299	0.156830	0.054620	0.148654	0.167419	0.113599	0.095185	-0.242770	-0.011184
-0.690542	-0.205911	0.174946	1.163645	0.203009	1.175967	1.088999	0.955386	-0.106629	-0.060185	-1.023702	-0.150705	0.453560	0.176307	0.088541	0.034766	1.156316	1.454466	0.328770	0.559826
-0.784072	-0.085401	0.004535	1.452227	0.064517	1.294101	1.458689	1.155712	-0.072189	-0.088159	-1.306869	0.254620	0.506818	0.388263	0.188734	0.304316	1.525028	1.846613	0.931459	1.107860
-0.143490	0.315493	-0.096262	0.809614	-0.176987	0.372184	0.604984	0.405666	0.180204	0.033943	-0.958264	0.461727	0.242760	0.372034	0.234087	0.595770	0.853522	0.967752	1.097075	1.163666
0.439569	0.423178	0.140513	0.001514	-0.017426	-0.397366	-0.694354	-0.646476	-0.141416	-0.032999	-0.378122	-0.025847	-0.148250	-0.199708	-0.111236	0.214293	-0.496945	-0.613623	0.288702	0.210606
0.256394	-0.087837	0.211430	-0.721280	0.509642	-0.441535	-1.286853	-1.030525	-0.847523	-0.375904	0.126755	-0.806703	-0.325581	-0.933252	-0.693468	-0.733723	-1.508749	-1.820855	-1.171565	-1.408792
-0.476679	-0.751020	-0.528730	-1.464150	0.587000	-0.294521	-0.633164	-0.442692	-0.925292	-0.647808	0.584967	-0.775058	-0.116727	-0.909846	-0.837567	-1.254378	-1.406969	-1.828085	-2.099317	-2.457204
-0.877288	-0.780637	-1.685944	-1.934711	-0.401365	-0.595059	0.511990	0.291434	0.029238	-0.481033	1.068277	0.417257	0.274915	0.116919	-0.170241	-0.709879	-0.466201	-0.729492	-1.685988	-2.064739
-0.541359	-0.124888	-2.040368	-1.645991	-1.793059	-1.123020	0.793336	0.201998	1.180689	0.006287	1.380476	1.681338	0.470504	1.167682	0.752768	0.300574	0.389047	0.566859	-0.389394	-0.695902
-0.041968	0.388874	-1.094274	-0.672656	-2.192476	-1.085145	0.007982	-0.412490	1.456768	0.333458	1.241679	1.789099	0.326258	1.177699	1.046152	0.733334	0.735675	1.276896	0.738118	0.538593
-0.029171	0.217798	0.225006	0.344191	-1.214774	-0.225319	-0.448346	-0.300314	0.832953	0.310563	0.698743	0.905841	0.066066	0.405806	0.626689	0.467191	0.954051	1.428766	1.232646	1.146942
-0.229309	-0.038611	0.773467	0.867119	-0.025635	0.655036	0.442166	0.823471	0.315258	0.290675	0.131297	0.185168	0.014156	0.096256	0.253875	0.279003	1.296662	1.397817	1.309196	1.332232
0.111020	0.488767	0.575391	0.841120	0.187156	0.550744	1.572773	1.557891	0.680147	0.591979	-0.114722	0.142008	0.266218	0.805160	0.395535	0.551961	1.265666	1.082385	1.134027	1.202201
0.936025	1.440556	0.435327	0.547083	-0.296366	-0.426892	1.077172	0.641818	1.472285	0.931017	0.087386	0.217494	0.599153	1.659213	0.612662	0.724908	0.398137	0.130392	0.650258	0.656991
1.243258	1.417330	0.614041	0.338836	-0.250847	-0.996216	-0.853948	-1.145989	1.490056	0.803259	0.718603	-0.062965	0.645488	1.444333	0.342983	0.265061	-0.721930	-1.080903	0.086051	-0.001369
0.513461	-0.069711	0.760053	0.447382	0.845197	-0.223279	-1.878499	-1.815197	0.283757	0.340930	1.582449	-0.287371	0.246131	0.036504	-0.196788	-0.439944	-0.911474	-1.404242	0.027158	-0.080114
-0.315587	-1.548027	0.945930	0.830876	2.206593	1.236561	-0.536098	-0.663509	-1.131478	0.307658	2.218841	0.169635	-0.255635	-1.479993	-0.355218	-0.663363	0.165203	-0.233981	0.695128	0.617446
0.000957	-1.226415	1.627882	1.156830	2.702200	1.861237	1.782557	0.972466	-1.370224	1.013090	2.133927	1.148060	-0.235157	-1.923998	-0.009442	-0.408836	1.507954	1.522049	1.464938	1.382949
1.146397	0.603139	2.355337	0.990087	2.014816	1.063681	2.635232	1.542232	-0.358822	1.616596	1.235891	1.767234	0.426364	-1.101152	0.289038	-0.310648	1.865046	2.245770	1.450182	1.403115
1.472139	1.752984	1.740816	0.113960	0.767854	-0.269233	1.465475	0.932661	0.537306	1.031734	-0.015576	1.349526	0.925661	0.061364	0.038321	-0.649163	0.984809	1.305056	0.510861	0.657437
0.282992	0.906081	-0.523171	-1.198272	-0.203425	-1.051892	-0.235792	-0.087041	0.219559	-0.541665	-0.910143	0.094748	0.383896	0.342491	-0.676884	-1.013548	-0.301730	-0.384933	-0.560139	-0.262766
-1.073163	-0.723101	-2.578159	-2.212166	-0.525593	-1.175384	-1.132174	-1.125577	-0.778861	-1.593138	-0.995572	-1.062234	-0.869323	-0.639230	-1.323502	-0.939622	-0.954962	-1.443723	-0.875568	-0.897044
-0.994448	-1.081842	-2.462871	-2.207884	-0.427602	-1.098284	-1.181442	-2.014922	-1.102080	-1.087669	-0.434657	-1.185257	-1.428483	-1.963638	-1.386330	-0.464186	-0.554938	-1.292775	-0.327506	-1.115727
0.253341	0.073397	-0.712098	-1.150499	-0.412378	-0.886075	-0.796981	-2.084791	-0.412488	0.214463	0.137461	-0.142846	-0.498507	-2.212440	-0.778126	0.044802	0.485307	-0.322306	0.402486	-0.881031
1.059708	1.135362	0.379611	0.121699	-0.717379	-0.354177	-0.209059	-0.843588	0.340479	0.744628	0.235174	1.137046	1.030245	-0.886649	0.075706	0.337278	1.291260	0.713152	0.601597	-0.282361
0.699366	0.957752	-0.108917	0.636366	-1.044263	0.157796	0.123372	0.759564	0.467506	0.129741	-0.013676	1.415251	1.623485	1.056086	0.686117	0.455751	1.208805	1.169444	0.237686	0.308230
0.065182	0.174135	-0.721002	0.311394	-0.951672	0.022524	-0.376252	1.002017	0.451255	-0.510609	-0.142313	0.383429	0.890622	2.148774	1.060656	0.599494	0.340326	0.741335	-0.101090	0.505421
0.127773	-0.040866	-0.057086	-0.013897	-0.512872	-0.603231	-1.376783	-0.360604	0.881604	-0.291154	-0.041095	-0.970440	-0.207481	1.786288	1.486411	0.846605	-0.585850	-0.304891	0.031750	0.320560
0.509866	0.294827	1.060846	0.309286	-0.320625	-0.700992	-1.577681	-1.512942	1.199561	0.195580	-0.169136	-1.434909	-0.792546	0.610191	1.707373	0.964701	-0.974157	-1.171179	0.383344	0.079238
0.077214	0.157059	0.779074	0.925392	-0.684395	0.296266	-0.289891	-0.830551	0.325273	-0.178701	-0.926529	-0.879069	-1.052127	-0.297065	0.929678	0.622345	-0.913962	-1.182641	0.363100	-0.009858
-1.441030	-0.879308	-1.084809	1.025754	-1.059218	1.637059	1.481926	1.042058	-1.651783	-1.406409	-1.941354	-0.267617	-1.568692	-0.448892	-0.971110	-0.128216	-0.895454	-0.543868	-0.172435	-0.050241
-2.955214	-1.959124	-2.635746	0.420846	-0.625036	2.103950	2.141421	2.114094	-3.196859	-2.314825	-2.296520	-0.473306	-2.197266	-0.238929	-2.773226	-0.782456	-1.152443	-0.213720	-0.808024	-0.313115
-3.173849	-2.037550	-2.260518	-0.332074	0.588444	1.422490	1.313264	1.532686	-2.989553	-2.115951	-1.560851	-1.331189	-2.164384	-0.318823	-3.041856	-0.935725	-1.457631	-0.809282	-1.228930	-0.980033
-1.997445	-1.174887	-0.570033	-0.738956	1.526320	0.414225	0.005518	0.254737	-1.409543	-1.326856	-0.311893	-1.873895	-1.175774	-0.775954	-1.746697	-0.722456	-1.447888	-1.761738	-1.585205	-1.877109
-0.579940	-0.365579	0.475489	-0.859758	1.252032	-0.092745	-0.727661	-0.524623	-0.016127	-0.873284	0.553186	-1.311955	0.081186	-1.014192	-0.263790	-0.579482	-0.990541	-1.863316	-1.987011	-2.403979
-0.019739	-0.270739	-0.034419	-0.897156	0.071654	-0.067230	-0.643716	-0.620158	0.247808	-0.750533	0.786764	0.216012	0.722257	-0.494055	0.212386	-0.711511	-0.264210	-0.663249	-1.976733	-1.925118
-0.192872	-0.535529	-1.022654	-0.667112	-0.736101	0.051805	0.019016	-0.383942	-0.082578	-0.170397	0.819667	1.706020	0.653542	0.548460	-0.117686	-0.869498	0.429068	0.971291	-0.952495	-0.384551
-0.077878	-0.393395	-0.866554	0.166570	-0.317814	0.069604	0.931260	0.091185	0.028518	1.060220	0.965112	2.112387	0.519061	1.318271	-0.162271	-0.575327	0.859942	1.764976	0.882751	1.479382
0.889730	0.394653	0.711573	1.406705	0.818778	0.145353	1.485010	0.757498	0.731525	2.019458	0.920640	1.250701	0.824648	1.329448	0.627290	0.403263	0.852194	1.267263	2.358616	2.588274
2.113287	1.347127	2.459256	2.279598	1.417741	0.422932	0.963233	1.213484	1.276613	1.849939	0.219597	-0.068450	1.388944	0.794771	1.682730	1.670694	0.268126	0.131756	2.381551	2.356387
2.546865	1.788955	3.052726	2.277909	0.927969	0.873810	-0.454452	1.179268	1.133566	0.916759	-0.947194	-0.788749	1.631115	0.161764	2.121361	2.339765	-0.712074	-0.575049	1.075857	1.259544
1.870484	1.434331	2.382108	1.754338	0.047121	1.381111	-1.347246	1.015991	0.545066	0.261564	-1.674384	-0.468365	1.190009	-0.365077	1.658595	1.745270	-1.450987	-0.293545	-0.327821	0.447291
0.762751	0.570215	1.365585	1.372102	-0.289873	1.673724	-0.612529	1.111117	-0.074810	0.235533	-1.293544	0.477093	0.228769	-0.669195	0.576120	0.142689	-1.396688	0.543318	-0.783235	0.508394
0.040381	-0.240307	0.792673	1.203876	-0.091929	1.312850	0.810415	1.001062	-0.696158	0.258476	-0.213389	1.158278	-0.728543	-0.459588	-0.684355	-1.314050	-0.697034	0.915194	-0.405384	0.795231
-0.242440	-0.650184	0.605421	0.824284	-0.062388	0.201050	0.858862	-0.049263	-1.321283	-0.220981	0.456567	0.862489	-1.199965	0.411788	-1.497406	-1.411931	0.081585	0.348387	-0.026717	0.410477
-0.605667	-0.704101	0.263855	0.195450	-0.381392	-0.879743	-0.799621	-1.552618	-1.544920	-1.077863	0.111197	-0.357643	-1.080796	1.442870	-1.111341	0.087359	0.669670	-0.442693	-0.037869	-0.381402
-1.174360	-0.556922	-0.410146	-0.119927	-0.372448	-0.818724	-2.037199	-1.861514	-0.950602	-1.799037	-0.740935	-1.624541	-0.674715	1.689231	0.563982	2.107532	1.072263	-0.429548	-0.084157	-0.518039
-1.354388	-0.209774	-0.915821	0.178896	0.421914	0.410772	-1.137587	-0.281743	0.217759	-1.966937	-1.164089	-2.000638	-0.374859	0.695468	2.343790	3.039067	1.051919	0.317778	0.128278	0.125747
-0.676394	0.341978	-0.689487	0.501304	1.287168	1.347094	0.672504	1.596499	1.137421	-1.415998	-0.885462	-1.392635	-0.280907	-0.897204	2.624316	2.064110	0.295028	0.658361	0.255539	0.376569
0.385752	0.808034	0.019468	-0.048934	0.973072	0.582615	0.847101	1.576927	1.174036	-0.298789	-0.422206	-0.515602	-0.202946	-1.909053	1.045206	-0.185654	-0.876405	-0.101760	-0.173317	-0.522436
0.814755	0.667186	0.264369	-1.571284	-0.661203	-1.454412	-0.864687	-0.370642	0.438417	0.846547	-0.231484	-0.029662	-0.070748	-1.837351	-1.115302	-2.264497	-1.531350	-1.270066	-0.983143	-1.732113
0.195030	-0.306891	-0.343713	-3.030722	-2.118691	-2.801498	-1.968662	-1.952019	-0.421665	1.371267	-0.198426	0.026437	-0.122383	-1.273284	-2.343586	-3.139237	-1.072577	-1.596790	-1.449844	-1.947991
-0.807908	-1.568700	-0.954706	-3.152831	-1.908850	-2.208747	-0.678619	-1.421671	-0.863721	1.118404	-0.055169	0.018562	-0.466788	-0.947426	-2.267489	-2.761665	0.145033	-0.701013	-1.120853	-1.092888
-1.164259	-2.072581	-0.634628	-1.817111	-0.477632	-0.642204	1.512386	0.218928	-0.770110	0.635396	0.186191	0.207356	-0.674028	-0.736950	-1.476341	-1.683470	1.224264	0.582292	-0.319470	-0.204278
-0.563637	-1.309883	0.211186	-0.344434	0.347591	0.006879	1.846804	0.734518	-0.282997	0.526411	0.398633	0.469353	-0.262837	-0.132800	-0.555657	-0.516746	1.513383	1.140723	0.239118	0.033238
0.273468	-0.018188	0.429047	0.038044	-0.140163	-0.543187	0.181831	-0.163055	0.310769	0.677412	0.469071	0.435834	0.436465	0.602308	0.184099	0.234156	0.986510	0.705996	0.238771	-0.057066
0.397314	0.521427	-0.148032	-0.327970	-0.706876	-0.783963	-0.880030	-0.608983	0.559843	0.494387	0.171808	-0.033151	0.514250	0.632885	0.417213	0.313730	0.148905	0.006245	0.002224	0.050408
-0.236310	-0.008148	-0.635577	-0.365559	-0.267364	0.015714	0.113753	0.320880	0.209499	-0.085969	-0.498045	-0.546763	-0.189455	-0.035088	-0.015565	-0.052222	-0.342706	-0.173317	-0.077738	0.240431
-0.630031	-0.570214	-0.678218	-0.098503	0.469241	0.521288	1.391797	1.098783	-0.306286	-0.345040	-0.849977	-0.559760	-0.621068	-0.344422	-0.640686	-0.344906	-0.204943	0.101777	-0.048824	0.079976
-0.004142	-0.161721	-0.837407	-0.357756	0.356585	-0.419570	0.815877	0.254089	-0.228173	0.202353	-0.146496	-0.020144	0.093401	0.210587	-0.660410	-0.319706	0.207360	0.175714	-0.106407	-0.320031
1.073909	0.837184	-1.184163	-0.932270	-0.247470	-1.635947	-0.891252	-1.205953	0.502041	1.016534	1.187632	0.626920	1.298831	0.725453	0.100042	-0.152948	0.326279	-0.163562	-0.090281	-0.309874
1.409443	1.242682	-0.786533	-0.677906	-0.139818	-1.365704	-1.471170	-1.372987	1.072449	1.226076	1.851508	1.017388	1.616789	0.302085	0.923985	-0.028967	0.114104	-0.353207	0.293813	0.340158
0.892124	0.746008	0.768201	0.375757	0.736254	-0.184333	-0.569881	-0.331650	0.903693	0.823490	1.355291	1.112193	0.847764	-0.462090	1.049800	0.079572	0.136326	0.114851	0.899681	0.964696
0.638902	0.269649	2.279926	0.701581	1.182578	-0.236279	0.126463	0.211579	0.447736	0.604508	0.667127	0.966387	0.199054	-0.304763	0.551965	0.205857	0.767723	0.923674	1.237905	0.848889
1.248681	0.541108	2.189963	-0.389299	0.466383	-1.838463	-0.233716	-0.375623	0.510244	0.964035	0.877251	0.672627	0.542924	0.818882	0.205226	0.315587	1.597237	1.306050	1.107645	0.226977
1.812594	1.038759	0.504465	-1.503697	-0.767921	-2.806537	-0.618945	-1.001817	1.130159	1.314186	1.758595	0.436310	1.282167	1.624259	0.554226	0.493064	1.868270	0.979782	0.741154	-0.079444
1.263285	0.873495	-1.216349	-1.073809	-1.381066	-1.554336	-0.174526	-0.845227	1.619068	0.929245	2.053313	0.292925	1.363559	1.231618	1.280752	0.893623	1.332811	0.357694	0.341331	0.126538
0.085970	0.284523	-1.679643	0.532765	-0.987382	0.703929	0.364128	-0.475423	1.571403	-0.018038	1.005826	-0.080386	0.785165	0.273476	1.595517	1.437319	0.419328	-0.098203	-0.113981	0.181785
-0.198940	0.465510	-1.125411	1.723338	-0.206759	1.678026	0.090650	-0.557417	1.356720	-0.639226	-0.698365	-0.837770	0.428490	0.029022	1.184550	1.801436	-0.303951	-0.348228	-0.546004	-0.360934
0.867546	1.814972	-0.624647	1.808189	0.082681	0.909025	-0.448989	-0.645921	1.516356	-0.400318	-1.624940	-1.496238	0.695857	0.857062	0.530891	1.770463	-0.572317	-0.507795	-0.646292	-0.990147
1.930532	3.053177	-0.568412	1.480126	-0.325404	-0.031319	-0.095655	-0.045124	1.943725	0.328437	-1.131054	-1.472279	1.026682	1.811220	0.233673	1.365651	-0.450767	-0.473139	-0.250603	-0.906109
1.432719	2.580061	-0.401134	1.483744	-0.777805	0.231466	1.086165	0.895189	1.861992	0.782339	0.003228	-0.836771	0.794161	1.756080	0.299580	0.647754	-0.210652	-0.124877	0.392305	-0.100643
-0.563273	0.407560	0.205730	1.656872	-0.584480	1.382480	1.796221	1.221622	0.681188	0.583355	0.583113	-0.086460	0.143514	0.665867	0.309133	-0.273771	-0.177643	0.274587	0.846033	0.624051
-2.527714	-1.777570	0.618264	1.424413	0.070637	2.188228	1.191359	0.782077	-1.163631	-0.071882	0.344323	0.559977	-0.297248	-0.367724	0.014367	-1.001525	-0.516047	0.262625	0.828591	0.629443
-3.100983	-2.423389	0.130833	0.748370	0.314173	2.086625	-0.126084	0.382476	-2.459246	-0.773982	-0.060806	1.159076	-0.314184	-0.474317	-0.510687	-1.014751	-1.106592	-0.229824	0.317152	0.131805
-2.234897	-1.587803	-0.833786	0.190533	-0.285955	1.578801	-0.977434	0.523902	-2.444747	-1.259504	-0.179498	1.525688	-0.452950	-0.107805	-1.081522	-0.262391	-1.622793	-0.743739	-0.473410	-0.153602
-0.941467	-0.582467	-1.081833	0.081292	-1.038271	1.283042	-1.017441	0.665962	-1.595495	-1.521042	-0.256321	1.218176	-1.350124	-0.463023	-1.429469	0.644106	-1.680265	-0.814616	-1.133025	0.119669
-0.295435	-0.515515	-0.152165	0.041119	-0.776412	1.161178	-0.917884	0.092698	-1.012576	-1.744030	-0.586652	0.115878	-2.776181	-1.856631	-1.202914	0.991525	-1.033697	-0.432083	-1.241054	0.599313
-0.651430	-1.375834	1.114593	-0.421639	0.850015	0.834181	-1.299212	-0.927852	-1.219029	-2.072857	-0.980898	-1.243572	-3.614054	-3.155526	-0.352432	0.584735	0.136691	0.063762	-0.675658	0.765761
-1.507680	-2.317501	1.639806	-1.155935	2.849061	0.239821	-1.847933	-1.357685	-1.727481	-2.294369	-1.151342	-2.016568	-2.983180	-3.005069	0.538018	-0.247696	1.152949	0.364325	0.236613	0.600165
-1.935897	-2.514189	1.261764	-1.579679	3.695074	-0.331565	-1.616912	-0.598283	-1.651433	-1.860561	-1.201579	-1.698310	-1.203144	-1.305898	0.718435	-1.041869	1.325915	0.421166	0.911408	0.533882
-1.277139	-1.725177	0.600250	-1.440634	2.699502	-0.628016	-0.148245	0.917613	-0.603519	-0.474032	-1.342112	-0.499490	0.572208	0.747042	0.153801	-1.437596	0.615661	0.417323	0.890514	0.781150
0.276632	-0.340396	0.198159	-0.989926	0.665107	-0.591466	1.745501	2.213086	0.882917	1.318097	-1.357076	0.769451	1.458752	1.853782	-0.420975	-1.254772	-0.356079	0.515139	0.174878	0.992477
1.679495	0.877305	0.156018	-0.505284	-0.808035	-0.248619	2.531304	2.501886	1.686842	2.324359	-0.793023	1.282702	1.309033	1.621473	-0.468765	-0.638502	-0.968389	0.568867	-0.684327	0.728902
1.858216	1.226786	0.321315	-0.012461	-0.785562	0.293672	1.551839	1.622637	1.012192	1.708912	0.329794	0.890447	0.406512	0.617754	-0.306257	-0.066536	-1.043450	0.247074	-0.938369	0.099875
0.804335	0.594670	0.444146	0.487548	0.185517	0.739361	-0.106456	0.176405	-0.763543	-0.136529	1.345018	0.203555	-0.739135	-0.250582	-0.534117	0.046573	-0.648333	-0.378311	-0.339503	-0.324213
-0.294230	-0.356578	0.300820	0.821744	0.830343	0.738467	-0.755590	-0.826066	-2.210054	-1.794056	1.604478	-0.152737	-1.402428	-0.448312	-1.131778	-0.256388	0.102806	-0.613195	0.523572	-0.190986
-0.322706	-0.764198	-0.019522	0.836101	0.652477	0.322720	-0.008002	-0.847266	-2.152086	-2.063505	1.120296	-0.240219	-1.118068	-0.187132	-1.518647	-0.655420	0.822458	0.050724	0.808923	0.254448
0.454172	-0.452813	-0.085773	0.610377	0.338701	0.052733	0.948997	-0.387083	-0.922437	-1.077190	0.443202	-0.528164	-0.340405	-0.176153	-1.366741	-1.028076	0.834116	0.992914	0.314243	0.468046
0.780094	-0.036471	0.332646	0.312212	0.574377	0.394055	0.936199	-0.372572	0.038419	-0.048736	0.058908	-1.034832	-0.103705	-0.840345	-0.928133	-1.428013	-0.136838	0.913476	-0.429411	0.125714
0.109032	-0.012442	0.835773	-0.030933	0.968967	0.964666	0.067135	-0.984870	-0.069298	0.129259	0.030294	-1.128625	-0.706360	-1.744974	-0.541326	-1.599966	-1.372441	-0.541506	-0.862086	-0.618897
-0.657602	-0.051000	0.812432	-0.410176	0.600603	0.826398	-0.685346	-1.435081	-0.540798	-0.190820	0.132577	-0.298087	-1.146403	-1.955952	-0.194240	-0.980072	-1.706514	-2.078209	-0.850105	-1.213991
-0.448022	0.487848	0.174642	-0.614121	-0.668230	-0.323423	-0.680507	-0.990551	-0.309137	-0.025202	0.165677	1.118407	-0.302076	-1.017125	0.272860	0.514498	-0.728755	-2.114283	-0.451814	-1.093531
0.468388	1.490865	-0.641328	-0.418872	-1.950816	-1.627820	-0.040119	0.127990	0.601241	0.942358	0.075406	2.157432	1.566316	0.575702	0.801024	1.998413	0.833160	-0.575786	0.331980	-0.213081
0.857431	2.001316	-1.283753	0.056278	-2.377114	-1.986611	0.760689	1.076275	1.279909	1.959525	-0.162318	2.129328	2.956635	1.870793	1.161952	2.375924	1.932586	1.119532	1.328182	0.762014
0.213874	1.343299	-1.676023	0.458962	-1.957661	-1.243454	1.267519	1.317697	1.230884	2.052182	-0.622411	1.158335	2.720721	2.219934	1.250585	1.551785	2.081896	1.705534	1.957868	0.982192
-0.610556	0.032128	-1.646441	0.627921	-1.317393	-0.199668	1.127884	0.958783	0.865222	1.038103	-1.240774	-0.150642	1.179317	1.572924	1.167630	0.525875	1.417433	1.187328	1.585227	0.226123
-0.606339	-0.726906	-0.958489	0.645617	-0.929068	0.370838	0.315252	0.404192	0.762088	-0.342401	-1.580980	-1.280200	-0.336740	0.408208	1.052319	0.214701	0.343762	0.359486	0.174350	-0.878603
0.155682	-0.324593	0.047889	0.506543	-0.863122	0.356427	-0.623140	-0.008135	0.944802	-1.118446	-1.095169	-1.830802	-0.730550	-0.453791	0.921264	0.483034	-0.666896	-0.241465	-1.543210	-1.526995
0.852962	0.731217	0.423429	0.050314	-1.027110	-0.021361	-0.985200	-0.188225	1.059551	-0.840017	0.138930	-1.426681	0.096165	-0.360617	0.685336	0.521911	-1.222456	-0.651311	-2.639182	-1.570528
1.050557	1.484370	-0.240349	-0.671277	-1.237869	-0.695698	-0.754283	-0.374846	0.948112	0.155187	1.146748	-0.231189	1.333373	0.459319	0.334762	-0.030074	-1.233652	-1.046628	-2.677249	-1.512927
0.966509	1.410207	-0.990706	-1.234661	-1.138460	-1.601174	-0.632204	-0.901997	0.756078	1.053760	0.952561	0.656553	1.905167	0.907581	0.052616	-0.666936	-0.925608	-1.365041	-1.855137	-1.671012
0.798264	0.659576	-0.532353	-1.286409	-0.489936	-2.315033	-1.031655	-1.669212	0.584404	1.251300	-0.221871	0.170476	1.277604	0.168845	-0.018368	-0.756158	-0.570983	-1.414600	-0.662874	-1.648435
0.418461	-0.235437	1.005627	-0.980247	0.371883	-2.276170	-1.405847	-2.001836	0.281777	0.879496	-1.064561	-1.210514	-0.077424	-1.212221	-0.094357	-0.403419	-0.302810	-1.182012	0.437603	-0.919350
-0.165197	-0.792228	2.015501	-0.730655	0.772646	-1.386754	-0.927350	-1.334592	-0.346968	0.609772	-0.676498	-1.723269	-1.055937	-1.810955	-0.527688	-0.289363	-0.155471	-0.867544	1.076063	0.233743
-0.579403	-0.919465	1.357093	-0.678173	0.565778	-0.207865	0.347644	0.003485	-1.176333	0.845973	0.371970	-0.508329	-0.938239	-0.935641	-1.207928	-0.761687	-0.123593	-0.635862	0.966348	0.801065
-0.594659	-0.940044	-0.204179	-0.664589	0.382100	0.496262	1.390257	0.985989	-1.696134	1.198872	0.835660	1.158850	-0.083017	0.587165	-1.571725	-1.442985	-0.140911	-0.451218	0.077225	0.221202
-0.516514	-1.184678	-0.971588	-0.592475	0.757503	0.409503	1.320533	0.954000	-1.462196	0.929673	0.400737	1.475165	0.464562	1.403053	-1.345047	-1.732243	-0.084049	-0.163560	-1.084012	-0.791095
-0.723553	-1.530103	-0.369864	-0.482905	1.362298	-0.083058	0.305485	0.250224	-0.657471	-0.098116	-0.063478	0.420538	0.097231	1.110073	-0.848972	-1.347213	0.141990	0.313189	-1.541549	-0.889344
-1.003173	-1.444091	0.583491	-0.252640	1.440415	-0.301805	-0.802479	-0.304455	-0.008893	-1.127510	0.136014	-0.415008	-0.705510	0.433487	-0.369192	-0.363143	0.473517	0.871677	-0.609788	0.435086
-0.723230	-0.567386	0.754934	0.230043	0.783490	0.028631	-1.408470	-0.289218	0.026078	-1.304881	0.577577	-0.105674	-0.970459	0.114909	0.298191	0.886307	0.635910	1.211617	1.239682	2.211825
0.319339	0.770551	0.210985	0.851016	-0.041830	0.570335	-1.462178	0.142315	-0.180920	-0.650439	0.501349	0.476911	-0.423384	0.142225	1.307936	1.844276	0.364232	1.091011	2.562135	2.906043
1.487663	1.674089	-0.142423	1.274224	-0.312505	0.899594	-1.074026	0.655289	0.036671	-0.065531	-0.022654	0.048572	0.140178	0.166500	2.150882	2.006738	-0.179844	0.680007	2.295674	1.912359
1.872521	1.399237	0.192368	1.311808	0.185062	1.028973	-0.351657	0.937713	0.649071	-0.372001	-0.282090	-1.283765	-0.189448	0.139630	2.073964	1.340374	-0.356927	0.507186	0.804463	0.084086
1.193552	0.069949	0.771075	1.084197	0.978346	1.204724	0.365976	0.671393	0.899816	-1.408176	0.017256	-2.123428	-1.267103	0.162610	1.008025	0.308231	0.284676	0.853547	-0.642259	-1.171124
0.055096	-1.278214	0.808183	0.762501	1.297049	1.354117	0.569993	-0.244023	0.390991	-2.100925	0.461969	-1.451028	-1.942100	0.062064	-0.298241	-0.506484	1.306907	1.304519	-1.211004	-1.197453
-0.681924	-1.515662	0.074400	0.353191	0.779289	1.090636	0.169483	-1.295204	-0.255173	-1.506452	0.571088	0.233410	-1.319923	-0.375394	-1.049017	-0.707506	1.687222	1.175057	-0.987640	-0.424010
-0.707606	-0.450905	-0.835309	-0.101921	-0.157829	0.339601	-0.185543	-1.495420	-0.210506	0.161142	0.222210	1.506626	0.224115	-0.866516	-1.018547	-0.219474	0.975806	0.388287	-0.358964	0.424208
-0.412459	0.963883	-1.063218	-0.286327	-0.765248	-0.332224	0.238953	-0.311289	0.426292	1.640168	-0.453781	1.535052	1.435733	-0.811017	-0.445168	0.599178	-0.092532	-0.325530	0.458429	1.055446
-0.346264	1.530684	-0.341663	0.108498	-0.729716	-0.248246	1.287557	1.540043	0.856430	1.846996	-1.076576	0.808483	1.474876	-0.094852	0.317465	1.084929	-0.361742	-0.192970	1.188272	1.461460
-0.663724	0.892643	0.680900	0.865597	-0.344314	0.593552	2.012536	2.591070	0.741871	0.900567	-0.988967	0.429763	0.646286	0.635520	0.942335	0.860790	0.476004	0.806810	1.419818	1.502381
-1.053574	-0.249186	1.056331	1.315794	-0.022766	1.427035	1.797367	2.106946	0.543497	-0.120077	0.108329	0.826589	-0.104743	0.703717	1.219664	0.337437	1.555524	1.920111	1.101777	1.053601
-1.078444	-0.875200	0.531665	1.051942	0.082190	1.446402	0.936892	0.821008	0.695750	-0.314005	1.347327	1.253548	-0.208030	0.222764	1.164806	0.285318	1.732845	2.200470	0.700327	0.391045
-0.588343	-0.564545	-0.232974	0.397877	-0.023495	0.624801	0.067198	0.036285	0.932093	0.216945	1.237614	0.700137	0.113134	-0.054432	0.904619	0.780666	0.671415	1.193223	0.563088	0.045124
0.127366	0.225029	-0.499968	0.032251	-0.319226	-0.237886	-0.468657	0.226887	0.667287	0.629486	-0.479622	-0.704543	0.328148	0.309486	0.468655	0.988727	-0.889692	-0.606934	0.478556	0.227207
0.608048	0.714690	-0.209653	0.228727	-0.610642	-0.370560	-0.615988	0.712864	-0.130744	0.369224	-2.064418	-1.583318	0.291178	0.839180	-0.124103	0.313126	-1.792185	-1.956871	0.139181	0.601301
0.664324	0.605693	0.226830	0.605186	-0.523143	0.122034	-0.458644	0.578963	-0.765534	-0.175062	-1.647122	-0.905126	0.272365	0.684371	-0.648853	-0.648592	-1.451557	-1.899423	-0.316315	0.692967
0.508509	0.270386	0.470723	0.572785	-0.008216	0.412647	-0.252493	-0.305469	-0.634992	-0.210565	0.346594	0.651184	0.380518	-0.289244	-0.817636	-0.844746	-0.404787	-0.760341	-0.572805	0.377700
0.436637	0.175240	0.330172	-0.125119	0.367570	-0.090404	-0.314954	-1.246798	0.003115	0.346379	1.565976	1.398644	0.309717	-1.216964	-0.639929	-0.232457	0.135025	0.118846	-0.687290	-0.152941
0.487879	0.293195	-0.289943	-1.223112	0.071688	-1.084696	-0.671815	-1.570620	0.353475	0.674723	0.715082	0.597473	-0.161437	-1.215701	-0.416272	0.171071	-0.508890	-0.195955	-0.937018	-0.742006
0.505073	0.222344	-1.134770	-2.037264	-0.613383	-1.679575	-0.940801	-1.293936	0.034393	0.145314	-0.793197	-0.751451	-0.715886	-0.431023	-0.356358	-0.246698	-1.644208	-1.205964	-1.203510	-1.294817
0.424237	-0.223054	-1.586486	-1.898257	-0.921811	-1.307362	-0.800717	-0.946721	-0.593086	-0.774285	-0.836830	-1.202039	-0.874003	0.202708	-0.398913	-0.842820	-1.842572	-1.551701	-0.982669	-1.516705
0.295818	-0.772238	-1.298837	-0.844604	-0.627192	-0.311175	-0.505618	-0.928288	-1.003181	-1.157111	0.489024	-0.578056	-0.674664	0.118837	-0.422719	-0.727705	-0.609981	-0.605782	-0.177064	-1.035912
0.028958	-1.078724	-0.683112	0.204920	-0.223783	0.435883	-0.545750	-1.118573	-1.086388	-0.896306	1.044556	0.009492	-0.606827	-0.350372	-0.425766	-0.129546	0.826469	0.714675	0.517291	0.029073
-0.581258	-1.099162	-0.384274	0.343786	-0.040318	0.482393	-0.774506	-1.032487	-1.012951	-0.691778	-0.398981	-0.284505	-0.845707	-0.579591	-0.453141	-0.063510	0.828984	0.950475	0.381236	0.899408
-1.380754	-0.932299	-0.375937	-0.330246	0.247156	0.168630	-0.459531	-0.369623	-0.784744	-0.806247	-2.439357	-1.005779	-0.910913	-0.381836	-0.542638	-0.804888	-0.643786	-0.192409	-0.409590	0.784739
-1.686841	-0.514741	-0.059789	-0.956575	0.864126	-0.003737	0.547811	0.546060	-0.293870	-0.620745	-2.696572	-1.083100	-0.304370	-0.010895	-0.765198	-1.452044	-1.903790	-1.523086	-1.063199	-0.352761
-0.993737	0.192944	0.667697	-0.996086	1.169945	-0.040760	1.331112	1.025446	0.235076	0.283675	-0.607092	-0.140909	0.704592	0.261784	-1.084850	-1.154596	-1.545667	-1.800302	-1.197556	-1.722636
0.251333	0.837223	1.038343	-0.627299	0.334224	-0.259102	1.076706	0.787757	0.352035	1.273164	1.990450	1.144428	1.270345	0.378703	-1.149718	-0.151051	-0.008191	-1.010601	-1.066530	-2.290121
1.041240	0.914210	0.507720	-0.166943	-1.258489	-0.674596	0.213872	0.236256	0.098898	1.403944	2.927207	1.764374	0.981812	0.446186	-0.545122	0.700772	1.231545	0.022918	-0.813910	-1.532399
1.007470	0.430055	-0.238516	0.340911	-1.992936	-0.905835	-0.194860	-0.131445	0.114154	0.622414	1.888185	1.233689	0.345850	0.562574	0.586233	0.959020	1.491477	0.798346	-0.132407	0.087723
0.724620	-0.052196	-0.071010	0.854272	-0.840158	-0.621133	0.127870	-0.241590	0.662288	-0.266827	0.378242	-0.077289	0.053799	0.614181	1.470554	0.827220	1.294621	1.356362	1.061665	1.374533
0.700247	-0.121331	0.944683	1.123504	1.210751	0.094348	0.462400	-0.199554	1.035633	-0.597907	-0.129647	-1.233237	0.100204	0.284515	1.508763	0.649692	1.212273	1.609633	2.056887	1.414378
0.679459	0.076535	1.488149	0.970332	2.168135	0.760267	0.172422	0.052084	0.490188	-0.380215	0.399453	-1.448462	0.047620	-0.504680	0.939918	0.507378	1.031065	1.157516	1.941368	0.434813
0.311281	0.249804	0.746919	0.483922	1.395923	0.814254	-0.536496	0.477195	-0.525087	0.021022	0.928653	-0.723879	-0.079281	-1.195927	0.416798	0.240519	0.263648	-0.043704	0.705866	-0.531913
-0.090358	0.377903	-0.475113	-0.170580	0.241509	0.078810	-1.011242	0.670562	-0.781389	0.314691	0.671490	0.177759	0.190942	-1.037384	0.142065	-0.258504	-0.946070	-1.274891	-0.630620	-0.798261
-0.053156	0.492386	-0.881387	-0.807293	0.087294	-0.905480	-0.919197	0.294052	0.050105	0.352436	-0.185724	0.485417	0.804084	-0.074714	-0.171136	-0.763506	-1.803990	-1.684199	-1.101596	-0.534040
0.190472	0.400866	-0.381763	-1.039271	0.552284	-1.195393	-0.451158	-0.361717	0.801423	0.086764	-0.889223	0.170822	0.885940	0.691116	-0.614344	-0.815355	-1.703895	-1.190605	-0.733669	-0.203516
0.042190	-0.026372	0.045217	-0.547700	0.358772	-0.411537	0.011937	-0.666077	0.323408	-0.348876	-0.963641	-0.174082	-0.114749	0.460559	-0.858572	-0.255875	-0.847539	-0.462541	-0.249377	0.025566
-0.444658	-0.484430	-0.070768	0.299996	-0.536563	0.684341	0.243588	-0.429642	-0.843946	-0.628397	-0.587898	-0.165874	-1.362635	-0.328282	-0.670297	0.433720	0.033314	-0.046330	-0.083141	0.185622
-0.575999	-0.488404	-0.159639	0.641090	-0.840099	0.934818	0.252726	-0.023460	-1.077884	-0.472566	-0.240741	-0.004465	-1.394008	-0.552748	-0.229429	0.569725	0.408564	0.125137	-0.045355	0.241150
-0.087294	0.014598	0.216393	0.213718	0.004207	0.143433	0.155646	0.254123	0.097100	0.064242	-0.117514	0.048758	0.029941	0.113328	0.214571	0.058055	0.324393	0.300987	0.107810	0.169244
