X1	X2	X3	X4	X5	X6	X7	X8	X9	X10	X11	X12	X13	X14	X15	X16	X17	X18	X19	X20	X21	X22	X23	X24	X25	X26	X27	X28	X29	X30	X31	X32	X33	X34	X35	X36	X37	X38	X39	X40	X41	X42	X43	X44	X45	X46	X47	X48	X49	X50	X51	X52	X53	X54	X55
-0.204632	-0.181104	-0.153184	0.058173	-0.028034	-0.140556	-0.119010	0.012747	0.161695	0.058987	0.082982	-0.100624	0.025194	-0.182973	0.097399	0.064019	-0.147344	-0.348460	-0.229528	-0.271844	-0.149162	-0.162669	0.176121	0.030367	-0.029418	-0.216009	-0.118766	-0.219145	-0.304110	-0.115458	-0.234592	-0.036399	-0.141646	0.019972	0.266111	0.044327	-0.198848	0.220215	0.228945	0.165101	-0.294852	-0.198348	-0.038809	-0.096974	0.007871	0.146742	-0.029818	0.105974	-0.026961	0.050033	-0.007605	-0.034031	0.009363	-0.012969	-0.037320
0.299222	0.096330	-0.691973	0.555621	-0.525855	0.169641	-0.600277	-0.034061	0.402693	0.024135	-0.665922	-0.269647	0.389360	-0.357068	0.175782	-0.004455	-0.825589	-0.414029	-0.005631	-0.140983	-0.270376	0.533118	1.986255	0.949282	-0.092337	-0.332137	-0.561260	-0.721591	-0.751277	-0.422946	0.065519	0.280124	-0.349894	-0.118294	-0.141603	1.190175	0.212095	-0.536578	1.157230	2.011483	-0.268924	0.840310	0.483305	0.624245	0.651499	1.307796	0.348014	1.455958	-0.381481	0.175019	0.655681	-0.480636	-0.901465	-1.213018	-0.578879
0.322175	0.521757	-0.678399	0.318273	-0.407780	0.446936	-0.777950	0.404389	0.866146	0.254471	-0.840921	-0.388407	0.575405	-0.015657	-0.024062	0.224146	-1.019956	0.022401	0.089745	-0.394125	-0.571563	1.117980	2.512997	1.626367	0.081380	-0.279730	-0.784246	-0.607085	-0.585670	-0.795624	0.000181	0.157288	-0.149561	0.033223	-0.201506	1.874620	0.689214	-0.264496	1.635727	2.730305	0.132843	1.222282	0.692805	1.090491	0.588013	1.090943	0.621143	2.377375	-0.347665	-0.155650	0.985536	-0.608293	-0.792819	-1.083404	-0.748712
0.076459	0.765899	0.028879	-0.543201	0.294680	0.424783	-0.591486	1.134473	1.244129	0.461722	-0.365790	-0.537772	0.386449	0.735057	-0.402992	0.814712	-0.625796	1.013928	0.063377	-1.009072	-1.174283	1.603481	1.599386	1.736572	0.541806	-0.080840	-0.624912	0.055548	0.096542	-0.665518	-0.172291	-0.252827	0.224433	0.152543	0.247225	1.918893	0.986662	0.871239	1.639715	2.078968	0.543216	0.686059	0.370975	1.107060	-0.391168	-0.419384	0.708559	2.509947	0.041498	-0.937358	0.815948	-0.192115	0.352315	0.300145	-0.357228
0.208164	0.393232	1.070512	-1.166865	1.007911	-0.088500	-0.140266	1.437754	1.006698	0.126013	0.299001	-0.807208	-0.224053	1.207949	-0.548509	1.452851	0.106923	1.977323	-0.030616	-1.527060	-1.922321	1.901435	0.170150	1.119427	1.116393	0.129111	-0.144996	0.677317	0.641462	0.467671	-0.020690	-0.358231	0.243519	-0.297511	1.027269	1.468575	0.701008	1.682028	1.446998	0.766742	0.377533	-0.456952	-0.447406	0.563570	-1.851123	-1.908086	0.646240	1.748476	0.258317	-1.625335	0.295358	0.543110	1.519386	1.606526	0.507694
0.862393	-0.379035	1.843586	-0.852655	1.240116	-0.725823	0.525485	0.913228	0.182396	-0.708615	0.639231	-1.070067	-0.920554	0.878788	-0.178118	1.612954	0.883575	2.093179	-0.188289	-1.412708	-2.263679	1.697135	-0.729237	0.163752	1.476931	0.304416	0.328731	0.824140	0.597976	1.991388	0.334206	0.226032	-0.126055	-1.195649	1.686171	0.890632	-0.209541	1.280488	1.229687	-0.232434	-0.192320	-1.473739	-1.331321	-0.484334	-2.970389	-2.322468	0.664168	0.462742	-0.168644	-1.574503	-0.192200	0.873707	1.647820	1.678954	1.536922
1.327236	-0.662664	1.842761	0.188949	0.957224	-0.712132	1.302202	-0.015633	-0.529536	-1.334550	0.577137	-1.019817	-1.077626	0.056143	0.551517	1.040636	1.496006	1.115396	-0.363651	-0.534454	-1.641576	0.844228	-0.721698	-0.277361	1.275561	0.485148	0.494762	0.550427	0.186335	2.586108	0.479920	1.308190	-0.384932	-1.666217	1.833246	0.618598	-1.149165	0.052153	0.913978	-0.423150	-0.331377	-1.631052	-1.610130	-1.659361	-3.017106	-1.816009	1.053901	-0.584099	-0.903730	-0.635123	-0.368883	0.296497	0.661375	0.574906	2.357198
0.861561	0.164111	0.883608	0.993767	0.429893	0.256491	1.748258	-0.600345	-0.603307	-1.242396	0.391428	-0.521974	-0.354242	-0.377923	1.193714	0.058143	1.694050	-0.252277	-0.414210	0.591107	-0.192388	-0.226304	-0.174483	0.323825	0.416378	0.620061	0.383866	0.199406	0.025656	1.772785	0.495422	2.308118	-0.228935	-0.990066	1.468643	0.842312	-1.312885	-0.781503	0.368722	-0.041500	0.417552	-0.707299	-0.950416	-2.292374	-1.845103	-1.289782	1.813848	-0.796191	-0.911017	0.692659	-0.320875	-0.749367	-0.494972	-0.774564	2.648685
-0.299680	1.613132	-0.737836	0.718881	-0.104622	1.364470	1.315105	-0.647545	-0.357963	-0.780556	0.234561	0.138179	0.770200	0.048554	1.386305	-0.732312	1.277730	-0.931853	-0.263461	1.134390	1.142260	-0.791301	0.242961	1.429611	-0.704525	0.611121	0.238038	0.042392	0.450196	0.530358	0.900471	2.699256	0.035309	0.504924	0.938842	1.225903	-0.501914	-0.467267	-0.358743	0.264855	1.536525	0.723599	0.183984	-1.845964	-0.127427	-1.321945	2.451311	-0.315830	0.339669	1.647560	-0.378382	-1.252639	-0.833796	-1.580225	2.194072
-1.135876	2.390773	-2.187158	-0.577940	-0.577007	1.262775	0.141919	-0.600128	-0.458291	-0.608366	-0.014405	0.514244	1.279646	0.863630	1.073244	-1.024215	0.526403	-0.433709	-0.022636	0.766377	1.498536	-0.558065	0.141116	1.808353	-1.377060	0.588191	0.142180	0.064208	1.111788	0.131229	1.790318	2.351173	-0.046622	1.607695	0.533649	1.149822	0.590234	0.564600	-0.959701	0.043771	2.052965	1.612798	0.916249	-0.435827	1.032040	-1.621603	2.343613	0.118451	1.945161	1.659764	-0.761110	-0.779059	-0.282244	-1.649583	0.985907
-1.034688	1.636571	-2.481089	-1.938183	-0.969264	-0.439651	-0.721232	-0.745331	-0.926906	-0.683531	-0.371962	0.523044	0.670356	1.216002	0.505845	-0.958002	0.206028	0.762501	0.153903	0.118241	1.023919	0.056685	-0.285167	0.872087	-1.180251	0.839809	-0.012753	0.041569	1.325444	0.689907	2.481207	1.582957	-0.405674	1.357835	0.166280	0.415163	1.052981	1.283705	-1.061733	-0.572558	1.516235	1.314848	0.887534	1.145521	1.017090	-1.402807	1.413803	-0.029653	2.327396	0.563058	-1.355659	0.042118	0.373415	-1.095043	-0.627473
-0.423095	-0.197684	-1.342370	-2.291833	-1.183890	-2.453032	-0.394973	-0.750059	-1.113363	-0.328932	-0.522800	0.532376	-0.398514	0.816854	0.092048	-0.764803	0.703765	1.663225	0.246968	0.162131	0.646459	0.379987	-0.554424	-0.585832	-0.416966	1.261028	-0.205828	-0.115150	0.852402	1.173499	2.226854	0.881616	-0.495391	0.000013	-0.488119	-0.459165	0.668385	1.157724	-0.660243	-1.065627	0.407239	0.225666	0.503196	2.045733	0.285854	-0.312411	0.302495	-0.584828	1.018095	-1.265853	-1.806191	0.271514	0.433715	-0.066002	-2.014179
-0.064288	-1.770381	0.330134	-1.355563	-1.123563	-2.970033	0.639424	-0.231132	-0.669416	0.628337	-0.200847	0.831796	-0.787308	0.171004	0.083710	-0.518236	1.293009	1.520237	0.293616	1.064110	0.936327	0.099083	-0.520370	-1.303456	0.153950	1.187063	-0.192185	-0.143688	0.217472	0.715208	1.054034	0.499500	-0.014794	-1.258796	-1.534991	-0.852013	0.033358	0.490293	-0.308308	-1.109849	-0.386675	-0.617778	0.158508	2.007825	-0.129914	0.971965	-0.305943	-1.040106	-0.708921	-2.850091	-1.796145	-0.324076	0.027641	1.091368	-2.614597
-0.061430	-2.108705	1.186020	0.166632	-0.895665	-1.599925	0.982445	0.506957	-0.100911	1.349683	0.333943	1.206951	-0.219201	-0.049510	0.279925	-0.311106	0.793813	0.300869	0.209570	1.902933	1.525588	-0.574776	-0.551273	-1.024138	0.072671	0.201438	0.129069	0.276973	0.116058	-0.402352	-0.307039	0.308028	0.621349	-1.440426	-2.588247	-0.820199	-0.137968	-0.233978	-0.635572	-0.898764	-0.470155	-0.616155	-0.290594	1.388707	0.285410	1.301612	-0.434550	-1.239213	-1.247662	-3.062720	-1.266636	-1.101352	-0.193566	1.725505	-2.249013
0.123497	-1.381863	0.747616	1.247779	-0.799403	0.194654	0.025671	0.696973	-0.131632	0.971074	0.446025	1.230155	0.350624	0.251875	0.155721	-0.408060	-0.924703	-1.348899	-0.123463	1.688524	1.735773	-1.217412	-1.027809	-0.622598	-0.366892	-1.055809	0.441817	1.003994	0.602137	-1.153932	-1.193533	0.023113	0.685335	-0.693765	-3.010765	-0.991572	0.309019	-1.000033	-1.634029	-0.891451	-0.265267	-0.113487	-0.933397	0.622600	1.120171	0.408326	-0.681017	-1.443279	-0.425483	-1.566188	-0.421276	-1.223011	-0.008796	1.292014	-1.121729
0.793380	-0.510101	-0.209374	1.390591	-0.978828	0.743228	-1.274504	0.007849	-0.819924	-0.262863	-0.203579	0.818476	-0.136292	0.467426	-0.557904	-0.963674	-2.530415	-2.545329	-0.551858	0.478543	1.412765	-1.554819	-1.825283	-0.810373	-0.476444	-1.418250	0.328094	1.394277	1.035314	-0.969167	-1.539435	-0.470498	-0.052020	-0.021530	-2.483198	-1.704100	0.902390	-2.040351	-2.626142	-1.320818	-0.457162	0.190427	-1.167949	-0.169602	1.658758	-0.586990	-1.372514	-1.813702	0.498389	0.684367	0.432679	-0.437746	-0.002877	-0.068981	0.307885
1.483395	-0.217376	-0.698727	0.837285	-1.156060	-0.066196	-1.540131	-1.098913	-1.568713	-1.291151	-1.239222	0.223088	-1.554255	-0.098802	-1.485495	-1.664773	-2.562335	-2.709033	-0.612170	-0.744251	0.844376	-1.548864	-2.391343	-1.259247	0.017123	-0.588006	-0.207604	0.893059	0.774441	-0.327279	-1.720745	-0.994914	-1.050254	-0.183985	-1.344046	-2.520494	0.980249	-3.133072	-2.969530	-1.979784	-1.269538	0.049107	-0.345607	-1.033343	1.602562	-0.397095	-2.108138	-2.114135	0.444035	2.138738	1.047689	0.699603	-0.820111	-1.526237	1.390920
1.409562	-0.535802	-0.671112	0.049517	-0.927393	-0.970156	-0.490543	-1.936275	-1.836049	-1.491148	-1.898701	-0.462714	-2.689965	-1.429233	-1.949470	-1.900568	-0.939047	-1.850519	0.005845	-1.223099	0.098435	-1.272719	-2.209228	-1.242525	0.620377	0.487458	-0.734676	-0.414626	-0.237723	-0.151931	-2.056613	-1.212327	-1.571017	-0.955719	-0.298433	-2.697399	0.242563	-3.513749	-2.553861	-2.393714	-2.359328	-0.281579	1.084834	-1.840706	1.090916	0.862490	-2.237547	-1.992909	-0.333668	1.983708	1.293757	1.313224	-2.205144	-2.236720	1.486914
0.367294	-1.019370	-0.844886	-0.810584	-0.387668	-1.023852	0.972765	-2.249122	-1.598944	-1.204489	-1.788047	-1.407251	-2.566021	-2.659206	-1.677776	-1.384896	1.060042	-0.455289	0.990159	-1.163862	-1.041036	-0.840725	-1.144822	-0.722214	0.607905	0.851321	-0.912879	-1.848973	-1.492493	-0.761161	-2.459788	-0.904354	-1.458382	-1.521009	0.232370	-1.972415	-0.961768	-2.686195	-1.589085	-2.155154	-3.194540	-0.557606	1.787739	-2.252981	0.332680	1.772755	-1.615068	-1.388596	-0.779263	0.757726	1.140866	0.957916	-3.099489	-2.023935	0.484082
-0.907801	-1.181619	-1.537503	-1.748670	-0.206171	-0.539514	1.887008	-2.205836	-1.214495	-1.036350	-1.257973	-2.509557	-1.421016	-2.863162	-1.036554	-0.535090	2.111517	0.844921	1.596886	-1.217106	-2.373382	-0.453470	0.419078	-0.341115	-0.156097	0.716211	-0.805462	-2.621243	-2.281087	-1.541848	-2.480397	-0.211892	-1.252192	-1.463875	0.359334	-0.774590	-1.876263	-1.147819	-0.316860	-1.219812	-3.280664	-0.743904	1.102502	-1.999751	-0.487861	1.281503	-0.720053	-0.575404	-0.340694	-0.314894	0.673352	-0.052029	-2.741201	-1.364703	-0.820124
-1.384807	-0.769954	-2.091210	-2.434362	-0.807045	-0.232384	2.013654	-1.939527	-1.015488	-1.057620	-0.938021	-3.077625	-0.311548	-1.936489	-0.563550	-0.133393	1.914741	1.552636	1.390608	-1.480739	-3.001257	-0.356374	1.640621	-0.444215	-1.048336	0.969327	-0.618922	-2.309076	-2.085977	-1.646094	-1.752326	0.389208	-1.430841	-1.052994	0.287653	0.239138	-1.934204	-0.012804	0.833946	-0.002649	-2.204067	-0.700866	-0.103281	-1.141337	-1.045276	-0.130551	-0.102903	0.088669	0.553490	-0.488168	0.145837	-0.973515	-1.423960	-0.760069	-1.229348
-0.828379	0.102490	-1.662648	-2.200826	-1.583427	-0.023375	1.610850	-1.304982	-0.987577	-0.888115	-0.910121	-2.399401	0.083387	-0.572512	-0.393384	-0.514098	1.078889	1.476563	0.699627	-1.353536	-2.216766	-0.599653	1.716079	-0.567658	-1.351244	1.741493	-0.357707	-1.100549	-0.928909	-0.897809	-0.499841	0.455320	-1.631214	-0.537049	-0.101297	0.735308	-1.127115	0.154154	1.237782	0.892865	0.037552	-0.091264	-0.507051	-0.071356	-0.963837	-1.105756	0.127258	0.412333	1.168750	0.017429	-0.056216	-1.200174	-0.049367	-0.231104	-0.353192
-0.108024	0.964601	-0.332810	-0.779490	-1.338378	0.750066	0.909556	-0.131154	-0.748397	-0.328372	-0.561441	-0.622217	0.113606	0.536885	-0.161444	-1.057261	0.270844	0.833756	0.278061	-0.384361	-0.500549	-0.836794	0.711772	-0.108021	-1.007594	2.106010	0.053367	0.271568	0.514542	0.052177	0.524664	0.003975	-0.982683	0.298618	-0.917530	0.837959	0.126945	-0.075216	0.744163	1.176712	2.564716	1.052040	0.040467	0.743363	-0.270523	-0.941732	0.235562	0.467644	1.258630	0.542282	0.342678	-0.599140	0.829598	0.481340	0.874227
-0.144285	1.268003	0.919000	1.118914	0.261869	2.079003	0.073316	1.294492	-0.003959	0.327242	0.529096	1.179664	0.596234	1.200325	0.564994	-0.707990	-0.338868	0.180913	0.566875	1.034142	0.869990	-0.531564	-0.244252	0.751427	-0.633872	1.372292	0.410397	0.982878	1.317068	0.419947	0.794901	-0.458876	0.575094	1.441349	-1.682528	0.830455	1.256275	0.214719	0.139540	1.067467	3.868546	1.871344	0.460400	1.064003	0.393486	-0.191247	0.406254	0.471232	1.060621	0.755782	1.175451	0.426995	1.244427	1.280327	1.217610
-0.624130	0.804218	1.304989	2.248932	1.906218	2.830059	-0.565137	2.085436	0.849642	0.565821	1.690298	1.884331	1.631558	1.433057	1.656410	0.714978	-0.841716	0.045312	1.269323	1.966901	1.207764	0.442917	-0.091784	1.149100	-0.744091	0.135644	0.289178	0.755270	1.022637	0.052752	0.565522	-0.421389	1.722501	1.950382	-1.639656	0.795815	1.688568	0.977388	0.301902	0.902709	3.017035	1.374628	-0.011907	0.931400	0.310688	0.177266	0.505425	0.499494	0.765176	0.732388	1.752831	1.101916	1.238616	1.523115	0.555753
-0.308064	-0.126069	0.940774	1.922960	1.788865	1.897365	-0.647293	1.432904	0.895488	0.160002	1.607067	1.196457	2.176245	1.109470	2.207062	1.923995	-1.103484	0.440854	1.559037	1.762611	0.890877	1.444735	0.830756	0.626327	-1.050782	-0.451655	-0.409417	0.101250	0.030462	-0.508383	0.411499	0.120134	1.125002	0.803951	-0.787287	0.612583	1.127618	1.103383	0.934583	0.695902	0.694380	-0.230466	-0.807255	0.499808	-0.504225	-0.107321	0.351115	0.380006	0.337431	0.466189	1.368637	0.769082	0.592501	0.721789	-0.128289
1.121949	-0.899648	0.408819	0.586803	-0.248115	-0.306800	-0.250044	-0.294879	-0.141763	-0.545074	-0.048128	-0.235702	1.184064	0.272238	1.343721	1.468156	-0.847999	0.773170	0.779998	0.511967	0.404899	1.582351	1.142507	-0.193247	-0.789579	-0.163565	-1.132195	-0.187198	-0.735022	-0.647525	0.395687	0.684767	-0.727124	-1.441552	-0.050081	0.324216	-0.048854	-0.059344	0.877901	0.305623	-1.200788	-1.391269	-0.889413	0.000909	-1.252227	-0.520121	0.108208	0.035974	-0.169681	-0.190061	0.142048	-0.452404	-0.547835	-0.604270	-0.080779
2.131391	-0.926842	0.035111	-0.640005	-2.108119	-1.880478	0.095730	-1.420123	-1.148095	-0.833362	-1.772447	-1.349159	-0.808339	-0.452155	-0.492514	-0.322511	-0.196924	0.422704	-0.835966	-1.046006	-0.357012	0.737487	0.265441	-0.258541	0.179764	0.158405	-1.118623	0.141731	-0.590017	-0.269444	0.144720	0.829552	-1.775202	-2.646094	-0.050135	0.324548	-0.884537	-1.445982	-0.147934	-0.069659	-1.225899	-0.874741	-0.220115	-0.186690	-1.224056	-0.563568	0.206954	-0.153241	-0.517880	-0.961082	-0.808825	-1.538422	-1.160459	-1.131454	0.418733
1.032310	-0.071145	-0.113180	-0.905113	-1.538366	-1.276196	0.008933	-0.520728	-0.691062	-0.252779	-1.621511	-1.385547	-1.881443	-0.281698	-1.584748	-1.447474	0.269899	-0.479176	-2.161580	-1.920991	-1.424754	-0.182167	-0.761096	0.645751	0.979674	-0.133449	-0.192040	0.579497	0.315870	0.219731	-0.317630	0.535348	-0.726432	-1.313856	-0.196941	0.884259	-0.655958	-1.289007	-0.938068	0.023292	0.267517	0.673435	0.241791	0.181982	-0.557539	-0.345138	0.771871	0.294294	-0.647980	-1.056882	-0.479602	-1.384096	-0.214023	-0.058235	0.657012
-1.563066	1.086445	0.131853	-0.200484	1.242163	0.913211	-0.351234	1.834599	1.116777	0.863929	0.536239	-0.391987	-0.944939	0.779922	-0.805771	-0.626886	0.161082	-1.059180	-2.187001	-1.509701	-2.018592	-0.252656	-0.768942	1.557727	0.790441	-0.754710	1.052940	0.545323	1.118353	0.445673	-0.379649	0.047366	1.477580	1.569371	0.427212	1.546698	0.416257	0.568199	-0.440280	0.603797	1.555298	1.411230	-0.108970	0.758728	0.034478	-0.244845	1.287796	1.175349	-0.806558	-0.113328	0.723451	0.079391	1.862399	1.892940	0.402988
-2.952512	1.608804	0.876684	0.807727	3.638631	2.416252	-0.645280	3.466955	2.525084	1.635627	2.718387	0.870453	0.834391	1.784562	0.953528	1.146208	-0.297562	-0.716949	-1.132536	-0.182091	-1.262843	0.423603	-0.109410	1.395293	0.020211	-1.147327	1.863789	0.168643	1.085114	0.474041	0.322047	-0.466354	2.889748	3.501619	1.619527	1.445927	1.385665	2.231800	0.721433	1.047950	1.378947	0.522227	-0.777928	0.834931	0.149598	-0.265645	1.083673	1.603054	-1.079931	1.072020	1.315889	1.683812	3.259174	3.066111	-0.002240
-1.425485	1.077316	1.711272	1.431345	3.522925	1.729147	-0.825925	2.896934	2.221820	1.501024	2.979073	1.579175	1.486156	1.780966	1.804119	1.987709	-0.639943	0.063987	-0.248654	0.931771	0.507073	0.991068	0.005651	0.197046	-0.156645	-1.263971	1.926080	0.114484	0.356730	0.600255	1.258116	-0.921559	2.683682	3.056474	2.218100	0.403106	1.462609	2.045772	1.123859	0.837849	0.195109	-0.874906	-0.921895	0.236913	0.043180	-0.015763	0.152631	1.068420	-1.122256	1.278271	0.527365	2.075673	2.696362	2.479381	-0.180915
1.558359	-0.021011	1.911878	1.456407	1.372555	-0.295047	-1.022105	0.839811	0.871031	0.753577	1.370691	1.434043	0.640575	0.725631	0.948926	1.402801	-0.706681	0.319647	-0.365085	1.016253	1.816193	0.967357	-0.597723	-0.946370	0.680832	-1.366749	1.363606	0.625357	-0.312250	0.809271	1.515803	-1.152833	1.528961	0.998108	1.642906	-0.713665	0.658652	0.565754	0.469872	0.218878	-0.604637	-1.282946	-0.417209	-0.388344	0.095036	0.627892	-0.764677	0.137356	-0.689594	0.260632	-0.794404	0.997474	0.805541	0.697631	-0.096829
2.999205	-0.888430	1.266843	1.099822	-0.640999	-1.632928	-1.191130	-0.801389	0.073044	0.121305	-0.490002	0.702045	-0.385316	-0.590613	-0.799513	0.438537	-0.637406	-0.102956	-0.983749	0.324638	1.621175	0.675021	-0.896282	-1.168514	1.723040	-1.476985	0.529181	1.128596	-0.454548	0.732327	0.872362	-1.026419	0.374502	-0.950769	0.605898	-1.027936	-0.295894	-0.406983	-0.258233	-0.228889	-0.419206	-0.661112	0.094830	-0.405876	0.249114	1.110556	-1.007269	-0.294737	-0.195180	-1.000200	-1.388223	-0.499343	-0.710997	-0.847779	0.026968
1.800602	-1.142581	0.405164	0.673200	-1.047045	-1.416321	-1.180244	-0.977197	0.322296	-0.026649	-1.266414	-0.055434	-0.609136	-1.298985	-2.169549	-0.001216	-0.546663	-0.443570	-1.088917	-0.278127	0.443594	0.563697	-0.430956	-0.697007	2.018949	-1.426255	-0.048110	1.013361	-0.244668	0.273031	0.107477	-0.661043	-0.322524	-1.716329	0.142486	-0.692856	-0.608861	-0.161918	-0.378083	-0.423147	0.140228	-0.117567	0.049458	0.028988	0.206410	0.775920	-0.659130	-0.161876	-0.282498	-1.422636	-1.104365	-1.090131	-0.895712	-1.199847	0.004256
-0.270850	-0.841517	0.104286	0.392995	-0.129027	-0.479650	-1.011682	-0.192549	0.733166	0.115564	-0.843878	-0.269916	-0.429065	-1.076256	-2.421238	-0.085401	-0.438134	-0.274773	-0.525136	-0.296726	-0.309900	0.547200	-0.106541	-0.306181	1.522168	-1.221033	0.093857	0.440467	-0.046700	-0.046639	0.101225	-0.295131	-0.358445	-1.213196	0.456272	-0.487807	-0.129437	0.438912	-0.286319	-0.715754	0.392342	-0.196787	-0.383841	0.262142	-0.011813	-0.170453	-0.240952	-0.142762	-0.908532	-0.846451	-0.676411	-0.381646	-0.180713	-0.537039	-0.154539
-1.005572	-0.167881	0.432191	0.355051	0.908964	0.113303	-0.850058	0.463143	0.533964	0.221023	0.121933	0.271584	-0.508379	-0.259221	-1.517274	-0.296706	-0.325202	-0.110948	-0.048303	0.078066	0.059086	0.277902	-0.707823	-0.265926	0.873655	-0.995287	0.819939	0.032168	0.012936	0.274528	0.762584	-0.011124	0.311589	0.091207	0.968415	-0.661701	0.549801	0.535284	-0.482131	-1.097343	0.413155	-0.320650	-0.513047	-0.043839	-0.032800	-0.703094	-0.019387	-0.535840	-1.268824	0.076429	-0.449819	0.870176	0.427263	0.239448	-0.307080
-0.213693	0.611968	0.757385	0.460703	1.209108	0.259631	-0.738687	0.468997	0.005058	0.177391	0.886749	1.128806	-0.581054	0.475561	-0.093590	-0.507964	-0.232088	-0.376038	-0.075661	0.429393	0.940327	-0.171528	-1.480675	-0.237060	0.530577	-0.712658	1.321972	0.017897	0.002514	0.909038	1.172474	0.169353	1.178381	1.403811	1.126419	-0.727040	0.769534	0.334518	-0.643636	-1.028190	0.545872	0.066398	0.050100	-0.595766	0.313529	-0.236666	0.078164	-0.787277	-0.739820	0.649761	-0.144175	1.598999	0.371596	0.378266	-0.312424
0.627638	1.110612	0.543091	0.436805	0.786065	0.393889	-0.579035	0.070051	-0.187692	0.012694	0.947101	1.503415	0.019722	0.615185	0.831306	-0.223933	-0.101091	-0.460033	-0.011763	0.596871	1.351242	-0.300875	-1.071705	0.000350	0.395741	-0.240999	0.902573	0.084282	0.002147	1.020709	0.830324	0.090084	1.326281	1.847691	0.848212	-0.336785	0.518513	0.423130	-0.185381	-0.238555	0.713212	0.592573	0.875807	-0.829843	0.707388	0.555375	0.089720	-0.298096	0.383088	0.632450	0.255101	1.376794	-0.156137	-0.200077	-0.123355
0.541831	1.095428	-0.039975	0.197364	0.223899	0.567586	-0.371808	-0.283469	0.053983	-0.258125	0.337054	1.095402	1.143976	0.151633	0.798851	0.593151	0.142012	0.412070	0.820716	0.687718	1.097483	0.130211	0.514134	0.277821	0.169606	0.276505	-0.221927	-0.056804	0.011599	0.441239	0.352791	-0.274937	0.437414	1.177822	0.390093	0.204398	0.289103	0.785728	0.762805	0.739309	0.628865	0.582676	1.203671	-0.470801	0.767544	0.649662	0.004927	0.718823	1.248587	0.229610	0.231245	0.607374	-0.617464	-1.034722	0.162742
0.064939	0.781409	-0.367241	0.114759	0.024614	0.470817	-0.290803	-0.418991	0.330274	-0.565538	-0.252419	0.494602	1.860009	-0.474999	0.516448	1.383251	0.388548	1.712746	1.964851	0.745555	0.751170	0.714582	1.802661	0.478645	-0.199245	0.407253	-1.136619	-0.319762	-0.088192	-0.017067	0.593195	-0.546021	-0.651687	0.198778	0.086965	0.440132	0.272405	0.969162	1.487486	1.146050	0.334417	0.095791	0.894916	0.195478	0.547882	0.075225	0.012123	1.465270	1.361482	-0.124800	-0.349716	-0.005164	-0.678860	-1.577123	0.333362
0.061796	0.610269	-0.151344	0.527474	0.214249	0.122187	-0.406255	-0.391046	0.414765	-0.670930	-0.076644	0.398879	1.645196	-0.744739	0.884371	1.624844	0.354667	1.946232	2.160799	0.537734	0.647171	0.828481	1.703413	0.645142	-0.533569	-0.054139	-1.226990	-0.475162	-0.417132	0.230775	1.305914	-0.406858	-0.835022	-0.062975	0.133903	0.308573	0.032489	0.802578	1.559091	0.847499	0.079183	-0.205117	0.540446	0.604879	0.364129	-0.242427	0.246339	1.408285	0.917772	-0.017401	-0.699993	-0.073105	-0.384114	-1.481566	0.192854
0.282644	0.676766	0.207346	0.989884	0.496685	-0.013117	-0.417613	-0.195762	0.458555	-0.294620	0.760119	0.584058	0.965876	-0.462433	1.528296	1.299104	-0.046759	0.592465	0.939033	-0.163208	0.347338	0.309663	0.751245	0.556489	-0.770682	-0.667732	-0.732500	-0.467294	-0.835073	0.517830	1.262561	-0.198123	-0.058147	0.389684	0.387493	-0.001429	-0.829268	0.492617	1.141054	0.347255	-0.184072	-0.054404	0.531875	0.530570	0.278379	0.136639	0.331604	0.688365	0.349184	0.637220	-0.057434	0.255708	0.089855	-0.660308	-0.294553
-0.199041	0.551933	0.162669	0.605166	0.605291	0.275981	0.131167	0.212537	0.626394	0.568024	1.304653	0.154461	0.516914	0.057077	1.150474	0.717968	-0.401363	-1.026517	-0.650087	-1.046996	-0.639359	-0.385565	0.247645	-0.140401	-0.997228	-0.681781	-0.268406	-0.393988	-0.940902	-0.194263	-0.139052	-0.481717	0.649774	0.587304	0.431332	-0.339918	-1.933679	0.205133	0.611208	0.136859	-0.744165	0.097778	0.503786	0.325719	0.090300	0.700807	-0.229923	-0.128905	-0.140870	1.385193	1.108422	0.507883	0.627343	0.659804	-0.940639
-1.356073	-0.152517	-0.258920	-0.665253	0.409987	0.518627	1.237257	0.655221	0.848339	1.507850	0.847301	-1.085627	0.339149	0.233850	-0.521423	0.180568	-0.136797	-1.280904	-1.230757	-1.310083	-1.870597	-0.659058	0.647950	-1.155225	-1.093768	0.094714	-0.083530	-0.302920	-0.519205	-1.623707	-1.876135	-1.100696	0.468898	-0.044117	0.032077	-0.543226	-2.403168	-0.051894	0.242664	0.278355	-1.518455	-0.125043	0.024166	0.447851	-0.179887	0.945626	-1.153296	-0.514767	-0.519143	1.475003	1.480520	0.303019	1.060849	1.888038	-1.402499
-1.977306	-1.109286	-0.523172	-1.634384	-0.069947	0.186779	2.177711	0.789635	0.968651	1.984900	-0.199576	-2.059334	0.027056	-0.160376	-2.025117	-0.130984	0.723033	-0.192091	-0.685812	-0.540259	-2.236183	-0.374099	1.218553	-1.577888	-0.736314	0.924677	0.000823	-0.168147	0.090758	-2.243217	-2.374441	-1.290694	-0.264599	-0.906244	-0.502623	-0.455038	-1.852498	-0.204367	0.148354	0.512067	-1.866796	-0.396750	-0.588508	0.870003	-0.180064	1.030402	-1.506593	-0.350914	-0.709887	0.562733	0.542984	-0.300587	1.117379	2.328872	-1.445490
-1.377391	-1.444823	-0.309292	-1.318699	-0.519588	-0.465493	2.145203	0.572659	0.942057	1.809293	-0.754395	-1.652730	-0.459164	-0.640668	-1.907797	-0.156261	1.415655	0.744753	-0.071844	0.615797	-1.324232	0.040726	1.145273	-1.048292	0.005875	0.935503	0.125822	-0.038286	0.310121	-1.252684	-1.350785	-0.772181	-0.568831	-1.048762	-0.607830	-0.197012	-0.803642	-0.098919	0.250147	0.568642	-1.296858	-0.208650	-0.667421	1.147914	0.218019	1.181288	-0.955505	-0.001885	-0.679690	-0.779979	-0.710969	-0.811403	0.731668	1.748995	-1.205181
-0.450885	-0.770758	0.106275	-0.270262	-0.455574	-0.680247	1.176160	0.394170	0.824340	1.297806	-0.316774	-0.214978	-0.643057	-0.532831	-0.551216	0.016724	1.283588	0.533205	-0.126969	1.089030	-0.045559	0.114585	0.557287	-0.313960	0.488376	0.203200	0.215755	-0.009515	0.049213	0.291435	-0.054622	-0.161079	-0.031032	-0.364675	-0.125155	-0.099401	-0.061845	0.245980	0.348055	0.416466	-0.215955	0.255981	-0.200606	0.977037	0.553239	1.112970	-0.256181	0.109227	-0.570589	-1.454344	-1.020551	-0.771409	0.279985	0.685857	-0.974894
-0.318660	0.153264	0.238087	0.177416	0.136507	-0.286009	0.158668	0.504572	0.678731	0.890052	0.489682	0.768436	-0.211155	0.104774	0.434996	0.239965	0.545702	-0.262494	-0.516358	0.655240	0.460614	-0.154538	0.224275	-0.175470	0.331641	-0.376677	0.264609	-0.001329	-0.132958	0.805818	0.281291	-0.142853	0.747078	0.403890	0.467821	-0.216789	0.088776	0.554827	0.336106	0.293650	0.358525	0.264521	0.127271	0.436557	0.333784	0.591998	-0.199924	0.037154	-0.491789	-0.885139	-0.413144	-0.327285	0.176015	-0.006605	-0.625042
-0.633614	0.183012	-0.064091	-0.288768	0.529663	0.038706	-0.224315	0.554464	0.523394	0.676193	0.707145	0.503653	0.492731	0.474138	0.296427	0.445639	-0.088500	-0.675395	-0.717556	0.094167	0.214725	-0.478300	0.405803	-0.429812	0.086138	-0.346137	0.480215	0.222586	0.224858	0.109347	-0.326446	-0.706379	0.912067	0.641896	0.585289	-0.270026	-0.014552	0.523605	0.211896	0.406954	-0.060167	-0.435238	-0.126601	-0.266713	-0.175743	0.101040	-0.640862	0.172353	-0.278167	0.359450	-0.062486	-0.187144	0.277925	-0.020615	0.341994
-0.242925	-0.763985	-0.558397	-0.734135	0.098553	-0.278948	-0.255011	0.103930	0.335325	0.458332	0.172851	-0.172671	0.801981	0.155644	-0.188854	0.582425	-0.374515	-0.840656	-0.967919	0.017187	0.199936	-0.821965	0.434548	-0.428471	0.514955	-0.247001	0.946497	0.714789	0.860645	-0.567750	-1.030549	-1.345839	0.392653	0.421084	0.211994	-0.211033	0.073367	0.122256	-0.122226	0.563875	-0.824786	-1.167296	-0.659146	-0.945705	-0.208857	0.229237	-0.969580	0.508831	0.241165	1.091179	-0.745603	-0.786415	0.097434	0.142796	1.819602
0.869973	-1.489601	-0.900954	-0.547953	-0.744751	-1.014140	-0.580369	-0.547937	0.142245	0.228246	-0.391881	0.047880	0.397083	-0.198048	-0.099512	0.471392	-0.618730	-1.547412	-1.719672	0.131067	0.921324	-1.361066	-0.302436	-0.182028	1.478007	-0.628366	1.326738	1.240651	1.256325	-0.205132	-1.213419	-1.544038	-0.013042	0.085978	-0.112718	-0.381245	0.440507	-0.307048	-0.707866	0.324837	-0.923230	-1.140102	-0.936693	-1.264567	0.387255	0.630370	-0.999028	0.476868	0.749279	0.629259	-1.910697	-1.632996	-0.370718	-0.099963	2.705536
1.465031	-1.019140	-0.874092	-0.334138	-1.031820	-1.608043	-1.135902	-0.589602	0.097096	0.260286	-0.380707	1.242303	-0.414403	0.266917	0.366769	-0.020686	-0.906924	-2.576082	-2.514193	-0.001295	1.743077	-1.838658	-1.266633	-0.140616	2.126457	-1.074191	1.183543	1.579410	1.438480	0.938456	-0.814303	-0.871298	0.340837	-0.319892	-0.031303	-0.800976	0.815109	-0.329505	-1.118456	-0.329308	-0.204052	-0.454818	-0.846467	-0.867713	0.770033	0.338359	-0.823749	-0.204435	0.598057	-0.629754	-2.384250	-1.820992	-0.565179	-0.640770	2.135063
0.880989	0.075790	-0.518316	-0.814800	-0.579232	-1.805492	-1.243911	0.150153	0.313331	0.582361	-0.043723	2.166667	-0.921105	1.339718	0.426651	-0.615400	-0.915426	-2.562148	-2.246275	-0.053567	1.819525	-1.478083	-1.207735	-0.167132	2.040016	-0.848547	0.548416	1.663441	1.728834	1.767537	-0.081547	0.818487	1.022165	-0.944592	0.127779	-0.748546	0.926048	0.091423	-0.710478	-0.726159	0.501370	0.005372	-0.698221	0.038982	0.105580	-0.883870	-0.241058	-0.871427	-0.333208	-1.672437	-1.692032	-1.131873	-0.309307	-0.915470	0.721048
-0.026955	0.411455	-0.162674	-1.552521	-0.192364	-1.548089	-0.739092	0.816652	0.603568	0.691100	-0.009044	1.782563	-0.528683	1.966767	0.000995	-0.718461	-0.643811	-0.876575	-0.685573	0.522158	1.203817	0.059687	0.209964	0.373312	1.550215	-0.128366	-0.102571	1.381706	1.871139	1.453106	0.560237	2.860247	0.957023	-1.583523	-0.181186	0.398919	0.803694	0.497172	0.452775	-0.224607	0.496006	-0.335120	-0.782325	0.608332	-1.350988	-2.156250	0.951452	-0.614658	-1.219158	-1.751371	-0.424821	-0.211693	-0.219694	-0.726721	-0.210427
-0.145531	-0.284579	-0.112626	-1.478708	-0.388935	-0.707411	-0.289736	0.611583	0.582789	0.145292	-0.327425	0.445391	0.666786	1.660190	-0.176085	-0.109086	-0.636221	1.203699	0.978602	1.323200	0.622740	1.892557	1.718021	1.432975	0.954204	0.264522	-0.475982	0.613852	1.197842	0.129004	0.682457	3.879402	-0.173470	-1.600267	-0.872201	2.066752	0.669228	0.491879	1.380649	0.853727	0.080528	-0.997147	-0.997413	0.281236	-2.451644	-2.529169	2.213008	0.462120	-1.096574	-0.844266	0.610739	0.388151	-0.694743	-0.395524	-0.360198
0.388182	-0.720956	-0.208037	-0.399135	-0.579191	0.628128	-0.333106	-0.180544	0.096404	-0.762931	-0.456992	-0.629023	1.754853	0.980742	0.291826	0.603572	-1.065306	1.917147	1.554347	1.215762	0.387454	2.581092	1.748976	1.987895	0.030704	0.267229	-0.793668	-0.434522	-0.234938	-1.271894	0.278460	3.020131	-1.415083	-0.621788	-1.223945	2.788594	0.541137	0.213794	1.220512	1.349883	0.020907	-0.945384	-0.845578	-0.459771	-2.273152	-1.890830	2.517931	1.172675	-0.012894	0.503128	1.267081	0.866340	-1.092906	-0.159975	-0.559959
0.478242	0.162255	-0.010913	0.718468	-0.005498	1.819394	-0.342475	-0.728837	-0.644385	-1.357404	-0.209279	-0.849440	1.707880	0.424857	0.754143	0.491810	-1.180969	1.141850	1.320601	-0.107436	0.042146	1.618208	0.195389	1.306964	-1.393822	0.712303	-1.362924	-1.320939	-1.480457	-1.892485	-0.156919	0.982591	-1.739744	0.781903	-0.795572	1.753407	0.104687	-0.015315	0.224954	0.470131	0.381663	0.191690	0.078110	-0.750176	-0.893043	-0.749375	1.544013	0.588808	0.987872	1.568482	1.870953	1.600507	-0.680300	0.059678	-1.246198
-0.423584	1.607814	0.423420	0.980647	0.935765	2.096981	0.335761	-0.884181	-1.364716	-1.482846	-0.167674	-0.808479	0.371001	-0.410423	0.308680	-0.661157	-0.254045	0.316240	1.470206	-1.471231	-0.821953	-0.036218	-1.499297	0.009071	-2.791645	1.793320	-2.022552	-1.938277	-1.980440	-1.694008	-0.207878	-0.586074	-1.370221	1.449856	0.027387	-0.259833	-0.850540	-0.276809	-0.668282	-1.268636	0.424447	1.613113	1.468235	-0.520891	0.779357	0.367794	0.176190	-0.853615	1.062446	1.786488	2.392443	2.308100	0.031860	0.201983	-1.833599
-1.619573	2.018506	0.432038	0.572078	1.076938	1.421445	1.375806	-1.167118	-1.886085	-1.544092	-0.789571	-1.241944	-1.298985	-1.904628	-0.872120	-1.995437	1.296756	0.454757	2.334207	-1.537497	-1.792199	-0.969766	-1.902651	-0.628906	-3.283984	2.391774	-2.233904	-2.567529	-2.242188	-1.189063	0.061871	-0.729528	-1.289910	0.888214	0.604953	-1.639475	-1.859272	-0.814071	-0.911367	-2.432846	-0.180457	2.239519	2.404122	-0.357550	1.799105	1.114172	-0.414338	-1.802621	0.428346	1.025247	2.271736	2.268570	-0.087555	-0.091412	-1.814092
-2.002490	1.171372	-0.238351	0.331259	0.162820	0.652539	1.802040	-1.595175	-1.968856	-1.638443	-1.466029	-1.803447	-2.037997	-3.159680	-1.442783	-2.344371	2.294592	1.101865	2.909909	-0.363381	-1.975533	-0.655217	-0.927236	-0.173017	-2.604592	1.587095	-1.667542	-3.124388	-2.718516	-0.584192	0.471358	0.044837	-1.614252	-0.012043	0.789797	-1.468236	-1.907294	-1.305645	-0.641125	-2.027400	-0.606413	1.912858	2.276378	-0.321259	1.889525	1.329354	0.027269	-1.399197	-0.084928	-0.263499	1.216821	1.300703	-0.943565	-0.846339	-1.509539
-1.263157	0.424444	-0.759495	0.665548	-0.647261	0.625116	1.184922	-1.371278	-1.401405	-1.289951	-1.122805	-1.413079	-1.338501	-2.699863	-0.370030	-1.343748	2.098536	1.341405	2.270745	0.810208	-1.029979	0.250909	0.335816	0.604749	-1.409263	0.074678	-0.579196	-2.852607	-2.749842	0.297087	1.010045	0.524633	-1.331934	0.083609	0.756826	-0.239798	-0.485598	-1.027166	-0.200052	-0.446932	0.090915	1.315822	1.403604	0.158797	1.429114	1.091786	0.711377	-0.066751	-0.033954	-1.251748	-0.150171	0.087994	-1.140482	-1.371415	-1.238499
-0.099568	0.640174	-0.205243	1.192926	-0.330860	1.182367	0.011238	-0.141587	-0.438430	-0.342780	0.251862	0.140710	0.162978	-0.539467	1.632799	0.231205	1.034343	0.987041	0.802742	1.057350	0.365062	0.696913	0.783483	0.777873	-0.560582	-0.745014	0.366641	-1.293353	-1.505768	1.187097	1.391689	0.029179	0.052037	1.274308	0.440125	0.767771	1.468748	0.033857	0.157799	0.931697	1.482653	0.849394	0.518431	0.989100	0.817520	0.618195	0.717536	1.023184	0.345799	-1.288691	-0.750851	-0.566443	-0.054530	-0.992199	-0.566329
0.607534	1.005292	0.997137	1.329016	0.595300	1.442470	-0.945160	1.093138	0.197606	0.448892	1.343967	1.556568	1.253977	1.374035	2.621535	1.176775	-0.207087	0.366839	-0.333954	0.562336	1.126983	0.211996	0.244801	0.289350	-0.329550	-0.558569	0.637348	0.706668	0.422642	1.225273	0.912717	-1.037881	1.442026	2.170658	-0.282565	0.746535	2.177053	0.814270	0.231555	1.123312	2.095057	0.265930	-0.054894	1.028325	0.115554	0.083733	-0.071603	1.110053	0.663447	-0.385358	-0.142623	-0.527725	1.086697	0.000927	0.856393
0.557357	0.477829	1.361689	0.915086	0.878702	1.002223	-1.183366	1.069775	0.074936	0.295445	1.103216	1.448785	1.212234	1.356541	1.616979	0.931429	-1.055291	-0.374210	-0.569336	0.024647	0.783630	-0.737191	-0.508714	-0.153303	-0.403616	-0.148639	0.305405	1.608136	1.424292	0.141282	-0.525361	-1.615224	1.440944	1.600637	-0.978068	0.069674	0.955139	0.445722	0.010413	0.447874	1.287480	-0.457147	-0.402603	-0.273636	-0.572137	-0.341163	-0.858211	0.462824	0.821825	0.780466	0.975350	-0.251789	0.903103	0.645142	2.232972
-0.014376	-0.506266	0.252823	0.232763	0.323778	0.424854	-0.644358	0.016109	-0.372472	-0.457129	0.092875	0.094076	0.444708	0.047491	-0.142045	0.032515	-1.155832	-1.137321	-0.324390	-0.199116	-0.145841	-1.249349	-0.609597	0.015761	-0.442681	-0.013761	-0.015132	0.903546	0.918498	-0.992020	-1.695779	-1.032824	0.262724	0.132229	-0.910108	-0.248333	-0.788871	-0.494409	-0.194228	-0.023310	0.053744	-0.703911	-0.563293	-1.615036	-0.800676	-0.472792	-0.755619	-0.060968	0.864368	1.362016	1.402959	-0.154873	-0.133856	0.541037	2.303276
-0.721615	-0.736728	-1.150120	-0.329774	-0.078460	0.319898	0.163099	-0.514832	-0.344905	-0.676248	-0.288053	-0.865372	-0.001006	-0.488972	-0.673179	-0.469820	-0.624027	-1.483182	-0.270477	-0.169869	-0.696826	-0.890698	-0.020200	0.572589	-0.362377	0.020393	0.174917	-0.242861	0.084922	-0.935486	-1.301404	0.207261	-0.509319	-0.652868	-0.086231	0.197833	-1.073704	-0.684965	-0.117961	0.190569	-0.365285	-0.227530	-0.575647	-1.278983	-0.356815	-0.392185	0.186178	0.022590	0.665789	0.991995	0.615128	-0.275292	-0.374803	0.287934	1.027058
-1.085052	-0.151527	-1.258579	-0.492504	0.237815	0.403934	0.385599	0.296528	0.329542	0.059875	0.354949	-0.431546	0.381176	0.540439	0.345032	-0.062802	-0.166862	-1.052953	-0.596545	0.037591	-0.349872	-0.061989	0.491135	0.793786	-0.159127	-0.023667	0.692429	-0.361088	0.181987	0.089684	0.211538	0.902811	-0.020151	-0.200500	0.517271	0.754212	0.285684	0.144720	0.053273	0.547724	-0.027685	0.111645	-0.736534	0.486181	0.146801	-0.479508	0.946335	0.401965	0.084909	0.066423	-0.703388	-0.451917	0.651610	0.503862	-0.182774
-0.602400	0.068928	-0.074658	-0.213528	0.561076	-0.020911	-0.269476	1.376585	0.985424	0.888822	1.007243	0.613793	1.016816	1.745212	1.394724	0.785338	-0.376907	-0.196668	-0.977443	0.362273	0.513100	0.571151	0.391900	0.365713	0.207731	-0.419440	0.893510	0.592380	0.875184	0.732612	1.080743	0.573493	0.799813	0.381599	0.168406	0.699118	1.514699	0.880983	0.024606	0.450871	0.081873	-0.532090	-1.206532	1.636577	-0.105143	-0.826346	0.744903	0.513954	-0.613162	-0.640974	-1.374739	-0.580620	1.574673	0.873540	-0.178022
0.663692	-0.646229	0.839092	0.167019	0.028282	-0.905428	-0.960356	1.136432	0.899291	0.770616	0.658991	0.795781	0.985569	1.488676	1.190866	1.170609	-0.882073	0.359570	-0.988996	0.461851	0.961801	0.787279	0.063649	-0.195465	0.634474	-0.888060	0.415632	1.273758	0.894454	0.347053	0.515855	0.033468	0.556526	-0.117590	-0.611539	0.276662	1.150517	0.569335	-0.058417	0.110838	-0.442122	-1.527250	-1.472174	0.970699	-0.949969	-0.932927	0.034507	0.273255	-0.832459	-0.712114	-0.976981	-0.638492	1.040299	0.604067	0.541621
1.752539	-1.324666	0.386831	0.123697	-1.050430	-1.398681	-0.618057	-0.455787	0.055060	-0.247822	-0.501526	-0.236257	0.091853	-0.048996	0.044851	0.616494	-0.742085	0.386906	-0.504036	-0.060922	0.445416	0.728355	0.068129	-0.239447	0.808201	-0.567708	-0.446750	0.700289	-0.061649	-0.321295	-0.442453	0.194955	-0.794468	-1.395853	-0.792278	0.188725	-0.253534	-0.437091	0.060536	0.007659	-0.954161	-1.407458	-0.841967	-0.430935	-1.298383	-0.428312	-0.166774	0.004936	-0.346558	-0.412506	-0.209481	-0.609207	-0.542380	-0.381795	0.668398
1.700557	-0.836145	-0.709978	-0.407518	-1.620510	-1.009372	0.600205	-1.853500	-0.918746	-1.180865	-1.506861	-1.366656	-1.014664	-1.298044	-0.946301	-0.569933	0.230722	0.221423	0.168826	-0.952732	-0.549767	0.362198	0.095529	0.106438	0.539225	0.690700	-1.069268	-0.498057	-0.898455	-0.375403	-0.620963	0.748103	-1.956980	-2.054600	-0.289879	0.332824	-1.066246	-1.189504	0.039602	-0.081226	-0.755770	0.096972	0.487378	-0.855445	-0.485743	0.254693	0.256047	-0.200503	0.311211	-0.284558	0.026247	-0.478413	-1.595329	-1.222726	-0.043423
0.761440	0.457603	-0.990414	-0.757361	-1.342855	-0.294743	1.374013	-1.880854	-1.425373	-1.291196	-1.742505	-1.386556	-1.678696	-1.348770	-1.232419	-1.609040	1.103716	0.021686	0.490636	-1.360966	-0.957798	-0.507866	-0.639374	0.135892	0.053199	1.692551	-1.077444	-0.880676	-0.610375	0.104412	-0.265606	0.680521	-1.901733	-1.395108	0.020980	-0.124677	-0.662159	-1.417517	-0.707256	-0.774934	-0.035772	1.593459	1.456566	-0.206341	0.904302	0.464035	0.374650	-0.631561	0.462527	-0.500916	-0.356384	-0.265412	-1.305079	-1.169046	-0.472204
0.146783	1.124797	-0.203369	-0.293553	-0.946975	-0.133011	0.883586	-1.033190	-1.401068	-0.763997	-1.337798	-0.344464	-1.900635	-0.846649	-0.982737	-1.853038	1.016442	-0.465690	0.151950	-0.925473	-0.376634	-1.672696	-1.999824	-0.410719	-0.240287	1.226495	-0.635070	0.027405	0.494489	0.530586	-0.284757	-0.152748	-0.950034	-0.239887	-0.323654	-1.343742	0.041344	-1.566540	-1.899920	-1.913548	0.417330	1.761599	1.392390	0.202282	1.723285	0.294350	-0.391846	-1.371465	0.119780	-0.687716	-0.709516	-0.058280	-0.390717	-0.454040	0.263731
0.480552	0.469334	0.527704	0.648186	-1.081076	-0.665307	-0.139357	-0.592389	-1.163854	-0.226541	-0.720414	0.618863	-2.070873	-0.854417	-0.536072	-1.236133	0.288441	-1.226025	-0.601107	-0.338864	0.402664	-2.376124	-2.708012	-1.016394	-0.214837	-0.330793	-0.234106	1.221243	1.292647	0.761876	-0.732263	-0.804675	-0.148835	0.166951	-0.745112	-2.297384	-0.051871	-1.842846	-2.397097	-2.457585	0.168533	0.797827	0.740906	-0.330557	1.415862	0.376289	-1.411826	-1.963549	-0.180576	-0.388069	-0.540078	-0.055001	-0.013414	0.097833	1.533939
1.075260	-0.745162	0.337016	1.076219	-1.393705	-1.312542	-0.364833	-0.943135	-0.898471	0.032968	-0.162444	0.578046	-2.281473	-1.453846	-0.151976	-0.279825	-0.039585	-1.589590	-1.167781	-0.398006	0.361451	-2.005815	-1.852054	-1.141424	-0.086962	-1.382131	-0.166579	1.444148	1.081856	1.017955	-0.899244	-0.643420	0.037843	-0.339808	-0.563172	-2.054601	-0.888588	-1.797166	-1.621593	-1.786066	-0.487327	-0.151259	0.339228	-1.011129	0.392066	0.876655	-1.682062	-1.920996	-0.261310	0.321493	-0.062403	-0.481493	-0.427915	0.037131	1.885128
0.939493	-1.393357	-0.371784	0.597323	-1.105816	-1.620324	0.496701	-1.270565	-0.477635	0.166940	0.255716	-0.279115	-2.175666	-1.806717	-0.031424	0.332229	0.482463	-0.978302	-1.161569	-0.917883	-0.479481	-0.792803	-0.101067	-0.842572	-0.039125	-0.971250	-0.220845	0.508914	0.048009	1.197650	-0.515071	-0.200876	0.030405	-0.831490	0.036337	-1.005518	-1.457380	-0.973466	-0.400134	-0.556928	-0.996564	-0.388381	0.368975	-0.779640	-0.441264	1.275812	-1.056842	-1.353577	-0.494070	0.764263	0.101479	-1.313524	-0.918891	-0.414827	0.717463
0.020795	-1.260393	-0.744864	-0.123744	-0.173859	-1.626958	1.437537	-0.800208	0.155807	0.304021	0.464323	-1.036306	-1.478678	-1.311272	-0.186684	0.262809	1.244265	0.174947	-0.717007	-1.091030	-1.133533	0.362738	1.012536	-0.472317	0.012884	0.266102	-0.014903	-0.734677	-1.116113	0.886390	-0.030569	-0.250329	0.236922	-0.638674	0.356457	-0.296943	-1.009615	0.346402	0.041983	0.052814	-1.093397	-0.121448	0.341984	0.276500	-0.428877	1.111269	-0.224948	-0.813078	-1.008816	0.360666	-0.372855	-2.087312	-0.792203	-0.819313	-1.049439
-0.893943	-0.971621	-0.652766	-0.301565	0.605381	-1.399422	1.399037	0.165600	0.659740	0.311956	0.326799	-1.090480	-0.433332	-0.313931	-0.336519	-0.280277	1.348538	0.733748	-0.235927	-0.609423	-0.886921	0.752894	0.759102	-0.166890	0.201784	1.033611	0.429071	-1.417042	-1.734942	-0.008312	0.189960	-0.622491	0.371749	-0.224298	0.148509	-0.374457	0.148508	1.290151	-0.471258	-0.347250	-0.830320	0.072280	-0.130474	1.117668	0.258719	0.503318	0.246203	-0.614035	-1.246389	-0.608345	-1.127564	-2.151055	-0.130486	-0.916585	-1.952426
-1.207574	-0.998565	-0.555041	0.004870	0.640179	-0.714870	0.398427	0.677601	0.630834	0.103541	-0.182495	-0.641983	0.442320	0.367505	-0.181072	-0.774801	0.575496	0.172306	0.022430	0.137037	-0.030680	0.479684	-0.221166	0.046122	0.412174	0.788144	0.693982	-1.354426	-1.548480	-1.046945	0.275473	-0.532101	-0.010416	-0.433356	-0.201466	-0.639765	1.038623	1.241599	-1.082781	-1.109133	-0.330429	-0.174384	-0.887035	1.030970	0.685063	-0.099194	0.363642	-0.579310	-0.715561	-1.165660	-1.421899	-1.228509	0.426148	-0.634538	-1.464656
-1.013956	-1.146799	-0.554756	0.139459	0.242756	0.440800	-0.636144	0.366026	0.215200	-0.027330	-0.712809	-0.245309	0.887066	0.409741	0.175506	-0.841681	-0.452630	-0.731255	0.016206	0.781635	0.692193	0.230743	-0.857332	-0.095242	0.383830	0.032959	0.598030	-0.883086	-0.911211	-1.707371	0.381811	0.173749	-0.613293	-1.168591	-0.293175	-0.458784	1.026645	0.430922	-1.096359	-1.388229	0.248177	-0.823178	-1.458854	0.306318	0.038111	-0.384530	0.289896	-0.451585	0.083397	-0.715589	-0.845208	0.242373	0.470370	-0.035121	-0.422671
-0.658230	-1.017778	-0.227197	-0.228055	0.067537	1.339119	-0.920540	-0.111804	0.029986	0.350804	-0.643621	-0.128856	1.007324	0.271325	0.258609	-0.532937	-0.917659	-0.734500	-0.246144	1.278344	0.931408	0.516660	-0.717823	-0.801085	0.110871	-0.488564	0.539125	-0.335754	-0.473863	-1.749010	0.388328	0.749486	-0.585731	-1.325194	-0.124907	0.081258	0.387484	-0.281554	-0.598034	-0.891626	0.576525	-1.506152	-1.518109	-0.305592	-1.390400	-0.328420	0.002156	-0.233441	0.092517	0.229174	0.263170	1.370722	0.255014	0.651934	-0.006436
-0.251668	-0.622222	0.576241	-0.770141	0.205170	1.071296	-0.558403	0.091341	0.344592	1.154504	0.279931	-0.072808	0.986124	0.530713	-0.187929	-0.151688	-0.575441	0.477077	-0.684926	1.518174	0.806742	1.197395	-0.075965	-1.541241	-0.047728	-0.553765	0.993545	0.166772	-0.442757	-1.150528	0.280392	0.634277	0.341933	-0.148458	0.128806	0.624714	-0.066387	-0.161445	0.066247	0.162827	0.304033	-1.777012	-1.075228	-0.460806	-2.324501	-0.115416	-0.384224	0.074351	-0.836748	0.641298	1.122540	1.536313	0.289706	1.112676	-0.463775
0.177874	-0.300839	1.267353	-1.006829	0.246564	-0.199070	-0.290660	0.967783	0.644609	1.594864	1.439530	0.175539	0.949204	1.165467	-0.776299	0.185980	0.038561	1.964969	-0.944511	1.270053	0.493702	1.733213	0.690949	-1.185957	0.189423	-0.450877	1.784968	0.553387	-0.295264	-0.086459	0.374235	0.257510	1.362445	1.687088	0.403542	1.243540	0.198497	0.732619	0.831088	1.434780	-0.479657	-1.447078	-0.418061	-0.386218	-1.811055	-0.040629	-0.334194	0.793039	-1.449018	0.191871	1.203114	0.964867	0.619898	1.170858	-1.004949
0.370526	-0.185764	1.159835	-0.844877	0.104123	-1.030486	-0.636361	1.663470	0.301873	0.921737	1.778074	0.543193	1.077284	1.651991	-0.879900	0.645657	0.133655	2.555054	-0.511628	0.658010	0.079841	1.750801	1.389938	0.695502	0.582251	-0.495544	2.119705	0.691550	0.524864	0.890103	0.781626	0.358353	1.494952	2.647535	0.642037	2.136259	0.986438	1.527293	1.651293	2.555221	-1.114379	-0.752609	0.066740	-0.359053	-0.285166	-0.359696	0.549796	2.164579	-0.500281	-0.437019	0.608083	0.507220	0.733717	0.910953	-0.827381
0.083676	-0.017736	0.342607	-0.522798	0.259010	-0.219216	-1.340125	1.486577	-0.473424	-0.608466	0.931394	0.724367	1.514179	1.638924	-0.441654	1.275939	-0.543604	1.947691	0.690559	0.197193	-0.313733	1.277081	1.803609	2.905985	0.641798	-0.707017	1.468256	0.560009	1.760309	1.077615	0.975641	0.798216	0.756320	1.951429	0.666698	2.831873	1.620204	1.341377	2.137071	3.046646	-0.957997	-0.132618	0.163202	-0.292310	0.928210	-1.011210	1.730556	3.616525	1.593743	-0.465905	-0.116117	0.725376	0.286575	0.610973	0.038108
-0.379632	0.464453	-0.378799	-0.195631	1.009372	1.634647	-1.618553	0.702366	-0.702208	-1.724818	-0.221645	0.574407	2.024312	1.266379	-0.083622	1.767094	-1.371099	0.800225	1.917338	0.100899	-0.568740	0.577223	1.663778	3.566403	0.377004	-0.858279	0.284058	0.427473	2.512836	0.454827	0.427887	0.648548	0.129815	0.395872	0.445545	2.399264	1.541455	0.305583	1.958225	2.587056	-0.104054	0.217656	0.067253	0.095038	1.137183	-1.433902	2.020163	3.940979	3.050273	0.085635	-0.472215	1.309409	-0.279948	0.573410	0.885402
-0.317046	1.113086	-0.341111	0.219445	1.835569	2.589000	-0.915546	0.222376	0.275795	-1.282637	-0.382266	0.339361	2.022421	0.838022	-0.295118	1.848362	-1.369035	-0.016299	2.136242	-0.039860	-0.687947	-0.022404	1.078177	2.073119	0.431651	-0.742257	-0.371944	0.664244	2.264751	0.004583	-0.440606	-0.475761	0.402722	-0.544210	0.342629	0.689326	0.680248	-0.384966	1.465558	1.482023	0.650629	0.479348	0.243880	0.824680	0.926572	-0.925911	0.902698	2.575665	2.643918	0.613868	-0.407444	1.556506	-0.128184	0.901237	1.054754
0.488727	1.435664	0.414901	0.775523	1.899323	1.534297	0.494671	0.600749	1.979532	0.577783	0.781870	0.419028	1.237437	0.460623	-0.761372	1.754196	-0.227133	-0.082962	1.097957	-0.528194	-0.672674	-0.217971	0.677589	-0.307494	1.222752	-0.447437	0.030921	1.304661	1.429452	0.633558	-0.577311	-1.730153	1.298060	-0.287945	0.713414	-1.145261	-0.588959	0.264364	1.364863	0.575980	0.616912	0.769875	0.817425	1.486646	1.086440	0.499880	-0.773051	0.451395	0.894428	0.810506	-0.304850	1.251342	0.934710	1.327586	0.434625
1.329206	1.060039	1.376327	1.260491	1.083343	-0.483093	1.567192	1.472956	3.144737	2.447958	2.256742	0.891481	0.201434	0.135097	-0.715171	1.933320	1.150372	0.401628	-0.298291	-0.866038	-0.356708	0.087427	0.924893	-1.893743	2.166120	-0.389062	0.898935	1.891165	0.775057	1.834809	0.290312	-2.029481	1.869540	0.445262	1.235845	-1.800314	-1.628538	1.802234	1.698220	0.434902	-0.064449	0.720209	1.179680	1.535154	1.319811	1.732416	-1.722660	-0.866953	-0.731966	0.960022	-0.509811	0.789651	2.045435	1.359541	-0.498569
1.357014	0.175812	2.045398	1.385193	0.189044	-1.435906	1.286450	1.993324	2.860299	2.856184	2.758953	1.389480	-0.280376	-0.014696	0.164136	2.296193	1.351478	0.815542	-0.911593	-0.357462	0.386898	0.592980	1.363199	-2.183986	2.181596	-0.894698	1.181754	1.872804	0.547424	2.082841	1.148626	-1.359544	1.600277	0.758418	1.095927	-1.220266	-1.752142	2.702192	1.663494	0.736886	-0.547823	-0.130917	0.573216	0.774991	0.627654	1.501961	-1.593650	-0.822088	-1.369296	1.324597	-0.813073	0.552452	2.127675	0.766994	-0.991560
0.684666	-0.468342	2.171880	1.161978	0.050949	-0.586204	-0.337814	1.724188	1.400687	1.571105	2.018476	1.541121	-0.120189	0.149807	1.371616	2.133082	-0.065996	0.550399	-0.555919	0.716058	1.286052	0.782659	0.991624	-1.788134	1.030599	-1.658226	0.525720	1.185529	0.389639	0.762633	0.968050	-0.649607	0.932043	0.667639	0.089665	-0.438348	-0.686297	2.045306	0.718943	0.698414	-0.122947	-1.431329	-0.808784	-0.407856	-1.056086	-0.108522	-1.060039	-0.265017	-1.282153	1.573295	-0.569160	0.520210	1.091551	-0.066898	-0.554935
0.284892	-0.169893	1.810280	0.932575	0.700628	0.834061	-2.069931	0.996985	0.024406	-0.185251	0.835714	1.391427	-0.019754	0.487134	1.999241	1.000093	-1.906203	-0.449243	-0.087140	1.173725	1.761564	0.438791	-0.470292	-1.260932	-0.216608	-1.844892	-0.419518	0.365949	-0.005934	-0.884851	0.045348	-0.505649	0.690441	0.755221	-0.805470	-0.206806	0.923564	0.517629	-0.516457	0.042605	1.037589	-1.945836	-1.687650	-1.320447	-2.312605	-1.459985	-0.736079	-0.200884	-1.165204	1.140090	0.478655	0.510863	-0.046278	-0.451995	0.565875
0.681079	0.941956	1.263131	0.937184	1.470984	1.176076	-2.504794	0.405653	-0.152748	-0.897011	0.031947	1.180235	-0.462134	0.595772	1.422688	-0.539171	-2.447724	-1.532725	-0.315848	0.359422	1.444692	-0.127375	-2.011865	-0.581621	-0.360099	-1.025967	-0.830254	-0.000750	-0.485396	-1.200861	-0.434299	-0.567580	1.076645	1.024814	-0.402471	-0.301088	1.731081	-0.450925	-0.883181	-0.706894	1.937762	-0.854697	-1.060532	-1.523665	-1.775721	-1.080808	-0.486164	-0.589990	-1.268148	0.092200	1.627146	0.461000	-0.325402	-0.146580	1.461185
1.102317	1.842038	0.768185	0.935609	1.686439	0.189997	-1.420784	0.106229	0.727802	-0.244107	-0.323510	0.840955	-1.041180	0.219661	-0.211568	-1.400308	-1.252531	-1.909423	-1.055216	-0.996781	0.483078	-0.482071	-2.304883	0.268483	0.429324	0.160334	-0.630229	0.077037	-0.720574	-0.134009	0.025029	-0.216968	1.372877	0.738553	1.179259	-0.235922	0.848699	-0.295890	-0.094940	-0.943240	1.669534	1.031310	0.484327	-1.115351	0.116988	0.542059	0.051085	-0.700316	-1.236321	-0.715609	1.823535	0.351853	0.113985	0.323839	1.277232
0.362398	1.622998	0.187086	0.406781	1.108332	-0.925501	0.124514	-0.198383	1.327352	0.658785	-0.607573	0.111051	-1.086078	-0.433910	-1.883691	-1.224772	0.450582	-1.417135	-1.368096	-1.625943	-0.631622	-0.621445	-1.145797	0.782908	0.713925	0.711325	-0.430205	0.052915	-0.620752	0.773304	0.645452	0.471351	0.783913	-0.405493	2.335754	-0.135175	-1.121470	0.235769	0.826078	-0.725334	0.392896	1.943616	1.338385	-0.439307	1.511667	1.429424	0.639273	-0.344483	-0.664303	-0.594621	0.882718	0.083796	0.399661	0.291876	0.032500
-1.483026	0.556653	-0.778535	-0.807323	-0.081775	-1.059490	1.081494	-0.645933	0.530684	0.640433	-0.927740	-0.831548	-0.661879	-0.866505	-2.257972	-0.818676	1.278910	-0.628178	-0.680482	-1.124123	-1.380000	-0.938822	0.326358	0.395646	-0.448478	0.566959	-0.659923	-0.418901	-0.298319	0.370679	0.441023	0.813503	-0.505832	-1.479629	1.560454	-0.451876	-2.481594	0.154834	0.664718	-0.571175	-0.721376	1.216102	0.812608	0.347360	1.304919	0.533038	0.584961	-0.186443	0.311035	0.050592	-0.271820	-0.410627	0.151019	-0.181575	-1.268853
-2.872352	-0.191857	-1.968411	-2.127132	-1.408402	-0.373829	1.422111	-0.904904	-1.172056	-0.108161	-1.018751	-1.284177	-0.481993	-0.778429	-0.878933	-1.117599	1.151395	-0.214218	0.500056	-0.186074	-1.414707	-1.624436	0.861456	-0.661179	-2.177233	0.651400	-1.031323	-0.995026	0.136199	-0.763559	-0.588662	0.439930	-1.406009	-1.301237	-0.878114	-1.058296	-2.058622	-0.628788	-0.592130	-0.653489	-0.726088	0.131498	-0.062967	1.192843	0.360038	-0.855039	-0.297016	-0.708624	1.026958	0.157205	-0.690795	-0.981667	-0.149077	-0.365816	-1.518602
-2.414623	0.024011	-2.577141	-2.618275	-2.192137	0.191822	1.653515	-0.645857	-2.056520	-0.359636	-0.740924	-0.809535	-0.851136	-0.327804	1.053763	-1.949509	0.885941	-0.340414	1.089713	0.391492	-0.704171	-2.272356	0.305898	-1.396720	-2.616570	1.466177	-0.970614	-1.047562	0.524259	-1.278419	-1.596560	-0.214348	-1.161177	-0.017022	-3.082398	-1.220598	-0.334420	-1.383131	-1.713268	-0.612521	0.094732	0.266831	0.001113	1.705142	0.214209	-0.694301	-1.256342	-1.402229	0.915416	-0.542597	-0.312749	-1.250262	-0.073050	0.136225	-0.639517
-0.497602	0.579608	-1.878752	-1.816379	-1.876201	0.246158	1.739650	-0.114200	-1.140741	0.419837	-0.354396	0.154965	-1.177781	0.097914	1.600427	-2.254305	0.751093	-0.681446	0.636558	0.495902	0.368421	-2.227781	-0.529446	-1.133382	-1.100214	2.251149	-0.389600	-0.433651	0.599420	-0.852778	-1.913951	-0.462359	-0.252116	0.945204	-3.397361	-0.628368	1.141370	-1.500703	-1.620963	-0.261497	0.721006	1.397152	0.806454	1.236380	0.988596	1.059421	-1.407718	-1.429815	0.106697	-0.952770	0.380764	-0.832857	0.020767	0.783399	0.324353
1.141971	0.439738	-0.216409	-0.211174	-0.591287	0.268643	1.092794	0.051151	0.492064	1.161773	-0.205211	0.703183	-0.782540	0.258789	0.135537	-1.494300	0.137561	-0.861797	-0.151148	0.391767	1.114926	-1.289484	-0.946719	-0.273784	0.907217	1.964863	0.200620	0.305093	0.239284	-0.437068	-1.575573	-0.176496	0.186335	0.620241	-1.926870	0.051373	1.287054	-1.056314	-0.597666	-0.046213	0.640043	1.772518	1.007075	-0.290405	1.265042	2.158454	-0.753197	-0.821791	-0.577263	0.040389	1.111851	0.269201	-0.408786	0.765319	0.425220
1.243486	-0.550424	0.994495	1.080697	0.709815	0.641075	-0.371578	-0.440036	0.796195	0.418220	-0.350954	0.333700	0.132666	0.134800	-1.826417	-0.351431	-1.260187	-0.777428	-0.224389	0.100341	0.949670	0.020995	-0.983118	0.246066	1.286375	0.685944	0.296654	0.470252	-0.321878	-0.842739	-0.992868	0.153801	-0.317570	-0.376367	-0.141024	0.011226	0.273768	-0.497609	0.103555	-0.456448	0.136151	0.459373	-0.007163	-1.914845	0.082867	0.840723	-0.096174	-0.452435	-0.294720	1.864876	1.777153	1.435161	-1.114470	0.047568	-0.121803
0.070034	-1.568466	0.615199	1.218082	1.019540	0.936506	-1.710175	-1.184522	-0.837855	-1.696493	-0.647453	-0.688321	0.685561	-0.266914	-2.264333	0.160026	-2.565618	-0.574324	0.553645	-0.467172	-0.101915	0.875589	-1.017576	0.081207	-0.450242	-0.473678	-0.106410	-0.144363	-0.732283	-1.737179	-0.533534	0.055927	-1.156239	-0.801326	0.690025	-0.627882	-0.978992	-0.119323	-0.289255	-1.234167	-0.456404	-1.370493	-1.297993	-2.440011	-1.614437	-1.772366	-0.025196	-0.817497	0.989832	2.592017	2.019446	1.746463	-1.293628	-0.626883	-0.386960
-1.196795	-1.855371	-0.898995	0.347078	0.254888	0.485543	-1.823290	-1.552527	-2.755445	-3.320221	-1.038759	-1.660092	0.373556	-0.950705	-0.897026	-0.124072	-2.494523	-0.443513	1.190880	-0.984746	-1.262689	0.803244	-1.104887	-0.252711	-2.627752	-0.679605	-0.676318	-1.078397	-0.903822	-2.225370	-0.434889	-0.429404	-1.513597	-0.410929	0.446781	-1.010964	-1.690005	0.034728	-1.268950	-1.579185	-1.135799	-1.919982	-1.641863	-1.677853	-2.042336	-2.842280	-0.313626	-1.330842	2.279430	1.171861	1.407393	0.722682	-0.742652	-0.723698	-0.006004
-1.691849	-1.484896	-1.940130	-0.579703	-0.710378	-0.634808	-0.675813	-1.336116	-2.844661	-2.806977	-1.506047	-1.997245	-0.359425	-1.675406	0.659834	-0.521711	-0.857219	-0.444945	0.692893	-0.887434	-1.583414	0.034846	-0.885115	-0.153691	-3.205491	-0.151505	-1.141728	-1.636778	-1.006848	-1.960164	-0.740203	-0.847168	-1.286348	-0.070838	-0.156380	-0.642455	-1.581952	-0.019683	-1.696449	-1.075314	-1.771767	-1.004589	-1.037106	-0.558560	-0.799866	-1.215934	-0.374767	-1.065119	2.305410	-1.219875	0.080681	-1.215321	-0.210455	-0.519449	0.447622
-1.448962	-1.023335	-1.593801	-0.773104	-1.014991	-1.491948	0.658315	-0.811903	-0.886720	-0.566159	-1.783376	-1.604426	-0.630347	-1.843591	0.895425	-0.453468	1.090341	-0.466051	-0.702953	-0.139197	-0.868016	-0.725670	-0.075146	0.370759	-1.841537	0.365477	-1.316744	-1.531471	-1.154215	-1.310582	-1.139688	-0.784740	-0.938751	-0.371196	-0.421376	0.130135	-0.750573	-0.266437	-1.040130	-0.098883	-1.811888	-0.061421	-0.464847	0.026566	0.643457	1.209401	-0.021019	0.086992	0.741620	-2.481881	-1.117703	-2.950539	-0.395485	-0.585225	0.351387
-1.029725	-0.691874	-0.598571	-0.366760	-0.635748	-1.181584	1.173256	-0.312201	1.234749	1.374360	-1.464761	-0.878341	-0.053197	-0.997083	0.033312	-0.066909	1.904501	-0.344837	-1.626266	0.600412	0.064196	-0.919658	1.063209	0.888988	0.031737	0.530965	-0.936796	-1.093298	-1.250166	-0.645049	-1.098213	-0.217271	-0.719936	-0.801775	-0.186381	0.688287	0.473732	-0.606647	0.133704	0.679364	-0.830695	-0.032281	-0.397075	0.137451	0.836098	1.875343	0.437578	1.273105	-1.303632	-1.871123	-1.349707	-3.329745	-1.004201	-0.962802	-0.133190
-0.776960	-0.143438	-0.250282	-0.119406	-0.223848	0.199097	0.911192	0.021227	1.600040	1.504692	-0.564281	-0.343645	0.841982	0.459032	-0.522113	0.053729	1.396305	-0.062025	-1.025482	0.742110	0.249593	-0.567807	1.823680	1.177771	0.958640	0.598705	0.072502	-0.838183	-1.152630	0.136124	-0.332951	0.556347	-0.466456	-0.608157	0.248721	0.848844	1.513987	-0.877078	0.862833	0.959626	0.743612	-0.120290	-0.174273	0.393224	0.132710	0.624712	0.739027	1.647140	-2.165903	-0.524692	-0.641451	-1.931984	-1.163123	-1.159636	-0.322898
-0.487777	0.923945	-0.803715	-0.438534	-0.293988	1.465309	0.656343	0.102428	0.220612	0.200321	0.264409	-0.182724	1.124420	1.342541	0.054840	-0.363978	0.665245	0.218484	0.605144	0.412885	-0.315801	-0.055918	1.698324	1.414948	0.837579	0.827959	1.085347	-0.901483	-0.841953	1.242134	0.903577	1.273429	-0.172195	0.019418	0.574316	0.911575	1.686835	-0.963889	0.850085	0.948708	1.753363	0.871394	0.925931	1.000389	0.061674	-0.420462	1.047381	1.268382	-1.157146	0.083664	0.041803	0.442820	-0.563973	-0.888430	0.096562
0.170870	2.171942	-1.373987	-0.909201	-0.667615	1.436513	0.844492	-0.159559	-1.159730	-1.018834	0.345408	-0.106283	0.485232	0.855220	1.216878	-0.866061	0.751994	0.348796	1.699975	0.175951	-0.673874	0.416681	0.888874	1.755514	0.500939	1.016199	1.028803	-0.969414	-0.374596	2.360599	2.038336	1.862782	-0.228310	0.206953	0.820681	1.181094	0.709652	-0.830181	0.630872	0.970283	1.395615	2.560452	2.446736	1.502637	1.162436	0.194837	1.632206	0.926257	0.741876	-0.322257	-0.231747	2.158752	0.180095	-0.495102	0.676962
1.024052	2.821803	-1.156504	-0.848184	-0.707735	0.232578	1.053099	-0.651043	-1.040746	-1.197684	-0.260984	0.226491	-0.326280	-0.454372	1.856390	-0.672520	1.484174	0.400471	1.327043	0.322341	-0.073719	0.936950	0.073812	1.948256	0.425151	0.765498	-0.427941	-0.729816	0.159850	2.662966	2.539320	2.181889	-0.788953	-0.280574	1.208190	1.550796	-0.822288	-0.480681	0.678607	1.026185	0.165133	3.189409	3.080224	1.358118	2.169495	1.442758	2.283151	1.136686	1.792518	-0.898937	-1.257752	2.077805	0.302529	-0.530809	0.690723
1.389428	2.391232	-0.269078	-0.139065	-0.126750	-0.813433	0.620519	-1.002809	0.279552	-0.669402	-0.848141	0.671406	-0.326926	-1.248168	1.491474	0.402025	1.806357	0.583945	0.126091	0.625286	1.075665	1.437679	-0.269424	1.591258	0.327515	0.054819	-2.140632	-0.309171	0.478807	1.654032	2.144875	1.899480	-1.289259	-0.597510	1.692424	1.584787	-1.697069	-0.002611	0.736542	0.821754	-0.604371	1.778859	2.186209	0.466446	1.602924	1.378535	2.351062	1.532827	1.161615	-0.893966	-1.831613	0.663996	-0.291776	-1.080169	-0.096871
0.826419	1.126825	0.608658	0.660500	0.536786	-0.719522	-0.442390	-0.917905	1.194189	-0.270192	-0.848492	0.701286	0.502468	-0.886366	0.565766	1.553259	1.106039	0.962220	-0.575056	0.715473	1.651552	1.538927	-0.146708	0.731771	-0.081430	-0.694833	-2.428653	-0.173165	0.121414	-0.028578	1.079177	0.970856	-1.045866	0.073650	1.850882	1.038641	-1.117119	0.406303	0.363597	0.263347	-0.287435	-0.627347	0.543843	-0.770731	-0.308435	-0.185606	1.523595	1.398462	-0.378396	-0.443112	-1.152273	-0.485199	-1.035039	-1.649044	-1.141188
-0.261666	-0.246422	1.070133	0.973923	0.516487	0.069190	-1.371785	-0.420898	0.710710	-0.209620	-0.274745	0.177458	1.241793	0.026888	-0.156030	1.779582	-0.086169	1.333161	-0.273234	0.564491	1.150081	1.067054	0.235942	-0.077788	-0.470839	-1.124387	-0.844283	-0.509762	-0.977748	-1.012698	0.097022	0.009176	-0.124211	1.366168	1.320912	0.222984	0.491828	0.596021	-0.188461	-0.260473	0.326857	-2.151130	-0.587527	-1.608426	-1.819147	-1.450443	0.319072	0.618217	-1.454990	-0.168049	0.196499	-0.314720	-1.287963	-1.607024	-1.587733
-0.936509	-1.126562	1.261270	0.770901	-0.113698	0.479912	-1.478533	0.294652	-0.402386	0.081662	0.578707	-0.242193	1.284407	0.609558	-0.294031	1.034092	-0.779100	1.441280	0.359041	0.512388	0.267299	0.465121	0.707185	-0.479615	-0.284292	-1.301807	1.286715	-0.794961	-1.974279	-0.612942	-0.066811	-0.314697	0.803099	2.062500	0.235245	-0.293057	1.836750	0.663176	-0.212329	-0.322872	0.180292	-2.074271	-0.845842	-1.325648	-1.692867	-0.992306	-0.485070	-0.218188	-1.591796	-0.243784	0.925314	0.661598	-0.791112	-0.673237	-1.070956
-0.591461	-1.422187	1.449753	0.451938	-0.410437	0.243895	-0.880994	1.048064	-0.614397	1.053264	1.514414	0.190172	1.020584	0.721321	0.007284	0.279162	-0.646703	1.242763	0.454755	0.754464	0.010998	0.330559	1.030177	-0.799758	0.468452	-1.484109	2.261568	-0.244128	-1.689792	0.405122	0.503863	-0.200001	1.291546	1.480356	-0.867235	-0.314536	1.952508	0.868111	0.408824	-0.055548	-0.591992	-1.257662	-0.883266	0.100231	-0.524777	0.474755	-0.779077	-0.612435	-1.385238	-0.157298	0.460760	1.080657	0.275416	0.840070	-0.046094
0.545568	-1.399493	1.566162	0.346622	0.197206	-0.008767	-0.277824	1.570177	0.433247	2.230574	2.340753	1.299624	1.005301	0.746796	0.475483	0.331127	-0.245547	0.886168	-0.072011	0.924301	0.495862	0.620835	0.885523	-1.501034	1.138114	-1.623262	1.741624	1.188743	0.039481	0.789960	0.921936	-0.512206	1.402493	0.210262	-1.481923	-0.192887	0.977668	1.289446	0.940666	0.012599	-0.866993	-0.788707	-1.243985	1.655758	0.175716	1.141472	-1.102467	-0.691543	-1.309680	0.544960	-0.593243	0.287009	1.429571	2.112847	0.710231
1.633517	-1.219277	1.310718	0.441938	1.071271	0.144005	-0.086663	1.487854	1.502305	2.545251	2.644937	2.046402	0.983297	0.765900	0.977196	0.932360	-0.210532	0.458015	-0.599183	0.475434	0.928804	0.656003	0.183796	-2.285128	1.148585	-1.301124	0.827411	2.497300	1.916441	0.294865	0.504987	-1.505401	1.260049	-0.599357	-1.443133	-0.339996	-0.193126	1.616460	0.721523	-0.309940	-0.070898	-0.728761	-1.581709	2.054108	-0.159881	0.412850	-1.695858	-0.820768	-0.977521	1.507660	-1.219790	-0.995025	2.093997	2.342179	0.863577
1.833220	-0.808602	0.622064	0.523081	1.166936	0.334684	-0.075943	0.724354	1.369157	1.496317	2.001240	1.638257	0.327757	0.480487	1.248333	1.150042	-0.540970	-0.130153	-0.635111	-0.499320	0.667064	0.001508	-0.706436	-2.211952	0.566368	-0.308177	0.502505	2.560171	2.432234	-0.249650	-0.460171	-2.248550	0.805169	-0.484786	-0.924778	-0.718374	-0.826699	1.370958	-0.047236	-0.626981	0.997369	-0.437872	-1.242005	1.010213	-0.703743	-0.578056	-1.991983	-0.986615	0.050385	1.826470	-0.912398	-1.506820	1.894129	1.465799	0.682268
0.903761	-0.242330	-0.135659	0.466744	0.408434	0.074572	0.077059	-0.171471	0.320364	-0.197907	0.520251	0.351895	-0.774544	-0.088421	0.745769	0.546929	-0.802716	-0.903408	-0.360702	-1.166442	-0.074628	-0.888455	-1.222655	-0.875371	-0.082410	0.775078	0.519052	1.334567	1.438621	-0.223818	-1.159818	-1.729366	0.112987	-0.008272	-0.271193	-0.914985	-0.839408	0.411892	-0.654082	-0.528895	1.081520	0.198168	-0.349769	-0.466306	-0.537986	-0.714769	-1.327819	-0.854486	1.204608	1.050313	0.038915	-0.820672	0.951970	0.323580	0.509955
-0.524921	0.076376	-0.487912	0.377065	-0.233789	-0.423331	0.216517	-0.445693	-0.376658	-1.240960	-0.960052	-0.784706	-1.279361	-0.388934	-0.626377	-0.295838	-0.772448	-1.537119	-0.267036	-0.853710	-0.603620	-1.131985	-1.116397	0.869721	-0.376933	0.951165	0.132875	-0.085320	0.168712	0.050055	-1.212493	-0.245070	-0.388391	0.080340	0.207972	-0.663862	-0.546220	-0.759997	-0.749064	-0.144133	0.006460	0.500200	0.197118	-1.133692	0.175888	-0.273115	0.047976	-0.346434	1.380817	-0.276573	0.865000	0.263060	-0.101414	-0.144651	0.329985
-1.335916	-0.095773	-0.302684	0.421194	-0.068891	-0.514810	0.042635	-0.011467	-0.153665	-1.018843	-1.483361	-0.985669	-0.645796	-0.104332	-1.801292	-0.513407	-0.574700	-1.528336	-0.429822	0.131075	-0.540639	-0.485937	-0.631382	1.680904	-0.288395	0.042828	-0.537423	-0.622080	-0.266638	0.048159	-0.875965	0.842967	-0.337257	-0.247698	0.375868	-0.172612	-0.208403	-1.324279	-0.565148	0.079392	-1.039306	0.095885	-0.074512	-0.699580	0.609854	-0.107975	1.058279	0.138453	0.441712	-1.157855	0.927416	0.658639	-0.571492	0.120968	0.002280
-0.932327	-0.409149	0.056647	0.521338	0.370993	-0.106575	-0.231776	0.363176	0.289173	-0.161675	-0.897378	-0.404433	0.297729	0.264361	-1.449407	-0.046520	-0.315311	-0.788061	-0.435824	0.763889	-0.120447	0.283535	-0.195632	1.141411	-0.074712	-0.794373	-0.654801	-0.269860	-0.014449	-0.096467	-0.483947	0.722952	-0.005150	-0.420694	0.255434	0.124163	0.055254	-0.934596	-0.408431	-0.026105	-0.916741	-0.366708	-0.521114	0.088256	0.409714	-0.256714	0.952751	0.186764	-0.445831	-1.092554	0.269277	0.155972	-0.329079	0.344217	-0.276443
0.049199	-0.326455	0.046989	0.340328	0.096791	0.189095	-0.107498	-0.008771	0.075258	0.172476	-0.049830	0.082351	0.387176	0.058486	0.195009	0.302789	0.015750	0.083897	-0.052025	0.371919	0.132754	0.267343	-0.027841	0.113644	-0.064427	-0.385222	-0.100032	0.094354	0.062529	0.002054	-0.122768	-0.004252	-0.091826	-0.138668	-0.059127	0.068159	0.118507	-0.146691	-0.309866	-0.224291	0.083580	-0.134108	-0.301128	0.353635	-0.047739	-0.217550	0.132288	-0.122625	-0.279915	-0.387586	-0.392261	-0.485673	0.051967	-0.036963	-0.136991
0.367891	0.173286	-0.464844	-0.251728	-0.834652	0.051053	0.332172	-0.787359	-0.691752	-0.419971	0.113344	-0.144360	-0.269440	-0.503234	1.312642	-0.044794	0.262750	0.354054	0.356897	-0.615728	-0.053246	-0.459249	-0.063870	-0.315828	-0.405353	0.800868	0.163868	-0.163481	-0.321916	0.146990	0.147615	-0.228836	-0.779980	0.237189	-0.399211	-0.067831	-0.062161	0.157970	-0.242412	-0.289474	0.719764	0.485659	0.368350	0.000843	-0.312203	-0.103404	-0.329660	-0.339947	0.480619	0.281262	-0.419153	-0.498877	-0.018960	-0.656563	0.317380
-0.312643	0.583037	-0.915393	-0.768880	-1.212157	-0.036602	0.353188	-0.961817	-1.110293	-1.123803	-0.389552	-0.701958	-0.473180	-0.539309	0.772369	-0.653476	0.135260	-0.031737	0.276458	-1.063596	-0.410300	-0.850825	-0.165044	0.067024	-0.785142	1.062319	-0.390098	-0.700296	-0.604169	-0.099268	0.232753	0.325027	-1.272122	0.258764	-0.489691	0.066038	-0.195760	-0.208924	-0.321700	-0.266337	0.450502	0.560859	0.496991	-0.265751	-0.294373	-0.432763	0.140839	-0.189737	0.593744	0.398805	-0.020039	0.050669	-0.347191	-0.716045	0.479568
-0.937966	0.425482	-0.556050	-0.460089	-0.276791	0.282379	-0.422053	-0.122627	-0.590730	-0.882853	-0.625407	-0.657547	0.265198	0.225350	-0.421917	-0.632967	-0.350295	-0.425625	-0.305640	-0.377603	-0.397561	-0.122733	-0.293216	0.644022	-0.541745	-0.349378	-0.742337	-0.650612	-0.282467	-0.392590	0.287479	0.925470	-0.647319	0.028667	-0.137143	0.451812	0.144107	-0.546037	-0.568806	-0.270683	-0.073117	-0.134687	-0.270787	0.166874	-0.130828	-0.959343	1.044103	0.160187	-0.273917	-0.127632	-0.002013	0.449954	-0.150630	0.029755	0.089872
-0.421122	-0.398662	0.628347	0.796555	1.141702	0.425348	-1.378103	1.008496	0.496098	0.275871	0.083170	0.269000	0.953976	0.973880	-0.636436	0.234013	-0.788364	-0.326244	-0.925546	0.766435	0.162664	1.233382	-0.476052	0.751428	0.565929	-2.202863	0.378023	0.307575	0.392843	0.143374	0.575923	0.723598	0.890456	-0.017124	0.460016	0.643565	0.855764	-0.185947	-0.707173	-0.269890	-0.198072	-0.950919	-1.224595	0.973830	-0.028991	-0.813617	1.313054	0.331034	-1.142631	-0.882158	-0.649799	0.214044	0.816849	0.999225	-0.274309
0.875080	-1.577546	1.740650	2.144922	1.643061	-0.249880	-1.557391	1.455784	1.288243	1.267300	1.279977	1.280552	0.543550	0.824832	0.162791	1.274164	-0.861978	0.016863	-1.171065	1.235539	0.803243	1.892990	-0.651501	0.211496	1.740557	-2.746672	2.402184	1.502798	0.783773	1.439416	0.839244	-0.425007	2.053970	0.208040	0.791423	0.191135	1.144635	0.631374	-0.438651	-0.158042	-0.165695	-1.358769	-1.609519	1.141492	-0.204219	0.104147	0.338791	0.112179	-1.031732	-1.147686	-1.162947	-0.407596	1.704338	1.406214	0.043753
1.567939	-2.407909	1.956356	2.532575	1.063562	-1.188488	-0.675485	1.100659	1.362170	1.320830	1.894151	1.439758	-0.559825	-0.033598	0.603178	1.752520	-0.603125	0.048501	-0.946290	0.884282	0.926158	1.157224	-0.610338	-0.629170	1.787037	-1.573168	3.169479	1.944425	0.629101	2.145153	0.359785	-1.824219	1.913785	0.327399	0.600960	-0.796832	0.420099	1.043223	0.191068	0.106537	-0.443363	-1.372121	-1.382689	0.140654	-0.610853	0.866044	-1.366215	-0.344728	-0.160016	-0.532930	-0.548207	-0.787383	1.483830	1.010764	0.796628
1.023229	-2.137548	1.471674	1.785065	0.511274	-1.200648	0.690759	0.639126	1.016943	0.825143	1.465628	0.739234	-1.069857	-0.592858	-0.042100	1.568868	-0.130702	-0.278938	-0.363249	0.623724	0.509188	-0.254045	-0.191010	-1.120853	0.536178	0.315407	1.526041	1.353598	0.248444	1.298490	-0.937720	-2.436130	0.917684	0.083024	0.220721	-1.566321	-0.768008	0.602066	0.825792	0.469920	-0.801980	-1.017497	-0.766422	-1.370879	-0.777926	0.905370	-2.484572	-0.624548	0.419012	0.543704	1.018964	-0.599750	0.219540	0.270650	1.100936
0.050071	-0.745519	1.059237	0.655840	0.614496	-0.183862	1.644515	0.541402	0.663265	0.532896	0.499867	-0.057472	-0.569246	-0.300080	-0.983181	1.062714	0.459607	-0.507530	0.291663	0.882452	0.040658	-1.058881	0.411208	-0.808149	-0.795671	1.691540	-1.120945	0.367493	0.081274	-0.347629	-1.970976	-1.743387	0.151890	-0.266881	0.124450	-1.416326	-1.191181	-0.250983	1.044489	0.718096	-0.698941	-0.174020	0.233663	-2.197308	-0.275631	0.766165	-2.092087	-0.436819	0.086811	1.223425	2.113090	-0.056740	-1.015495	-0.190116	0.606585
-0.309549	0.758421	0.837059	-0.178313	0.596203	0.622474	1.555487	0.436112	0.239249	0.427825	-0.331515	-0.453910	0.055224	0.254475	-1.196277	0.438935	0.840723	-0.400380	0.548192	0.733704	-0.209773	-0.917828	0.652388	-0.005332	-0.966944	1.873280	-2.414576	-0.259034	0.184355	-1.337578	-1.715532	-0.339561	-0.085213	-0.293138	0.252517	-0.543902	-0.457069	-0.783534	0.536570	0.476543	-0.259448	0.848987	1.412438	-1.790327	0.645544	1.016051	-0.654625	0.003059	-0.745526	1.099346	1.535459	0.410376	-1.406041	-0.212443	-0.114080
-0.074795	1.260363	0.162474	-0.771806	-0.411569	0.316467	0.474906	-0.242566	-0.477805	-0.018580	-0.854191	-0.645604	-0.048734	0.111454	-0.784200	-0.331663	0.590279	-0.220542	0.135696	-0.727013	-0.453105	-0.672992	0.167712	0.337935	-0.105013	0.849766	-1.706051	-0.399672	0.245543	-1.335604	-0.607195	0.539878	-0.388984	0.019858	0.060527	0.076651	0.423251	-0.782962	-0.624336	-0.416215	-0.167624	1.239726	2.003148	-0.604195	1.223871	1.185985	0.402111	0.130019	-1.196895	0.545085	-0.294749	0.568338	-1.100844	-0.121447	-0.453780
0.025438	0.736200	-1.073879	-1.342717	-1.739242	-0.465772	-0.757278	-1.224013	-1.155531	-0.709200	-1.095421	-0.841042	-0.553414	-0.740454	-0.564254	-1.117607	-0.150342	-0.184794	-0.496345	-2.552144	-0.766555	-0.978773	-0.689844	-0.278179	0.637944	-0.651151	-0.367319	-0.385988	0.043302	-1.103029	0.017751	0.332094	-0.989099	0.248851	-0.698372	-0.144335	0.331895	-0.566672	-1.686077	-1.434894	-0.569135	0.620456	1.387946	0.539267	1.066734	0.528971	0.285002	-0.275415	-0.777851	0.135690	-1.670400	0.518035	-0.608050	-0.150937	-0.567954
-0.224115	0.141301	-1.811546	-1.514004	-1.753210	-0.478243	-1.113780	-1.478873	-1.028240	-0.812695	-0.832612	-0.670522	-0.482324	-1.177919	-0.707638	-1.462361	-0.607432	-0.058684	-0.441759	-2.581531	-0.684568	-1.211978	-1.044914	-1.099934	0.579454	-1.442133	0.307804	-0.362331	-0.221609	-0.966403	-0.218387	-0.192998	-1.112047	0.094089	-1.453485	-0.608079	-0.468508	-0.328086	-1.584594	-1.589596	-0.719230	-0.327012	0.005545	1.146607	0.555257	-0.615829	-0.278426	-0.694996	0.314191	-0.006163	-1.350847	0.500456	-0.020414	-0.084561	-0.927151
-0.323085	0.143307	-1.133910	-0.779918	-0.033710	0.462873	-0.440252	-0.457355	0.072461	0.037968	0.069241	0.250684	0.437501	-0.258111	-0.495214	-1.038740	-0.353323	0.407175	0.543233	-0.199655	0.124482	-0.316063	-0.384528	-0.896734	0.140849	-0.923596	0.560579	-0.139146	-0.123524	-0.392653	-0.275588	0.078688	-0.038262	-0.208766	-1.315462	-0.242844	-0.705086	0.165312	-0.051224	-0.422358	-0.028171	-0.624118	-1.023120	1.202566	0.237120	-1.111311	-0.058152	-0.425351	1.483858	-0.123341	0.162537	0.576145	0.813615	0.374329	-1.359463
-0.033789	0.442017	0.220414	0.364154	1.836869	1.308807	0.285913	1.089727	1.211347	1.051472	1.074332	1.387808	1.387749	1.500255	0.472313	-0.186418	0.042807	0.898137	1.458758	2.424043	1.040201	1.445587	0.825878	0.418564	-0.004328	0.151866	1.199853	0.337954	0.468616	0.702954	0.654876	1.108750	1.620513	-0.181020	-0.125827	1.042405	0.161350	1.059279	1.792425	1.314063	0.988433	-0.176678	-1.173924	0.963689	0.122377	-0.633193	1.010350	0.520906	2.147247	-0.258749	1.228567	0.550304	1.649618	1.030982	-1.128002
0.099717	0.487273	0.551055	0.565917	2.057771	1.162154	0.149944	1.813562	1.274952	1.191444	1.294981	1.569524	1.420197	2.486602	1.434645	0.253540	-0.118901	0.809895	1.129587	2.631758	1.005944	2.351720	1.565507	1.477554	0.115454	0.561548	1.952744	0.648556	1.089422	1.247883	1.800477	1.707337	2.339337	0.238815	1.183670	2.055316	1.171540	1.838446	2.395656	2.242819	1.291607	0.265548	-0.874350	0.692252	-0.119717	-0.106667	1.710116	1.328580	1.981409	-0.120110	0.879578	0.291946	1.840425	1.247174	-0.101590
-0.433942	0.367196	-0.585714	-0.707965	0.644279	0.311221	-0.418736	1.144803	0.247959	0.432477	0.515740	0.407154	0.494574	1.681478	1.342096	-0.215065	-0.452551	0.105016	-0.170281	0.435515	-0.077309	1.214533	1.319626	1.057962	-0.024424	0.261976	1.648974	0.228010	0.963933	0.356251	1.743477	1.105200	1.385796	0.531261	1.466787	1.682203	1.067443	1.653329	1.396490	1.696552	0.661356	0.249339	-0.486538	0.408042	-0.449175	-0.201048	1.122443	1.268329	1.032544	0.387693	-0.184356	-0.006215	1.021825	0.606359	0.702694
-1.160416	0.562234	-1.700151	-2.202247	-0.841602	-0.274588	-0.160462	-0.257493	-0.823876	-0.349866	-0.485494	-1.048437	-0.595287	-0.249877	0.280332	-1.140097	0.075241	-0.459431	-0.800487	-1.543171	-1.073168	-0.982968	0.573381	-0.397636	-0.570489	0.418284	-0.046854	-0.918306	-0.203747	-1.188344	0.347055	-0.027297	-0.360632	0.243530	0.572193	0.246997	-0.134902	0.355788	-0.030075	0.337047	-0.052769	0.194869	0.336904	-0.122648	-0.394470	-0.232826	-0.216821	0.475365	-0.245301	0.834999	-0.522017	-0.070018	-0.417286	-0.591962	0.296749
-1.040841	1.096981	-1.302411	-2.227219	-1.224851	-0.141423	1.141545	-1.303328	-1.114488	-0.574776	-0.851909	-1.462999	-1.147949	-1.658156	-0.585095	-1.542289	1.451201	-0.167640	0.201621	-1.378786	-1.008409	-2.068194	0.141005	-1.314233	-1.042081	1.570948	-1.876656	-1.941144	-1.635395	-1.700142	-0.958547	-0.491162	-1.447480	-0.333635	-0.461839	-0.860227	-1.161330	-1.034591	-0.536726	-0.614623	-0.042412	0.654695	1.761836	-0.957076	0.185225	0.614150	-1.022139	-0.286235	-1.099476	0.813175	0.317705	0.099824	-1.625498	-1.585894	-0.825936
0.139018	1.432755	0.139677	-0.753341	-0.754526	0.258775	2.030833	-1.451630	-0.851050	-0.546859	-0.597036	-0.766884	-1.157850	-1.581101	-0.484947	-0.989607	2.219617	0.761130	1.697610	-0.132706	-0.280358	-1.163508	0.176082	-0.854067	-0.953872	2.583020	-2.323311	-1.842111	-1.981172	-0.697218	-0.847498	-0.072884	-1.361102	-0.453556	-0.487905	-0.784122	-0.978467	-1.244555	-0.030368	-0.631634	0.538410	1.394016	2.824800	-1.579918	0.659507	1.553621	-0.746846	-0.483622	-0.928641	0.555574	1.280994	0.325587	-1.954983	-1.852714	-1.157756
1.296521	1.162950	0.858534	0.530690	-0.361598	0.253697	1.146401	-0.948913	-0.735021	-0.784009	-0.358023	-0.092966	-1.027220	-0.563859	0.119252	-0.093575	1.264302	1.348287	1.720206	-0.161135	-0.029922	0.419033	0.132555	0.223058	-0.375028	2.027249	-1.264840	-0.584144	-0.783655	0.583052	0.435275	0.387184	-0.763316	0.072255	0.485583	-0.015106	0.084836	-0.184095	0.456294	-0.228554	0.935159	1.575667	2.283333	-1.288054	0.308399	0.958452	0.012160	-0.245207	0.056558	0.515048	1.062733	0.487436	-1.343800	-1.465229	-0.133198
1.273565	0.437675	0.087097	0.309529	-0.530491	-0.291201	-0.872479	-0.395051	-0.923801	-1.189817	-0.426834	-0.258799	-0.975876	0.132923	0.385861	0.198723	-0.613389	0.890967	-0.067933	-1.802551	-0.597924	0.848686	-0.360654	0.596912	0.240201	0.109521	0.128481	0.701928	0.755298	0.870901	1.459395	0.225155	-0.476042	0.506604	1.192842	0.419477	0.837024	0.825977	0.082638	-0.164917	0.756605	0.758223	0.322140	-0.077205	-0.685441	-1.103642	0.387477	-0.009911	0.737102	0.493623	-0.381110	0.389139	-0.219371	-0.795217	1.150580
0.232629	-0.315941	-1.095860	-0.836478	-1.038715	-0.949936	-2.013058	-0.199192	-0.963750	-1.210907	-0.464702	-0.825928	-0.910406	-0.092981	0.238038	-0.315283	-1.577413	-0.322057	-1.921808	-2.949225	-1.155677	-0.196951	-0.965338	-0.112959	0.552178	-1.518034	0.832142	0.883139	0.994054	0.309786	1.184122	-0.335553	-0.610692	0.099771	0.452545	0.141297	0.592112	0.509575	-0.917359	-0.563450	0.284125	-0.549210	-1.393244	1.163224	-1.308646	-2.423440	0.111755	-0.003042	0.148224	-0.124758	-1.795188	-0.271396	0.804779	-0.103181	1.421252
-0.595054	-0.763493	-1.283349	-1.327297	-1.362687	-1.198799	-1.277224	-0.317863	-0.572378	-0.631037	-0.182886	-0.848107	-0.686520	-0.727458	0.184973	-0.912894	-0.924231	-1.282522	-2.062957	-1.933777	-0.864130	-1.437176	-1.070437	-1.073967	0.501753	-1.653730	0.741015	0.074335	-0.167661	-0.135370	-0.058800	-0.697168	-0.708682	-0.856616	-1.348603	-0.411321	-0.200839	-0.849398	-1.589443	-0.893931	-0.053252	-1.337480	-1.533339	1.523275	-0.850999	-1.391297	-0.444172	-0.136489	-1.207411	-1.210137	-1.986400	-1.302508	1.185644	0.435273	0.699610
-0.427378	-0.716156	-0.390835	-0.535239	-1.106650	-0.770985	0.300536	-0.391794	-0.051176	0.137130	0.140167	-0.130764	-0.263337	-0.895424	0.344472	-0.797822	0.308385	-1.158838	-0.528167	0.352020	0.096757	-1.553567	-0.486782	-1.252185	0.156469	-0.621675	0.178290	-0.577881	-1.109635	-0.100915	-1.065525	-0.612202	-0.429250	-1.273679	-2.437200	-0.690263	-0.608943	-1.709253	-1.233357	-0.655891	-0.181160	-1.001281	-0.402497	0.947707	0.313262	0.825566	-0.765701	-0.245343	-1.628593	-1.675141	-0.940237	-1.697391	0.688967	0.553682	-0.135126
0.297475	-0.190504	0.565387	0.697674	-0.301220	0.169274	1.124803	-0.168779	0.167909	0.558361	0.078095	0.650195	0.287588	-0.345781	0.308261	0.040472	0.820103	-0.050582	1.214745	1.794647	0.874245	-0.499807	0.395649	-0.478769	-0.341203	0.462028	-0.601185	-0.312924	-0.541664	-0.023704	-1.064272	-0.265635	0.090548	-0.585689	-1.629913	-0.580468	-0.263962	-1.110433	-0.048586	0.063391	-0.269302	0.136532	0.733738	0.113064	1.211369	1.836459	-0.637254	-0.262128	-0.239532	-0.831270	0.403357	-0.692640	-0.373249	0.129686	-0.565412
0.692151	0.412338	0.826622	1.270969	0.503354	0.976260	0.840360	0.182375	0.079743	0.512795	-0.275342	0.869552	0.711520	0.350499	-0.052057	0.834559	0.474415	1.010891	1.892693	1.630076	0.969767	0.633456	0.949438	0.463211	-0.697722	0.871814	-1.207273	0.392474	0.800904	-0.185802	-0.408295	0.043181	0.442447	0.491914	0.148589	-0.313021	0.320809	0.178884	0.999379	0.670898	-0.360126	1.080023	1.063165	-0.354974	1.299601	1.093618	-0.254753	-0.200750	1.635514	0.508185	1.123883	0.891837	-1.200283	-0.444714	-0.635971
0.424470	0.516092	0.481623	0.914108	0.645203	0.925595	0.259733	0.266465	0.011419	0.243749	-0.418602	0.530827	0.664039	0.477214	-0.304641	0.822382	0.029681	0.960145	1.288989	0.781602	0.570295	0.794170	0.768785	0.697832	-0.605703	0.591526	-1.092159	0.529771	1.102698	-0.288316	0.022923	0.141350	0.351960	0.766376	0.907211	-0.110236	0.403250	0.642856	1.006774	0.640637	-0.327263	1.000191	0.663520	-0.337195	0.774759	0.138459	0.029185	-0.088439	1.817865	0.864827	0.927371	1.287395	-1.085004	-0.525589	-0.435553
-0.244748	0.024621	-0.071567	0.035911	0.073027	-0.000096	-0.039567	-0.013099	0.123205	-0.037466	-0.165373	-0.043192	0.130611	-0.037929	-0.189696	0.016221	-0.079538	-0.216691	-0.061618	0.103089	0.033516	-0.028078	-0.015030	0.154376	-0.087723	-0.050605	-0.214978	-0.139616	-0.117471	-0.097668	-0.076938	0.057107	-0.098775	0.009109	0.089855	-0.007278	-0.133779	-0.090510	0.009968	0.020328	-0.133508	-0.020606	-0.045803	-0.052240	0.045510	-0.002157	0.097252	0.051585	-0.049828	-0.069685	0.118539	0.048678	-0.100676	0.011165	-0.018432
