X1	X2	X3	X4	X5	X6	X7	X8	X9	X10	X11	X12	X13	X14	X15	X16	X17	X18	X19	X20	X21	X22	X23	X24	X25	X26	X27	X28	X29	X30	X31	X32	X33	X34	X35	X36	X37	X38	X39	X40	X41	X42	X43	X44	X45	X46	X47	X48	X49	X50	X51	X52	X53	X54	X55
-0.111913	-0.122936	-0.065391	-0.082271	-0.032143	-0.037605	-0.074761	0.072569	-0.039159	-0.022137	0.124693	-0.001794	-0.180419	0.196317	0.179068	0.066323	-0.060936	-0.075037	-0.120183	-0.124530	0.002192	-0.033886	-0.079813	0.049056	0.061088	-0.066390	0.035727	-0.034715	-0.005747	0.021308	0.061123	0.049595	0.033591	0.115702	-0.105858	0.023100	0.197819	-0.043540	-0.053662	-0.046182	-0.123430	-0.019653	-0.126999	-0.018363	0.092828	-0.005105	0.060971	0.132990	-0.064680	-0.050904	-0.091069	-0.343329	0.112183	0.160666	0.010875
0.393697	0.774906	1.001054	0.443716	0.516033	0.707242	0.509425	0.248930	0.643196	0.091312	0.360407	-0.043518	-0.464620	0.406205	0.453245	0.005202	0.440625	0.059365	0.409217	-0.030639	-0.200348	0.164788	1.339798	0.971944	0.195292	0.561494	1.277860	1.108054	1.121426	0.545279	0.199077	0.785995	0.403428	0.091587	-0.184963	1.034524	0.735003	0.778925	1.121954	1.040604	0.456675	0.459403	-0.122948	0.449509	0.831108	0.519161	0.217543	0.586644	0.222657	1.365350	0.866674	0.913768	0.897639	0.229006	-0.192837
0.857914	1.113491	1.209581	0.698509	0.905605	0.798658	0.743154	0.814688	0.926137	0.242320	0.418872	0.450901	0.050560	0.477409	0.448639	0.153699	0.688950	0.083909	0.583417	0.483078	0.177451	0.446494	1.856869	0.965740	0.638225	0.523827	1.390963	1.664868	1.857442	0.911250	0.544943	0.882812	0.891869	0.164783	-0.490165	1.731390	1.406900	0.715150	1.693786	1.682459	0.805152	0.699863	0.011896	0.544018	0.901551	0.490765	0.389653	0.884768	0.857113	1.894077	0.962730	1.421674	1.184770	0.563091	0.437438
1.169322	0.301962	0.758746	0.913283	1.120472	0.386157	0.671266	1.359896	0.788862	0.345754	0.199166	1.209587	1.095132	0.287108	0.032664	0.500336	0.630266	0.228944	0.424871	1.271247	1.085231	0.701933	1.448260	-0.133941	1.165724	0.130874	0.015626	1.219682	1.435942	0.883364	0.802223	0.252495	1.199089	0.083695	-0.776419	1.555764	1.820167	-0.347602	1.541470	1.780435	0.617300	0.442388	0.083770	0.029514	0.185416	0.084868	0.292870	1.099578	1.714844	1.488152	0.141639	0.843802	0.438776	0.458916	1.477373
1.204302	-1.308388	0.655563	1.423598	1.208962	0.245074	0.737032	1.216007	0.589793	0.347862	-0.091603	1.465211	1.720181	-0.020961	-0.443739	0.934853	0.490908	0.708165	0.326587	1.736758	1.817399	0.875345	0.935454	-1.356099	1.207662	0.248659	-1.830941	0.144691	-0.176441	0.389539	0.521896	-0.521959	1.037008	-0.347640	-0.527880	0.479331	1.581492	-1.329373	1.195654	1.648368	0.055634	-0.182328	-0.049161	-0.718368	-0.633622	0.053219	-0.168798	1.360979	2.361385	0.886980	-0.749478	-0.356621	-1.029685	-0.618212	1.698954
0.875231	-2.049675	1.296824	1.937012	1.152812	0.815617	1.257702	0.520838	0.650119	0.389616	-0.071697	0.958473	1.508397	-0.038597	-0.257705	1.339504	0.597517	1.149419	0.590215	1.483746	1.700997	1.051688	0.952969	-1.387756	0.579907	1.045544	-2.308483	-0.479689	-1.502124	-0.226335	-0.201589	-0.730560	0.672952	-0.684951	0.259827	-0.501165	0.981747	-0.834260	1.206492	1.535964	-0.099141	-0.404892	-0.033648	-0.819227	-0.600648	0.814612	-0.504726	1.502169	2.503893	0.719738	-0.760903	-1.140696	-1.701357	-1.564672	0.684393
0.194781	-0.660702	1.742829	1.701895	0.873819	1.588134	1.897745	0.115780	0.871491	0.595740	0.263547	0.253039	0.907105	0.403913	0.774497	1.475760	1.013411	0.872043	1.003412	0.746986	0.829961	1.135719	1.190321	-0.066942	-0.201750	1.655850	-0.648958	-0.099035	-1.037788	-0.419038	-0.708801	-0.241386	0.566950	-0.264459	0.767711	-0.363159	0.655137	1.045669	1.353290	1.215286	0.569593	0.456460	0.513136	0.024020	0.411970	1.796407	-0.224749	1.167976	2.108522	0.859092	0.162699	-0.812257	-0.435565	-0.735777	-0.588090
-0.521440	1.806372	0.971947	0.546115	0.350937	1.611797	1.922637	0.406578	0.864616	0.735728	0.471965	-0.009309	0.431965	0.945288	1.693028	1.113193	1.377399	-0.109838	1.040866	0.124682	-0.004552	0.880377	1.013623	1.335350	-0.478670	1.295630	1.635980	0.626317	0.754839	0.021694	-0.469848	0.462895	0.660765	0.669340	0.234425	0.739004	0.815667	2.370711	1.017650	0.491779	1.334521	1.880328	1.182668	0.909926	1.300624	1.854487	0.443555	0.414538	1.265496	0.813254	1.090711	0.330643	1.733640	1.498892	-0.984069
-0.661534	2.837340	-0.466378	-0.632449	-0.217154	0.630890	1.086031	0.895785	0.442175	0.400500	0.339154	0.194256	0.102851	1.114756	1.290093	0.384728	1.215984	-0.818792	0.504879	-0.033025	-0.149356	0.384321	0.507697	1.592631	-0.121417	0.351626	2.185603	0.794722	1.889515	0.736575	0.340927	0.870646	0.534063	0.959247	-0.936935	1.743168	1.191326	1.530780	0.292793	-0.081408	1.164904	2.297591	1.094590	0.762320	0.841291	0.504876	0.835613	-0.127906	0.210130	0.494783	1.132485	1.315847	2.444115	2.680016	-0.502583
0.103617	1.372184	-0.947282	-0.753321	-0.415401	-0.511788	-0.016929	0.946868	-0.123885	-0.361759	0.222845	0.479189	-0.168755	0.821211	-0.328531	-0.259988	0.464728	-0.421046	-0.216296	0.121293	0.279407	0.121000	0.283596	0.801707	0.483225	-0.110648	0.513928	0.438039	1.257693	1.142097	1.022093	0.823494	0.165356	0.117417	-1.446781	1.868594	1.425576	-0.633955	-0.009662	0.246332	0.131595	0.835126	0.188879	-0.251172	-0.746151	-1.302944	0.646380	0.013245	-0.610832	0.255070	0.402635	1.354111	0.856738	1.296818	0.079348
1.237038	-0.966745	0.016714	0.176387	-0.042602	-0.833370	-0.693383	0.506856	-0.373560	-0.891088	0.422485	0.603323	-0.175220	0.225638	-1.611843	-0.527678	-0.393568	0.693664	-0.594575	0.223693	0.632226	0.280696	0.432633	-0.120306	0.864737	0.174622	-1.392847	0.214364	-0.198419	0.951230	1.058984	0.408060	-0.032744	-0.761241	-0.636162	1.149848	1.207227	-1.801950	0.397856	1.153557	-0.696662	-1.391834	-0.518125	-0.902036	-1.783805	-1.946513	0.114469	0.503022	-0.802424	0.272381	-0.254135	0.449064	-1.252697	-1.150597	0.375192
1.695575	-1.937187	0.984155	1.008704	0.435128	-0.380834	-0.943368	-0.111582	-0.165144	-0.687648	0.560487	0.497710	0.186783	-0.569744	-1.307260	-0.477807	-0.800545	1.387184	-0.488105	0.083552	0.417656	0.455920	0.397944	-0.664956	0.713558	0.317717	-1.510022	0.273811	-0.923980	0.311023	0.564771	-0.175141	-0.002160	-0.481399	0.613650	0.068128	0.338858	-1.102707	0.745988	1.381266	-0.712279	-2.341381	-0.365097	-0.498246	-1.043816	-0.897308	-0.398706	0.632203	-0.437971	0.274470	-0.336972	-0.594286	-1.745316	-2.035834	0.554595
1.032351	-1.251617	0.502570	0.768371	0.262988	-0.022147	-1.126886	-0.726130	0.101250	-0.133299	0.047193	0.028088	0.473160	-1.368645	-0.018844	-0.251934	-0.705427	1.170707	-0.119097	-0.239097	-0.322529	0.227243	-0.054492	-0.916316	-0.032352	-0.336838	-0.205511	0.051528	-0.690803	-0.476958	-0.023213	-0.596508	-0.271103	0.338567	0.873556	-0.872141	-0.873402	-0.047985	0.300734	0.435308	-0.425106	-1.384875	-0.036614	0.243713	0.613974	0.504555	-0.675583	0.242010	-0.028369	-0.053300	-0.097181	-0.786101	-0.730555	-0.919133	0.572597
-0.104648	-0.394525	-0.898731	-0.243215	-0.597887	-0.163929	-1.126301	-1.274853	-0.151411	-0.033805	-0.975059	-0.810852	0.195582	-1.671105	0.459028	0.081751	-0.550504	0.626578	0.272467	-0.563621	-1.134796	-0.213646	-0.421295	-0.892570	-1.049533	-1.075978	0.397560	-0.799049	-0.505223	-1.182705	-0.484151	-0.568157	-1.075130	0.005943	-0.064371	-1.268810	-1.554454	-0.294041	-0.534920	-0.612895	-0.470662	0.035568	-0.429194	0.187216	1.138746	0.493240	-0.607847	-0.167542	0.036820	-0.589728	0.085573	0.135427	-0.105094	0.157692	0.046746
-0.760656	-0.319021	-1.481017	-0.919349	-1.258775	-0.298662	-0.502100	-1.576417	-0.957409	-0.499092	-1.601418	-1.512555	-0.373861	-1.122441	-0.612272	0.351516	-0.634518	0.437450	0.536207	-0.694527	-1.477740	-0.330032	-0.267859	-0.424302	-1.694850	-0.742357	-0.721947	-1.737365	-0.884481	-1.551060	-0.803658	-0.144692	-1.700729	-1.618367	-0.882849	-0.937052	-1.124977	-1.437883	-0.744903	-0.551511	-0.627357	0.327531	-1.069765	-0.721553	-0.136512	-0.941889	-0.224581	-0.192775	-0.105587	-0.843564	0.211951	1.322635	-0.824002	-0.401573	-0.885119
-0.732353	-0.373251	-0.701955	-0.727846	-0.979609	0.022722	0.532302	-1.388917	-1.526523	-0.766991	-1.174830	-1.345740	-0.444728	-0.157438	-1.845633	0.296601	-0.655121	0.545856	0.522130	-0.519292	-1.059329	0.022196	0.146778	0.343794	-1.476376	0.529145	-2.069907	-1.851229	-1.084794	-1.238818	-0.786862	0.345760	-1.246134	-2.547397	-0.434334	-0.041954	-0.113382	-1.741161	-0.049220	0.374502	-0.320614	-0.288968	-0.678522	-1.375309	-1.551191	-1.908794	0.252174	0.020801	-0.051951	-0.470752	0.351086	1.563799	-1.668272	-1.672232	-1.266055
-0.520609	0.295035	0.225382	-0.139394	-0.080974	0.448301	1.061250	-0.654180	-0.972461	-0.294301	-0.071630	-0.232641	0.224906	0.290473	-1.377397	-0.038699	-0.081614	0.533579	0.215025	-0.111615	-0.084129	0.455541	0.439597	0.921881	-0.500581	1.365819	-1.537971	-0.869359	-0.344469	-0.174051	-0.167243	0.703557	0.123877	-1.286706	0.710573	1.002244	0.454795	-0.510128	0.845582	1.014990	0.331852	-0.352005	0.827544	-0.861325	-1.200650	-0.914052	0.589341	0.176176	0.340886	0.347080	0.311059	0.541512	-1.046723	-1.622976	-0.429891
-0.370855	1.199452	0.286294	0.307963	0.588735	0.465607	0.691265	0.405105	0.586902	0.440460	0.698303	0.975072	0.980536	-0.096019	0.654804	-0.202168	1.035015	0.379345	-0.073757	0.325201	0.842718	0.613891	0.759922	1.039185	0.637332	0.985097	0.747860	0.559220	0.800273	1.060753	0.792107	0.942985	1.237310	1.068652	1.033735	1.762742	0.423221	1.099317	1.261039	1.016870	0.647654	0.647201	1.949190	0.485158	0.626151	1.236052	0.736921	0.313472	0.843158	1.073987	-0.007290	-0.782849	0.753831	0.102593	0.961857
0.106799	1.127912	0.080645	0.713551	0.765525	0.211007	0.142896	1.357566	1.951431	0.600325	0.606791	1.401184	1.101936	-0.581385	2.079304	0.083193	1.844751	0.351041	-0.008158	0.658351	1.219154	0.533949	1.295381	0.791498	1.387921	0.111460	2.381150	1.558820	1.163434	1.585917	1.286016	0.943864	1.301200	2.272383	0.171474	1.872875	0.578960	1.611447	1.204935	1.026666	0.418611	1.504589	1.490322	1.498393	1.873766	2.388305	0.683505	0.617398	1.134077	1.314093	-0.287979	-1.194892	1.885370	1.721988	1.625844
1.150517	-0.061328	0.667802	1.264590	0.831950	0.100188	0.155985	1.741823	2.085570	0.167319	0.117775	1.110211	0.599031	-0.359517	1.366297	0.427019	1.511258	0.384537	0.261397	0.889225	1.066490	0.379899	1.525770	0.241295	1.574614	-0.236970	1.634449	1.803245	0.579942	1.139879	0.884173	0.401375	0.738141	1.674268	-0.640400	1.132878	1.227297	0.879032	0.908150	1.283199	0.185798	0.964131	0.031165	1.447760	1.351683	1.593755	0.298836	0.895718	0.997960	1.060553	-0.223067	-0.541990	1.253524	1.556924	1.222981
2.116578	-1.066220	1.770111	1.559597	0.947323	0.100894	0.411577	1.354018	1.205809	-0.061665	-0.043441	0.798493	0.041352	0.317006	-0.483192	0.230071	0.228065	0.160440	0.283730	1.011876	0.749784	0.146168	0.767379	-0.562754	1.244886	-0.082727	-0.428663	1.512714	0.078605	0.365149	0.123786	-0.619850	0.405039	0.462667	-0.384755	-0.179705	1.478011	-0.079722	0.326371	1.047897	0.381090	-0.519611	-0.905202	0.720875	0.028172	0.039432	-0.380692	0.623123	0.380707	0.526911	0.023214	0.245591	-0.290916	-0.036549	0.539115
2.033496	-0.758265	2.054472	1.077473	0.779985	-0.027051	0.175085	0.451842	0.302239	0.341293	0.076702	0.712093	-0.091244	0.446632	-1.387269	-0.424785	-0.883499	-0.225537	0.033405	0.936133	0.463156	-0.194443	-0.608781	-1.170622	0.481698	-0.039571	-1.460176	0.871087	0.285022	-0.034302	-0.220634	-1.404797	0.436609	-0.295184	0.381884	-1.275400	0.501465	-0.461697	-0.506660	-0.131107	0.707969	-1.324325	-0.634440	0.239731	-0.531847	-0.591892	-0.899620	-0.331222	-0.460372	-0.080162	0.127975	0.438701	-1.235861	-1.329057	0.140228
0.832699	0.359614	1.009989	0.095225	0.241914	-0.086165	-0.413505	-0.418558	-0.187427	0.775655	-0.218328	0.437341	0.274664	-0.351290	-0.893800	-0.723087	-1.045774	-0.246229	-0.013467	0.628070	0.118207	-0.458263	-1.291647	-1.047137	-0.461246	-0.131009	-0.817786	-0.167240	0.493138	-0.144161	-0.196924	-1.315081	0.340452	-0.641643	0.546204	-1.521159	-1.043517	-0.389905	-1.046231	-1.343193	0.653009	-0.766378	0.207833	0.329821	-0.198567	-0.077866	-0.862217	-1.239938	-0.933816	-0.579781	0.130463	0.345017	-1.206202	-1.331061	-0.333908
-0.393805	0.839326	-0.265632	-0.439101	-0.126699	0.332276	-0.430466	-0.873257	-0.630826	0.486152	-1.086660	-0.215424	0.878437	-1.286016	-0.409571	-0.098289	-0.600010	0.277503	0.387975	0.253416	-0.286646	-0.387122	-0.608223	-0.425911	-1.089843	0.159662	-0.045900	-1.355737	-0.142404	-0.501162	-0.468519	-0.663131	-0.027031	-0.915837	0.117939	-1.089009	-1.642321	-0.309184	-0.703753	-1.272022	0.308150	0.119838	0.706845	0.450911	-0.030088	0.422487	-0.549802	-1.166540	-0.595529	-0.782808	0.302849	0.582633	-0.981161	-0.652177	-1.203775
-0.570643	0.269872	-0.410088	-0.038570	0.087966	1.096159	0.538146	-0.931275	-1.138756	-0.226486	-1.642606	-0.754602	1.304297	-1.430485	-0.882890	0.975566	-0.188790	0.867962	0.941495	0.060655	-0.520057	0.019304	0.594554	-0.110811	-1.075230	0.873794	-0.504988	-1.887059	-1.117336	-1.105377	-1.161780	-0.337313	-0.206536	-1.077927	0.044858	-0.618989	-0.872492	-0.217421	0.330570	0.039535	0.288737	0.168705	0.700802	0.146277	-0.444361	0.103529	-0.535573	-0.146526	0.268190	-0.576080	0.721447	1.018460	-1.089434	-0.327865	-1.775114
0.123776	-0.163228	0.528038	0.682728	0.444096	1.539403	1.763111	-0.823648	-1.073768	-0.296491	-1.063312	-0.735969	1.255027	-0.904141	-1.429045	1.424299	0.284260	1.040746	1.373561	0.096512	-0.479039	0.440778	1.028349	-0.229036	-0.650376	1.313448	-1.579535	-1.193565	-1.159693	-1.292753	-1.558096	-0.513557	0.070950	-1.011472	0.628932	-0.349945	0.047454	0.141952	1.167842	1.155185	0.806521	-0.304872	0.664677	-0.202023	-0.677492	-0.458489	-0.725965	0.701287	0.843920	-0.013079	1.264784	1.040895	-1.098342	-0.442513	-1.036482
0.466524	0.553707	1.164683	0.692691	0.156240	1.226277	2.122322	-0.718991	-0.112576	0.531606	0.143305	-0.497959	0.831756	-0.579786	-0.788498	0.781327	1.136922	0.843022	1.760051	0.109008	-0.432206	0.544603	0.518233	0.023326	-0.350037	0.865840	-1.696742	0.100350	-0.106883	-0.693099	-1.095853	-0.325311	0.315814	-0.698832	1.017219	0.008771	-0.127600	0.569318	1.191244	1.047391	1.134666	-0.198527	0.856187	-0.046449	-0.203095	-0.262802	-0.401880	0.540071	0.718255	0.687891	1.798604	0.608889	-0.444451	-0.322289	0.861916
-0.385807	1.624555	0.387948	-0.358858	-0.876989	0.320021	1.154065	-0.716567	0.840614	1.073861	0.576332	-0.746800	0.390354	-0.807183	0.649684	-0.315345	1.729962	0.513749	1.991245	-0.226294	-0.703948	0.274726	-0.039603	1.017498	-0.432474	-0.330827	-0.436055	0.628085	0.739135	0.115305	-0.165213	0.839395	-0.206560	0.024394	0.426750	0.571702	-1.126268	0.406488	0.582762	0.198062	0.329507	0.549833	0.928302	0.276239	0.296971	0.566888	0.645205	-0.133340	0.294353	1.161092	2.029035	0.279192	0.539383	0.261182	2.451752
-1.927629	1.439753	-1.452603	-1.904094	-1.974314	-0.797181	-0.648525	-0.923680	0.625692	0.148913	-0.369553	-1.594852	-0.007859	-1.016146	1.215740	-0.991795	0.917629	-0.023903	1.438837	-0.989353	-1.269115	-0.231889	-0.109982	1.832126	-0.746983	-1.592005	1.095804	-0.146180	0.357685	0.229361	0.396504	2.165772	-1.538063	1.176625	-0.733352	0.896240	-1.711552	-0.579780	-0.236546	-0.454732	-1.494484	0.847169	0.465350	-0.007745	0.024045	0.840397	1.592075	-0.347742	0.067560	0.990429	1.438838	0.208011	0.875937	0.691147	2.419992
-2.850889	-0.062805	-2.936587	-3.060385	-2.446203	-1.842649	-2.227072	-1.306971	-0.528346	-1.715163	-1.762993	-2.363719	-0.696126	-0.701001	0.168934	-1.216625	-1.123144	-0.954933	-0.251473	-1.874854	-1.802610	-0.871151	-0.239682	1.413929	-1.033521	-2.230731	1.739987	-1.246521	-0.655261	-0.485401	0.269537	2.180579	-2.802085	2.038251	-1.273336	0.509961	-1.405585	-1.592922	-1.201782	-0.932946	-2.945298	0.176447	-0.341737	-0.674580	-0.521936	-0.056590	1.539132	-0.201200	-0.143661	0.052755	-0.104906	-0.100680	0.128395	0.358337	0.909904
-2.382773	-1.111809	-2.891186	-3.178959	-2.096726	-2.467470	-2.578550	-1.547840	-1.176664	-2.686781	-2.255270	-2.336179	-1.684032	-0.246082	-1.323539	-1.569832	-2.497761	-1.993675	-2.244523	-2.332929	-2.009775	-1.483954	-1.021531	0.143081	-1.128727	-1.921839	1.426094	-1.351353	-0.983628	-1.260445	-0.195560	0.645976	-2.961898	1.675569	-0.489878	-0.413810	-0.990626	-1.457794	-2.209027	-1.768296	-2.695409	-0.529915	-0.828647	-0.505920	-0.145204	-1.247725	0.632479	-0.637863	-0.786053	-1.159242	-1.749690	-0.783353	-1.011828	-0.537921	-0.791250
-0.934052	-0.457449	-1.358333	-2.066097	-1.121263	-2.223178	-1.443902	-1.334792	-0.586265	-1.774878	-1.576004	-1.489163	-2.216073	-0.347534	-1.677227	-2.049348	-1.707362	-2.397413	-3.045483	-1.959997	-1.800195	-1.645863	-1.832460	-0.546923	-0.991363	-0.933099	0.782155	-0.328848	-0.318931	-1.360944	-0.556832	-0.958608	-1.816812	0.296677	1.131930	-1.153377	-1.241011	0.019798	-2.530839	-2.553430	-0.926314	-0.226987	-0.677967	0.868580	1.171918	-1.528791	-0.169380	-1.668992	-1.613524	-1.802482	-2.257556	-1.052800	-1.437215	-1.264956	-1.583452
0.458748	0.902201	0.478113	-0.175855	0.032425	-1.063915	0.302317	-0.825114	0.241745	-0.014027	-0.632082	-0.423569	-1.585872	-0.897149	-0.779142	-1.792465	0.368097	-1.704020	-2.094843	-0.864012	-1.236269	-0.961779	-1.392644	-0.049832	-0.758832	-0.073366	0.229952	0.742099	0.434634	-0.837023	-0.652917	-1.162809	-0.254624	-0.677257	2.297028	-1.183665	-1.767542	1.590097	-1.439564	-2.094000	0.866827	0.672358	-0.356902	1.993804	1.913124	-0.961372	-0.305549	-1.901769	-1.782561	-1.483069	-1.414865	-0.232326	-0.781441	-1.395070	-1.378648
1.102601	1.047522	1.285972	1.419694	0.738931	0.297834	1.203521	-0.512682	-0.088409	0.775043	-0.306539	0.293651	-0.233521	-0.979388	0.094528	-0.336883	1.370514	-0.320142	-0.421562	0.388492	-0.440031	0.272054	0.334700	0.629193	-0.688090	-0.022452	-0.174354	0.911431	0.486680	-0.217656	-0.466517	-0.258941	0.551085	-0.323542	1.942336	-0.675704	-1.566135	1.777827	0.492136	-0.253530	1.494578	0.784481	-0.519486	1.274700	0.886897	-0.625609	-0.181161	-0.493500	-1.041200	-0.709103	-0.391543	1.072073	0.276561	-1.120175	-0.863137
1.034433	-0.345248	0.697590	1.726293	0.628287	0.906740	0.534578	-0.511923	-1.460079	0.054721	-0.489930	0.590755	0.555551	-0.042739	0.002776	1.347649	0.185471	0.755920	0.483785	1.216292	0.436651	1.043330	1.580052	0.238226	-0.777598	-0.543324	-0.357901	0.306245	0.052061	0.260520	0.017599	0.205939	0.276902	0.571280	0.176524	-0.232025	-0.442374	0.550243	1.475002	1.306980	1.147557	-0.386312	-1.102692	-0.810115	-1.163215	-1.003496	-0.448757	1.202245	-0.280354	-0.361653	-0.347455	1.560450	0.859510	-0.792853	-0.769879
0.679512	-1.691509	-0.459804	0.758595	0.097102	0.500017	-0.924125	-0.290155	-2.316027	-1.017074	-0.370941	0.736880	0.147727	1.316761	-0.578615	1.765073	-1.887411	0.820817	0.161625	1.375997	1.196707	0.628824	0.724930	-1.051889	-0.542695	-0.660975	-0.189926	-0.278854	-0.197598	0.787875	0.662223	-0.487451	-0.260868	0.546212	-1.662267	-0.212280	0.665561	-0.584048	0.448016	0.961662	0.740895	-1.728040	-1.340410	-2.103264	-2.342702	-1.375144	-1.036131	1.041635	-0.469929	-0.708642	-0.978239	0.870546	0.878814	-0.395568	-1.300899
0.352445	-1.599177	-1.054719	-0.391215	-0.003684	-0.235942	-1.607018	0.589631	-1.584314	-1.115812	0.485844	0.889663	-0.686003	1.979082	-0.548533	0.759991	-2.683080	0.099791	-0.615583	0.961585	1.610481	-0.462185	-1.517809	-1.805760	0.433485	0.183833	0.189992	-0.367505	-0.080135	1.394133	1.073815	-1.299769	-0.055597	-0.627366	-2.108350	-0.360826	0.864840	-0.320256	-1.412744	-0.747235	0.618512	-1.777498	-0.716148	-1.335361	-1.723341	-0.911594	-1.169449	-1.003627	-1.308160	-1.107830	-0.928837	-0.081935	0.969403	0.363910	-1.961284
0.088012	-0.457069	-0.725266	-0.606042	0.620521	-0.400430	-0.732871	1.680992	0.065456	-0.210950	1.561249	0.946914	-0.755274	1.510553	0.376804	-0.178586	-1.365907	-0.506106	-0.878491	0.266884	1.531758	-0.926980	-2.645739	-1.058561	1.714858	1.390793	0.394231	-0.164534	0.011709	1.602289	0.872962	-0.838772	0.950831	-1.669532	-0.997315	-0.123800	0.391623	0.904391	-1.823170	-1.615301	0.374467	-0.325963	0.360294	0.484399	-0.182726	0.243051	-0.350800	-2.440182	-1.483251	-0.786809	0.358215	-0.465504	1.461682	1.466108	-1.910214
-0.156425	0.341283	0.024699	0.229561	1.383002	0.237331	0.901136	2.072358	1.162523	0.697274	1.986244	0.871273	0.118900	0.504300	1.468439	0.255569	0.997990	-0.358875	-0.419274	-0.289279	1.088662	-0.161335	-1.211329	0.480584	2.278424	1.845391	0.286772	-0.084850	-0.252299	0.957622	0.103886	0.715180	1.907588	-1.394019	0.309127	0.611624	0.237500	1.497510	-0.061035	-0.411121	-0.195099	1.389399	0.970382	1.445234	0.777421	1.234988	0.875690	-1.181154	-0.344078	0.203178	1.712052	-0.537453	1.767662	2.308233	-0.725591
-0.232803	0.159183	0.646898	1.348769	1.686874	1.126520	1.758805	1.590149	1.208070	0.956085	1.610092	0.960982	1.021960	-0.160303	2.063972	1.543115	2.627083	0.277379	0.228861	-0.304510	0.720842	1.006525	1.458892	1.169352	1.758087	1.187702	0.194464	-0.156069	-0.700474	-0.190123	-0.689420	1.647695	2.130367	-0.056993	0.408236	1.187226	0.883105	0.707212	2.121480	1.666223	-0.591112	1.934572	0.672732	0.877539	0.602842	1.485603	1.324611	1.849824	1.187096	1.018341	1.541402	-0.929604	1.117675	2.241705	1.025422
0.093782	-0.415770	1.047639	1.975784	1.622597	1.538719	1.137817	1.068533	0.987388	0.878731	1.173341	1.480997	1.137590	-0.091209	2.242643	2.007113	2.570995	0.646531	0.493035	0.274507	0.827119	1.319206	2.757113	0.285970	0.945504	0.162153	0.435856	-0.014291	-0.843222	-0.791235	-0.852702	0.767587	1.720124	1.136834	-0.545290	0.843972	1.745547	-0.491128	2.543384	2.446052	-0.356918	1.016284	-0.072907	-0.300750	-0.037343	1.153363	0.433426	3.735695	1.695273	1.009210	-0.151464	-1.490281	-0.209004	1.385087	2.153890
0.660065	-0.619098	1.200930	1.804959	1.436545	1.137137	-0.225923	1.184981	1.219626	0.948683	1.324256	2.011794	0.552790	0.549588	2.293389	0.905958	1.302886	0.444014	0.266857	0.925487	1.257543	0.587636	1.654493	-1.134201	0.716020	-0.327292	0.838709	0.522658	-0.407376	-0.205319	-0.171024	-1.037787	1.061472	1.465843	-1.150258	-0.243845	1.937417	-0.685856	1.039364	1.248482	0.090226	-0.356459	-0.490747	-0.976303	-0.251601	0.765181	-0.978756	2.865025	0.947659	0.417063	-1.654978	-1.490787	-0.872599	0.636518	1.970673
0.768241	-0.482219	0.829951	0.893455	0.836043	0.070171	-1.098375	1.494744	1.519477	0.921209	1.785729	1.624825	-0.205331	1.373678	2.083896	-0.718600	0.022201	0.063775	-0.202006	0.889846	1.335328	-0.215738	-0.448852	-1.514786	0.891237	-0.245834	0.932512	1.060338	0.283485	0.962227	0.893075	-1.795066	0.221327	1.143672	-0.632147	-0.988496	1.289700	0.232495	-0.655836	-0.578814	-0.103949	-0.977192	-0.404861	-0.986320	0.065474	0.558303	-1.488610	0.466653	0.008653	-0.087573	-1.598256	-0.793425	0.013605	0.657208	0.931560
-0.097864	-0.630029	-0.153303	-0.425258	-0.519226	-1.241296	-1.069188	1.079721	1.040176	0.169604	1.795296	0.054421	-0.986848	1.970573	1.365007	-1.416613	-0.562795	-0.124375	-0.714161	-0.075498	0.602661	-0.328962	-1.651292	-0.630938	0.682819	-0.299137	0.501074	1.001359	0.493100	1.447514	1.542835	-0.857986	-0.833150	0.563452	0.224959	-0.713510	0.384997	1.048477	-1.172789	-1.433934	-1.063487	-0.661269	-0.421837	-0.900711	0.251182	0.199257	-0.690379	-1.175140	-0.241329	-0.329069	-0.576062	-0.136916	1.627721	1.025013	0.056210
-1.467595	-1.310840	-1.264770	-1.530871	-2.087770	-2.281590	-0.727367	-0.123970	-0.204141	-1.190631	1.144390	-1.634638	-1.981318	2.022054	0.368748	-1.057358	-0.682652	-0.320335	-1.231159	-1.349222	-0.561456	-0.160335	-1.663396	0.189147	-0.054643	-0.860167	-0.244687	0.274746	-0.166153	0.745678	1.324992	0.362793	-1.765747	-0.196179	0.313912	-0.085410	-0.246098	0.752853	-0.937229	-1.220504	-1.906503	-0.213354	-1.065568	-1.105984	-0.172130	-0.720461	0.315743	-1.284065	-0.141320	-0.712010	-0.245175	-0.134479	2.189683	0.750101	-0.134176
-2.159171	-1.816351	-1.859052	-1.821493	-2.705770	-2.520329	-0.621951	-1.171736	-1.183786	-1.987656	0.366322	-2.051217	-2.987833	1.508819	-0.343944	-0.718560	-0.775084	-0.777278	-1.591068	-1.948583	-1.281941	-0.532791	-1.574285	-0.062998	-0.690141	-1.325522	-0.948230	-0.515413	-1.088106	-0.362863	0.508374	0.375552	-2.034240	-0.949668	-0.227570	-0.184703	-0.569755	-0.373642	-1.166495	-1.047459	-1.689302	-0.171242	-1.827985	-1.334134	-0.721874	-1.803215	0.385946	-0.890529	-0.520959	-1.402726	-1.114853	-0.509037	1.013441	-0.408028	0.039993
-1.507934	-1.129201	-1.708961	-1.249673	-1.840237	-1.685528	-0.575589	-1.202799	-1.054069	-1.125746	-0.013310	-0.989867	-3.218076	0.828789	-0.498263	-1.094754	-0.789940	-1.112453	-1.428726	-1.377093	-1.063227	-1.346548	-1.979907	-0.615622	-0.797641	-0.838534	-1.314478	-0.735854	-1.091759	-0.781607	-0.201001	-0.386140	-1.431471	-1.171129	-0.388156	-0.881939	-0.661447	-1.285905	-2.053107	-1.513947	-0.384734	-0.089682	-1.557166	-1.089498	-0.476244	-1.871522	-0.099114	-1.038211	-1.355898	-1.863071	-1.987320	-0.613221	-0.636144	-1.508260	0.021623
-0.155398	0.648180	-1.045480	-0.489571	-0.171486	-0.272577	-0.387845	-0.265572	-0.132368	1.012528	0.033025	0.521349	-2.169437	0.569555	-0.240489	-1.701753	-0.643804	-0.785501	-0.722979	-0.032783	-0.150880	-1.675991	-2.221257	-0.046041	-0.538683	0.383215	-1.081624	-0.378453	0.215787	-0.285430	-0.287099	-0.319750	-0.264720	-0.699239	0.018292	-0.932937	-0.304290	-1.416695	-2.577214	-1.944964	1.028096	0.471004	-0.079698	-0.464576	0.520826	-0.412622	0.183352	-1.523825	-1.761066	-1.491836	-1.723029	-0.378368	-1.014668	-1.441951	-0.242357
0.556608	1.883724	-0.319239	-0.392762	1.107853	0.476610	-0.643796	0.915363	0.541506	2.648474	0.308150	1.505791	-0.488443	1.028258	0.194672	-1.814829	-0.843902	-0.134306	-0.208346	1.117422	0.844663	-1.164826	-1.623979	1.495461	-0.039622	0.943144	-0.175324	0.029504	1.713387	0.461349	0.226495	0.953782	0.870291	-0.248882	-0.021167	0.202200	0.670702	-1.088392	-1.997827	-1.511348	1.297038	0.804154	1.133049	-0.235110	0.947487	1.333282	1.492449	-1.569358	-1.283057	-0.504262	-0.793183	-0.375314	0.066092	-0.172126	-0.312959
-0.013291	1.083462	0.013691	-1.103204	1.304263	-0.281458	-1.922007	1.633787	0.438048	2.393308	0.706837	1.818846	0.536811	1.865378	0.586094	-1.537647	-1.790142	-0.157794	-0.658638	1.339709	1.450019	-0.555306	-0.698593	2.267695	0.859077	-0.120339	0.939383	0.077835	1.864207	0.838140	0.950437	2.007276	1.402314	-0.546675	-1.030029	1.450381	1.773693	-0.789298	-0.853925	-0.517042	-0.032837	-0.112200	0.657442	-0.816932	-0.128864	1.581993	2.495892	-1.075882	-0.533044	0.237662	-0.469319	-0.989839	1.120586	1.198874	0.026313
-1.126541	-1.104740	-0.169194	-1.762815	0.612103	-1.800183	-3.389721	1.643234	0.054348	0.809943	1.088883	1.727653	0.446381	2.262636	0.578140	-1.421916	-2.675879	-1.109716	-1.732069	0.755589	1.524352	-0.531423	-0.472381	1.300546	1.975481	-1.954164	1.432354	-0.103284	0.532947	0.883482	1.521668	1.566114	1.150468	-1.124919	-1.794686	1.494420	2.007084	-0.437522	-0.176204	0.010916	-1.983467	-1.791208	-0.857858	-1.352312	-1.677882	0.287856	2.024882	-0.646012	-0.229404	0.287337	-0.936926	-1.788890	0.873209	1.551767	0.378775
-1.491216	-2.307981	-0.442440	-1.392468	-0.179471	-2.292405	-3.293895	1.188344	0.173874	-0.218576	1.159927	1.345640	0.130250	1.584632	-0.127277	-1.417714	-2.127266	-2.009495	-2.142754	0.125854	1.192919	-0.715014	-0.960993	-0.246294	2.537946	-2.734432	1.003198	-0.075042	-0.747502	0.979897	1.772067	0.130982	0.579466	-0.718059	-0.714995	0.458251	0.867284	0.350320	-0.154677	-0.243652	-2.800939	-2.382183	-1.339256	-0.474335	-1.683766	-0.672772	0.597095	-0.593908	-0.152502	0.138077	-1.089505	-1.853782	-0.246422	0.838058	0.317987
-0.675409	-1.104640	-0.250564	-0.110721	-0.327635	-0.942800	-1.188355	0.708221	0.845737	0.297515	0.755668	0.717308	0.604637	0.012935	-1.250939	-0.894212	-0.135609	-1.917557	-1.218478	-0.031745	0.678142	-0.374807	-1.036683	-0.676997	2.039987	-1.806275	0.408130	0.381383	-0.503393	1.218946	1.605932	-0.868379	0.469692	0.990105	1.856316	-0.417632	-0.943042	1.437842	-0.111242	-0.530763	-1.628759	-1.016975	-0.006746	1.861733	0.282659	0.108876	-0.380040	-0.523373	0.389907	0.506176	-0.191788	-0.782545	-0.801694	0.016286	0.117528
0.533733	1.331587	0.447457	0.928981	0.289058	1.123012	1.220478	0.452939	1.346195	1.373550	0.134764	0.074592	1.641811	-1.482327	-1.883662	0.313769	1.581318	-1.145340	0.261150	0.084123	0.161485	0.326572	0.056330	0.026734	1.007190	-0.318862	0.658328	1.052555	1.028712	1.290939	0.917716	-0.924167	1.087078	2.642678	3.608792	-0.451230	-2.064241	2.093563	0.386661	-0.163288	0.573727	0.897833	1.565199	3.895916	2.326488	1.784292	-0.443755	-0.021285	1.337119	1.344851	1.086410	0.747833	-0.217912	-0.018893	0.404991
1.140952	2.690858	1.186753	0.960165	1.101525	2.232421	2.050834	0.365228	1.117373	1.450207	-0.249841	-0.347837	2.095551	-1.902062	-1.303340	1.464117	1.640929	-0.681289	1.151529	0.064625	-0.252632	0.518138	1.588437	0.437088	0.406976	0.417599	1.667090	1.516279	2.257201	0.907830	-0.233159	-0.757416	1.780319	2.653541	2.881403	-0.149988	-1.784449	1.870796	0.967387	0.555292	2.054986	1.414939	1.577757	3.868113	2.458293	2.423092	-0.406630	0.634496	1.776199	1.845432	1.662326	1.610805	0.585903	0.683357	1.106546
0.932057	2.122791	1.508286	0.436449	1.371552	2.036279	1.411763	0.249703	0.413359	0.381567	-0.287220	-0.646426	1.405493	-1.084882	0.136800	1.718315	0.665243	-0.792761	1.339169	-0.071900	-0.545907	-0.099997	2.124790	-0.251111	0.407794	0.494849	2.113196	1.426051	2.009041	0.111086	-1.449220	-1.039101	1.606172	1.038593	0.589344	-0.235521	-0.663702	1.159693	1.074099	0.776784	2.026223	0.456825	0.356546	1.982403	0.925267	1.448347	-1.012725	0.783610	1.117969	1.325267	1.435452	1.356201	0.460558	1.314195	1.307632
0.328739	0.752389	1.198866	0.124599	0.822594	1.441539	0.858387	-0.065968	-0.156719	-0.567773	-0.335186	-1.108566	0.210809	0.109193	1.213163	1.036610	0.206799	-0.835436	1.464401	-0.078266	-0.818846	-0.869374	1.180786	-1.319877	0.205568	0.830014	0.937684	0.644113	0.585888	-0.848973	-2.199067	-1.531891	0.332494	-0.680329	-0.942955	-0.734199	0.151950	0.581330	0.646923	0.134432	1.084821	-0.347990	-0.288395	0.078087	-0.298274	0.141274	-1.948383	0.231050	-0.155229	-0.111176	1.098547	0.451830	-0.583046	1.188382	0.417090
-0.315471	-0.070499	0.295767	-0.046776	-0.199807	1.066573	1.157473	-0.654916	-0.425349	-0.504915	-0.737942	-1.727849	-0.575765	0.534052	1.056514	0.064786	0.603674	-0.314273	1.647563	-0.074812	-1.227203	-1.149927	-0.294948	-1.698079	-0.838518	1.566360	-1.261948	-0.632443	-0.857000	-1.738542	-2.284344	-1.607941	-1.309753	-1.256510	-0.652470	-1.228023	0.070701	0.153872	-0.008791	-0.937073	0.169923	0.062102	0.388962	-0.475543	0.012442	-0.153292	-2.339874	-0.546547	-1.120973	-1.706067	0.952325	-0.456552	-1.555400	0.343177	-0.958869
-0.905336	-0.196281	-0.762051	-0.613805	-1.111189	0.586142	1.520640	-1.390323	-0.683474	0.010907	-1.367475	-2.120831	-0.769881	-0.227454	-0.024701	-0.573511	0.806432	0.496728	1.318348	-0.495459	-1.800129	-1.044575	-1.019608	-1.222739	-2.273116	1.839866	-2.732766	-1.792900	-1.548080	-2.378350	-2.017252	-1.093210	-2.324323	-0.849692	0.393089	-1.472812	-0.562458	-0.517790	-0.628887	-1.682703	-0.325515	0.969171	1.185364	-0.016199	1.089983	0.361658	-1.777461	-0.985019	-1.394730	-2.554089	0.667515	-1.048906	-1.739240	-0.606270	-1.649098
-1.309867	-0.227590	-1.234626	-1.414940	-1.558772	-0.316859	1.010192	-1.962032	-1.090909	-0.145867	-1.773977	-2.028979	-0.744511	-1.549615	-1.048245	-0.612362	0.097624	1.081024	0.319440	-1.423269	-2.360923	-0.859002	-0.584986	-0.470368	-3.000246	1.055586	-2.413236	-2.131673	-1.551077	-2.630719	-1.843175	-0.325637	-2.242782	-0.349705	0.687810	-1.435224	-1.061861	-1.360690	-0.971739	-1.581324	-0.418594	1.044703	0.716621	0.273110	1.408565	0.381992	-0.620998	-0.879392	-1.193032	-2.040093	0.158650	-1.126151	-1.310174	-1.065289	-1.175887
-1.291099	-0.371500	-0.777781	-1.563027	-1.533965	-1.075879	-0.109648	-2.165700	-1.455500	-1.177528	-1.697583	-1.667131	-0.671969	-2.457094	-1.409946	-0.017952	-0.912121	1.325718	-0.559075	-2.289617	-2.657189	-0.399362	0.455442	0.079365	-2.477839	-0.269046	-0.902986	-1.504260	-1.300969	-2.486846	-1.851767	0.325705	-1.286603	-0.220754	0.148137	-1.071077	-1.178649	-1.659339	-0.715670	-0.599780	-0.132951	0.054067	-0.745296	-0.110219	0.530024	-0.757233	0.416596	-0.242625	-0.742560	-0.250894	-0.077775	-0.534747	-0.803753	-0.970193	-0.116816
-0.782560	-0.286939	0.067124	-0.636423	-1.162768	-0.830625	-0.778661	-2.134864	-1.573654	-2.146035	-1.274150	-1.378975	-0.393341	-2.564182	-1.212580	1.044365	-1.164988	1.391426	-0.506273	-2.378396	-2.517709	0.612660	1.304625	0.288991	-1.263916	-1.124848	0.440429	-0.574314	-1.063338	-2.108494	-1.786969	0.696556	-0.039260	-0.352256	-0.102716	-0.467278	-1.216813	-0.986470	0.185246	0.761691	0.407730	-1.003727	-1.726014	-0.670416	-0.623452	-2.211342	0.762074	0.843916	-0.077617	1.789897	0.211651	0.402829	-0.438911	-0.770379	0.595134
-0.046439	0.176233	0.434859	0.651627	-0.547600	0.359196	-0.486987	-2.092744	-1.467257	-2.105780	-0.763455	-1.129220	0.070169	-2.234176	-0.795052	2.076739	-0.438236	1.239908	0.250006	-1.555626	-1.906969	1.702788	1.513685	0.117768	-0.365867	-1.075176	0.941158	-0.162819	-0.857337	-1.685816	-1.490911	0.723389	0.907123	-0.563539	0.536850	-0.016874	-1.424103	0.033777	1.149994	1.673174	0.782248	-1.170230	-1.461278	-0.814128	-1.028448	-2.635563	0.293123	1.995453	0.622234	2.651474	0.455928	0.818939	-0.132001	-0.838666	0.487679
0.540700	0.656306	0.153103	1.261709	0.169294	1.428553	0.262501	-1.897961	-1.198532	-1.107641	-0.258293	-0.628700	0.363739	-1.888657	-0.329756	2.436704	0.607586	0.677500	0.767570	-0.419719	-0.957117	1.965337	1.143054	-0.340379	-0.202975	-0.461253	0.894544	-0.341203	-0.631933	-1.251225	-1.108576	0.437337	1.212565	-0.739993	1.272854	-0.019229	-1.450267	0.373522	1.439292	1.569517	0.608370	-0.492161	-0.660460	-0.548029	-0.627873	-1.773569	-0.517073	2.476500	0.938606	1.767792	0.050509	0.166957	0.147256	-0.940389	-0.214052
0.823880	0.788783	-0.099852	1.032662	0.731992	1.519496	0.785705	-1.122707	-0.679493	-0.005056	0.243840	0.100843	0.352274	-1.467630	0.092475	1.914257	1.357855	-0.127652	0.636041	0.296353	0.026270	1.342085	0.652839	-0.627577	-0.331529	0.182113	0.756113	-0.391795	-0.340540	-0.666935	-0.754433	0.112745	0.965639	-0.627018	1.008021	-0.145423	-0.698290	-0.037771	1.062549	0.759329	0.054189	0.311146	-0.283106	-0.218779	-0.118964	-0.628289	-0.845166	1.849260	0.714254	0.188994	-0.563628	-0.903596	0.341428	-0.517372	-0.897817
0.961796	0.602450	0.299007	0.728078	0.894905	0.857184	0.995838	0.268180	0.152597	0.470339	0.625084	0.637451	0.464993	-0.742667	0.304134	1.008326	1.715972	-0.548837	0.380277	0.439412	0.730003	0.911841	0.537596	-0.263058	-0.118222	0.543357	0.558182	0.252161	0.045071	0.193109	-0.202745	0.117785	0.571705	0.058211	-0.110974	0.232778	0.730648	-0.178160	0.793178	0.243113	-0.335966	0.700459	-0.273758	0.002426	-0.080468	-0.151765	-0.268170	0.641172	0.428239	-0.355701	-0.329215	-0.998382	0.505358	0.443797	-1.037672
1.194699	0.197053	1.133433	0.959514	0.627625	0.194487	1.076790	1.545969	1.026406	0.234581	0.714065	0.737323	1.078556	0.118516	0.210266	0.421409	1.635954	-0.208934	0.504255	0.478780	1.090331	1.471524	0.818461	0.472699	0.523596	0.447649	0.192167	1.259098	0.421435	1.233199	0.797948	0.390995	0.325524	1.164447	-0.808987	1.049830	1.813215	0.589885	1.059206	0.637500	-0.366810	0.520990	-0.054547	0.093961	-0.564139	-0.312312	0.631710	-0.053178	0.693402	0.658425	0.817464	0.439474	0.730712	1.111090	-0.526982
1.532578	-0.534612	1.646995	1.435194	0.134534	-0.206503	0.851095	1.811264	1.370128	-0.356930	0.524265	0.668292	1.732316	0.652645	-0.033761	0.307651	0.806087	0.434005	0.691130	0.844280	1.283149	2.285076	0.922451	0.536102	1.094605	-0.142689	-0.182235	1.780483	0.523834	2.080306	1.924042	0.285410	0.130064	1.992347	-0.320169	1.335222	1.640818	1.456636	1.227701	1.351559	-0.355939	-0.280464	0.281147	-0.074408	-1.291616	-0.567545	0.704432	0.172143	1.332549	1.883640	1.491883	2.245040	0.850887	0.635360	0.235591
1.679686	-1.448986	1.426795	1.412506	-0.337361	-0.578206	0.086801	0.919311	0.777558	-0.906654	0.185843	0.714051	1.522837	0.649861	-0.208704	0.195403	-0.729050	0.630473	0.417398	1.377951	1.381558	1.883297	0.277792	-0.663575	1.007992	-0.785554	-0.371282	1.393537	0.204551	2.262737	2.306446	-0.690997	-0.261817	1.926660	0.659108	0.346695	0.468007	1.155969	0.439299	1.158525	-0.434286	-1.529890	0.206152	-0.581712	-1.880316	-0.680075	-0.515965	0.470499	1.319990	1.585886	0.574831	2.618837	0.504114	-0.802037	0.576945
1.308954	-1.786334	0.749876	0.665019	-0.642055	-0.863058	-0.744452	-0.373423	-0.521436	-1.139443	-0.332161	0.641822	0.423235	0.287988	-0.321034	-0.306957	-2.026180	0.420779	-0.013782	1.569264	1.184298	0.024448	-0.907766	-2.261700	0.086895	-0.625835	-0.580164	0.401888	-0.287965	1.558220	1.407754	-2.016284	-0.800466	1.134143	0.929433	-1.317853	-0.616237	-0.250404	-1.026471	-0.290451	-0.164167	-2.470785	0.031329	-1.122806	-1.946049	-0.691181	-2.155799	-0.207303	-0.002675	-0.364484	-1.066023	1.130444	-0.357585	-2.029554	0.098924
0.448943	-0.915343	0.120644	-0.255974	-0.701505	-0.580953	-0.739675	-1.165441	-1.721456	-0.958129	-1.101761	0.072800	-0.319464	-0.195882	-0.483363	-0.904670	-2.037458	0.676037	0.223747	1.211280	0.548368	-1.738155	-1.613308	-2.638722	-1.224345	0.667558	-1.145673	-0.660278	-0.510692	0.276683	-0.201443	-2.432625	-1.121092	0.346781	0.277738	-2.112273	-0.898721	-1.301276	-1.754471	-1.779019	0.713870	-2.184055	0.822974	-1.218253	-1.348714	-0.494091	-2.794679	-1.605631	-1.777522	-2.306406	-1.414963	-0.646603	-1.198007	-2.040503	-0.843615
-0.464825	0.621846	-0.349652	-0.750314	-0.517836	0.311899	0.204399	-1.187616	-2.104622	-0.544442	-1.820617	-0.790002	0.394172	-0.658548	-0.572735	-0.933215	-0.942389	1.829444	1.125857	0.575396	-0.270377	-1.730165	-0.953776	-1.166150	-2.088033	2.141035	-1.812477	-1.461707	-0.325620	-0.841391	-1.224850	-1.254151	-1.022597	-0.041005	-0.488262	-1.061784	-0.538358	-0.970647	-0.764940	-1.700448	1.488694	-0.661283	2.629755	-0.832107	-0.437117	0.025864	-1.840499	-2.213419	-2.231357	-2.571758	0.117744	-0.735539	-1.349753	-0.930573	-1.356844
-0.995366	1.431537	-0.997088	-0.913084	-0.312375	0.928193	1.001625	-0.854918	-1.679750	-0.303142	-1.950879	-1.273318	1.918009	-0.926997	-0.314729	-0.269109	-0.061902	2.963819	1.529742	-0.030157	-0.838607	-0.098229	0.771220	1.079880	-1.938326	2.294481	-1.776536	-1.802242	-0.023358	-1.164478	-0.940138	0.830835	-0.776868	-0.307305	-0.803460	1.245246	-0.005731	0.054445	1.198926	0.069698	1.116037	0.918619	3.702840	-0.466694	0.182676	0.548419	0.010326	-1.078766	-0.695615	-1.155309	1.788390	0.998635	-0.722876	0.375257	-0.903795
-1.077406	0.816949	-1.966937	-1.230824	-0.417854	0.344700	0.662847	-0.662762	-1.047189	-0.464778	-1.433564	-1.035454	2.336151	-0.822348	0.226232	0.368600	-0.228650	2.678893	0.554054	-0.523725	-0.968483	1.336409	2.146663	2.459257	-1.022964	0.770589	-0.759183	-1.476810	0.088752	-0.676631	0.066529	2.431673	-0.752812	-0.747097	-0.979613	3.162055	0.437888	0.356131	2.304229	1.854898	-0.296801	1.363167	2.393560	-0.483833	0.263718	0.541863	1.570154	0.810792	1.390075	0.497889	1.597354	2.459457	0.091754	1.065961	0.090928
-0.895274	-0.432122	-2.658091	-1.624371	-0.796967	-1.113877	-0.380920	-0.612013	-0.614562	-0.710202	-0.859939	-0.336630	0.699050	-0.339137	0.533387	0.220893	-0.770206	0.809859	-1.100542	-0.761977	-0.682494	1.128408	1.973260	2.364890	-0.110350	-1.077569	0.337114	-0.471160	0.052251	0.102845	0.662516	2.764789	-0.820137	-1.081801	-1.413933	3.423517	0.665206	-0.385876	1.551111	1.979538	-1.275624	0.757881	-0.530262	-0.618923	0.166248	0.036409	2.213063	1.499151	1.988753	1.102720	-0.319680	1.534947	0.468525	0.921512	0.752079
-0.514408	-1.037188	-2.180476	-1.322747	-0.836778	-1.990454	-0.807628	-0.288346	-0.174899	-0.405787	-0.687451	0.497109	-1.738891	0.365069	0.244560	-0.603911	-0.529366	-1.236917	-1.880244	-0.369430	0.059613	-0.321984	0.492533	1.508464	0.380711	-1.595915	0.362555	0.800608	0.125275	0.674734	0.480802	2.145371	-0.429861	-0.858534	-1.792112	2.163280	0.611676	-1.179465	-0.220245	0.621280	-0.611916	0.238907	-2.431179	-0.420158	0.365562	-0.229962	2.154345	0.356559	0.773352	0.662890	-1.988662	-1.339864	0.342351	0.117998	0.786903
0.176416	-0.659779	-0.452767	0.087350	0.050845	-1.245213	-0.110839	0.514537	0.596317	0.675503	-0.644177	1.434080	-2.862929	1.115660	-0.287154	-1.286242	0.491610	-2.054440	-1.206108	0.820205	1.228322	-1.523337	-0.914105	0.840561	0.700512	-0.564908	-0.618479	1.676969	0.420898	0.914670	0.130222	1.363165	0.620324	-0.235240	-1.569137	0.607962	0.479444	-1.187906	-1.350294	-0.510925	1.182402	0.551737	-1.764508	0.091989	0.851504	0.327581	1.922370	-1.152472	-0.629478	0.103536	-1.949073	-3.402618	0.042792	-1.012258	0.670981
1.149324	-0.002608	1.482165	1.875809	1.617546	0.611804	0.792475	1.406273	1.458534	2.011062	-0.247337	2.393691	-1.938737	1.707354	-0.356194	-1.273511	1.105280	-1.742090	0.011850	2.299341	2.354384	-1.715779	-1.226502	0.550921	1.142857	0.746387	-1.326691	1.737868	0.803001	0.906105	0.175560	0.849050	1.719454	0.061524	-0.902112	-0.191920	0.621228	-0.738725	-1.131665	-0.228143	2.466614	1.233384	0.258153	0.556087	1.204556	1.360604	1.744178	-1.239571	-0.691158	0.122358	-0.615920	-2.641412	-0.266060	-1.969345	0.811852
1.992183	0.235101	2.384058	2.760042	2.829168	2.097209	0.697463	1.747944	1.744893	2.805544	0.365626	2.903687	-0.143823	1.850989	0.173886	-0.842513	0.460245	-1.491897	0.645094	3.140100	2.675284	-1.494530	-0.719725	0.200847	1.463527	1.043337	-0.807910	1.061070	1.054322	0.645623	0.379027	0.470843	1.929413	-0.403452	-0.565056	-0.278153	0.994133	-0.690578	-0.323607	0.872183	2.252898	1.318233	1.256989	0.852926	1.175043	1.914953	1.444643	0.098776	0.270068	0.548829	0.636501	-0.135184	-0.684480	-2.181069	0.985162
2.121294	0.039717	1.918865	2.155800	2.875869	2.256404	-0.554748	1.341481	1.201387	2.724648	0.590369	2.469816	0.900094	1.386230	0.632046	-0.646730	-0.937262	-1.879632	0.551682	2.772237	1.865227	-1.719366	-0.328151	-0.441000	1.221725	0.210241	0.432988	0.052558	1.030769	0.068672	0.173593	-0.042009	0.941830	-1.278204	-0.977989	-0.420892	1.048239	-1.263073	-0.034344	1.321200	0.980360	0.522048	0.370990	1.118244	0.956993	1.492827	0.828160	1.231161	0.672161	0.700932	1.052729	1.270349	-1.207077	-1.455034	0.814105
1.343542	-0.194185	0.850542	0.664269	2.022943	1.398038	-1.964323	0.680670	0.449591	2.106567	0.289945	1.248546	0.678982	0.571671	0.356119	-0.916199	-1.815997	-2.088109	0.329433	1.477968	0.493394	-2.310789	-0.429720	-0.991807	0.518416	-0.808658	1.066655	-0.797135	0.758097	-0.689062	-0.418349	-0.624858	-0.475813	-1.846788	-1.660729	-1.001190	0.440972	-1.824477	-0.445720	0.553743	-0.269985	-0.501556	-1.095163	1.277571	0.893957	0.615916	0.056832	0.965178	-0.299037	0.238817	0.880370	0.343483	-1.573433	-0.321022	0.469900
0.170438	-0.169053	0.257246	-0.604677	1.269930	0.436613	-2.377069	0.484076	0.417323	1.522426	0.119856	0.083909	-0.122512	-0.029609	-0.493013	-1.289539	-1.431360	-1.095555	0.293478	0.127329	-0.432684	-2.418157	-0.619946	-0.916381	0.063490	-1.032322	0.534581	-1.004458	0.531931	-1.186402	-0.699187	-0.887673	-1.037301	-1.667326	-1.715972	-1.523201	-0.354406	-1.656597	-0.813040	-0.613348	-0.817921	-0.922675	-1.448241	1.060609	1.105722	0.243745	-0.403305	-0.165787	-1.680837	-0.369894	0.617641	-1.278668	-1.480882	0.386510	0.551210
-0.576374	0.166272	0.541045	-1.000015	1.168528	-0.183541	-1.547469	0.987195	1.327465	1.208690	0.727535	-0.249937	-0.664630	-0.045495	-1.109896	-1.357857	-0.147827	0.688925	0.111026	-0.572541	-0.384286	-1.544877	-0.539037	-0.216973	0.445970	-0.365246	-0.279156	-0.280071	0.766867	-0.925353	-0.089084	-0.611833	-0.115247	-0.787809	-0.725866	-1.308258	-0.495705	-0.654259	-0.533166	-1.106979	-0.681831	-0.513937	-0.514000	0.548387	1.439364	0.704314	-0.251081	-0.863982	-1.849664	-0.331997	0.349417	-1.370673	-0.755300	0.409430	1.270712
-0.528281	0.605048	1.159857	-0.601476	1.197857	-0.705239	-0.291042	1.719861	2.427976	0.953317	1.910100	0.220236	-0.782774	0.401953	-0.874342	-1.117908	1.060634	1.613034	-0.581177	-0.607948	0.302274	-0.108321	-0.431772	0.502578	1.455620	0.335854	-0.117289	1.079072	1.435759	0.208892	1.243946	-0.149328	1.499765	0.309091	0.856336	-0.425485	0.208527	0.696201	0.096142	-0.755715	-0.362315	0.291809	0.386925	0.260967	1.610274	1.346675	0.250664	-0.735368	-0.372979	0.446092	-0.170543	0.148468	0.547946	0.285294	1.943296
-0.081828	0.660944	1.271407	0.149332	0.444220	-1.397238	0.334470	1.977442	2.798284	0.456041	2.847123	0.731149	-0.870637	0.909770	0.150168	-0.799497	1.485231	0.749661	-1.537771	-0.536322	0.869203	1.123635	-0.701967	0.663550	2.221390	0.123122	1.091450	2.108096	1.739080	1.699414	2.573311	-0.126272	2.156940	0.930563	2.142236	0.346476	1.014521	1.785575	0.254513	-0.229786	-0.534094	0.850866	0.065355	0.450502	1.298329	1.248839	0.472427	-0.447500	1.522177	1.038145	-1.040280	1.457482	1.969123	0.573101	1.557914
0.070632	-0.086822	0.526811	0.738680	-1.221421	-2.062911	-0.044086	1.466854	2.243675	-0.330544	3.031446	0.540112	-1.216747	1.198643	1.381064	-0.455745	1.098270	-0.900461	-2.110131	-0.904088	0.799400	1.795746	-1.207826	0.296707	2.049280	-1.019019	2.137969	1.894639	0.822679	2.647524	3.216987	-0.661046	0.939897	0.724606	2.564793	0.447203	1.080062	2.230181	-0.407467	-0.118930	-1.539806	0.735938	-1.291918	0.621544	0.319382	0.151510	0.115774	-0.465336	2.280041	0.533987	-1.936179	1.364579	2.750536	1.159142	0.045574
-0.311545	-1.294194	-0.686343	0.704602	-2.806821	-2.245803	-0.853517	0.504143	1.249627	-1.172201	2.638762	-0.373138	-1.593740	1.240317	2.156449	0.055864	0.387301	-1.579236	-1.940307	-1.700081	0.107600	2.006340	-1.324235	-0.066948	1.060983	-2.020376	2.019068	0.573676	-0.986774	2.425008	2.872772	-1.100471	-1.255858	0.111930	2.156355	0.133181	0.408895	1.960544	-1.275294	-0.316830	-2.790632	0.034795	-2.439905	0.157714	-1.009964	-1.257303	-0.419099	-0.371260	1.545382	-0.725092	-2.263714	0.568309	2.461535	1.530801	-1.334882
-0.788034	-1.807550	-1.551979	0.008086	-3.091578	-1.672197	-1.059073	-0.330303	0.279241	-1.701959	1.977954	-1.302841	-1.491865	1.077367	2.094099	0.729815	-0.026859	-0.745683	-1.200370	-2.272037	-0.745044	1.870502	-0.702615	-0.052873	-0.059446	-1.718904	1.010909	-0.662604	-2.160187	1.204814	1.631121	-0.800743	-2.497468	-0.129557	1.217155	0.013550	-0.233361	1.226736	-1.342812	-0.330485	-2.959872	-0.570842	-2.300806	-0.706315	-1.807265	-1.877378	-0.571260	0.276528	0.254716	-1.441581	-1.596907	0.252247	1.470416	1.453397	-1.387382
-0.810874	-0.917150	-1.470892	-0.714851	-1.878640	-0.516555	-0.124797	-0.699640	-0.552016	-1.665377	1.006305	-1.509434	-0.747574	0.681884	1.298329	1.256751	0.166524	0.575402	-0.268884	-1.909860	-1.147484	1.372335	0.242224	0.122099	-0.812001	-0.110094	0.046050	-0.852097	-1.667362	-0.139222	-0.006899	-0.021843	-1.834457	0.229830	0.049789	0.212112	-0.321019	0.495572	-0.335644	-0.036407	-1.397986	-0.378600	-0.871940	-1.059502	-1.411668	-1.200096	-0.400929	0.977105	-0.562195	-0.983542	-0.145193	0.405822	0.537464	1.071973	-0.548907
-0.448711	0.469058	-0.690736	-0.759673	-0.303591	0.554415	1.244808	-0.733540	-1.188187	-1.212397	-0.300310	-0.945503	0.122894	0.074495	0.334172	1.314483	0.625551	1.137758	0.498601	-0.706961	-0.804503	0.611623	0.726091	-0.019911	-1.169658	1.491099	-0.439695	-0.367937	-0.373072	-0.749319	-1.209511	0.359126	-0.316794	0.660286	-0.880621	0.274659	-0.226147	0.114970	0.829823	0.107830	0.711322	0.393933	0.777274	-0.557727	-0.326364	0.039925	-0.458170	0.829478	-0.744967	-0.185860	1.155223	0.214013	-0.000211	0.531272	-0.329507
-0.298346	0.736522	-0.158330	-0.246026	0.261505	0.788832	1.665071	-0.775507	-1.427899	-0.826300	-1.407845	-0.275394	0.394552	-0.514848	-0.152482	0.934882	0.668795	0.674048	0.771259	0.320957	-0.086446	-0.083878	0.396672	-0.485370	-1.257223	1.749805	-0.611946	-0.322921	-0.038066	-0.514743	-1.367877	0.017908	0.299145	0.624962	-0.947002	-0.138754	-0.640933	0.027404	0.935400	-0.305381	1.393804	0.705956	1.428453	0.082434	0.180307	0.525286	-0.850825	-0.142705	-0.757270	-0.209817	1.305545	-0.478235	-0.357281	-0.110548	-1.205141
-0.636096	-0.206707	-0.438692	0.053788	-0.377111	0.156835	0.747857	-0.929206	-1.169744	-0.719160	-1.610385	-0.146485	-0.009303	-0.784797	0.017884	0.469306	0.190298	-0.159979	0.448673	0.300799	0.250655	-0.415249	-0.375757	-0.636475	-1.109597	0.721324	-0.594536	-1.000762	-1.017444	-0.106109	-0.759989	-0.395318	-0.359971	0.268726	0.022154	-0.753995	-1.490108	-0.026730	-0.175500	-1.009321	0.297733	0.162538	0.906882	0.173145	-0.319128	-0.054624	-0.923633	-0.917163	-0.853848	-1.044505	0.288311	-0.975373	-0.655450	-0.583190	-1.969737
-1.004614	-0.645960	-1.028225	-0.231840	-1.135291	-0.458324	-0.303454	-0.954021	-0.658197	-0.507606	-0.949862	-0.505045	-0.387745	-0.682855	0.380784	0.205894	-0.120433	-0.632951	-0.094694	-0.449330	-0.127299	-0.379735	-0.950328	0.042183	-0.794605	-0.363655	-0.277343	-1.498697	-1.819085	-0.215618	-0.339407	-0.178495	-1.037591	0.161671	1.207009	-0.991629	-1.867158	-0.049081	-1.403369	-1.342052	-0.793030	-0.246221	0.209506	0.053112	-0.841021	-0.572154	-0.161467	-0.827030	-0.873358	-1.680290	-0.764842	-0.854430	-0.579462	-0.421853	-1.493058
-0.876845	0.429523	-1.125956	-0.700555	-1.013624	-0.309956	-0.351105	-0.662739	-0.325609	0.114727	-0.259637	-0.748714	-0.189809	-0.452990	0.329302	0.124033	0.145582	-0.591733	-0.325286	-0.867025	-0.743876	-0.218893	-1.010215	1.113364	-0.486594	-0.679107	0.299084	-1.091500	-1.244547	-0.794181	-0.637252	0.474394	-0.690465	0.465866	1.337028	-0.651356	-1.214970	0.178230	-1.673435	-1.089705	-0.375117	0.342772	0.158344	0.349067	-0.526908	-0.144518	0.922717	-0.353784	-0.791191	-1.538230	-0.810010	-0.492611	0.060145	0.432967	-0.304348
-0.438651	1.599186	-0.738868	-0.876602	-0.239532	0.207627	0.088345	-0.279965	-0.439763	0.600357	-0.169483	-0.530410	0.212057	-0.348067	-0.158246	0.045597	0.358922	-0.367996	-0.150748	-0.558257	-0.911744	-0.172130	-0.723123	1.462885	-0.325920	-0.585514	0.737901	-0.333724	-0.110346	-1.176970	-1.161946	0.773507	0.122886	0.659561	0.046405	-0.167039	-0.182962	0.530663	-1.084059	-0.733172	0.709063	1.038948	0.332634	0.683668	-0.049170	0.379675	1.239568	-0.279686	-0.969310	-1.061566	-0.075695	-0.347075	0.738091	1.254740	0.183048
-0.335909	0.920559	-0.469755	-0.765425	0.175295	0.148320	-0.176852	-0.223894	-0.907170	0.082090	-0.454223	-0.194015	0.086596	-0.419731	-0.437596	-0.081740	-0.170666	-0.185072	0.081023	-0.209658	-0.568779	-0.301527	-0.458916	0.545283	-0.349534	-0.651017	0.625947	-0.295590	-0.071590	-0.928634	-1.132130	0.364890	0.135360	0.278234	-1.479675	-0.148141	0.086253	0.444371	-0.505673	-0.748842	0.561588	0.323441	-0.068928	0.086937	-0.562427	-0.381298	0.392664	-0.585330	-1.532057	-0.826505	0.453786	-0.309160	0.712278	1.179300	-0.458860
-0.753692	-1.106785	-0.491729	-0.588744	-0.238388	-0.566057	-1.002078	-0.555110	-1.308014	-1.261422	-0.515979	-0.277216	-0.479011	-0.569067	0.001565	-0.141971	-0.923812	0.108583	0.150463	-0.486732	-0.258747	-0.454096	-0.396528	-0.869124	-0.519733	-0.630032	0.054396	-1.026895	-1.230166	-0.321474	-0.503249	-0.296699	-0.795699	-0.308185	-1.614195	-0.666788	-0.617678	-0.255643	-0.338937	-0.948318	-0.971576	-1.441294	-0.718368	-1.301583	-1.693305	-1.992994	-0.842542	-0.666525	-1.832444	-0.708250	0.496401	-0.051285	0.084289	0.312156	-1.262450
-1.128929	-1.957765	-0.395145	-0.395717	-0.907929	-0.962815	-1.086244	-0.828964	-1.167223	-2.040703	-0.181510	-0.767372	-0.548636	-0.645767	0.766748	-0.035616	-0.778521	0.616994	0.209420	-1.071697	-0.367393	-0.356496	-0.354000	-1.430551	-0.665664	-0.035332	-0.336961	-1.441087	-1.945911	0.080416	0.071126	-0.578408	-1.441456	-0.311720	-0.165472	-1.077074	-1.278446	-0.745083	-0.172798	-0.774901	-2.016558	-2.103496	-0.480454	-1.932284	-1.811132	-2.366646	-1.367367	-0.328984	-1.103343	-0.296643	0.693573	0.384825	-0.222471	-0.214658	-1.218094
-0.883713	-0.481463	0.010886	-0.167440	-1.019974	-0.320278	-0.026980	-0.616972	-0.430609	-1.269406	0.178041	-1.125695	0.378965	-0.530712	0.884698	0.222151	0.269777	1.009809	0.439667	-1.155992	-0.701747	0.134984	0.011575	-0.640078	-0.522318	0.760013	-0.051698	-0.803829	-1.099674	0.040115	0.089420	-0.374476	-0.826700	0.305041	1.249182	-0.686270	-0.881005	-0.062102	0.384268	-0.086748	-1.218686	-0.693722	0.757529	-0.778565	-0.424862	-0.581899	-0.886643	0.015781	0.377491	0.287732	1.344517	0.687130	0.222649	0.397075	-0.464913
-0.200755	1.493834	0.331633	-0.053530	-0.455649	0.886235	1.026801	-0.093076	0.268199	0.275882	0.118452	-0.998140	1.585949	-0.290620	-0.052744	0.611925	0.933641	0.917527	0.766438	-0.551468	-0.870126	0.808697	0.812977	0.631468	-0.074492	0.842988	0.525000	0.228152	0.388774	-0.297589	-0.353099	-0.074693	0.476661	0.674811	1.084633	0.388690	0.354605	1.399837	1.084958	0.692281	0.526959	1.018805	1.594697	1.059957	0.865399	1.575756	-0.110963	0.136384	1.350159	0.527306	1.708977	0.744357	0.620973	1.473968	0.094891
0.186134	1.613433	0.168962	-0.218795	0.243106	1.575235	1.089577	0.114518	0.122208	0.909791	-0.433110	-0.592952	2.003579	-0.195705	-1.331316	1.153373	0.401785	0.586617	0.988751	0.154140	-0.762999	1.221980	1.720214	1.083477	0.244745	0.116935	0.425421	0.471441	0.864585	-0.704837	-0.859927	-0.014844	1.103796	0.309014	-0.204243	1.233106	1.214455	1.987431	1.460501	1.137998	1.402707	0.853211	0.957866	1.503943	0.476411	1.741527	0.062343	0.416466	1.067608	0.339393	1.020155	0.670333	0.040713	1.597082	0.076923
-0.055111	0.078720	-0.300416	-0.528120	0.588274	1.239791	0.655125	-0.264596	-0.828943	0.120731	-1.060166	-0.272112	1.480556	-0.398791	-1.850861	1.663757	-0.504685	0.672239	0.962160	0.434939	-0.498037	1.124090	2.137221	0.364288	0.036060	-0.459890	-0.619754	-0.161185	0.177623	-0.957108	-1.101110	-0.112396	0.678757	-0.065010	-0.791130	1.137692	0.885002	0.793989	1.442972	1.173543	0.960227	-0.808115	-0.308622	0.086337	-0.921000	-0.010904	-0.484695	1.182602	0.247906	0.270933	-0.308121	0.433439	-1.086754	0.428461	0.105179
-0.426525	-0.830791	-0.554805	-0.654214	0.552173	0.265689	0.622349	-0.712201	-1.490838	-0.873096	-1.125212	-0.057967	0.710589	-0.665433	-1.253245	1.616833	-0.500349	1.262051	0.580038	0.350878	-0.153618	0.684667	1.677314	-0.563585	-0.404994	-0.246314	-1.529588	-0.515212	-0.258030	-0.813138	-0.894994	0.006744	0.220952	0.441343	0.046465	0.435561	-0.158799	-0.991026	1.253608	0.855899	0.279661	-1.634204	-0.530124	-1.441918	-1.293818	-1.363862	-0.937036	1.922673	0.051969	0.714640	-1.096285	-0.156438	-1.297098	-0.777339	0.882666
-0.336372	0.046130	-0.359405	-0.523538	0.377755	-0.641947	0.751146	-0.567583	-0.976512	-0.801102	-0.386672	0.221048	0.194201	-0.636776	-0.214672	0.652184	0.338790	1.558143	-0.159493	0.178946	0.181435	0.266694	0.587190	-0.507527	-0.335520	0.152895	-1.070404	0.180384	0.414273	-0.288478	-0.312818	0.570979	0.642044	1.368692	0.994381	0.082055	-0.768303	-1.432004	0.957885	0.255231	0.200474	-0.584368	0.479402	-1.338084	-0.050537	-0.827700	-0.441449	1.718445	0.487316	1.274109	-0.841390	-0.969481	-0.037256	-0.774212	2.015597
0.016472	1.306731	0.034687	-0.399281	0.276319	-0.983659	0.222273	0.024859	0.120952	0.087107	0.536718	0.465437	-0.122068	-0.325532	0.262761	-0.688560	0.685836	0.879814	-0.919527	-0.042538	0.244668	0.046915	-0.348094	0.541691	0.365465	-0.126742	0.374714	1.093448	1.236898	0.083733	0.159970	1.290433	1.443162	1.298616	0.649562	0.431887	-0.450913	-0.288552	0.498248	-0.323189	0.362113	0.836582	1.182917	0.041149	1.201887	0.518427	0.809237	0.493540	0.550259	1.217662	-0.185475	-1.408843	1.338379	0.062286	2.224597
-0.048149	1.095802	0.249669	-0.451598	0.316093	-0.623901	-0.757229	0.217150	0.369508	0.586807	0.615797	0.337529	-0.312294	-0.120268	-0.167300	-1.225925	-0.207986	-0.352180	-1.148927	-0.369119	-0.190149	-0.108925	-0.507048	1.327228	0.827392	-0.788861	1.035026	0.770600	0.828917	-0.310098	-0.076168	1.477995	1.430781	-0.215927	-0.434311	0.782450	0.140302	0.715310	0.008826	-0.433580	0.158235	0.829786	0.489835	0.984552	0.942458	0.757951	1.612633	-0.675365	-0.181736	0.434203	0.057783	-1.068131	1.033600	0.308593	0.917393
-0.602767	-0.349377	0.175962	-0.513059	0.402025	0.098965	-1.109162	-0.382917	-0.560301	0.217805	-0.385713	-0.173219	-0.244702	-0.243578	-0.828421	-0.523714	-1.519387	-1.138258	-0.734996	-0.632233	-0.892701	-0.434296	-0.065114	0.812881	0.309450	-0.752727	0.077434	-0.829796	-0.563882	-1.287340	-0.973023	0.738931	0.411439	-1.872619	-0.544335	0.332336	0.065703	0.206841	-0.264584	-0.085803	-0.207635	-0.333004	-0.770516	0.781512	-0.226891	-0.283992	1.090457	-0.798492	-0.945703	-0.403307	-0.164958	-0.351980	-0.956270	-0.550900	-0.852745
-0.933646	-1.168337	0.017179	-0.399188	0.360736	0.470400	-0.531966	-1.030772	-1.335703	-0.303847	-1.398239	-0.523179	0.003925	-0.413611	-0.775204	0.349507	-1.878691	-1.225480	-0.317873	-0.571810	-1.212248	-0.950295	0.210085	-0.532017	-0.623303	0.195698	-1.138175	-2.013647	-1.296868	-1.781228	-1.613674	-0.479898	-0.510813	-2.114267	0.733483	-0.699391	-0.729316	-1.025385	-0.339903	0.067971	-0.185976	-0.945465	-1.035026	0.405686	-0.553233	-1.019669	-0.226740	-0.208647	-0.980283	-0.670656	-0.366099	-0.046802	-2.689732	-1.480650	-1.502223
-0.616629	-0.459828	0.007182	-0.248967	0.181130	0.065772	0.101741	-0.707062	-0.702196	-0.157887	-1.195264	-0.220300	0.013477	-0.220775	-0.050429	-0.008742	-0.914614	-1.306606	-0.565843	-0.217703	-0.737729	-1.410751	-0.203574	-1.314139	-0.680474	0.994647	-0.892617	-1.367857	-0.539240	-0.993440	-1.155080	-1.276276	-0.380168	-0.883607	1.914675	-1.323173	-1.301261	-1.162611	-0.531087	-0.515314	0.116574	-0.252974	-0.068867	0.789282	0.423516	-0.347331	-1.000964	-0.129870	-0.586298	-0.482782	-0.293027	-0.335859	-2.491191	-1.339903	-0.804216
-0.198825	0.633369	0.073090	-0.337763	0.095881	-0.658480	0.074165	0.492409	0.810234	0.583191	0.036098	0.500020	-0.467776	0.281309	0.181041	-1.543382	0.459507	-1.863176	-1.245783	0.096931	0.172691	-1.609980	-1.075668	-0.928390	0.436828	0.743886	0.476670	0.438360	0.632064	0.538242	0.101856	-1.252276	0.457150	0.545642	1.625016	-1.058954	-0.809026	0.115706	-1.034128	-1.489689	0.120252	0.674226	0.821639	1.329663	1.339290	0.911529	-0.651901	-1.085995	-0.528050	-0.382076	-0.182798	-0.663850	-0.806145	-0.318925	-0.009513
-0.362130	0.599368	-0.102133	-0.606135	0.286312	-0.839607	-0.361632	1.368462	1.561973	1.220559	0.858418	0.958437	-1.131688	0.630300	-0.814978	-2.725764	1.059927	-2.405193	-1.456312	0.179178	0.778139	-1.665092	-1.717773	-0.173879	1.578511	-0.150389	1.120358	1.480589	0.764420	1.459513	1.007650	-0.853178	0.952953	1.101755	0.334036	-0.492969	0.461165	1.170044	-1.606572	-1.916092	-0.209521	0.473339	0.498836	0.802317	0.954699	1.139252	0.108297	-2.183510	-0.824822	-0.573498	-0.370364	-0.602551	0.527143	0.464079	-0.057431
-0.775676	-0.437563	-0.496681	-0.548623	0.632724	-0.276069	-0.628594	1.174691	0.954781	1.379716	0.457281	0.949721	-1.403101	0.598417	-2.014649	-2.423864	0.590057	-2.160549	-0.814684	0.291666	0.866225	-1.836844	-1.633752	-0.069002	1.633979	-0.640421	0.350883	0.986213	0.018435	1.190428	0.950844	-0.714663	0.712329	0.731550	-0.422674	-0.404331	1.387599	0.635110	-1.756919	-1.321354	-0.213086	-0.667244	-0.613185	-0.632757	-0.114589	0.095862	0.324980	-2.188672	-0.737159	-0.739147	-0.863178	-0.372404	0.518232	0.381012	-0.421269
-0.435895	-0.972418	-0.472457	0.248605	0.897032	0.369905	-0.579671	0.615503	0.176557	1.359133	-0.267346	0.946897	-1.022296	0.512605	-1.613032	-1.222889	-0.178392	-1.175096	0.010512	0.814431	0.938968	-2.067755	-0.896361	-0.542454	0.899484	-0.378000	-0.471006	0.158514	-0.116325	0.557919	0.524076	-0.894876	0.280849	-0.049946	-0.016283	-0.695967	1.277501	-0.734917	-1.252939	-0.204729	0.453183	-1.159234	-1.094783	-1.270687	-0.160408	-0.684129	-0.043421	-1.011655	0.134896	-0.508569	-1.326964	-0.345432	-0.026728	-0.150652	-0.064440
0.846067	-0.145962	0.431937	1.409882	0.984704	0.441026	-0.459122	0.820083	0.573481	1.494255	0.067142	1.272745	-0.271928	0.839072	0.688246	-0.532220	-0.415754	-0.351399	0.131083	1.579279	1.356121	-1.878706	-0.035255	-0.676240	0.515962	0.035164	0.075018	0.428798	1.085068	0.658426	0.641301	-0.860686	0.207813	-0.705101	0.726574	-0.540210	0.571100	-1.091216	-0.392192	0.572570	1.153770	-0.051173	-0.326897	-0.001576	1.322845	0.100962	-0.245006	0.269812	1.230416	0.140182	-1.426541	-0.494199	0.198386	-0.361474	1.073021
1.937679	1.137776	1.578147	1.879599	0.875315	-0.012671	-0.532643	1.683734	1.832117	1.510092	1.414240	1.499937	0.307390	1.575998	3.069630	-0.779718	-0.252564	-0.421735	-0.474723	1.829495	1.674416	-0.893551	0.401051	-0.019392	0.880379	-0.058932	1.571799	1.587505	2.538962	1.455336	1.332861	-0.176852	0.307760	-0.741154	0.779058	0.453336	0.153631	0.105019	0.257640	0.660194	0.981739	1.585091	0.710127	2.048844	2.772226	1.700565	0.218331	0.721709	1.627341	0.903357	-1.122913	-0.594284	1.259937	-0.040040	2.032139
1.718093	1.385591	1.759377	1.040499	0.494924	-0.449339	-0.785295	1.909132	2.340609	0.888216	2.240112	0.989619	0.409072	2.081146	3.486562	-1.059781	-0.395254	-1.105168	-0.951844	1.083916	1.200130	0.545532	0.257768	0.799218	1.166275	-0.589655	2.358964	2.194096	2.664160	1.867929	1.717931	0.843475	0.037657	0.079172	0.116951	1.506703	0.182906	1.487356	0.356486	0.313324	-0.051237	1.865902	0.713679	2.690993	2.357662	2.201301	0.950002	0.404040	0.991342	1.342737	-0.590139	-0.570353	1.915102	0.281939	1.950441
0.484961	0.355601	0.702512	-0.429055	-0.112876	-0.470987	-0.831194	0.716307	1.185354	-0.245412	1.341931	-0.198351	0.218786	1.532965	1.725353	-0.506023	-0.884910	-1.422893	-0.568635	-0.133863	0.010012	1.470759	-0.177334	0.836447	0.486131	-0.945472	1.521152	1.446980	1.223388	1.121446	1.060937	1.284670	-0.647547	1.284237	-0.508606	1.373566	-0.026461	1.562158	0.022854	-0.154874	-0.928105	0.447924	-0.233426	1.251541	0.230873	0.965268	1.094422	-0.100810	-0.184891	1.077368	0.054632	-0.367891	1.187922	0.026996	0.861702
-0.488419	-0.840477	-0.572593	-1.201669	-0.599745	-0.153962	-0.349384	-1.048696	-0.782460	-1.098189	-0.731729	-1.244903	0.160949	-0.181221	-0.598578	0.558582	-0.970299	-0.813375	0.445762	-0.776423	-0.985591	1.166650	-0.510112	-0.094394	-0.827195	-0.801677	-0.194904	-0.014262	-0.603058	-0.349153	-0.380924	0.575245	-1.131527	1.867113	-0.641398	-0.206287	-0.889487	0.427132	-0.365860	-0.653632	-0.834664	-1.125093	-0.876900	-0.734989	-1.673892	-0.693962	0.277569	-0.464571	-1.096546	0.064677	0.712444	0.122772	-0.361329	-0.566365	-0.429830
-0.554521	-1.296778	-1.019385	-0.757545	-0.561382	0.121490	0.305178	-1.816351	-1.966435	-1.160512	-2.228295	-1.399288	0.352136	-1.974868	-1.720947	1.122224	-0.340129	0.255464	1.137683	-0.473751	-1.039853	-0.044943	-0.582398	-1.266205	-1.451042	-0.518266	-1.309370	-1.066007	-1.688751	-1.410470	-1.579975	-0.765015	-0.879607	1.269942	-0.579543	-2.001282	-1.740835	-0.572043	-0.529988	-1.055319	-0.144065	-1.467574	-0.601588	-1.485254	-1.955464	-1.318778	-0.964600	-0.646673	-1.258830	-1.167749	1.055980	0.698831	-1.212468	-0.578995	-1.059116
-0.210928	-1.239146	-0.638406	0.184391	-0.038349	0.116528	0.372429	-1.064219	-1.671552	-0.740598	-1.946360	-0.715351	0.434532	-2.372816	-1.209971	0.813430	0.294504	0.895031	0.893111	0.089237	-0.359761	-1.007020	-0.457162	-1.756142	-0.640880	-0.565771	-1.120282	-1.225112	-1.896328	-1.407801	-1.695573	-1.527429	-0.131060	0.038333	-0.763033	-2.446499	-1.523259	-0.517477	-0.425967	-1.008334	0.128277	-0.887965	-0.183555	-0.929083	-1.106751	-0.919739	-1.645210	-0.533689	-0.752077	-1.731832	0.752632	0.774633	-0.613869	0.355781	-0.792828
-0.040613	-1.210566	-0.096118	0.693606	0.410289	0.021196	-0.234796	0.174379	-0.528354	-0.391297	-0.317722	0.060199	0.105996	-1.087125	-0.031066	0.291727	0.240126	0.829264	0.174208	0.123601	0.226345	-0.802369	-0.181293	-1.204525	0.741865	-0.765532	-0.203578	-0.695566	-1.578290	-0.673186	-0.807492	-1.003398	0.361210	-0.744192	-1.073036	-1.212307	-0.120532	0.183834	-0.111093	-0.253853	-0.292558	-0.508143	-0.439717	-0.328684	-0.410385	-0.433987	-1.182356	0.003371	-0.014510	-1.074514	0.097663	0.103391	0.637361	1.332228	-0.126612
0.155380	-1.061483	0.229334	0.655626	0.302060	0.234533	-0.635545	0.594174	0.385508	-0.211289	1.140755	0.272610	-0.331378	0.530927	0.593298	0.307665	-0.182747	0.567771	0.045989	-0.250643	0.228116	0.354980	0.241257	-0.076864	1.133616	-0.486936	0.400961	0.137512	-0.862948	0.016293	0.215005	0.325027	0.205615	-0.592773	-1.063287	0.548870	1.405885	0.489817	0.350182	0.929075	-0.583560	-0.588096	-0.911423	-0.466320	-0.266997	-0.311476	0.078484	0.723246	0.557257	0.441632	-0.036272	-0.651822	1.255314	1.179155	0.298965
0.828881	-0.377367	0.465675	0.598090	-0.187977	0.815050	-0.144879	0.058174	0.519817	-0.000614	1.302431	-0.023989	-0.272202	0.937674	0.339528	0.778930	-0.247320	0.633686	0.943558	-0.251598	-0.071425	1.367979	0.659017	0.647787	0.120403	0.374760	0.243660	0.887854	0.163634	0.259162	0.553277	1.273776	-0.254064	-0.007946	-0.720013	1.428160	1.951673	-0.099071	0.781732	1.791221	-0.010834	-0.498239	-0.631650	-0.919148	-0.198155	-0.300099	1.074609	1.056691	0.871918	1.768164	0.713588	-0.552770	0.928272	-0.036152	0.301662
1.771800	0.457461	0.770718	0.837633	-0.458080	1.262259	0.682215	-0.520149	0.091565	0.189615	0.373705	-0.254670	0.330054	0.074065	-0.143100	1.075303	-0.008723	0.951589	2.082973	0.441929	-0.113121	1.446171	0.828789	0.238163	-1.075035	1.024304	-0.321290	1.180263	1.021342	0.250540	0.195742	1.057984	-0.438701	0.196171	-0.531607	1.033301	1.459103	-1.170959	0.915056	1.767709	0.940452	-0.075540	0.181339	-1.040803	-0.000451	-0.260527	0.865660	0.762434	1.097093	2.111297	1.480578	0.404571	0.362257	-1.082278	0.145163
2.227220	0.452173	1.001835	1.122467	-0.259019	1.006611	0.725316	-0.481776	-0.321352	0.078334	-0.492592	-0.059117	0.736341	-0.735569	-0.168737	0.955889	-0.165698	1.106246	2.242496	1.189688	0.203129	0.903991	0.764689	-1.071111	-1.126194	0.682923	-0.718549	0.921140	1.174843	0.333359	-0.146168	-0.071418	-0.178044	-0.287001	-0.731488	0.088283	0.756877	-1.931797	0.718893	1.050765	1.077760	-0.061337	0.173690	-0.915845	-0.027915	-0.415084	-0.519778	0.358769	1.359967	1.590188	1.083150	1.164644	0.100914	-1.098281	0.080009
1.750007	-0.598327	0.845611	0.994439	0.034839	0.111541	-0.159596	-0.108813	-0.350098	-0.331555	-0.419681	0.295758	0.266935	-0.401028	0.190686	0.748306	-0.819662	0.943989	1.048284	1.129073	0.426087	0.582205	0.764740	-2.173271	-0.204847	-0.283989	-0.738663	0.446103	0.728086	0.510737	0.099757	-1.183188	0.191400	-1.102351	-0.902206	-0.469244	0.515924	-1.899216	0.551807	0.374473	0.046867	-0.848611	-1.170453	-0.989189	-0.322104	-0.727358	-2.033860	0.546713	1.484941	0.864694	-0.417861	0.907988	-0.117319	-0.486152	0.046945
0.591629	-1.580014	0.134930	0.263356	0.011986	-0.687831	-0.888865	0.019078	-0.126397	-0.629699	0.363413	0.293855	-0.796120	0.813047	0.316399	0.631247	-1.128934	0.662002	-0.664942	0.204605	0.159737	0.649488	0.914291	-2.126314	0.373456	-0.599378	-0.603029	0.094140	0.312421	0.463877	0.670662	-1.572912	0.210990	-1.640486	-0.576966	-0.354387	0.617226	-1.182974	0.701751	0.186727	-1.108925	-1.522599	-2.430241	-1.228454	-0.271113	-0.680045	-2.526447	1.206546	1.117883	0.274670	-1.639618	0.095210	-0.686326	-0.128323	-0.175015
-0.662944	-1.355244	-0.874574	-0.786410	-0.193142	-0.744661	-0.552534	-0.145186	-0.064063	-0.499232	0.886532	-0.145919	-1.435352	1.777969	-0.132633	0.304491	-0.513388	0.395466	-1.720865	-0.738680	-0.396919	0.444452	0.828456	-1.100104	-0.098337	0.371864	-0.597301	-0.213538	0.238564	-0.003898	0.774880	-1.297202	-0.232893	-1.504180	0.080517	-0.026061	0.549226	-0.260599	0.857874	0.200555	-1.123659	-0.937130	-1.883247	-1.179629	0.439928	-0.031872	-1.765766	1.388670	0.198846	-0.340896	-1.535987	-0.219495	-1.304795	-0.257029	-0.593742
-1.467622	-0.180766	-1.464348	-1.472930	-0.142061	-0.182937	0.461519	-0.238489	-0.335750	-0.094086	0.558610	-0.539874	-1.057399	1.717260	-0.813239	-0.362438	0.379553	0.029174	-1.631858	-0.860706	-0.643889	-0.384454	0.179004	-0.076363	-0.910500	1.639397	-0.719045	-0.625141	0.197140	-0.625131	0.090310	-0.839172	-0.725962	-0.763536	0.520796	-0.050115	0.129577	0.442589	0.424475	-0.089717	0.055384	0.539410	0.126055	-0.673062	1.075511	0.606452	-0.483691	0.515148	-0.784738	-0.991730	-0.641003	0.114544	-1.273972	-0.514072	-0.840647
-1.384368	0.712468	-0.975255	-1.180687	0.212670	0.310028	1.061294	-0.168554	-0.641368	0.218398	-0.234278	-0.442256	-0.169934	0.757109	-1.114008	-0.814171	0.490820	-0.460326	-0.759424	-0.185153	-0.289895	-1.084343	-0.684055	0.401211	-1.029103	1.625035	-0.725391	-0.791671	-0.041229	-0.839379	-0.746166	-0.354233	-0.692805	0.113351	0.540531	-0.377522	-0.404255	0.722168	-0.540973	-0.595373	1.280555	1.269519	1.435261	-0.021327	0.679794	0.451377	0.552240	-0.753423	-1.187769	-1.161689	-0.202667	0.215044	-0.496445	-0.758335	-0.497658
-0.301422	0.730170	0.336456	-0.061883	0.390477	0.287061	0.784166	-0.242520	-0.598009	0.288935	-0.693035	0.000966	0.285630	-0.415561	-0.816982	-0.437819	-0.188374	-0.722807	0.239443	0.496601	0.285508	-0.638858	-0.995327	0.786627	-0.458199	0.120887	-0.493946	-0.226006	-0.113443	-0.366572	-0.829799	0.500895	-0.067120	0.643570	0.407933	-0.339526	-0.817287	0.460318	-1.113510	-0.654986	1.496006	0.480189	0.826966	0.430746	-0.541555	-0.356307	1.247703	-1.217165	-0.858012	-0.448837	-0.414477	-0.380427	0.265832	-1.146331	0.327060
1.155081	0.452654	1.238157	0.862265	0.019475	-0.058068	0.094132	-0.577576	-0.261295	0.202358	-0.518162	0.292124	0.065431	-1.096958	-0.239407	0.470569	-0.651785	-0.393872	0.846942	0.490667	0.476636	0.741629	-0.506255	1.559379	-0.034732	-1.310875	-0.196528	0.738927	0.303228	0.398505	-0.085601	1.777038	0.553821	0.663520	0.313359	0.454840	-0.998972	-0.357719	-0.601956	0.022603	0.716402	-0.673077	-0.411109	0.595125	-1.311634	-0.851893	1.797305	-0.557630	-0.291445	0.624430	-0.269949	-0.925101	0.270217	-1.435552	0.870378
1.788180	0.520658	0.798778	0.711536	-0.632303	-0.298471	-0.420307	-0.736849	-0.021115	0.030458	-0.029503	0.260810	-0.264722	-0.929267	0.220405	0.867116	-0.302401	0.336611	0.739983	-0.151454	0.147482	1.564259	0.109690	2.108829	-0.138728	-1.092068	-0.051034	0.969853	0.656689	0.686517	0.602800	2.537045	0.607786	0.255112	0.102562	1.332064	-0.735288	-1.316872	0.371007	0.726844	-0.256451	-0.651761	-0.305617	0.511399	-0.840380	-0.483685	1.924058	0.311340	-0.112504	0.949013	0.751414	-0.626299	-0.347057	-0.938703	0.412577
0.867886	0.661191	-0.415004	-0.184242	-0.969020	-0.352934	-0.604935	-0.241087	0.011786	-0.232079	0.425672	0.193142	-0.263735	-0.153226	0.510426	0.170603	0.345129	0.853011	-0.122191	-0.856282	-0.306215	0.774318	0.001048	1.337562	-0.238440	0.605390	-0.031048	-0.144321	0.014045	0.154258	0.476871	1.624944	0.243433	-0.467914	-0.251117	1.145002	0.130980	-1.563989	0.471541	0.474691	-0.779510	0.489518	1.132520	0.275578	0.253502	0.241526	1.086443	0.351604	-0.445702	0.104904	1.670836	0.082510	-0.792653	0.442883	-0.840798
-1.012641	0.246746	-1.008509	-0.690733	-0.816505	-0.489925	-0.532341	0.658890	0.168066	-0.563064	0.778701	0.249873	-0.192519	0.446904	0.807232	-1.020636	0.537462	0.853412	-1.289826	-1.244556	-0.565125	-0.856066	-0.787662	-0.590057	0.175193	2.144061	0.057028	-1.768375	-1.511898	-0.687551	-0.135030	-0.656144	-0.002317	-1.264133	-0.265136	-0.175086	1.151044	-0.600403	-0.591576	-0.630547	-0.860858	1.410705	2.043044	0.141509	0.870539	0.553643	-0.480071	-0.444858	-0.843882	-1.085918	1.242927	0.271140	-0.537617	1.649084	-1.811786
-2.405983	-0.592995	-0.604167	-0.369275	-0.614485	-0.849928	-0.270989	1.057985	0.595563	-0.896044	0.932552	0.113802	-0.482180	0.196855	1.102786	-1.611386	0.260867	0.609671	-1.972362	-1.424902	-0.771070	-1.593056	-1.287025	-1.931823	0.724331	2.224857	0.280619	-2.455477	-2.496760	-0.994242	-0.268073	-2.305837	-0.063169	-1.644691	0.449261	-1.202324	1.358359	0.898901	-1.539877	-1.300718	-0.862543	1.406315	1.291128	0.372700	0.811008	0.411371	-1.529596	-1.204387	-0.849367	-1.540289	-0.257553	0.085131	0.175558	1.520450	-1.655922
-2.368940	-1.014376	-0.237682	0.049429	-0.749929	-1.131209	0.024953	0.422906	0.838904	-1.122877	0.582962	-0.497224	-0.953839	-0.711737	1.140750	-1.206460	0.039124	0.385798	-1.650226	-1.536908	-1.099761	-0.864129	-0.788757	-1.320647	0.624905	1.074542	0.483028	-1.748626	-1.825144	-0.503673	0.344187	-1.707637	-0.377014	-1.249467	1.300597	-0.690494	0.308326	1.546672	-1.138218	-0.656056	-0.936404	1.090631	-0.131369	0.854084	0.684657	0.326966	-1.087180	-1.266083	-0.505926	-1.136234	-1.195776	0.513828	0.665546	0.242606	-0.659257
-1.181950	-0.527977	-0.618742	-0.059754	-0.882137	-0.802261	0.220860	-0.632097	0.449139	-0.979150	-0.331023	-1.157368	-0.882296	-1.340199	0.774765	-0.353592	0.190157	0.039889	-0.497079	-1.260039	-1.173248	0.170741	0.236808	0.501742	-0.174547	-0.095438	0.467662	-0.522509	-0.142443	0.235465	0.850424	0.383055	-0.952221	-0.298527	1.134315	0.696223	-1.195159	0.822227	0.187838	0.539408	-0.821275	1.126728	-0.544477	1.093348	0.727825	0.529244	0.314886	-0.768727	-0.139963	-0.577468	-0.493537	1.607208	0.514739	-0.802528	0.177326
0.182796	0.469325	-0.902124	-0.212984	-0.306626	0.304939	0.453809	-0.922307	-0.215864	-0.135504	-1.215125	-1.020925	0.172131	-1.034260	0.169014	0.304616	0.620544	-0.507769	0.847574	-0.155152	-0.379025	0.334689	0.746181	1.609063	-0.810836	-0.524478	0.231184	0.233084	0.917826	0.548597	0.420111	1.666963	-0.999183	0.666004	-0.202310	1.117716	-1.825921	-0.184795	0.973057	0.822711	-0.201367	1.158563	0.332826	0.779383	0.464806	0.761143	1.206437	-0.170438	0.206315	-0.283807	1.116371	2.002915	-0.026056	-0.600636	0.337783
0.963553	1.260254	-0.032269	0.251132	0.913436	1.536737	0.838558	-0.096060	-0.340541	1.259278	-1.301803	0.091404	1.703480	-0.165037	-0.407882	0.682913	1.058096	-0.833993	1.768477	1.464481	1.113041	-0.055891	0.433856	1.281174	-0.564501	-0.609598	0.017127	0.466840	0.722625	0.343294	-0.578699	1.049961	-0.005949	1.395177	-1.350995	-0.012560	-1.171889	-0.094864	0.614894	-0.055008	0.739591	0.472987	1.261390	0.161994	-0.364925	0.742910	0.919323	0.357305	0.688438	0.005760	1.893794	0.692543	-0.307825	0.500711	0.273179
0.972700	1.495002	1.343517	0.843094	1.667420	1.771852	0.974920	0.893969	0.231955	2.277250	-0.575079	1.261042	2.525744	0.359629	-0.767956	0.895657	1.198876	-0.535762	1.899801	2.448226	2.139365	0.020040	-0.033990	0.654017	0.255488	-1.126710	0.106721	0.705444	0.183391	0.065170	-0.984824	-0.206745	1.221663	1.926720	-1.005155	-1.204369	-0.133415	0.954534	-0.105027	-0.885106	1.288656	-0.764414	1.121682	-0.262481	-1.186656	0.442659	0.248266	0.805266	1.044595	0.509612	0.924823	-1.422262	-0.018307	1.356172	0.636845
0.489183	1.253538	1.553627	0.546055	1.116896	0.603230	0.389634	0.986990	0.777114	1.987961	0.170060	1.456653	1.877499	0.210117	-0.747980	0.716531	0.850675	0.033621	1.166464	1.975532	1.779464	0.594896	-0.037626	0.912775	0.756708	-1.931924	0.493086	1.095085	0.347955	0.138226	-0.279034	-0.325955	1.367635	2.112127	0.452507	-0.844767	0.194077	1.525037	-0.296703	-0.664767	0.961106	-1.491679	0.171325	-0.244607	-1.223142	0.004951	0.260996	0.951060	0.704097	0.880180	-0.937776	-2.356573	0.440807	1.198502	1.342758
0.034450	0.809236	0.348747	-0.462353	-0.066179	-0.945867	-0.507453	0.349311	0.696861	0.621559	0.310609	0.739652	0.319252	-0.051437	-0.274951	-0.081755	0.174290	0.104372	-0.092058	0.596188	0.536441	0.731719	0.252991	1.657296	0.577196	-1.930110	0.808455	1.258784	1.122681	0.578811	0.844810	0.706177	0.361911	1.667777	1.443236	0.733920	-0.249402	0.882390	0.010900	0.199360	0.181177	-0.941938	-0.397005	0.169173	-0.413799	-0.286754	0.914769	0.546009	-0.267753	0.702938	-1.915060	-1.231422	0.478497	0.206568	1.649260
0.020354	0.456028	-0.647565	-0.857913	-0.509407	-1.409049	-0.712314	-0.016333	0.229232	-0.556171	0.050486	0.064702	-0.743459	0.138850	0.381804	-1.027505	-0.379525	-0.439510	-1.117980	-0.347831	-0.257222	0.063320	0.292327	1.610989	0.162050	-0.616349	0.696153	0.932073	1.595628	1.029069	1.355014	1.355866	-0.516450	0.731991	1.083767	1.753732	-0.655597	-0.075991	0.253803	0.603611	-0.182447	0.393782	0.066640	0.786076	0.528232	-0.165688	1.216904	-0.201496	-0.978403	0.136093	-1.115876	0.770746	0.076903	-0.775693	1.078282
0.368778	0.291972	-0.269626	-0.125550	-0.044199	-0.604339	-0.090487	0.165774	-0.106422	-0.733558	-0.113328	-0.033998	-0.598703	0.475541	0.704545	-1.187667	-0.538126	-0.806401	-1.181521	-0.289536	-0.120266	-0.600770	-0.053751	0.507440	-0.045508	0.849178	0.242902	0.298687	1.138763	1.029164	0.923939	0.723072	-0.455616	-0.079197	0.045450	1.172389	-0.589238	-0.257987	0.141654	0.161306	0.034135	1.113095	0.861663	1.206903	0.780611	0.187656	0.560966	-0.672648	-0.873857	-0.310437	0.523390	1.675146	-0.275084	-0.981657	-0.024951
0.576756	0.122051	0.591112	0.607369	0.109214	0.235852	0.315964	0.058628	-0.294664	-0.401727	-0.145463	-0.022003	0.049980	0.199834	0.457242	-0.236676	-0.436356	-0.276296	-0.217373	0.055343	0.116349	-0.398270	-0.384371	-0.506238	-0.229624	0.859893	-0.118634	-0.308213	-0.053938	0.371446	0.003729	-0.342078	-0.136204	-0.333756	-0.451914	-0.287459	-0.509783	0.081053	-0.168322	-0.488405	0.122536	0.341320	0.783219	0.907323	0.087839	0.142193	-0.515347	-0.447501	-0.491717	-0.422094	1.302209	0.769632	-0.301583	-0.373765	-0.904287
0.301662	-0.173144	0.445940	0.239881	-0.748452	0.217654	-0.089466	-0.846098	-0.600154	-0.384684	-0.274280	-0.478901	0.162044	-0.694559	-0.067499	1.082039	-0.240934	0.874080	1.030665	-0.155784	-0.333316	0.494678	-0.308957	-0.428438	-0.754365	-0.438847	-0.182358	-0.712646	-1.184507	-0.625792	-0.758753	-0.553318	-0.456243	-0.235204	-0.105649	-1.201163	-0.798230	-0.026762	-0.357285	-0.586775	-0.324973	-1.120800	-0.300257	-0.199901	-0.958243	-0.528926	-1.005264	0.245580	-0.486369	-0.378929	0.709729	-0.714841	-0.170679	0.379502	-1.161841
-0.239033	-0.267256	-0.631707	-0.679374	-1.639376	-0.075995	-0.394097	-1.669219	-0.876587	-0.582644	-0.359812	-1.149422	-0.286432	-1.204988	-0.447240	1.718348	0.181833	1.653331	1.611439	-0.761286	-1.049532	1.194989	0.072823	0.294402	-1.407742	-1.076235	-0.237587	-0.862040	-1.437881	-1.259904	-0.973967	0.065706	-1.045332	-0.278439	0.229120	-0.972850	-0.853590	-0.645147	-0.220186	-0.111873	-0.670623	-1.420718	-1.154062	-1.406615	-1.320449	-1.076898	-0.588030	0.723668	-0.490547	-0.347240	-0.101445	-0.992482	-0.020386	0.639007	-0.981035
-0.580953	0.185923	-1.317212	-0.845229	-1.294068	0.307234	0.430533	-1.264141	-0.702569	-0.331901	-0.052944	-1.316376	-0.537818	-0.571878	-0.560754	1.336686	0.906612	1.441220	1.189882	-0.998570	-1.096293	1.156618	0.320705	0.504532	-1.559284	0.203405	-0.583756	-0.752474	-0.670831	-1.084523	-0.651524	0.437100	-0.902277	-0.613867	-0.251627	-0.147524	0.065248	-0.915746	0.161632	0.350166	-0.177509	0.197969	-0.734803	-1.822049	-0.546600	-0.668889	0.148088	0.525470	0.205553	-0.297848	0.054388	0.305032	0.248708	0.409213	-0.719075
-0.573870	0.801596	-1.015664	-0.158807	-0.039671	1.076012	1.673726	0.018031	-0.154318	0.314489	0.478251	-0.840832	-0.299260	0.582632	-0.500510	0.491505	1.444430	0.587853	0.298963	-0.659939	-0.438641	0.594372	0.217843	-0.018579	-1.018212	2.050881	-0.944653	-0.484474	0.322328	-0.420452	-0.163609	0.108567	-0.054851	-0.877270	-1.106645	0.416071	1.347047	-0.475329	0.440321	0.377243	0.713114	2.153514	0.374493	-1.323149	0.581358	0.317112	0.504974	-0.074876	1.185751	-0.202684	0.814286	1.709078	0.570649	0.136771	-0.502670
-0.437452	0.711258	-0.420761	0.240557	0.618983	1.032294	1.551964	0.656711	0.152811	0.521674	0.582209	-0.282281	-0.045253	0.914404	-0.305124	-0.069200	1.078802	-0.104009	-0.261539	-0.265323	0.051721	0.032910	-0.028561	-0.402490	-0.254563	2.004532	-0.712107	-0.233996	0.508602	-0.005387	0.041284	-0.249712	0.427496	-0.620696	-1.112085	0.336288	1.427956	0.075072	0.300186	0.079516	0.798195	2.096175	0.674396	-0.542477	0.811263	0.637138	0.336843	-0.373828	1.162663	-0.145786	0.847158	1.510813	0.581772	0.119182	-0.250525
-0.357031	-0.271172	-0.145893	-0.201904	0.127316	-0.151265	-0.323459	0.087810	-0.045618	-0.036193	0.052052	-0.008004	-0.111929	0.088890	0.009953	-0.166180	-0.201509	-0.339715	-0.282646	-0.163883	-0.060354	-0.313771	-0.199546	-0.150806	0.343241	-0.361380	0.203793	-0.076634	-0.254508	-0.094077	-0.122094	-0.131453	0.070580	0.149392	0.049729	-0.198148	-0.070183	0.264882	-0.220902	-0.277749	-0.230220	-0.267367	-0.255164	0.062869	-0.086556	-0.105343	-0.101120	-0.133645	-0.181636	-0.175613	-0.243582	-0.364540	0.162568	0.307852	0.081916
