X1	X2	X3	X4	X5	X6	X7	X8	X9	X10	X11	X12	X13	X14	X15	X16	X17	X18	X19	X20	X21	X22	X23	X24	X25	X26	X27	X28	X29	X30	X31	X32	X33	X34	X35	X36	X37	X38	X39	X40	X41	X42	X43	X44	X45	X46	X47	X48	X49	X50	X51	X52	X53	X54	X55
-0.160260	0.074103	-0.067586	-0.204943	-0.098949	0.113757	0.076187	-0.297717	0.005347	0.132922	-0.136877	-0.118365	-0.037589	-0.245735	-0.144883	0.062214	-0.042258	-0.031787	0.152177	-0.060632	-0.228844	-0.056026	-0.052130	-0.511713	0.004900	0.190371	-0.157503	-0.091333	0.013108	-0.203656	-0.168371	-0.219022	-0.213441	-0.156318	-0.147104	-0.197386	-0.234378	-0.136083	-0.040845	-0.125197	-0.038646	0.078216	0.197219	0.211570	-0.079552	0.202204	-0.437186	-0.415920	-0.368397	-0.105939	-0.002298	0.058857	-0.379307	-0.318548	-0.147860
-0.077648	-1.778281	-0.000414	-0.227130	0.420541	-0.382030	-1.021478	0.039424	-0.267665	-0.080150	0.267785	0.217328	0.204305	1.390851	-0.108044	0.366483	-0.888086	-1.464300	-1.093660	0.183681	0.389916	-0.363162	-0.530159	0.882825	-0.408578	-0.976748	-0.839979	-0.509077	-1.180731	-0.567248	-0.290501	0.557435	-0.734217	0.330546	-0.807707	-0.233952	-0.598822	-0.764657	-0.718621	-0.548191	-0.572621	-1.775669	-2.000563	-0.629900	-1.354183	-1.251839	0.578356	0.921020	-0.285409	0.036384	-0.442569	0.282452	-0.035362	0.434182	-0.162340
-0.326675	-1.856483	-0.188433	-0.208693	0.590407	-0.257228	-1.082690	-0.076418	-0.118732	0.087045	0.541292	0.146519	-0.002188	1.641928	-1.020022	0.155144	-0.989307	-2.027023	-1.067192	0.310457	0.223340	-0.991847	-1.156287	0.373989	-0.561786	-0.872337	-1.040175	-0.797606	-1.396448	-1.108117	-0.906784	0.000742	-1.018867	0.132930	-1.433756	-0.855900	-0.563914	-1.313757	-1.238701	-1.246388	-0.586970	-2.263888	-2.111266	-0.994627	-1.878110	-1.516785	0.147373	0.359120	-0.878275	0.111068	-0.524716	0.242459	-0.202157	0.308784	0.055103
-0.626896	-0.152923	-0.413165	-0.220078	0.458167	0.347350	-0.140308	-0.558297	0.253068	0.475053	0.561758	-0.160450	-0.580974	0.799511	-2.114873	-0.501718	-0.299662	-1.394450	0.046858	0.238375	-0.571534	-1.634392	-1.472469	-1.312153	-0.311974	0.345979	-0.561480	-0.653914	-0.511757	-1.443534	-1.753278	-1.443441	-0.732536	-0.319730	-1.795615	-1.520431	-0.072719	-1.468730	-1.121509	-1.744512	-0.031640	-1.195712	-0.258402	-0.835186	-1.258649	-0.620051	-1.256350	-1.313835	-1.748022	0.193857	-0.075050	0.024188	-0.492359	-0.480202	0.464593
-0.377325	1.768831	-0.159197	-0.221876	0.392834	0.829102	0.906745	-0.869081	0.342269	0.647885	0.345050	-0.175637	-0.958790	0.161980	-1.711087	-0.927951	0.579481	0.059251	1.016445	0.088135	-1.053082	-1.457548	-0.754684	-1.779720	0.251568	1.476836	0.304906	0.174045	0.772401	-0.918709	-1.837224	-2.034490	0.165188	-0.252061	-1.481411	-1.090819	0.464222	-0.911915	-0.015640	-1.233555	0.686773	0.483764	1.674581	-0.475130	0.154136	0.482451	-1.828474	-1.620016	-1.792142	0.393219	0.707401	-0.094386	-0.209041	-0.956231	0.685248
0.492755	2.430632	0.602143	0.038925	0.616501	0.838989	1.335461	-0.658275	0.068803	0.449346	0.110644	0.244247	-0.724358	0.157143	0.400816	-0.581784	1.053046	1.471712	1.018303	0.070371	-0.573157	-0.067321	0.926331	-0.151517	0.817841	1.720781	0.933309	1.375997	1.602627	0.489848	-0.481410	-0.863023	1.059688	0.080954	-0.305301	0.581363	0.460810	0.203906	1.525076	0.285671	1.064362	1.643102	2.187790	-0.256053	1.306184	1.044732	-0.709450	0.317653	-0.574907	0.603260	1.253001	-0.028473	0.500063	-0.610289	0.295805
1.298599	1.596728	1.037895	0.623018	0.863602	0.378531	1.182278	-0.154322	-0.125530	0.035185	0.086525	0.625800	-0.199079	0.050374	2.286490	0.218153	1.061128	1.972873	0.246400	0.061773	0.456304	1.674800	2.331464	1.760371	1.091767	1.252732	0.934701	2.007116	1.487956	1.803263	1.572237	1.014898	1.132633	-0.228395	1.158421	2.151073	-0.275920	1.172176	2.216257	1.694255	0.770800	1.730352	1.291931	-0.331657	1.217666	0.954986	0.963185	2.630912	0.994798	0.496291	1.004883	0.044698	0.756071	0.158143	-0.628074
1.412551	0.138705	0.347219	1.091608	0.629513	-0.436385	0.947726	0.251399	0.138640	-0.412276	0.268889	0.556336	-0.062794	-0.504015	2.116906	0.644550	1.031053	1.355064	-0.585130	-0.340715	1.019295	2.275667	2.226707	1.733014	1.081497	0.599692	0.613070	1.347413	0.506176	1.908839	2.563110	1.803506	0.345126	-1.082419	1.761114	2.201379	-1.207667	1.307360	1.422305	1.898754	-0.194358	0.962126	-0.041401	-0.622713	-0.043280	0.354420	1.469375	3.122182	1.485816	-0.125342	-0.050369	-0.049356	0.253497	0.838945	-1.337070
1.071062	-0.714505	-0.982906	0.982881	-0.136615	-1.277448	0.981509	0.673076	0.706605	-0.726058	0.510510	0.354543	-0.378549	-0.577709	0.505307	0.444228	1.358891	0.383284	-0.884691	-1.086540	0.686646	1.279730	0.861500	-0.104414	1.070500	0.016039	0.677065	-0.085204	-0.587445	0.838543	1.647813	1.046359	-0.267228	-1.124936	0.972734	0.942627	-1.370168	0.688849	0.098578	1.089925	-1.310546	0.140220	-0.809212	-0.790090	-1.231265	-0.514597	0.593119	1.915151	0.384082	-0.994117	-1.278876	-0.265541	-0.098865	1.504131	-1.067646
1.008433	-0.201278	-1.476498	0.458800	-0.745787	-1.546372	1.147927	1.549122	1.052258	-0.714459	0.790175	0.660552	-0.444113	0.771825	-0.282054	0.190921	1.890291	0.089878	-0.522570	-1.421423	0.053888	-0.143585	-0.264195	-1.478401	1.233835	-0.475106	1.372519	-0.813098	-0.695679	-0.179811	0.049077	0.012837	0.333814	0.432161	-0.251639	-0.001372	-0.253239	0.168609	-0.229395	0.438395	-1.678275	0.077760	-0.517130	-0.427435	-1.064538	-1.111341	-0.206171	0.920342	-1.344011	-1.519861	-1.918667	-0.393741	0.739593	2.341969	0.000213
1.336822	1.238047	-0.534836	0.048367	-0.504501	-0.930702	0.997316	2.678592	0.862308	-0.384463	1.137423	1.376234	0.132467	2.824954	0.701175	0.315538	1.957609	0.580585	0.095490	-0.837668	-0.188487	-0.657313	-0.195793	-0.828111	1.357349	-0.818626	2.027691	-0.039455	0.539978	-0.182188	-0.396444	-0.032024	1.771369	2.434201	-0.431857	0.422504	1.463414	0.402212	0.644442	0.575360	-0.849796	0.776629	0.512156	0.418360	0.327392	-0.896650	0.251767	1.129879	-2.164246	-1.343315	-1.690907	-0.302845	2.377418	2.894184	0.740406
1.274505	2.057222	0.623899	-0.152353	0.285473	0.044465	0.306230	2.985680	0.374821	-0.091930	1.275303	1.541444	0.707312	3.601856	1.905279	0.448876	1.102341	0.895309	0.361034	0.049351	-0.214877	-0.322607	0.481595	0.869599	1.055442	-0.922136	1.711530	1.260461	1.959948	0.382704	0.439059	0.657560	2.384037	2.927494	0.569801	1.458846	2.305491	1.003568	1.405309	0.928381	0.446519	1.270543	1.250014	1.016744	1.376578	-0.067768	1.356583	1.548396	-1.445527	-0.686006	-0.881589	-0.119140	3.083242	2.398154	0.341900
0.256965	1.094429	0.505612	-0.469737	0.529805	0.463732	-0.543682	1.776853	0.030339	-0.184890	0.731829	0.588332	0.467756	2.101517	1.444684	0.109178	-0.244859	0.296392	0.059690	0.202682	-0.559559	-0.118148	0.665044	1.617759	0.259608	-0.803972	0.388348	1.409702	1.881880	0.422668	1.021565	1.000505	1.199413	1.446438	1.361651	1.666320	1.514125	1.043209	0.986254	0.764097	0.920664	0.715075	0.846074	0.656742	0.889498	0.490498	1.687890	0.978789	0.085283	-0.054260	0.053992	-0.099202	1.760495	0.884480	-0.612044
-1.053439	-0.891578	-0.615429	-0.812285	-0.240319	0.078012	-0.884505	-0.060585	-0.125417	-0.538376	-0.446160	-0.683967	-0.324030	-0.399704	-0.380001	-0.438690	-1.076957	-0.718478	-0.461989	-0.385886	-0.939341	-0.328794	0.141683	1.059277	-0.622789	-0.626830	-0.857772	0.152398	0.181252	-0.164564	0.498939	0.781911	-0.582356	-0.446445	0.916307	0.805422	0.030457	0.337641	-0.204224	0.285282	0.252008	-0.450784	-0.417996	-0.352390	-0.361380	0.295212	1.049826	-0.201221	1.313744	0.342334	0.806406	-0.285211	-0.559215	-0.613875	-0.765623
-1.396380	-1.832884	-1.053287	-0.528482	-1.118257	-0.448381	-0.539040	-0.833926	-0.383459	-0.689570	-1.423417	-0.953625	-0.609526	-1.728984	-1.481259	-0.557863	-0.927482	-1.107653	-0.784460	-0.660921	-0.466533	-0.294030	-0.464769	0.589607	-1.089462	-0.583480	-0.979773	-0.924938	-1.279348	-0.364199	-0.113750	0.742536	-0.851050	-0.959358	-0.127231	-0.079373	-0.487241	-0.263822	-1.080329	0.176312	-0.479409	-0.980394	-1.356754	-0.821586	-0.559895	-0.119529	0.579291	-0.788690	1.802601	0.690481	1.185975	-0.409729	-1.752027	-1.141997	0.307801
-0.501635	-0.805010	-0.047119	0.555479	-0.952286	-0.458031	-0.099144	-0.051236	-0.699260	-0.439941	-1.407804	-0.066562	0.055297	-1.241831	-0.589432	-0.172250	-0.410985	-0.656905	-0.851477	-0.050756	0.825092	0.367273	-0.656312	1.052590	-1.008691	-0.763716	-0.150996	-0.392936	-0.858387	0.393256	0.437706	1.121134	0.679836	0.055690	-0.474764	-0.205305	0.410205	-0.007794	-1.131824	0.495551	-0.235185	-0.489894	-1.213248	-0.078258	0.662891	-0.060611	0.904759	-0.570380	1.726509	1.083828	1.053168	-0.268342	-0.972177	-0.746583	1.504763
0.475302	0.763242	1.168571	1.546996	0.092752	-0.111690	-0.270135	1.019999	-0.570824	-0.112591	-0.580936	0.719154	0.979030	-0.286921	1.295324	0.244506	-0.434244	-0.112060	-0.845830	0.645183	1.577229	1.201398	-0.391913	1.642078	-0.648502	-1.124512	0.542962	1.156497	0.763460	1.289143	1.742044	1.187819	1.914199	1.261006	0.240339	0.181571	1.535542	0.842391	-0.428724	0.708861	0.575045	0.002586	-0.508445	1.120278	1.592844	0.248301	1.313823	-0.362374	1.223139	1.211441	0.470587	-0.031650	0.626439	-0.133024	1.511415
0.314831	0.851023	1.023061	1.502661	0.729427	-0.014675	-1.059163	1.001410	0.116853	-0.166382	0.126702	0.290645	1.313644	-0.269681	2.181382	0.476855	-1.100959	-0.080151	-0.863603	0.365219	0.793094	1.746295	0.227364	1.463731	-0.339450	-1.547310	0.466337	1.854734	1.467805	1.150995	2.277148	0.522438	0.974806	1.484091	1.450830	0.592881	1.634194	1.497116	0.870088	0.627691	0.741998	-0.505504	-0.341472	1.446106	0.692832	0.010374	1.095305	-0.516873	0.326436	0.747420	-0.159296	0.050435	1.505503	0.236016	0.362612
-0.829860	-0.684494	-0.310942	0.679545	0.228793	-0.279100	-1.788241	-0.020428	0.578728	-0.711760	0.072076	-1.019999	1.088938	-0.969664	1.350072	0.830310	-1.709692	-0.342060	-0.812457	-0.665073	-0.682726	2.146734	1.000055	0.992653	-0.232246	-1.849833	0.033883	0.893566	0.376403	-0.029072	1.437749	-0.183215	-1.386704	0.739916	2.576507	0.949779	0.830805	1.646585	2.284269	0.606752	0.056304	-1.630579	-1.005226	0.574978	-1.341702	-0.915134	0.680903	-0.448412	-0.637426	-0.089986	-0.328235	0.104287	1.333603	0.369632	-0.663001
-1.670111	-2.123592	-1.182468	0.174880	-0.742042	-0.382089	-1.846244	-0.917372	-0.000480	-1.451002	-0.527879	-1.944561	1.020603	-1.173137	-0.008838	1.518295	-1.707934	-0.344488	-0.501662	-1.110388	-1.089995	2.620285	1.468678	1.134433	-0.327416	-1.783507	-0.086599	-0.600061	-1.269188	-1.119899	0.173055	-0.161057	-2.711006	-0.223543	3.201987	1.147918	0.237223	1.554200	2.797197	0.785868	-0.373859	-2.168287	-1.634646	-0.543334	-2.523205	-1.743224	0.785389	0.233459	-1.099819	-0.627001	0.097913	0.416470	0.697735	0.322243	-0.548009
-1.267349	-2.120775	-0.584271	0.487709	-1.141515	0.020091	-1.237165	-0.967589	-1.264018	-1.930203	-0.940375	-1.715136	1.510137	-0.455732	-0.323988	2.156567	-1.259172	0.034905	0.166838	-0.184373	0.110551	2.871875	1.257069	1.605399	-0.548922	-1.208842	0.110239	-1.090611	-1.912793	-1.204316	-0.353346	0.278698	-1.754992	-0.782289	2.764031	0.752050	0.518770	1.370299	1.765318	0.770877	0.225260	-1.646256	-1.291821	-0.944138	-2.011405	-1.769469	1.160909	0.982062	-0.787975	-0.417747	0.685815	0.809598	-0.035667	0.023516	0.406777
0.045019	-1.052976	0.713602	1.018069	-0.840488	0.527406	-0.356973	-0.355287	-1.862308	-1.749136	-0.626792	-0.639115	2.125179	0.338113	0.569572	2.088728	-0.772249	0.479956	0.972936	1.370624	1.694941	2.463342	0.627873	1.284585	-0.702719	-0.323433	0.144168	-0.389809	-1.415994	-0.432475	-0.031081	0.313942	0.320581	-0.701046	0.974909	-0.296708	1.233073	0.887122	-0.026232	0.305483	1.100287	-0.642683	-0.069285	-0.651272	-0.712759	-1.076799	1.028182	1.068880	0.022542	0.280302	0.823586	0.695307	-0.837436	-0.388769	1.082875
1.180815	0.003775	1.324635	0.995199	-0.452912	0.496472	0.549431	0.441845	-0.899086	-0.712654	0.325503	0.542501	2.087069	0.334752	1.409334	1.118526	-0.216086	0.789172	1.400198	2.111055	2.221698	1.457301	0.310890	-0.052708	-0.482989	0.466397	-0.127930	0.481705	-0.566696	0.454341	0.489864	-0.080524	1.626150	-0.069598	-1.367207	-1.134057	1.452490	0.080285	-0.939959	-0.201277	0.997187	0.306403	1.134261	-0.217579	0.315145	-0.042041	0.355604	0.530750	0.836571	0.769791	0.342880	-0.096188	-1.299237	-0.448254	0.876560
1.427030	0.754111	0.957780	0.378376	-0.236905	-0.088809	1.449375	1.127271	1.069356	0.926598	1.319744	1.401014	1.094148	-0.233619	1.097941	-0.231429	0.716688	1.049628	1.055307	1.391144	1.512087	0.302240	0.591412	-1.272758	0.291616	0.970027	-0.273529	0.745822	0.319667	0.972665	0.773199	-0.160295	1.608344	0.670368	-2.675723	-0.831340	0.743255	-0.536777	-0.331039	-0.213191	-0.087628	1.286526	1.657781	0.203377	1.015318	1.232869	-0.109302	-0.045268	1.347278	0.634941	-0.315323	-0.926111	-0.714551	0.118399	0.326746
0.927205	1.473529	0.500279	-0.330307	0.208706	-0.550990	2.104081	1.428472	2.548501	2.379775	1.769275	1.846321	-0.398307	-0.426752	-0.071282	-1.189732	1.827203	1.205016	0.099695	-0.154298	0.433641	-0.758721	0.837141	-1.326495	1.379104	1.331790	0.078210	0.558815	1.395439	1.050046	0.770791	0.319230	1.098964	0.904648	-2.094598	0.288360	-0.495764	-0.456230	0.640588	0.087090	-0.922432	2.204762	1.488979	0.760899	1.624594	2.477501	-0.039738	-0.346505	1.507842	0.176525	-0.630604	-1.087646	0.832976	0.883044	0.421299
0.267382	1.853756	0.683838	-0.748197	1.114237	-0.319257	2.001306	1.013007	2.483749	2.811818	1.538225	1.810338	-1.555392	0.168644	-0.901977	-1.373249	2.253025	0.853392	-0.811375	-1.396749	-0.259162	-1.764126	0.238754	-0.492712	2.146699	1.646444	0.623179	0.322816	2.193167	0.697368	0.363763	0.601671	0.864516	0.396368	-0.484731	0.828523	-1.482384	0.092812	0.364047	-0.049892	-0.700041	2.195105	0.807467	1.138003	1.727514	2.754242	-0.056038	-0.514402	1.425008	0.100636	-0.593487	-0.686226	2.067456	1.054691	1.449682
-0.132764	1.069154	1.238027	-0.782127	1.932068	0.429328	0.963108	-0.088657	1.086632	2.100844	0.910734	1.262719	-1.736362	0.995392	-0.739701	-0.970967	1.368626	-0.205830	-1.069534	-1.695831	-0.449049	-2.540735	-1.092031	0.203896	2.035600	1.652274	0.639972	-0.020728	1.648948	-0.017564	-0.565779	0.010612	0.770361	-0.414972	0.422086	0.012363	-1.716646	0.318951	-1.312592	-0.898917	0.020920	0.602036	-0.315098	0.609672	0.782956	1.274972	-0.776075	-0.667031	1.277828	0.771951	-0.549334	-0.378374	1.731893	0.366381	2.656927
-0.203465	-0.859456	1.409449	-0.412740	1.889907	1.009655	-0.416895	-1.199631	-0.573431	0.913343	0.229118	0.451910	-0.922223	1.259338	-0.130175	-0.457629	-0.374633	-1.460156	-0.633767	-1.163387	-0.295854	-2.586064	-2.145984	0.360339	1.039658	1.009684	-0.143121	-0.643786	-0.397528	-0.714167	-1.572392	-0.982028	0.334506	-0.862375	-0.222215	-1.297998	-1.278182	-0.229318	-2.927336	-1.773588	0.219556	-1.754802	-1.620021	-0.947215	-0.779272	-1.303981	-1.787895	-0.702142	1.164138	1.811207	-0.500179	-0.331524	-0.017206	-0.625158	2.960399
-0.047145	-2.522289	0.888717	0.279918	0.943007	0.968962	-1.269112	-1.515577	-1.588983	-0.084842	-0.339331	-0.183307	0.179029	0.754305	-0.026624	-0.226233	-1.791667	-2.117666	-0.038489	-0.276946	0.099818	-1.724550	-2.197897	0.409709	-0.289352	-0.151871	-1.108965	-1.178087	-2.440356	-0.830406	-1.817544	-1.327100	-0.437139	-0.740991	-1.673106	-1.685493	-0.645203	-1.211411	-3.113309	-1.831095	-0.281407	-3.100291	-2.473530	-2.577589	-1.754336	-3.125857	-2.035880	-0.610229	0.934190	2.434894	0.032131	0.031376	-1.799665	-1.209328	1.901910
0.223539	-2.450043	0.002451	0.921050	-0.129989	0.483453	-1.309402	-0.922158	-1.753271	-0.811667	-0.738141	-0.428080	0.586755	-0.112364	-0.588745	-0.381129	-2.070718	-1.976047	0.164091	0.566736	0.556375	-0.636870	-1.594182	0.638745	-1.289596	-1.149943	-1.313535	-0.984397	-2.721533	-0.223822	-1.137662	-0.857571	-1.042891	-0.414643	-2.529630	-0.974829	-0.271134	-1.962368	-2.033713	-1.118743	-0.786580	-2.541898	-2.286783	-3.088996	-1.461664	-2.926412	-1.137162	-0.583563	0.349165	2.145713	1.197732	1.039146	-2.415858	-1.233179	-0.042799
0.494049	-0.727249	-0.777616	1.011142	-0.552530	0.089574	-0.966423	-0.062730	-1.318220	-1.384462	-0.907909	-0.460655	-0.063922	-0.789075	-1.022467	-0.697175	-1.355430	-1.496235	0.000654	1.178927	0.676327	-0.327581	-1.153479	0.633740	-1.618394	-1.319591	-0.475320	-0.094449	-1.196270	0.524086	-0.493530	-0.555243	-1.107264	-0.327199	-2.103695	-0.362491	-0.219544	-2.139781	-0.916416	-0.477221	-0.719846	-0.866879	-1.070758	-2.177577	-0.354491	-1.217343	0.076223	-0.638664	-0.504659	1.083917	2.196758	1.959811	-1.710455	-0.956517	-1.904732
0.622242	1.090224	-1.230206	0.383148	-0.283091	0.104841	-0.708929	0.412632	-0.574326	-1.512603	-0.823956	-0.538195	-1.078223	-0.862450	-0.629657	-0.767513	-0.333094	-1.024448	0.016543	1.432475	0.141110	-1.019344	-1.079452	-0.075060	-1.318159	-0.626911	0.697502	0.561975	0.455011	0.634447	-0.865054	-1.176677	-0.773181	-0.562665	-0.856737	-0.732125	-0.155563	-1.812610	-0.504980	-0.460631	-0.246880	0.510637	0.518502	-0.570899	0.665876	0.437229	0.446166	-0.424756	-1.165959	-0.211750	1.967682	1.676857	-0.257642	-0.444515	-2.879767
0.493750	1.564277	-1.329453	-0.653403	0.079264	0.293220	-0.521832	0.431003	0.242413	-0.753290	-0.551261	-0.635302	-1.425671	-0.133243	0.237905	-0.358447	0.475554	-0.369124	0.531496	1.143289	-0.874964	-1.856143	-0.833531	-1.190443	-0.626022	0.337148	1.228209	0.163427	0.760440	-0.011508	-1.891636	-2.088513	-0.484807	-0.816822	0.229137	-1.430667	0.211536	-1.158340	-0.413297	-0.698325	0.051039	0.879782	1.628330	0.715853	1.077662	0.963480	-0.279690	0.334486	-1.313089	-1.260962	0.514005	0.092801	1.227399	0.488648	-2.694592
0.151763	0.619875	-1.058430	-1.584597	-0.013717	0.117816	-0.137161	0.308011	0.853088	0.663517	-0.154648	-0.506995	-0.932633	1.177698	0.525034	0.274000	0.934852	0.618536	1.093920	0.249619	-1.714083	-1.855861	-0.042432	-1.811242	0.183094	0.902913	0.862616	-0.921516	-0.056256	-0.685265	-2.155678	-1.956246	-0.474642	-0.670578	0.514990	-1.170384	0.655570	-0.327385	0.017324	-0.501159	-0.134772	0.426073	1.709551	1.084246	0.833353	0.450628	-1.241133	1.331587	-1.125000	-1.812138	-0.885979	-1.575284	2.062469	1.700453	-1.603355
-0.136924	-0.698102	-0.432056	-1.935480	-0.497613	-0.580033	0.411622	0.258156	0.969086	1.722267	0.371456	-0.071307	-0.410867	2.279770	-0.269023	0.516477	1.014779	1.360028	0.919504	-0.838880	-1.719502	-0.987615	0.798573	-1.378533	0.839863	0.794555	0.232172	-1.396724	-0.651704	-0.601438	-0.916955	-0.487145	-0.498188	0.012516	0.071177	0.104417	0.568499	0.427403	0.667407	0.093417	-0.529259	-0.330697	0.796113	0.593118	0.141869	-0.321284	-1.404617	1.802662	-0.903627	-1.709338	-1.022655	-1.991552	1.741564	2.452311	-0.203086
-0.069525	-1.356970	0.371195	-1.386875	-0.772403	-1.208408	0.701878	0.239165	0.481799	1.597537	0.928005	0.394765	-0.469317	2.262706	-1.434661	0.002685	0.609766	0.969471	-0.117114	-1.285232	-0.762985	-0.102312	0.773190	-0.283921	1.125071	0.199552	0.025208	-0.503914	-0.220204	0.175036	0.892288	1.046567	-0.127017	0.828305	-0.543298	0.933334	-0.298739	0.741626	0.768253	0.243725	-0.552525	-0.885434	-0.487858	-0.116876	-0.554544	-0.627661	-0.574678	1.178468	-0.531409	-0.895046	-0.069689	-0.914845	0.393695	2.006397	0.830276
0.301798	-1.098124	1.017370	-0.069727	-0.366711	-0.982450	0.439037	0.098380	-0.370388	0.567084	1.124840	0.512200	-0.641768	0.996299	-1.792837	-0.924717	-0.196142	-0.507781	-1.186258	-0.554644	0.604484	0.116812	-0.311196	0.521546	0.951432	-0.415211	0.153406	0.996565	0.771677	0.803344	1.724341	1.298370	0.635035	1.112127	-0.755539	0.218044	-1.348617	0.447146	-0.017236	-0.576393	0.077458	-0.813243	-1.272142	-0.210779	-0.705774	-0.189259	0.534824	-0.361596	0.307617	0.290195	0.686501	0.786725	-1.037649	0.426022	1.063053
0.443160	-0.331862	1.155380	1.168476	0.428447	0.062459	-0.095165	-0.274626	-1.027563	-0.309162	0.561640	0.209789	-0.170758	-0.566533	-0.988379	-1.505695	-0.851023	-1.725850	-1.378742	0.841553	1.484992	-0.139977	-1.472100	0.465563	0.409013	-0.595156	-0.072265	1.597382	1.328770	0.665596	1.177355	0.499457	1.137956	0.651356	-0.374628	-1.154343	-1.640579	-0.189157	-0.991940	-1.666975	0.955786	0.009778	-1.081389	0.629233	-0.144337	0.770148	1.095732	-1.882615	1.368217	1.019714	0.273790	1.941634	-1.535465	-1.397228	0.519493
-0.136927	0.397531	0.576627	1.246250	0.722701	0.906921	-0.294355	-0.821574	-0.938283	-0.365141	-0.564455	-0.213009	0.601489	-1.308069	0.128587	-1.351711	-0.687222	-1.399133	-0.738965	1.631766	1.267886	-0.212114	-1.517555	-0.175919	-0.242595	-0.242731	-0.932017	0.759155	1.019574	0.057261	0.262071	0.091804	0.728076	-0.048727	0.296678	-1.319078	-0.959491	-0.720138	-1.128182	-1.752180	1.292049	1.156853	-0.257750	1.768030	0.622327	1.678084	0.893799	-2.335427	1.749779	0.575330	-1.063805	1.803606	-1.059095	-2.514979	-0.398766
-1.175006	0.806777	-0.580431	-0.015838	0.026996	0.668208	0.092214	-1.258702	-0.084086	0.087157	-1.383319	-0.445774	0.408417	-1.152683	0.438876	-0.795464	0.323354	0.143295	-0.154019	1.053041	0.143476	0.173501	-0.397030	-0.748613	-0.644740	0.298494	-1.719513	-0.486801	0.278566	-0.264363	0.029135	0.783057	-0.382578	-0.439860	0.746106	0.061116	-0.179434	-0.958810	-0.247961	-0.539437	0.749549	1.908370	0.413371	2.166826	0.904315	1.999285	0.298257	-1.480662	0.885891	-0.845640	-2.261717	0.464333	-0.549242	-2.616939	-1.202313
-1.768649	0.945043	-1.714806	-1.467542	-1.001853	-0.308503	0.689301	-1.314405	0.803555	0.358596	-1.190611	-0.513790	-1.156072	-1.027891	-0.283214	-0.400091	1.396496	1.346815	-0.214329	-0.312485	-1.019411	0.644913	0.759117	-1.020616	-0.571321	0.667293	-1.475439	-0.807170	-0.145102	-0.042194	0.430248	1.598810	-1.204083	-0.648487	0.773428	1.239372	-0.326527	-0.956075	0.787601	0.835973	-0.081817	1.916382	0.582473	1.488254	0.597892	1.643387	-0.300925	-0.232538	-0.583444	-2.150192	-2.409855	-1.100374	-0.714122	-2.022029	-1.556675
-1.433892	1.005580	-2.114126	-1.778008	-1.165619	-0.865584	0.901257	-1.134427	0.796604	0.185427	-0.297563	-0.719594	-2.751595	-1.551964	-1.277910	-0.339795	1.670897	1.330638	-0.530909	-1.219578	-1.486450	0.661747	0.979923	-1.309547	-0.236520	0.906915	-0.271092	-0.127720	0.067308	0.208220	0.655692	1.188040	-1.101204	-1.110299	0.704912	0.699567	-1.335575	-0.663972	1.090824	1.131872	-0.270382	1.445529	0.618447	0.408985	0.183628	0.944910	-0.834191	0.156870	-1.373369	-2.388059	-1.388483	-1.654989	-1.137543	-1.232621	-1.401315
-0.779862	1.061080	-1.659320	-0.935608	-0.134585	-0.473608	0.441564	-1.241786	-0.267568	-0.284806	0.243758	-1.262093	-2.790510	-2.173526	-1.748494	-0.443861	0.977369	0.694288	-0.392566	-1.148569	-1.362368	0.064604	0.419629	-1.788886	-0.231770	1.202107	0.634725	0.447850	0.550866	-0.125083	0.218133	-0.364925	-0.545591	-1.632015	0.928702	-0.802990	-2.038070	-0.032353	0.671757	0.384876	0.401838	0.876137	0.887193	-0.269184	-0.020742	0.218612	-1.318921	-0.611187	-1.031558	-1.672096	0.082551	-0.756888	-0.954883	-0.626883	-0.988616
-0.743941	1.029797	-1.000876	-0.153854	1.119525	0.214614	-0.491388	-1.855878	-1.493829	-0.918612	-0.182234	-1.926105	-1.373203	-1.930262	-1.624985	-0.631045	-0.171835	0.311013	0.221343	-0.639792	-1.291886	-0.778132	-0.142730	-1.972534	-0.890027	1.335748	0.176328	0.149851	0.730529	-0.974745	-0.548235	-1.575049	-0.414339	-1.422168	1.273554	-1.284194	-1.492555	0.565235	0.223373	-0.338208	1.228198	0.282057	1.115217	-0.466536	-0.184263	-0.455996	-1.525223	-1.563591	-0.443493	-0.901917	0.930905	0.800790	-0.173326	-0.398149	-0.757428
-1.324877	0.929978	-0.777500	-0.284610	1.489773	0.372398	-1.350974	-2.398123	-1.804629	-1.541763	-1.082084	-2.177947	-0.003248	-0.769433	-1.342918	-0.958011	-1.117314	0.158608	0.714713	-0.283493	-1.484284	-1.239470	-0.289280	-1.245371	-1.760588	0.875048	-1.243590	-0.551846	0.495504	-1.612633	-0.930093	-1.324232	-0.771072	-0.219031	1.143450	-0.138339	-0.049310	0.527145	0.220964	-0.285980	1.488307	-0.264347	0.866043	-0.531295	-0.402799	-0.924863	-1.162827	-1.552270	-0.637313	-0.709429	0.599663	1.721243	0.273035	-0.521885	-0.987310
-1.608582	0.967233	-0.844238	-0.875906	0.961568	0.099096	-1.561755	-2.057776	-1.047099	-1.669897	-1.502366	-1.688962	0.375253	0.341752	-1.162780	-1.291895	-1.446406	-0.155523	0.836930	0.066489	-1.436151	-0.962096	-0.124242	0.130727	-2.034133	-0.044372	-2.241318	-0.765158	0.227873	-1.462403	-0.632043	-0.105426	-0.882534	1.107980	0.311905	1.225532	1.122900	-0.159962	0.486467	0.285331	1.253935	-0.341313	0.398581	-0.470098	-0.316013	-0.804213	-0.377684	-0.528690	-1.448741	-0.944648	-0.370529	1.384436	-0.146655	-0.742438	-1.492871
-1.070529	1.172283	-0.606205	-1.021353	0.341094	0.161430	-0.940320	-0.887312	-0.025228	-0.878213	-1.159649	-0.801113	0.234617	0.553555	-0.954616	-1.249488	-1.093680	-0.377026	1.055034	0.778578	-0.805322	-0.243218	0.178323	0.978189	-1.511570	-0.582001	-2.080814	-0.449877	0.172152	-0.789685	-0.132686	0.707806	-0.448491	1.415938	-0.731230	1.316530	1.316119	-0.749803	0.574268	0.655280	1.057362	0.349425	0.476425	0.007066	0.294023	0.002762	0.270159	0.478735	-1.830644	-1.141948	-0.850059	0.321951	-0.758910	-0.727488	-1.723956
-0.254465	1.137946	0.038108	-0.600209	0.093879	0.878083	0.089022	0.091072	0.473649	0.472086	-0.617816	-0.263404	0.365414	-0.007488	-0.536663	-0.541739	-0.327566	0.079380	1.774981	1.585275	-0.079921	0.252563	0.516596	0.481998	-0.786391	-0.133719	-1.334122	-0.350658	0.102280	-0.395887	-0.177408	0.536561	-0.151762	0.505653	-1.319481	0.302789	0.773489	-0.644948	0.333636	0.490914	1.024147	1.293531	1.267211	0.773753	0.856911	0.847066	0.486590	0.632182	-1.298668	-1.124360	-0.396430	-0.406839	-0.582449	-0.318234	-1.261677
0.092484	0.452010	0.537887	-0.194251	-0.011394	1.670391	0.802798	0.109100	0.379218	1.335350	-0.390431	-0.357398	0.776286	-0.574804	0.046072	0.734919	0.380856	1.017973	2.556179	1.780407	0.092664	0.260469	0.683337	-0.747576	-0.375328	0.822937	-0.879079	-0.817048	-0.247846	-0.629956	-0.881045	0.097635	-0.618363	-0.755939	-1.219520	-0.526522	0.119048	-0.090776	0.004813	0.062933	0.749177	1.510212	1.921595	1.178431	0.545887	0.868256	0.591202	0.228890	-0.465362	-0.977868	0.227642	-0.313997	0.322704	0.344146	-0.242330
0.024319	-0.642857	0.507021	-0.108300	-0.227777	1.758778	0.831244	-0.367605	0.126713	1.100168	-0.284284	-0.496093	1.059923	-0.628142	0.627456	2.111584	0.683907	1.472045	2.525161	1.178211	-0.098568	0.173837	0.513351	-1.362517	-0.096800	1.206044	-0.778426	-1.310430	-0.745579	-0.996253	-1.553241	0.173342	-1.351610	-1.356565	-0.644550	-0.495886	-0.233989	0.330031	-0.087443	-0.171548	-0.003368	0.712520	1.555888	0.849062	-0.578605	0.057854	0.865552	0.126795	-0.089947	-0.684805	0.082884	0.041267	0.888909	0.894167	0.729425
0.098033	-1.340252	0.279340	-0.076646	-0.397082	1.037283	0.515625	-0.261148	0.126320	0.368502	0.165369	0.065743	1.221308	-0.244486	1.112716	2.952548	0.657289	1.003863	1.506909	0.391446	0.068210	0.406282	0.291918	-0.914815	0.431425	0.666496	-0.476430	-1.231494	-1.068264	-0.888315	-1.551326	0.431697	-1.302357	-0.979403	0.033687	-0.108209	-0.118949	0.520019	0.186270	-0.010599	-0.870962	-0.277084	0.408160	0.223282	-1.452628	-0.562485	0.889554	0.486645	-0.181152	-0.110134	-0.662584	-0.224394	0.400537	0.980061	1.094326
0.434789	-1.117007	0.403098	0.083544	-0.343310	0.086513	0.520379	0.702051	0.489313	0.248118	0.903607	1.244794	1.494959	0.261325	1.442830	2.792907	0.690484	0.385664	0.318331	0.021023	0.654945	0.764344	0.615720	-0.216564	1.041666	0.071304	0.239897	-0.725483	-1.083061	-0.403302	-1.018613	0.042809	-0.292728	-0.067604	0.474609	0.026331	0.460346	0.759493	0.692507	0.440983	-1.306249	-0.489184	-0.370759	-0.038592	-1.210502	-0.077953	0.144203	0.665964	-0.271731	0.639013	-0.941355	-1.163392	-0.575587	0.576431	0.775889
0.624812	-0.292062	0.826070	0.067890	-0.251231	-0.533279	1.054487	1.639636	0.977494	0.950561	1.334089	2.126956	1.620788	0.704688	1.499314	1.746028	1.005180	0.582383	-0.181823	-0.072372	0.831128	0.717081	1.581452	-0.052281	1.198060	0.404475	0.931702	-0.351420	-0.810310	-0.108864	-0.536477	-0.836537	0.703407	0.675167	0.519812	0.126197	1.186567	1.032891	1.128103	0.969517	-1.195035	0.084353	-0.049688	0.097131	-0.183763	1.171124	-0.899101	0.379187	-0.149296	1.102347	-0.205107	-1.883517	-0.868343	0.117622	0.161020
0.474089	0.364479	0.955723	-0.388506	-0.350087	-0.736005	1.629520	1.653574	1.187808	1.572897	1.041996	1.993581	1.056694	0.966894	1.257562	0.598409	1.391192	1.440966	0.025058	-0.406225	0.051930	0.165100	2.405811	-0.223762	0.817527	1.450824	1.117473	-0.307598	-0.290109	-0.182862	-0.338265	-1.072936	0.762275	0.815501	0.314547	0.717383	1.468482	1.017060	1.244048	1.393524	-0.918041	0.628682	0.896333	0.175438	0.562273	1.926273	-1.101038	0.274181	0.003875	0.917255	0.862832	-1.716289	-0.129856	0.180555	-0.281020
0.358237	0.442013	0.540296	-0.870330	-0.474543	-0.696870	1.706746	0.984564	1.028430	1.402188	0.283823	1.161504	-0.022892	0.869678	0.994234	0.203370	1.529794	1.899857	0.344158	-1.005515	-0.986653	-0.346765	2.249587	-0.093519	0.479345	1.986532	0.874724	-0.356408	0.262534	-0.179723	-0.203886	-0.158590	0.106887	0.437776	0.163241	1.613958	0.965833	0.714046	1.059797	1.628377	-0.902479	0.598310	1.395968	0.065301	0.522123	1.510583	-0.173135	0.992435	0.023791	0.315552	1.208580	-1.076548	0.815134	0.895592	-0.321232
0.698258	0.192432	0.134046	-0.602774	-0.286456	-0.542641	1.369006	0.735102	0.947283	0.891228	-0.311002	0.639554	-0.664847	0.380080	1.051735	0.557596	1.415593	1.323263	0.284560	-1.302351	-1.008226	-0.269565	1.243377	0.541836	0.689300	1.236538	0.746270	-0.280277	0.450045	0.344758	0.082020	1.010442	-0.185030	0.034427	0.172949	2.003737	0.062938	0.512993	0.753833	1.709612	-1.195217	0.281691	0.882127	0.121662	0.260141	0.597431	0.868049	2.114082	0.077010	-0.020008	0.635270	-0.767664	1.090109	1.706122	0.018630
1.376324	0.079451	0.427336	0.545934	0.152203	-0.418722	1.040639	1.503789	1.335631	0.889925	-0.335755	1.001627	-0.407006	-0.182195	1.319442	0.676363	1.196086	0.079520	-0.331955	-0.941316	0.330307	0.248897	0.207293	1.432355	1.221909	-0.274031	1.173873	-0.023424	0.162912	1.287240	0.522451	1.292339	0.590009	0.104112	0.146909	1.435923	-0.438761	0.433181	0.272744	1.629164	-1.452124	0.167173	-0.350935	0.494251	0.580835	0.253494	1.006504	2.505432	0.503573	0.377391	-0.098313	-0.772961	0.756012	1.819983	0.588266
1.858930	0.124749	1.271849	1.718710	0.340675	-0.595724	0.684191	2.569057	1.731464	1.280308	0.170885	1.776800	0.011435	-0.411038	1.268003	-0.265669	0.710142	-1.172527	-1.493238	-0.346440	1.950061	0.495894	-0.540968	2.178976	1.413355	-1.459934	2.039709	0.444369	-0.180988	2.136368	1.034741	0.580304	1.953629	0.712487	-0.081034	0.246203	-0.202101	-0.106775	-0.696637	1.131163	-1.357921	0.085055	-1.618797	0.735430	1.432327	0.539484	0.315388	1.563357	1.340643	1.324655	-0.257683	-0.339448	0.380739	0.943837	1.127572
1.754424	-0.176506	1.704522	1.932148	-0.077920	-1.219218	-0.200363	2.604225	1.134994	1.042269	0.835117	1.993548	-0.240514	-0.272668	0.664549	-1.742091	-0.349381	-2.113966	-2.811978	-0.243305	2.468624	0.058992	-1.405025	2.204919	0.950227	-1.887756	2.678195	0.973023	-0.220875	2.418962	1.470503	-0.461346	2.620636	1.386796	-0.321932	-0.950706	0.260863	-1.281802	-2.064118	-0.020648	-1.033557	-0.587976	-2.384415	0.346648	1.885066	0.499492	-0.576861	-0.183341	2.027977	2.137740	0.083470	0.812162	0.080721	-0.395810	1.297906
1.103654	-1.128726	1.012408	1.118791	-0.878120	-1.992041	-1.630841	1.163647	-0.614883	-0.318318	1.111754	1.185672	-0.708648	-0.057008	-0.062239	-2.245801	-1.693735	-2.468029	-3.366212	-0.707997	1.600452	-0.610642	-2.381703	0.997910	0.133352	-1.907130	2.390930	1.057149	-0.227413	1.933055	1.535577	-1.349008	1.714883	1.495027	-0.190377	-1.748564	0.285662	-2.055964	-2.848566	-1.435094	-0.864156	-1.862599	-2.413748	-0.506891	1.206632	-0.512347	-1.401682	-1.625758	1.741571	2.077673	0.313094	1.918583	-0.400052	-1.206591	0.892314
0.226681	-2.116016	-0.435716	0.111161	-1.458192	-2.272605	-2.700641	-0.715228	-2.204576	-1.963800	0.624887	-0.214914	-0.133061	0.126878	-0.378635	-0.964668	-2.372134	-1.782472	-2.325021	-0.950192	0.301916	-0.666781	-2.507826	-1.065694	-0.578487	-1.814239	1.092878	0.315515	-0.645682	0.751352	0.926421	-1.954033	-0.260892	0.826328	0.416404	-1.952684	0.020873	-1.166622	-1.947006	-2.141449	-0.878584	-2.757107	-1.744079	-1.092314	-0.279360	-1.909855	-2.058213	-2.030537	0.228323	0.860692	0.131950	1.957095	-0.866244	-0.795455	0.054036
-0.561112	-2.054185	-1.547930	-0.314012	-1.406652	-1.578911	-2.504469	-1.539993	-2.134418	-2.610484	-0.381942	-1.372315	1.731183	0.449344	-0.277405	1.231028	-1.856056	-0.122137	0.035102	-0.237374	-0.365768	0.163163	-1.066783	-2.537922	-1.055422	-1.429266	-0.547277	-0.838571	-1.268826	-0.803081	-0.306382	-2.110472	-1.755958	-0.154030	1.064457	-1.548501	0.332345	1.069257	0.412425	-1.562298	-0.583013	-2.349332	-0.685957	-0.909328	-1.541436	-2.489678	-2.065202	-1.518464	-1.667416	-0.915393	-0.118274	0.726655	-0.706484	0.566560	-0.729409
-1.102109	-0.756161	-1.561114	-0.154352	-0.850092	-0.097130	-1.261273	-0.936212	-0.555215	-1.933543	-1.147754	-1.794278	3.419292	0.802367	-0.126068	2.629389	-0.844102	1.446356	2.249942	1.019604	-0.289598	1.271805	1.098719	-2.177520	-1.454666	-0.626803	-1.677302	-1.466805	-1.413381	-2.146464	-1.480918	-1.578842	-1.673988	-0.688447	1.079984	-0.752379	1.587234	2.684143	2.479562	-0.160904	0.347687	-0.949616	0.279516	-0.228251	-1.834463	-1.802949	-1.016523	-0.764160	-2.543389	-1.968209	0.006024	-0.903303	0.068927	1.680416	-0.857050
-1.349646	0.613529	-0.582413	0.063963	-0.279350	1.280168	-0.073217	0.066353	0.784366	-0.748523	-1.169665	-1.566719	3.249793	0.587235	-0.090183	2.313223	-0.453673	1.807032	2.904567	1.464867	-0.126925	1.863050	2.272685	-0.299421	-1.787514	0.149491	-1.906582	-1.125249	-0.850705	-2.534950	-1.549035	-0.352429	-0.430816	-0.432788	0.270627	0.186947	2.851866	2.235779	2.694315	1.161556	1.414769	0.242495	0.806125	0.273225	-1.147219	-0.628173	0.575276	-0.271591	-1.700536	-1.417741	0.446703	-1.702384	0.521598	1.412166	-0.018630
-1.195388	0.845660	0.745037	0.049780	-0.046008	1.630986	0.325110	0.405507	0.633767	0.096705	-0.634600	-0.970423	1.290102	-0.470158	0.070313	0.858561	-0.815311	1.087101	1.892881	0.363817	-0.260167	1.757903	1.788487	1.576554	-1.672385	0.256990	-1.340719	-0.228895	-0.049265	-1.503437	-0.076485	1.173924	0.712511	0.276666	-0.599275	1.177997	2.726415	0.570258	1.335130	1.945781	1.685120	0.550374	0.872979	0.304116	0.070599	-0.008397	1.585609	0.002113	0.202196	0.256977	0.790579	-1.134472	0.008916	-0.110671	1.372334
-0.465382	0.068183	1.737956	0.076321	-0.086460	0.876615	0.119390	0.244702	-0.307539	0.499672	0.075951	-0.123773	-0.610636	-1.567416	0.629269	-0.444234	-1.100385	0.320009	0.282651	-1.324390	-0.277814	1.364992	0.545460	2.284939	-0.714095	-0.414104	-0.241158	0.613020	0.488026	0.535421	1.943658	2.254006	1.084016	0.853240	-0.435572	1.976105	0.962037	-0.264652	-0.015288	2.060427	0.822932	0.363546	0.574619	0.130738	1.189737	-0.124847	1.489585	0.251265	1.818662	1.678397	0.863061	0.196867	-0.769107	-1.466432	2.240888
0.730204	-0.672542	1.857813	0.530724	-0.182687	-0.182927	-0.224823	0.442729	-0.510557	0.612106	0.897890	0.846907	-0.869860	-1.547025	1.365896	-0.862821	-0.858919	-0.056505	-0.928078	-1.967603	0.363805	1.017045	-0.426890	1.826171	0.811669	-1.338826	1.037137	1.160334	0.632236	2.310141	2.797115	2.100182	0.897404	0.938320	0.757440	1.916190	-1.135361	0.354635	-0.426153	1.201605	-0.549173	0.245808	-0.128541	-0.051182	1.520374	-0.419064	0.779012	0.277861	2.284925	1.997778	0.842931	1.242981	-0.642738	-1.375138	1.770923
1.760034	-0.856118	0.976594	1.318127	-0.318602	-0.795949	-0.543737	1.099342	0.336505	0.249727	1.811917	1.549074	0.142195	-0.362761	1.561577	-0.628709	-0.540207	-0.523115	-1.575365	-1.215325	1.456809	0.682848	-1.047468	0.831136	1.955276	-1.893126	1.945288	1.387534	0.405186	2.707434	1.906111	0.551280	0.440912	0.430971	1.523227	0.571249	-2.063171	0.987623	-0.356402	-0.669283	-1.552212	0.143178	-1.171317	-0.454858	0.749890	-0.530300	0.136958	-0.250780	1.673649	1.530431	0.777414	1.545187	0.343014	-0.085240	0.385298
1.933681	-0.812473	-0.245534	1.895540	-0.548743	-0.949483	-0.745406	1.377139	1.128664	-0.602628	2.451984	1.615099	0.802207	0.796504	0.775386	-0.298010	-0.523267	-1.258105	-1.899926	-0.261208	2.176623	0.332658	-1.524033	-0.145587	2.046129	-1.810884	2.035781	1.288181	-0.085853	1.807008	0.514360	-1.455002	-0.201750	-0.523785	0.648824	-1.334614	-1.614511	0.284739	-0.481409	-2.539874	-1.813597	-0.195566	-2.000278	-1.119574	-0.522454	-0.566700	-0.266579	-1.039022	0.607073	0.998618	0.371608	1.356190	0.948730	0.943848	-0.586802
1.245082	-0.742000	-0.746474	1.820987	-0.641727	-0.981463	-0.602267	0.784470	0.907351	-1.222371	2.383730	1.153993	0.258938	0.976506	-0.456469	-0.175940	-0.451203	-1.589987	-1.901768	-0.090104	1.998247	0.116868	-1.569389	-0.708614	1.402720	-1.236098	1.414611	1.048656	-0.393634	0.658253	0.102911	-2.470493	-0.644881	-1.329524	-1.140473	-2.350894	-0.832094	-1.187372	-0.669122	-2.973819	-1.408764	-0.537252	-1.899217	-1.447625	-1.143630	-0.577039	-0.501903	-1.240779	-0.276707	0.620421	-0.487753	1.002542	0.512355	0.703632	-0.436303
0.398627	-0.250009	-0.247926	1.111283	-0.223116	-0.863971	-0.147497	-0.097639	-0.120044	-0.915933	1.612896	0.580061	-0.847742	0.490593	-1.085039	-0.417365	0.035319	-1.095709	-1.470763	-0.238653	1.142323	-0.027326	-0.985519	-0.593779	0.809629	-0.539956	0.637528	1.064069	0.072127	0.119497	0.621880	-1.880043	-0.301358	-1.187185	-1.987389	-1.856591	-0.717715	-1.919014	-0.501889	-1.814710	-0.438938	-0.445203	-0.859365	-0.903438	-0.621662	-0.373458	-0.463024	-0.548194	-0.598693	0.189188	-1.249233	0.646801	-0.140521	-0.346998	0.137045
0.072693	0.821871	0.346887	0.168635	0.656184	-0.288291	0.163545	-0.437749	-1.073946	-0.095756	0.608275	0.115146	-1.557777	0.256322	-0.738953	-1.073856	0.567801	-0.435901	-0.868852	0.239424	0.167998	-0.467044	-0.346304	0.066879	0.613190	-0.053083	0.174168	1.546034	1.331917	0.265274	0.934785	-0.466296	0.707691	-0.044305	-1.197073	-0.649611	-1.286191	-1.516775	-0.111559	-0.511245	0.865231	-0.005348	0.226782	0.035978	0.295077	0.039526	-0.097178	0.330201	-0.311785	-0.258356	-1.134141	0.543757	0.057665	-1.007688	0.104534
0.330973	1.687749	0.144928	-0.473866	1.382563	0.647763	0.092047	-0.180513	-1.332700	0.208466	-0.079147	-0.206982	-1.720234	0.568852	-0.045414	-1.681108	0.639062	-0.442968	-0.613240	1.152400	-0.543001	-1.196672	-0.267818	0.699439	0.693853	0.172628	0.139443	2.218338	2.563922	0.772491	0.607061	0.557309	1.381407	0.994128	0.166816	0.231596	-1.813083	-0.838982	0.093117	-0.314183	1.784343	0.235629	0.496393	0.278896	0.489443	0.343903	0.316132	0.663304	0.350266	-0.297763	-0.104437	0.862334	0.912604	-0.733876	-0.450531
0.665325	1.357622	-0.591220	-0.508487	1.382554	1.285163	0.070025	0.081569	-0.905690	-0.186420	-0.236052	-0.258650	-1.685777	0.889663	0.306146	-1.351520	0.482208	-0.871737	-0.813318	1.319052	-0.925072	-1.508597	-0.404082	0.792366	0.919738	0.357658	0.353509	2.435952	2.733582	1.241343	0.291094	0.850430	0.961338	0.795980	0.917202	0.675428	-1.707587	-0.438583	0.118035	-0.758340	1.528222	0.021276	0.048906	-0.461414	-0.315528	0.363755	0.512919	0.672781	0.986752	0.257735	0.860151	1.126979	1.296567	-0.022696	-0.602703
0.412679	-0.033050	-1.019282	-0.230610	0.705596	1.097300	0.567802	-0.076975	-0.299291	-0.427030	-0.249344	-0.032815	-1.508224	0.629503	0.340386	0.114556	0.724019	-0.758623	-0.917330	0.267274	-1.186876	-0.894067	0.043354	0.384777	1.062327	0.698491	0.383389	1.606215	1.486215	1.061789	0.346032	1.011892	-0.166753	-0.354338	0.975605	1.114511	-1.012650	0.031961	0.233000	-0.497958	0.277528	-0.323050	-0.281320	-1.202182	-1.400968	0.294734	0.644065	0.992747	1.155353	0.846778	0.669780	0.470254	0.661502	0.400577	-0.082678
-0.710153	-1.172445	-1.050118	-0.434571	-0.144851	0.314548	1.248996	-0.575951	-0.133597	0.002680	-0.846952	-0.018449	-1.069974	-0.163516	0.383709	1.524925	1.352448	0.167176	-0.335720	-0.973677	-1.661628	0.002965	1.031410	-0.054882	0.582255	1.104498	-0.256291	-0.246240	-0.486767	-0.261730	0.118811	1.516913	-1.008350	-1.051468	0.734330	1.540033	-0.178458	0.726925	0.363364	0.769392	-0.684145	-0.405533	0.040043	-0.933346	-1.860065	0.334207	0.949712	1.551876	0.630933	0.600419	-0.655382	-1.172900	-0.358186	0.358870	0.333322
-2.182721	-1.005905	-1.326658	-1.552973	-0.760937	-0.278957	1.296408	-1.118802	-0.605201	0.482941	-2.189272	-0.766826	-0.691328	-0.837781	0.310395	1.415592	1.627216	1.071613	0.799796	-1.096600	-2.404426	0.000878	1.624409	-0.164239	-0.773548	1.307974	-1.534657	-2.146312	-1.864230	-2.211533	-0.909965	2.004645	-1.081799	-0.563707	0.151515	1.519022	0.446589	0.908017	0.177706	1.900669	-0.309028	-0.237627	0.715492	0.091091	-1.357351	0.369761	1.193793	1.658079	-0.256877	-0.618794	-1.815360	-2.576150	-0.839968	0.112822	0.107275
-2.891089	0.149096	-1.886204	-2.839725	-0.914849	-0.049983	0.557160	-1.458677	-1.192223	0.255790	-3.273239	-1.963666	-0.842711	-0.704189	-0.283204	-0.139364	1.059140	1.084013	1.735422	-0.039832	-2.866752	-1.048263	1.218587	0.008235	-2.224798	1.214706	-2.625713	-2.717641	-1.676450	-3.272913	-2.020952	1.783442	-0.642121	0.306331	-0.868724	0.959966	0.807263	-0.011996	-0.284857	1.769525	1.037355	-0.032484	1.132101	0.760016	-0.270465	0.222786	0.913230	1.070614	-0.759861	-1.832649	-1.498229	-2.457789	-0.603871	-0.145806	-0.195023
-2.121092	1.157589	-1.674430	-2.809449	-0.304775	0.981426	-0.158951	-1.405010	-1.100196	-0.336536	-2.788948	-2.450100	-1.210964	0.331616	-1.269908	-1.471379	0.027292	0.313124	1.929106	1.124345	-2.277846	-1.902872	0.230691	0.233282	-2.505410	1.010726	-2.612071	-1.479695	-0.160718	-2.485245	-2.046398	0.854266	-0.016260	0.416035	-1.760479	0.308297	0.960553	-1.236011	-0.560246	0.584489	2.131268	0.199053	1.130032	0.573646	0.677652	-0.011384	0.305905	0.388307	-0.517570	-1.865576	0.171113	-0.989927	-0.136348	-0.377088	0.158149
-0.403048	1.427626	0.069090	-0.852439	1.165847	2.124800	-0.098239	-0.907704	-0.139105	-0.276727	-0.744793	-1.497976	-0.810802	1.541496	-1.874853	-1.234345	-0.717052	-0.398445	1.554868	1.495983	-0.583189	-1.375364	-0.505101	0.473403	-1.339527	0.888305	-1.522522	0.491320	1.379628	-0.695933	-0.930897	0.120416	0.749302	-0.245481	-1.730204	0.000558	0.947574	-1.218159	-0.389556	-0.437847	2.321104	0.584269	1.057207	0.135774	0.951125	-0.091344	0.310681	0.264607	-0.104394	-0.639581	1.706508	0.418141	0.188426	-0.451491	0.866676
0.895547	1.326811	2.380885	1.762532	2.762813	2.485821	0.536102	-0.248079	1.013392	0.658389	1.257032	0.230912	0.627092	1.903193	-1.529823	0.147248	-0.824705	-0.452929	1.132532	1.078954	1.184425	0.274195	-0.565095	0.818328	0.127101	0.827909	-0.358111	1.534538	1.752366	0.311751	0.190941	0.393527	1.508630	-0.752083	-0.813580	0.082589	0.883750	0.410779	-0.018769	-0.418939	1.908434	1.027956	1.176987	0.146824	0.529327	0.016934	1.336994	0.635512	-0.413366	0.692547	1.852692	0.723823	0.385433	-0.212288	1.070485
0.934828	1.361939	3.295587	2.984674	3.254874	1.703958	0.965245	0.113051	1.531703	1.499743	1.693410	1.348583	1.961306	1.095666	-0.559261	1.173216	-0.471065	-0.036604	0.860237	0.392539	1.817179	1.665639	-0.099887	1.122620	0.605498	0.715166	0.002149	1.036898	0.918749	-0.175909	0.417088	1.324223	1.793159	-0.533001	0.022343	0.347263	0.921861	2.123511	0.206346	0.394787	1.351686	1.170205	1.238111	0.438930	-0.180961	0.106067	2.317240	0.912340	-1.506838	0.997276	0.772305	0.186897	0.444669	0.187950	0.668946
0.176827	1.415626	2.043199	2.147044	2.261094	0.328297	0.769631	0.031976	1.205340	1.239684	0.702800	1.193672	1.852784	-0.099238	0.153464	0.917061	-0.026275	0.164971	0.472224	-0.120490	1.216945	1.743551	0.376822	1.036297	-0.000864	0.472360	-0.346219	-0.129742	-0.184287	-1.174238	0.014904	1.658366	1.304292	0.082337	-0.067777	0.525129	0.951446	2.031069	0.184929	1.042298	0.750659	0.750515	0.706890	0.326772	-0.694224	-0.019404	1.800852	0.676935	-2.382478	0.311700	-0.472140	-0.220464	0.156499	0.307015	0.321999
-0.320202	1.017889	-0.092676	0.557577	0.755589	-0.674321	0.105819	-0.167992	0.374263	-0.060613	-0.352165	0.281804	0.382461	-0.642140	0.060651	-0.319376	0.153392	-0.302541	-0.245429	-0.241316	0.428632	0.633005	0.268519	0.455501	-0.777940	-0.008781	-0.684516	-0.750250	-0.693631	-1.347824	-0.192508	0.646433	0.348504	0.514806	-0.883020	0.317238	0.567911	-0.034181	-0.070778	0.793387	0.138841	-0.063284	-0.543547	-0.330452	-0.722007	-0.375312	-0.090912	-0.050777	-1.997904	-0.438839	-1.142896	0.101685	-0.424660	-0.074543	0.212739
-0.178559	0.136047	-1.358407	-0.279446	-0.200787	-0.839701	-0.721223	-0.159208	-0.524653	-1.433130	-0.564526	-0.556509	-1.001691	-0.416882	-0.546700	-1.537493	-0.137612	-1.068485	-0.915527	0.017508	0.277399	-0.701645	-0.565941	-0.335900	-0.969999	-0.784676	-0.585807	-0.557374	-0.518661	-0.483865	0.053523	-1.062978	-0.538958	0.652936	-1.362267	-0.397117	-0.330213	-2.206421	-0.496336	-0.268715	-0.305232	-0.709262	-1.767438	-0.779735	-0.242920	-0.765909	-1.639841	-1.035467	-0.407904	-0.668586	-1.203950	0.899836	-0.704064	-0.576364	-0.266792
-0.014970	-0.655438	-1.439678	-0.455846	-0.726693	-0.562165	-1.458762	-0.008374	-1.046520	-1.936654	-0.245654	-1.025595	-1.055814	-0.221936	-0.862814	-1.832106	-0.710245	-1.122458	-0.798234	0.303903	0.363594	-1.330497	-1.397012	-1.012745	-0.614013	-1.539315	-0.236925	-0.303892	-0.149445	0.532574	0.273475	-2.091067	-1.192721	0.747366	-0.623509	-1.208533	-1.062673	-2.392164	-0.768240	-1.356192	-0.546989	-0.636025	-1.816228	-0.175142	0.549859	-0.806390	-1.618991	-1.957578	1.233106	-0.717601	-0.917026	1.334906	-0.136343	-0.521465	-1.311654
-0.523388	-0.855035	-1.315951	-1.088778	-1.515807	-0.531702	-1.810746	0.005506	-0.770541	-1.335338	-0.171389	-1.270353	0.046540	-0.574591	-0.434253	-1.004050	-1.019513	0.052669	0.242512	0.120161	-0.218595	-1.036083	-1.240619	-1.429088	-0.203302	-1.649119	-0.033119	-0.736250	-0.062131	0.813938	0.029922	-1.748878	-1.727840	0.830386	1.114848	-1.379111	-0.794461	-0.358968	-0.499702	-1.644832	-0.789601	0.155856	-0.412417	1.372083	1.329772	-0.177587	-0.624350	-2.386432	1.798566	-1.165123	-0.580596	0.716591	0.977506	0.293500	-2.034630
-1.522153	-0.633741	-1.586011	-2.337280	-2.381040	-0.914442	-1.583352	-0.236828	0.200034	-0.170539	-0.580607	-1.347012	1.034084	-0.999338	0.261814	0.194461	-0.734711	1.531149	1.236420	-0.550641	-1.414915	-0.433013	-0.143069	-1.501188	-0.093575	-0.866623	-0.150033	-1.661198	-0.330689	0.245498	-0.508273	-0.674782	-2.042988	0.553828	2.578848	-0.755573	0.268639	1.980996	0.095879	-1.048991	-1.051010	0.957072	1.202054	2.697823	1.727422	0.921265	0.002715	-2.045132	1.223579	-1.884487	-0.464576	-0.755981	1.610867	1.172001	-1.647229
-2.091774	-0.534285	-1.716917	-2.931712	-2.298386	-1.189383	-0.966007	-0.622707	0.946107	0.668459	-1.040749	-1.122074	0.872658	-0.801271	0.282362	0.645809	-0.163707	1.696244	1.045930	-0.984561	-2.048879	-0.365116	0.650467	-1.189691	-0.254286	0.248180	-0.478132	-2.099948	-0.635575	-0.614124	-0.886094	-0.090421	-1.817387	-0.311463	2.531458	-0.214579	0.847537	2.407257	0.183452	-0.344465	-0.973609	0.977175	1.431730	2.679445	1.486324	1.730534	-0.128480	-1.220628	0.382224	-2.100795	-0.555624	-1.962597	1.041905	1.072334	-0.734458
-1.595589	-0.727760	-1.082354	-1.906823	-0.958207	-0.827861	-0.395484	-0.952391	0.544520	0.641687	-1.043255	-0.608035	-0.238845	-0.196037	-0.622053	0.040776	0.136084	0.182133	-0.211931	-0.459272	-1.251386	-0.980901	0.189274	-0.677489	-0.410792	0.866533	-0.758566	-1.418145	-0.626052	-1.079995	-0.965032	-0.478924	-1.037238	-1.401675	0.952204	-0.673797	0.084246	0.539293	-0.654530	-0.324592	-0.360753	0.206658	0.166586	1.373831	0.674227	1.609971	-0.399984	-0.592518	0.100309	-1.346375	-0.459948	-1.798050	-0.393497	-0.251744	-0.494997
-0.391237	-0.929433	-0.052737	-0.051103	0.506617	-0.018100	-0.115791	-1.088330	-0.764628	0.006591	-0.582310	-0.122881	-1.148755	-0.151358	-1.562300	-0.720480	0.027863	-1.515245	-1.206712	0.774938	0.401212	-1.509920	-0.973699	-0.354475	-0.381895	0.754961	-0.767601	-0.204304	-0.382286	-0.825273	-0.964955	-1.136795	-0.250270	-1.996443	-0.924820	-1.793780	-1.347177	-1.893388	-1.706625	-0.897254	0.298960	-0.617474	-1.126875	-0.145281	-0.284540	0.713299	-0.405609	-0.525924	0.447216	-0.046644	0.104495	-0.253659	-1.694926	-1.824453	-0.961041
0.552723	-0.993213	0.479616	0.961414	0.757989	0.501641	-0.026425	-1.049415	-1.686941	-0.458359	-0.168201	0.018427	-0.998125	-1.099315	-1.510734	-0.584523	-0.171022	-1.765697	-0.973463	1.640267	1.508407	-1.159499	-1.538211	-0.530563	-0.276701	0.403744	-0.479462	0.256370	-0.428070	-0.064097	-1.038427	-1.161709	-0.098855	-1.704934	-1.767802	-2.298881	-2.047129	-2.880085	-1.927021	-1.292800	0.245255	-0.952525	-1.246572	-1.010073	-0.911013	-0.171491	-0.558856	-0.788898	0.897237	0.977732	0.802442	1.453469	-2.211428	-2.396273	-0.931169
0.655277	-1.067252	0.311383	0.521655	-0.183148	0.353934	0.107990	-0.930719	-1.323571	-0.223863	-0.255391	-0.109530	-0.076248	-2.218073	-0.554240	0.424381	-0.148256	-0.598279	0.068165	1.451718	1.363868	-0.098270	-1.038796	-1.195232	-0.274213	0.412957	-0.034829	-0.527522	-1.054535	0.668648	-1.066005	-0.636418	-0.601840	-0.757877	-1.228230	-1.633950	-1.475580	-1.979078	-1.188225	-1.089348	-0.563159	-0.939960	-0.494765	-1.221246	-1.011386	-0.378103	-1.405974	-1.019898	0.983990	1.358680	0.984154	1.876945	-2.041543	-1.697117	0.192448
0.208139	-1.051916	0.044036	-0.447783	-1.064953	-0.022097	0.449742	-0.689199	-0.192749	0.496500	-0.671157	-0.118252	0.631848	-2.235996	0.291466	1.362044	0.194480	0.723133	0.864093	0.661875	0.488140	0.726390	-0.106250	-1.992823	-0.255729	0.913164	0.470594	-1.590415	-1.714089	0.991732	-0.880766	-0.413699	-1.058988	0.339641	0.042611	-0.638023	-0.275453	-0.277580	-0.237511	-0.644429	-1.225873	-0.845240	0.165962	-1.091034	-0.714437	0.113791	-2.687989	-1.130737	0.733184	1.318532	0.490187	0.628972	-1.498015	-0.491981	1.388261
-0.088206	-0.529715	0.091010	-0.850223	-0.967961	-0.012239	0.992044	-0.169086	0.445795	1.014898	-0.735578	0.215691	0.553954	-0.823074	0.466882	1.558471	0.824097	1.380525	0.957798	0.164947	-0.237442	0.707657	0.600248	-2.390547	0.113343	1.504303	1.044357	-1.591234	-1.491511	0.947445	-0.523778	-0.841915	-0.839912	1.202199	1.120275	-0.305826	0.662723	1.030501	0.411593	-0.458211	-0.958729	-0.561775	0.439401	-0.649011	-0.323173	0.755829	-3.362167	-1.113715	0.459225	1.136675	-0.109664	-1.192251	-0.626537	0.427656	1.332717
0.113579	0.441326	0.203652	-0.608048	-0.284467	0.341840	1.526213	0.567872	0.123887	0.946974	-0.022895	0.686673	-0.018289	1.017541	0.488514	1.230451	1.540900	1.564255	0.639905	0.147188	-0.520294	0.239495	1.069834	-2.028929	0.857854	1.682208	1.595606	-0.377998	-0.297038	0.789194	-0.212422	-1.261046	-0.179835	1.587112	1.466587	-0.456726	0.886695	1.544177	0.934850	-0.482625	-0.162853	0.019003	0.654292	0.073279	-0.151298	0.963591	-2.626088	-0.796604	0.214882	0.805836	-0.174520	-2.015105	0.476956	0.875597	0.130483
0.564539	1.063550	0.115405	-0.329168	0.029113	0.481048	1.757827	1.132896	-0.304805	0.677961	1.053302	0.925405	-0.439429	1.939406	0.951768	0.914977	1.927932	1.647179	0.301565	0.041182	-0.602419	0.153510	1.493112	-1.059970	1.453735	1.375652	1.832151	0.846209	0.822577	0.632654	-0.084409	-0.902990	0.095986	1.346046	1.159333	-0.151259	0.359472	1.385284	1.501086	-0.282619	0.034919	0.611088	0.933244	0.675065	-0.244886	0.693163	-0.855367	-0.079697	-0.290524	0.247581	0.273735	-1.371071	1.280263	0.969354	-0.924486
0.805595	0.823570	0.087443	-0.266353	-0.181524	0.153575	1.521512	1.173814	0.226339	0.874727	1.517047	0.797085	-0.378980	1.472064	1.469980	0.704665	1.619551	1.547681	0.088806	-0.461612	-0.606153	0.678521	1.658897	-0.058437	1.316146	0.978307	1.494156	0.927322	0.895483	0.492633	0.021102	0.129073	-0.349340	0.592304	0.673182	0.851419	-0.563022	0.760472	1.706977	0.303438	-0.686552	0.880418	1.034714	0.797661	-0.198137	0.445797	0.648694	0.741826	-1.072525	-0.385957	0.631107	-0.221724	1.315126	0.768094	-0.992622
0.690396	0.310830	0.458438	-0.039693	-0.128885	-0.256732	0.864540	0.721017	1.587510	1.514676	0.808860	0.472455	0.034912	0.217721	1.192470	0.308229	0.679636	1.025920	0.026621	-0.843617	-0.312356	1.206373	1.153965	0.525149	0.501530	0.736734	0.661460	0.069562	0.261943	0.547033	0.443606	1.027174	-0.895280	-0.210225	0.382530	1.663681	-1.105579	0.042506	1.078588	0.910750	-1.328172	0.869557	0.835584	0.654827	0.419707	0.565766	0.974286	1.173027	-1.513146	-0.785793	0.463331	0.384771	0.920021	0.430654	-0.412141
0.505123	0.426971	0.996322	0.686473	0.694460	-0.237015	0.002062	0.094366	2.478093	1.746130	-0.484769	0.216894	0.490719	-0.917043	0.153675	-0.304290	-0.389769	0.172840	0.122318	-0.447104	0.385412	1.105474	0.047952	0.730109	-0.258487	0.355741	-0.236264	-0.463940	0.103996	0.958020	1.203598	1.200716	-0.720066	-0.563654	0.240992	1.405600	-0.636570	-0.203205	-0.111275	1.064293	-0.860373	0.799376	0.523672	0.726636	1.333845	0.735884	0.533126	1.033182	-1.072015	-0.790872	-0.037299	0.457714	0.860459	0.306910	0.094724
0.547945	1.065715	1.108171	1.570405	1.635783	0.237009	-0.707225	-0.391861	1.913223	0.965008	-1.086653	0.169079	0.733580	-1.414981	-0.590528	-0.702486	-1.030305	-0.601893	0.313522	0.526848	1.056894	0.500342	-0.923912	0.799359	-0.340486	-0.463918	-0.744492	0.093337	0.791094	1.325690	1.707234	0.800021	0.203872	-0.410902	-0.024465	0.355245	0.518883	0.240877	-0.926520	0.724709	0.426900	0.733829	0.332231	1.012328	1.650187	0.461298	0.434824	0.612813	-0.209862	-0.539332	-0.400102	0.518384	1.139630	0.501997	0.221731
0.658724	1.206571	0.594705	1.815452	1.554617	0.629151	-0.886372	-0.573139	0.392423	-0.271536	-0.410586	0.245345	0.623588	-1.202978	-0.344096	-0.578898	-1.016495	-0.903904	0.448389	1.051720	1.023304	0.052164	-1.005311	0.742418	0.063750	-1.309417	-0.750972	1.060718	1.295519	0.835595	1.310292	0.396259	1.064337	-0.227362	-0.465011	-0.349754	1.251812	0.812837	-0.717802	0.356250	1.302512	0.662986	0.302354	0.943795	0.912963	-0.156541	1.018629	0.319101	-0.040639	-0.346125	-0.430777	0.551391	0.811908	0.554648	-0.030775
0.383305	0.309357	-0.086276	1.031423	0.222310	0.360625	-0.483058	-0.448843	-0.678579	-0.841460	0.693117	0.221652	0.193720	-0.464465	0.264380	-0.250156	-0.581829	-0.609499	0.360771	0.369388	0.142807	0.137497	-0.192625	0.467202	0.219378	-1.376069	-0.536841	1.173146	0.598859	-0.617774	0.259201	0.333070	1.102771	-0.539887	-0.767129	-0.038302	0.904634	0.698942	0.205486	0.449277	1.074093	0.637932	0.288412	0.150626	-0.230591	-0.554472	1.441496	0.279974	-0.942375	-0.430987	-0.239165	0.218799	-0.679604	-0.072032	-0.602516
-0.326584	-0.892493	-0.297789	-0.221537	-1.256086	-0.499162	0.051656	-0.160255	-0.578431	-0.434345	0.895096	-0.037430	-0.257466	0.398462	0.147927	-0.254772	-0.236377	0.043199	0.011498	-1.096510	-0.858151	0.501658	0.722323	0.173038	-0.219944	-0.523994	-0.443372	0.211795	-0.754862	-1.860142	-0.387030	0.445863	0.449322	-1.283592	-0.599365	0.759174	0.013383	-0.165427	0.946840	0.981681	0.246977	0.602954	0.104658	-0.872884	-0.716936	-0.512779	0.857602	0.289969	-1.964104	-0.696595	0.049605	-0.295278	-2.432660	-1.178838	-1.156205
-0.834092	-1.213580	0.190299	-0.886597	-1.512146	-1.106109	0.164730	0.138576	0.116115	0.178632	0.020624	-0.400949	-0.289970	0.901256	-0.701242	-0.559652	-0.340375	0.557371	-0.382593	-2.044825	-1.041493	0.674763	0.924250	0.190538	-0.801860	0.403956	-0.503527	-0.687707	-1.165085	-1.638505	-0.051033	0.338098	0.010351	-1.697621	-0.046979	1.008050	-0.407642	-0.942828	1.000176	1.416319	-0.225231	0.346637	-0.284301	-1.123631	-0.241166	-0.371411	-0.426648	0.078559	-1.885853	-0.783755	0.332941	-0.453483	-2.891792	-1.809363	-1.087249
-0.459866	-0.392556	1.048081	-0.437091	-0.316653	-0.703610	-0.197860	0.453782	0.507775	0.263626	-0.655581	-0.529401	0.252154	0.867575	-1.144789	-0.578682	-0.740145	0.533467	-0.475588	-1.563568	-0.204249	0.496065	0.372858	0.464407	-0.838280	0.472948	-0.427926	-0.436176	-0.001457	-0.213827	0.610151	-0.139003	0.477286	-1.050130	0.407592	0.424323	-0.014320	-0.879749	0.724941	1.299128	0.017419	-0.142685	-0.677347	-0.247885	0.525865	-0.435435	-1.294240	-0.336604	-0.629005	-0.432530	0.454279	-0.141341	-1.615949	-1.229136	-0.220934
0.715017	0.619439	1.651521	0.642231	1.170305	0.342433	-0.591154	0.898385	0.418222	-0.085642	0.103437	-0.129254	0.930329	0.562058	-0.403723	-0.076212	-0.916547	0.020598	-0.222874	-0.097901	0.988390	0.159291	-0.250207	0.592873	-0.148801	-0.390728	0.064557	0.725570	1.516460	0.916268	0.683801	-0.710896	1.507755	0.447598	0.376701	-0.260270	0.673793	-0.208230	0.729458	0.764077	0.511267	-0.484952	-0.809160	0.805837	0.787813	-0.606799	-1.062865	-0.573488	0.677075	0.214731	0.383764	0.415178	0.212887	0.168306	0.749651
1.903443	0.735960	1.526735	1.403433	1.543240	0.780067	-0.646383	1.432481	0.169451	-0.469439	1.979666	0.796952	1.036442	0.280680	0.958673	0.392620	-0.559734	-0.526137	-0.059487	0.917451	1.732084	-0.111791	-0.364586	0.401386	0.872520	-1.438026	0.925794	1.622429	1.775774	0.866357	0.293050	-0.989129	2.071343	1.627999	-0.042452	-0.299728	0.944936	0.185755	0.926338	0.320748	0.542913	-0.331450	-0.622637	0.637410	0.390838	-0.713956	-0.110527	-0.277265	1.002400	0.747931	0.336802	1.182736	1.108488	1.162412	0.977134
2.441455	-0.085128	0.756821	1.348257	0.506876	-0.021985	-0.339448	1.823985	-0.103999	-0.805339	3.374941	1.902514	0.386026	0.061408	1.867127	0.292555	0.171129	-0.622337	-0.368370	0.491431	1.727712	-0.266170	-0.022871	0.135372	1.753400	-1.822553	1.776919	1.566309	0.688875	0.285168	0.275308	-0.871848	1.648399	1.482116	-0.418309	0.217969	0.505745	-0.106269	0.658466	0.289919	-0.162742	0.172963	-0.285618	-0.982257	-0.246883	-0.784949	0.604367	0.455847	0.518618	0.924106	0.444855	1.985473	0.745058	1.005442	0.505614
2.353795	-0.859368	0.021823	0.770321	-0.883939	-1.171251	0.316265	1.937477	-0.346271	-0.963581	3.130019	2.681772	-0.382570	-0.009962	2.036879	-0.017289	0.991198	-0.103845	-0.862317	-0.893558	1.158866	-0.331626	0.431963	0.055151	2.275680	-1.163298	2.194737	0.985571	-0.334180	0.256671	0.804587	-0.525075	0.847950	0.234555	-0.462084	0.773472	-0.342974	-0.563281	-0.122080	0.640140	-1.195332	0.585025	0.036498	-2.647858	-0.651857	-0.775993	0.472002	1.204984	0.171166	0.897487	0.488025	1.997893	-0.054222	0.239662	0.171212
2.004804	-0.712486	-0.005374	0.284298	-1.281673	-1.267663	1.342714	1.833325	-0.191380	-0.444436	1.614341	2.711848	-0.570810	0.377277	1.874098	0.170099	1.736947	0.706067	-0.870749	-1.828946	0.330438	-0.339930	0.832184	0.129906	2.314592	0.281955	1.965981	0.618014	-0.217672	0.816065	1.032040	-0.083659	0.611906	-0.872861	-0.312620	1.203395	-0.888274	-0.532785	-0.460668	1.157578	-1.783980	0.669675	0.274131	-2.770559	-0.627488	-0.408982	-0.240900	1.656035	0.345209	0.983282	0.264248	0.612687	-0.460700	-0.019106	0.440853
1.407885	0.183093	0.524865	0.098971	-0.360272	-0.149937	2.316142	1.462446	0.577826	0.804578	0.047285	1.827989	-0.320068	1.196718	1.415415	0.661560	2.109375	1.126524	-0.246216	-1.530219	-0.512713	-0.426482	1.049946	0.178785	1.640184	1.686777	1.123135	0.451416	0.507451	0.986741	0.219452	0.375512	0.957983	-0.823985	-0.347935	1.560848	-0.557813	-0.122901	0.281190	1.455247	-1.461736	0.495775	0.354030	-1.299089	-0.307670	0.381788	-0.721320	1.677195	0.497432	1.206496	-0.000957	-1.277266	-0.396232	0.509942	0.772155
0.243341	0.918393	0.656038	-0.157963	0.876011	0.830305	2.328636	0.604699	1.359705	1.697065	-0.806432	0.291861	-0.309162	1.673190	0.221274	0.455820	1.646934	0.709615	0.408996	-0.594281	-1.126823	-0.744297	0.818747	0.109276	0.214713	2.100293	-0.067906	-0.171379	0.517740	0.137070	-1.194361	0.631621	0.918164	0.285313	-0.675466	1.539379	0.426871	0.072715	1.250592	1.046164	-0.539328	0.223407	0.248693	0.367540	0.000286	1.116816	-0.489241	1.165081	0.198834	1.147124	-0.066556	-1.936511	-0.214246	1.023939	0.340594
-1.389986	0.930268	-0.270468	-0.835483	1.094104	0.359556	0.967462	-0.593168	1.265562	1.096995	-0.977740	-1.172030	-0.636756	1.022322	-1.539679	-0.737323	0.381777	-0.156742	0.515874	-0.129351	-1.274681	-1.102600	0.135255	-0.033269	-1.346091	1.226807	-1.080781	-1.443650	-0.554783	-1.120002	-1.929150	0.441015	-0.164127	1.472347	-0.859303	0.758700	1.071131	-0.077035	1.064497	-0.119610	0.134175	0.046680	0.143631	1.056370	0.162171	1.282234	0.132690	0.209136	-0.130462	0.362009	-0.314314	-0.937847	-0.028454	0.889547	-0.849476
-2.651374	0.457352	-1.710425	-1.632522	-0.059080	-1.305307	-0.922389	-1.376276	0.318429	-0.525069	-0.788064	-1.808352	-0.646150	-0.484277	-2.654652	-1.797685	-0.827796	-0.565652	0.158283	-0.429429	-0.962306	-0.984738	-0.453606	-0.140936	-2.042277	-0.218037	-1.361730	-2.511613	-1.686554	-1.590710	-1.216664	-0.078274	-1.670749	1.753071	-0.385201	-0.457421	0.610837	-0.096808	-0.291708	-1.292895	0.014857	0.120105	0.258961	0.904096	0.357978	0.980495	0.494359	-0.692695	0.052205	-0.964278	-1.290685	0.253484	0.356882	0.548415	-1.842933
-2.734349	-0.060932	-2.459594	-1.835649	-1.637568	-2.535451	-2.003806	-1.203713	-0.563886	-1.482742	-0.570681	-1.530293	-0.041999	-1.685626	-2.075587	-1.507091	-1.166600	-0.226632	-0.207410	-0.784153	-0.581780	-0.239644	-0.467101	-0.115178	-1.509578	-1.183707	-0.881593	-2.297300	-1.766523	-0.901156	0.310353	-0.454458	-2.373531	0.894821	0.534007	-1.249725	-0.515034	0.264051	-1.398106	-1.587812	-0.534972	0.238879	0.425268	0.687046	0.663080	0.635567	0.420558	-0.991240	0.500165	-1.918935	-2.510549	0.230398	0.933588	0.674581	-1.669675
-1.788314	-0.540215	-1.988783	-1.163779	-2.275016	-1.970009	-1.886776	-0.605348	-0.867744	-1.031052	-0.679657	-1.011933	0.491043	-1.754766	-0.286885	-0.119336	-0.870287	0.083633	-0.355139	-0.419328	-0.535535	0.477016	-0.224641	0.107775	-0.544082	-1.308343	-0.331148	-0.757168	-0.829554	0.083143	1.193665	-0.347259	-1.816313	-0.440130	0.979640	-1.234300	-1.061294	0.571325	-1.271009	-1.022729	-0.585011	-0.144535	0.184139	0.659466	0.677721	0.236667	0.351418	-0.668981	0.599070	-1.638577	-2.487520	-0.598393	1.249772	0.906262	-0.301623
-0.716032	-0.943664	-0.871059	-0.102788	-1.351362	0.141839	-1.319999	-0.586750	-1.056024	-0.206823	-1.155112	-0.867505	0.274575	-0.872504	1.076845	0.973229	-0.805391	-0.433646	-0.351919	0.704191	-0.667877	0.376419	-0.442464	0.488298	-0.253677	-1.041751	-0.432678	0.980482	0.242668	0.309617	0.636459	0.105359	-0.654730	-1.243506	0.447641	-0.844664	-0.465327	0.334451	-0.483051	-0.484182	0.363606	-1.175006	-0.510103	0.515762	0.005595	-0.515256	0.655059	-0.206510	0.344770	-0.247148	-0.522142	-0.806805	0.912728	0.276362	1.249727
-0.141607	-0.934314	0.030037	0.648663	0.470418	2.168350	-1.018075	-1.218557	-1.573918	-0.199518	-1.406768	-0.928381	-0.268437	0.235757	1.004574	0.959484	-1.166656	-1.425978	-0.263483	1.933534	-0.400385	-0.422583	-1.146125	0.735200	-0.758038	-0.856182	-1.051114	1.736356	0.797778	-0.267014	-0.699338	0.423556	0.210759	-0.994605	-0.410835	-0.633775	0.456564	-0.258826	-0.117920	-0.611105	1.714466	-2.107060	-1.059163	0.144411	-1.019678	-1.369550	0.977489	-0.029968	0.215488	1.139124	1.969243	0.039427	0.174020	-1.153266	1.796497
0.059325	-0.380058	0.365662	0.822226	1.707075	2.580340	-0.878464	-1.478692	-1.951925	-0.769881	-0.811100	-0.624863	-0.207287	0.970858	0.097640	0.389584	-1.250957	-1.786163	-0.119040	2.451223	0.400645	-0.944918	-1.526476	0.433826	-1.105770	-0.748412	-1.298957	1.326704	0.775665	-0.778639	-1.450026	0.221591	0.431684	-0.036133	-0.658091	-0.692792	0.611226	-0.594195	-0.291242	-1.109358	2.225714	-2.083454	-0.995111	-0.188064	-1.592374	-1.585976	0.609542	-0.198875	0.258966	1.482781	2.671284	0.957317	-0.283301	-1.975551	1.130743
0.229743	0.158139	0.314335	0.614317	1.336317	1.298737	-0.487312	-0.650422	-1.445003	-0.866824	0.321737	0.091394	0.487151	1.087532	-0.342039	0.190276	-0.603063	-1.069867	-0.040598	1.860561	1.066658	-0.518027	-1.000673	-0.338603	-0.565149	-0.562511	-0.637633	0.487990	0.360197	-0.581057	-0.972924	-0.369371	0.242539	0.855760	-0.357694	-0.789747	0.082536	-0.424466	-0.278802	-1.258774	1.309395	-1.240565	-0.620707	-0.280840	-1.360320	-0.984582	-0.393468	-0.491418	0.072134	0.837489	0.990293	0.945887	-0.111658	-1.142920	0.297316
0.355315	0.098603	0.224684	0.324907	-0.142229	-0.317767	0.112701	0.683127	-0.212758	-0.178261	0.944211	0.629150	0.945496	0.729202	0.158933	0.473513	0.244939	0.043336	-0.096153	0.589853	0.961601	0.457408	0.042160	-0.728595	0.374787	-0.364780	0.386417	0.000709	-0.163484	0.034090	0.123760	-0.708826	0.096837	1.201997	-0.289614	-0.667573	-0.065563	-0.042189	0.248961	-0.744352	-0.178884	-0.470230	-0.438984	-0.101879	-0.623216	-0.228061	-0.932986	-0.562372	-0.281182	0.147667	-1.125118	0.099382	0.394705	0.568669	0.410860
0.187233	-0.256276	0.309505	0.090297	-1.199562	-0.863842	0.449465	1.317991	0.690671	0.570235	0.556641	0.529460	0.766475	0.325535	0.921995	0.639532	0.453517	0.678795	-0.108386	-0.359652	0.334748	1.032275	0.754376	-0.018027	0.606186	-0.301821	0.741894	0.021558	-0.381510	0.320939	0.769612	-0.321823	0.268024	1.076349	-0.566167	-0.192660	0.643185	0.240936	0.764154	0.122211	-0.772942	-0.214299	-0.313848	0.403967	0.232828	0.139388	-0.187855	-0.183433	-0.125801	0.096691	-1.399050	-0.722768	0.734092	1.363102	1.259004
-0.321701	-0.204689	0.403369	-0.125310	-1.001241	-0.276884	0.158457	0.738982	0.438418	0.521866	-0.240310	-0.055805	0.503099	0.149825	1.078342	0.328649	-0.129786	0.589829	0.077049	-0.383029	-0.101235	0.762235	0.712395	1.241119	-0.179654	-0.371098	0.126766	0.167842	-0.139668	0.000932	0.530272	0.429760	0.556497	0.755831	-0.429588	0.417716	1.341952	0.381780	0.636989	0.704771	-0.053531	-0.172054	0.143561	1.017817	0.889948	0.208905	1.132376	0.431945	0.725007	0.419273	0.052864	-0.804380	0.673856	0.521167	1.583964
-0.900208	0.147551	0.071791	-0.329093	-0.199560	0.313600	-0.680279	-0.504197	-0.783479	-0.529274	-0.652156	-0.708130	0.567126	0.003895	0.444245	-0.134710	-0.933306	-0.019170	0.203129	0.111894	-0.160508	0.063072	0.080656	1.695308	-1.105810	-0.492032	-0.707969	0.089587	0.105122	-0.502659	-0.116471	0.698247	0.459918	0.328865	0.439569	0.568071	0.915824	0.354497	-0.106719	0.496238	0.931659	-0.178235	0.593773	0.924121	0.826867	0.049788	1.537448	0.721034	1.364235	0.454340	0.931372	-0.045980	0.282547	-0.820856	0.792078
-1.184552	0.003618	-0.769255	-0.327518	0.221337	0.104491	-1.559528	-1.481363	-2.024202	-1.957504	-0.650777	-1.177739	0.512546	-0.396806	-0.503977	-0.185479	-1.331510	-0.876335	-0.123659	0.344461	-0.223194	-0.351469	-0.716040	0.893209	-1.219218	-0.597336	-0.899172	-0.133404	-0.187642	-0.647318	-0.438472	0.231480	-0.182971	-0.250630	1.253540	-0.077208	-0.490202	0.049402	-0.889298	-0.400564	1.045204	-0.576934	0.235151	-0.488117	-0.317828	-0.622137	0.630906	0.435364	0.840350	0.088014	-0.194563	1.035238	-0.218931	-1.107136	-0.258119
-0.998700	-0.747919	-1.492127	0.076160	0.262238	-0.391222	-1.813707	-1.684806	-2.334623	-2.614281	-0.745562	-1.335585	-0.060039	-0.884024	-1.100162	0.362391	-1.101950	-1.539088	-0.714552	0.210182	-0.464585	-0.188309	-1.161059	-0.158579	-0.616441	-0.551135	-0.477559	-0.178803	-0.806560	-0.377487	-0.234345	-0.263516	-0.880846	-0.828923	1.163299	-0.916292	-1.482679	-0.365469	-1.153412	-1.132239	0.396857	-1.420480	-0.850188	-2.382927	-1.944996	-1.657997	-0.453772	0.032807	-0.527727	-0.179027	-1.902189	1.588167	-0.517115	-0.188545	-0.434982
-0.507202	-1.120620	-1.365064	0.663524	0.528821	-0.152081	-1.096810	-1.260265	-1.427260	-1.698539	-1.124725	-1.028921	-0.608034	-1.027394	-0.879379	1.110722	-0.424517	-1.413789	-0.805375	0.224250	-0.615822	0.270654	-0.823242	-0.359140	-0.178634	-0.193830	-0.205345	0.019277	-0.979856	-0.093672	0.085276	0.023367	-1.029378	-1.016590	0.383519	-0.846052	-0.996881	-0.360950	-0.761501	-0.779265	-0.041730	-1.914974	-1.436159	-2.890610	-2.683514	-2.069364	-0.542131	0.122719	-1.448444	-0.003422	-1.759199	1.027465	-0.373919	0.646209	0.247102
-0.109133	-0.405610	-0.449826	0.826210	0.992620	0.819101	0.209022	-0.680889	0.083272	0.307671	-1.375236	-0.282282	-0.477274	-0.734997	0.032043	1.292127	0.278606	-0.418957	-0.074020	0.489229	-0.514000	0.538658	0.146696	0.170807	-0.377025	0.371419	-0.510729	0.120786	-0.449633	-0.114741	0.116482	1.024475	-0.608652	-0.625386	-0.220673	0.400801	0.404438	0.270561	-0.079432	0.557959	0.165896	-1.239751	-0.686069	-1.260605	-1.750852	-1.107633	0.224559	0.623211	-1.165506	0.341894	0.373687	-0.354822	0.034144	0.335753	0.779231
-0.081580	0.658276	0.417577	0.186876	0.892951	1.323341	1.178327	-0.269592	1.139749	1.873289	-1.036723	0.471507	-0.153187	-0.309642	0.758120	0.347619	0.575724	0.618497	0.734897	0.332134	-0.441978	0.310713	0.855233	0.456240	-0.729257	0.712162	-0.903000	-0.204836	0.132580	-0.297298	-0.065183	1.794015	-0.138066	0.023658	-0.288194	1.692454	1.123561	0.879803	0.280474	1.594779	0.420390	0.286747	0.624650	0.996351	0.135222	0.586303	0.702630	0.773012	-0.206303	0.386323	2.072980	-1.497435	0.124395	-0.703066	0.400396
-0.320444	0.786865	0.553168	-0.931228	-0.116304	0.505493	1.198300	0.020786	1.217106	1.977278	-0.234065	0.660568	-0.624001	0.026331	0.409653	-1.331040	0.398176	0.830773	0.723235	-0.695923	-0.731828	-0.351829	0.560239	-0.065986	-0.520031	0.546784	-0.609346	-0.833055	0.090687	-0.253541	-0.156749	1.448499	-0.046350	0.462928	-0.165728	1.676175	0.411446	0.637954	0.049338	1.174060	0.013409	1.424409	1.078711	1.793522	1.481927	1.586437	0.100496	0.054980	0.404623	0.049213	1.464411	-1.561061	-0.408579	-1.176295	-0.656883
-0.500936	-0.020813	0.105929	-1.772770	-1.294291	-0.897839	0.653975	0.413995	0.790526	1.179882	0.395462	0.180798	-1.624285	0.326522	-0.753356	-2.371794	0.222132	0.492430	0.129484	-1.870588	-1.222834	-0.967703	-0.264372	-0.980153	0.233256	0.231419	0.384434	-1.279913	-0.373912	0.119923	-0.094325	0.150278	-0.271752	0.636593	-0.151513	0.419905	-0.763309	-0.291584	-0.322787	-0.307726	-0.849820	1.480731	0.516254	0.940138	1.557571	1.370691	-1.137771	-1.069764	0.299278	-0.392576	-0.542680	-0.788285	-0.989594	-0.479708	-1.493909
-0.440425	-0.396283	-0.248859	-1.800929	-1.578033	-1.400054	0.495375	0.910887	0.635153	0.728291	0.411908	-0.401808	-1.695272	0.620148	-1.388763	-1.708213	0.602828	0.661199	-0.020797	-1.954983	-1.314342	-0.880151	-0.347103	-1.408991	0.821210	0.441040	1.214847	-1.196180	-0.505852	0.496584	0.007622	-0.905423	-0.440794	0.798721	-0.101933	-0.610828	-1.010508	-0.822139	-0.165870	-1.217982	-1.291261	1.065099	0.140855	0.129896	0.973282	0.809442	-1.744851	-1.538623	-0.066298	-0.728066	-1.715442	-0.152707	-0.702085	0.669912	-1.392162
-0.190377	0.455920	-0.120733	-1.049729	-0.785212	-0.699870	1.059946	1.130366	0.867703	0.903235	0.054889	-0.393497	-0.290449	0.709058	-0.658164	0.065420	1.431176	1.556402	0.467716	-0.783264	-0.605952	0.099894	0.728789	-0.903484	0.801404	1.276791	1.118159	-0.649679	-0.017860	0.571699	0.204340	-0.725935	-0.285821	0.924478	0.160491	-0.353433	-0.292964	-0.332882	0.485166	-0.561618	-0.934319	1.086602	0.673388	0.569745	0.741766	0.864506	-0.961917	-0.819912	-0.184673	-0.954761	-1.332533	-0.209810	0.423848	1.118579	-0.447186
0.171425	1.519484	0.259742	0.005866	0.235572	-0.061122	1.655272	0.677063	1.033054	0.910768	-0.094541	0.299321	1.238467	0.423425	0.671090	1.198955	1.937978	2.076674	0.566467	0.410208	0.575963	1.278073	1.862966	0.116578	0.596220	2.009941	0.326916	0.058175	0.619274	0.498403	0.635219	0.275542	0.151601	0.602561	0.479837	0.580663	0.190910	0.507418	0.835981	0.869416	-0.415404	1.469414	1.288695	1.541447	1.067817	1.389911	0.549805	0.483850	-0.094044	-1.090335	-0.589056	-0.591482	1.145084	0.499256	0.488325
0.646771	1.309568	0.466388	0.810949	0.610916	-0.514219	1.480772	-0.278195	0.930617	0.301433	0.190827	1.058488	1.347940	-0.047349	1.121615	0.771018	1.588663	1.315222	-0.390645	0.497360	1.407585	1.600700	1.758177	0.740393	0.891802	1.915523	-0.207414	0.694006	0.900099	0.644817	1.097229	0.675487	0.633699	-0.399172	0.561545	0.813661	-0.232917	0.598058	0.386947	1.494805	-0.469198	1.432272	0.896793	1.625563	1.322792	1.570031	1.311924	1.262792	-0.126752	-1.075252	-0.492728	-0.623778	0.439585	-0.530727	0.565753
1.151029	-0.030605	0.422056	1.051575	0.362064	-1.299475	0.616146	-0.960931	0.798820	-0.329013	0.609669	1.167304	0.201539	-0.266665	0.239498	-0.373621	0.684485	-0.121205	-1.461339	-0.156685	1.364575	0.700557	0.452500	0.403497	1.569436	1.089212	0.043267	1.132044	0.891819	0.926547	1.021261	-0.256988	0.931392	-1.699015	0.289621	-0.039153	-0.837110	-0.245645	-0.317992	0.751533	-0.791710	0.771987	-0.183992	0.589721	0.986232	1.076105	0.589789	0.985204	-0.332638	-0.854990	-0.470451	-0.112601	-1.101664	-1.096692	-0.251975
1.393619	-0.863813	0.401386	0.777804	0.246220	-0.740972	-0.210742	-0.742265	0.672860	-0.333217	0.798864	0.496269	-0.807168	-0.030313	-0.969549	-0.833382	-0.129285	-0.909957	-1.124095	-0.227697	0.699485	-0.722893	-0.861301	-0.625386	1.638005	0.181739	0.558872	1.234312	0.940738	0.698877	0.048574	-1.637390	0.926582	-2.480238	-0.218011	-1.085580	-0.633151	-1.125443	-0.349985	-0.496331	-0.323196	0.134060	-0.636489	-0.553744	0.165781	0.268952	-0.834839	0.025806	-0.417547	-0.413356	0.510254	0.568388	-1.840932	-0.933976	-1.165681
1.111691	-0.234973	0.622479	0.293316	0.822150	1.477363	-0.566367	0.153347	0.169730	-0.023223	0.747516	-0.398192	-0.829373	0.382387	-1.269096	-0.248407	-0.637391	-0.679563	0.733605	0.870923	0.095176	-1.595912	-1.211025	-1.501308	0.460568	-0.401999	0.469705	0.906832	1.095934	-0.395327	-1.403634	-2.020061	0.654645	-2.015862	-0.654648	-1.403190	0.288766	-1.086613	0.398734	-1.122872	1.266968	-0.016364	0.043060	-0.943495	-0.729980	-0.434616	-1.515901	-0.882348	-0.176214	0.223614	2.142825	0.936243	-0.966627	-0.389668	-1.353416
0.429152	0.957594	1.001113	-0.083238	1.780998	3.541119	-0.610836	0.904403	-0.762495	-0.112611	0.650318	-0.805017	-0.132832	0.533753	-0.542099	0.603083	-0.998946	-0.185714	2.501063	2.249563	-0.030550	-1.431143	-0.616242	-1.479122	-1.204677	-0.658671	-0.273129	0.293832	1.124794	-1.629829	-2.262272	-1.104325	0.321812	-0.246045	-0.624461	-0.942012	1.101832	-0.067524	1.078083	-0.824860	2.817222	0.019431	0.967196	-0.612585	-1.289686	-0.783713	-0.824020	-1.256394	0.264763	0.860518	2.929939	0.830521	0.662729	0.166584	-0.766774
-0.183993	1.270615	1.251817	-0.214944	2.179091	3.342753	-0.574922	0.991531	-1.315954	-0.513417	0.507687	-0.500574	0.677855	0.308923	0.232112	0.879008	-1.167633	-0.039855	2.592624	2.496768	0.178011	-0.612366	0.267135	-0.503849	-1.843283	-0.564876	-0.790833	-0.273124	0.895626	-1.744205	-1.698258	0.031411	0.148515	1.861574	0.005026	-0.206783	1.429653	1.122655	0.921909	-0.083497	2.750557	-0.126224	1.147822	0.040698	-1.053248	-0.479760	0.494409	-1.058734	0.648369	1.106817	2.058282	0.468249	1.579519	0.643147	-0.065027
-0.398589	0.484129	1.092818	-0.172657	1.335325	0.867459	-0.397602	0.584868	-0.625019	-0.398470	0.110046	0.088712	1.199217	-0.094440	0.248634	0.455182	-0.871714	-0.017640	1.107997	1.116325	0.285964	0.142827	0.776036	0.683084	-0.923760	-0.069748	-0.427966	-0.613113	0.410538	-0.447145	-0.064061	0.377787	0.080740	2.745824	0.769347	0.386411	1.447545	1.607516	0.054843	0.486147	0.807311	-0.212951	0.631012	0.767347	0.150107	0.495155	1.177554	-0.600675	0.826794	0.739846	0.422101	0.118522	1.206090	0.951738	0.209854
-0.349590	-0.487807	0.409943	-0.091465	-0.435119	-1.678592	-0.011112	0.084539	0.954439	0.504369	-0.542126	0.348872	1.103816	-0.564259	-0.163721	-0.185931	-0.183174	0.256854	-0.458622	-1.008116	0.048419	0.509715	0.570632	1.148907	0.424430	0.454727	0.357584	-0.840670	-0.389769	1.068302	1.262007	0.208093	-0.206356	1.573693	0.923123	0.669206	1.063358	1.190211	-0.824693	0.580179	-1.587359	0.122399	0.047306	1.226144	1.569069	1.304085	0.784402	-0.268761	0.753218	0.069800	-0.514249	-0.212774	0.147180	0.804791	0.216897
-0.367129	-0.942723	-0.607691	-0.031170	-1.992889	-2.230430	0.329813	-0.354699	1.936412	1.307307	-1.039558	0.081677	0.227975	-1.143152	-0.125332	-0.554537	0.344844	0.576856	-0.923796	-2.410937	-0.346960	0.681323	-0.212648	0.657669	0.746448	0.337176	0.586181	-1.062668	-1.421108	1.453571	1.264430	0.475739	-0.845190	-0.761984	0.268092	0.611816	-0.075753	0.363507	-1.239163	0.265926	-2.710578	0.626728	-0.350798	0.918175	1.923932	0.858901	0.039464	-0.201833	0.433394	-0.350634	-0.400422	-0.625759	-0.666471	0.078428	0.405225
-0.509323	-0.912879	-1.470144	0.002558	-2.358242	-0.984490	0.263283	-0.714987	1.335574	1.019602	-0.995257	-0.396381	-1.002618	-1.653369	0.423307	-0.625900	0.306813	0.479061	-0.491253	-2.273381	-0.498743	0.804928	-1.007504	-0.145970	-0.045954	-0.512423	0.036050	-1.079384	-2.076620	0.725386	0.399575	1.245495	-1.422331	-2.323803	-0.546439	0.280227	-1.607593	-0.308877	-1.216194	-0.189300	-2.077911	0.732997	-0.674782	-0.079456	0.922059	-0.650266	-0.194999	-0.262720	0.039280	-0.406384	-0.071823	-0.891945	-0.798340	-0.783816	0.686590
-0.533019	-0.599195	-1.666596	-0.011038	-1.532519	0.195782	-0.217282	-0.859515	-0.182503	-0.150189	-0.548238	-0.689024	-1.688548	-1.643395	0.549663	-0.729302	-0.077649	-0.040993	-0.136777	-0.987087	-0.240430	0.624827	-1.252202	-0.512150	-0.764886	-1.260429	-0.527371	-0.604968	-1.601052	0.021548	-0.042737	1.434532	-1.335496	-2.014949	-0.749019	-0.197065	-2.327116	-0.667922	-1.001423	-0.550919	-0.574248	0.383916	-0.825008	-0.791150	-0.196780	-1.606066	0.032281	-0.325046	-0.067606	-0.469224	-0.186776	-0.530754	-0.419372	-1.102410	0.486124
-0.274923	-0.097428	-1.069678	-0.032229	-0.335183	0.200821	-0.692715	-0.666008	-1.152813	-1.041732	-0.177020	-0.676222	-1.306125	-0.975062	-0.235836	-0.931664	-0.331930	-0.532627	-0.300316	0.372336	0.209974	0.010733	-0.885974	-0.312094	-0.575310	-1.101288	-0.433915	0.237790	-0.138794	0.054415	0.399426	0.414158	-0.523283	-0.601058	-0.316921	-0.653806	-1.563661	-0.813561	-0.753287	-0.699756	0.618898	0.019884	-0.577365	-0.480485	-0.252660	-0.960343	0.102657	-0.378568	0.274167	-0.671018	-0.425132	0.451396	0.003899	-0.754798	-0.254230
0.121140	0.278656	-0.071332	0.115584	0.455780	-0.212172	-0.728325	-0.282331	-1.016603	-0.963783	-0.070003	-0.430763	-0.272797	-0.190629	-1.033261	-0.761838	-0.340863	-0.674233	-0.522823	1.033752	0.555216	-0.455190	-0.328969	0.112843	0.059404	-0.278953	0.040972	0.876850	1.030013	0.383141	0.856957	-0.796750	0.381548	0.282235	0.100736	-0.855745	-0.186523	-0.754180	-0.504065	-0.555768	0.978192	-0.144900	-0.124205	0.192040	0.273449	0.272037	-0.066325	-0.328130	0.630228	-0.556712	-0.176829	1.218156	0.048272	-0.338948	-0.667661
0.388982	0.127680	0.724930	0.527056	0.664274	0.120559	-0.300545	-0.006433	-0.455416	-0.342166	0.007497	-0.044288	0.533547	0.062935	-0.710634	0.113475	-0.330191	-0.545686	-0.284464	0.984983	0.706999	-0.081723	0.004769	0.467501	0.235463	0.291287	0.191110	0.873313	0.832312	0.287965	0.441714	-0.753709	0.727524	-0.070770	0.035081	-0.632066	0.398243	-0.448287	-0.259939	-0.125904	0.717141	-0.302845	0.046182	0.019150	0.096554	0.392286	0.034644	-0.026609	0.391000	0.201599	0.488585	0.974838	-0.355869	-0.390446	-0.049620
0.423155	-0.374947	0.951892	0.906903	0.524797	0.952266	0.184741	0.059724	-0.183893	0.083615	0.206186	0.315362	0.689128	-0.160206	0.394507	1.103332	-0.376819	-0.361415	0.214261	0.635331	0.691384	0.766689	0.055178	0.590805	-0.107301	0.228056	-0.078898	0.414896	-0.231421	-0.171445	-0.468344	0.308314	0.501150	-0.854217	-0.297314	-0.171704	-0.003147	-0.070229	-0.054353	0.315984	0.299324	-0.508510	-0.149894	-0.878825	-0.789084	-0.560429	0.438123	0.360212	-0.305211	1.050689	0.909034	0.067895	-0.788717	-0.682190	0.978877
0.310509	-0.521350	0.637447	0.761189	0.247715	1.001154	0.292738	0.066075	-0.135211	0.133793	0.331924	0.404483	0.441913	-0.241938	0.835579	1.148033	-0.282596	-0.195604	0.347958	0.296080	0.477226	0.894805	0.007500	0.334884	-0.256050	-0.027238	-0.207452	0.055033	-0.685822	-0.346227	-0.742979	0.696054	0.166483	-0.861150	-0.382831	0.055782	-0.348995	0.067692	0.082929	0.359332	0.014093	-0.476153	-0.281340	-1.098949	-1.051100	-0.939432	0.423919	0.381292	-0.612020	1.034034	0.629085	-0.361227	-0.694069	-0.563658	1.074574
0.160693	-0.048681	0.034774	0.034059	-0.087396	-0.120301	-0.003275	0.134466	-0.006948	0.032192	0.243294	0.186556	0.138849	0.094717	0.099792	0.079563	0.042132	-0.024787	-0.051691	0.025946	0.079866	-0.075158	-0.009020	-0.267225	0.121350	-0.083126	0.091889	0.016290	-0.029216	-0.000147	-0.065634	-0.277182	-0.002424	0.105574	-0.088765	-0.114161	-0.041407	-0.096632	0.165728	-0.053958	-0.123493	-0.088113	-0.100891	-0.080660	-0.129611	-0.021337	-0.326809	-0.083601	-0.187987	0.019857	-0.196336	0.094602	-0.016937	0.127644	-0.067702
