X1	X2	X3	X4	X5	X6	X7	X8	X9	X10	X11	X12	X13	X14	X15	X16	X17	X18	X19	X20	X21	X22	X23	X24	X25	X26	X27	X28	X29	X30	X31	X32	X33	X34	X35	X36	X37	X38	X39	X40	X41	X42	X43	X44	X45	X46	X47	X48	X49	X50	X51	X52	X53	X54	X55
-0.028968	-0.062570	-0.120728	-0.183745	-0.115499	-0.071711	-0.086397	0.036655	-0.137381	-0.108438	0.050127	-0.132253	-0.239150	0.092346	-0.077601	-0.146237	-0.006989	0.016865	-0.032132	-0.123070	-0.178317	-0.228538	-0.126125	-0.187618	0.122148	-0.054410	0.072094	-0.065089	-0.089584	-0.147347	-0.191208	-0.100775	-0.029064	-0.194630	-0.172124	-0.089521	0.091864	-0.078501	-0.073218	-0.030365	-0.035729	-0.030325	-0.119746	-0.020222	-0.174016	-0.149491	-0.247390	-0.050220	0.022355	-0.290189	-0.090613	0.116639	-0.007838	-0.025455	-0.013749
0.397254	-0.317992	0.597854	0.052721	-0.060711	-0.485648	0.206324	0.388825	0.922523	0.391525	1.650691	0.952695	0.842235	-0.187646	1.021206	0.948522	-0.006929	-0.127846	-0.818162	0.109691	0.582030	1.078056	0.787354	0.655608	0.925600	0.032527	0.188622	0.738554	-0.001429	1.044111	1.038495	0.050979	0.167751	-0.111872	0.915199	0.635716	-0.532387	0.170553	0.646749	0.811969	-0.520925	-0.057998	-0.095703	0.142907	0.241238	0.445710	0.608040	1.171262	0.546224	1.122105	0.327269	-0.485782	0.410044	-0.233075	0.395780
0.129016	-0.284157	0.525703	0.021779	-0.314172	-0.554555	-0.119479	-0.015640	0.604590	0.098178	1.299259	0.714862	0.625224	-0.355418	1.049789	0.913600	-0.239238	-0.256600	-0.520481	0.103559	0.537010	0.767843	0.541471	0.134922	0.124778	-0.216709	-0.313959	0.394893	0.004013	0.676723	0.654523	-0.166987	-0.205953	0.084861	0.746310	0.177398	-0.690706	0.143279	0.332413	0.433894	-0.245315	-0.195150	-0.136392	-0.048150	0.117949	0.169397	0.223361	0.487786	0.492590	1.122962	0.456613	-0.302454	0.245612	-0.277218	0.423131
-0.778559	-0.230908	-0.283885	-0.234295	-0.748471	-0.363068	-0.576800	-1.078988	-0.646075	-0.453866	-0.692185	-0.494545	-0.447993	-0.690802	0.102439	0.097717	-0.355004	-0.234225	0.291739	-0.091226	-0.133543	-0.541831	-0.381551	-0.927029	-1.791137	-0.540115	-1.138950	-0.920568	-0.277123	-0.777959	-0.693252	-0.138334	-1.086779	0.035540	-0.370462	-0.798452	-0.841738	-0.077481	-0.491821	-0.612552	0.318536	-0.372733	-0.069293	-0.530613	-0.286003	-0.530080	-0.660149	-1.394906	-0.341774	-0.143454	0.031495	0.559813	-0.558017	-0.355740	0.165464
-1.642418	-0.541585	-1.081141	-0.440775	-0.905112	-0.242205	-0.363657	-1.895887	-1.227387	-0.249901	-2.282450	-1.272518	-0.897189	-1.462739	-0.896658	-0.358594	-0.004815	-0.082983	0.128748	-0.330664	-0.701036	-1.095788	-0.658615	-0.774850	-2.800673	-0.506325	-1.400434	-1.970327	-0.884330	-1.662243	-1.203755	0.696337	-1.818304	-0.582776	-1.050376	-0.819237	-1.444182	-0.317269	-0.576964	-0.827667	0.182294	-0.388315	0.198511	-0.903184	-0.407425	-0.612845	-0.520167	-2.183709	-1.538134	-1.366355	-0.857484	1.213094	-1.308810	-0.544607	0.035654
-1.868431	-0.970538	-1.270481	-0.442551	-0.552433	-0.295833	0.266867	-1.664538	-0.483733	0.549383	-2.115134	-1.005924	-0.259806	-2.260153	-1.299136	-0.125626	0.422242	-0.124216	-1.325441	-0.661080	-0.950167	-0.548445	-0.039869	0.580580	-1.763934	-0.254337	-0.720875	-1.854023	-1.399400	-1.384776	-0.518823	1.514109	-1.819377	-1.194778	-0.505527	0.171976	-1.689052	-0.555423	0.216988	0.108320	-0.631071	-0.125752	0.330835	-0.839584	-0.306512	-0.030443	0.496112	-1.062364	-2.224932	-1.678857	-1.623899	0.882141	-1.043659	-0.310756	0.182208
-1.376947	-0.858283	-0.912992	-0.380808	-0.017267	-0.334609	0.365491	-0.501094	0.657070	0.804998	-0.717875	-0.328861	0.404006	-2.168134	-1.054196	0.227096	0.325721	-0.492128	-2.654546	-1.133941	-1.215292	-0.090210	0.501462	1.385316	0.341610	-0.275695	0.368543	-0.824047	-1.237527	-0.793171	0.127059	1.046664	-1.121513	-0.684250	0.765206	0.859023	-0.383592	-0.595520	0.883342	1.025505	-1.078732	0.311826	-0.062220	-0.329569	-0.488450	0.282328	0.775613	0.530562	-1.749498	-1.335427	-1.718878	-0.387176	0.438726	0.834639	0.284650
-0.471713	-0.041096	-0.427110	-0.471489	0.172603	-0.211149	-0.153559	0.714260	1.117576	0.158139	0.598716	0.087854	0.111794	-0.776890	-0.266681	0.395963	-0.051293	-0.684630	-2.382192	-1.437480	-1.473767	-0.323154	0.378153	0.755104	1.665721	-0.528661	1.114610	0.230347	-0.297154	-0.541175	0.054776	-0.420116	-0.187245	1.031067	1.712185	0.615352	1.919676	0.036675	0.847146	1.040175	-0.527521	0.715673	-0.711463	0.407785	-0.899867	-0.092137	-0.200603	1.163187	-0.319942	-0.900648	-1.227584	-1.777649	2.061202	2.282967	-0.027649
0.440735	0.905789	0.005619	-0.645439	-0.060838	0.027607	-0.237461	1.272946	0.974583	-0.345886	1.286709	0.416232	-0.649581	1.205760	0.931076	0.682567	0.176189	-0.048791	-0.610393	-1.019451	-1.040926	-0.342962	0.195113	-0.085289	1.456801	-0.305400	1.241224	0.777552	0.854993	-0.165226	0.092072	-1.157675	0.671414	2.400925	1.735534	0.342766	2.931986	1.360903	0.650463	0.681701	0.493048	0.989682	-0.749650	1.103607	-0.724444	-0.354948	-0.877933	1.175178	1.112559	-0.368263	-0.614490	-2.370468	2.366373	2.634865	-0.726556
1.020275	1.410363	0.587363	-0.510905	-0.206253	0.335995	0.772162	1.289655	0.971346	0.272766	1.658387	1.102967	-0.583898	2.527847	2.052268	1.157821	1.192907	1.239835	1.316229	0.297943	0.521438	0.720280	0.670134	0.332102	0.497620	0.790340	0.866146	0.998096	1.539451	0.904268	1.039129	-0.275448	1.483900	1.920504	1.040352	0.946085	1.378096	2.434093	0.901301	0.839313	1.106166	1.173815	0.274724	1.529553	0.544783	0.382451	0.207228	1.577311	1.728233	0.622839	0.047593	-1.861790	1.089641	1.332690	-1.416495
1.125519	1.481077	1.443458	0.227181	0.261027	0.762567	1.987491	1.321619	1.224063	1.453000	1.906962	1.923312	0.670314	2.490225	2.305234	1.264040	1.946730	2.060219	2.333704	1.917852	2.481535	2.158563	1.418960	1.535509	-0.114460	2.046601	0.149215	1.309369	1.579586	2.141612	2.134784	1.036750	2.224898	0.053645	0.280027	1.834848	-1.149089	2.177400	1.240910	1.263525	1.129469	1.207416	1.630512	1.509384	2.140029	1.706021	2.166756	2.102241	1.566059	1.974927	1.114621	-0.725194	-0.467008	-0.515398	-1.650286
0.860700	1.355997	2.175628	1.321093	1.232582	1.216838	1.900694	1.459963	1.056171	1.684754	1.676362	2.072359	2.015674	1.387564	1.301315	0.586469	1.322990	1.471910	2.372569	2.826641	3.367844	2.420419	1.390448	1.706615	-0.150940	2.220225	-0.682853	1.713515	1.253289	2.384961	1.859390	1.042592	2.475713	-1.296589	-0.078614	1.635709	-2.044010	0.669102	0.834537	0.877079	0.983452	0.805672	2.000928	0.941924	2.571812	2.174755	2.654246	1.458249	1.298175	2.952413	2.497168	0.280697	-0.880892	-1.363142	-1.195281
0.392802	0.986122	2.131238	2.077137	1.997768	1.356072	0.275048	1.142601	0.133329	0.438491	0.700534	1.169231	2.209849	0.007827	-0.359566	-0.402395	-0.409827	-0.158771	1.812513	2.461634	2.450906	1.121802	0.322105	0.200500	-0.171192	0.962733	-1.260524	1.700948	0.790437	1.321139	0.030688	-0.318669	1.755593	-1.064003	-0.054289	0.106394	-0.925927	-0.837762	-0.356627	-0.546293	0.912754	-0.180466	0.950854	-0.057217	1.270883	1.054391	0.847057	-0.603868	1.332389	2.932784	3.273110	0.735928	-0.170518	-0.939425	-0.242112
-0.240660	0.293169	1.179987	1.986734	1.968481	0.974160	-1.415086	0.061694	-0.790458	-1.047559	-0.558172	-0.137641	1.273487	-1.102728	-1.454678	-0.783543	-1.747933	-1.425139	0.906596	1.246031	0.557460	-0.393960	-0.792282	-1.482927	-0.650220	-0.609988	-1.385467	0.851154	0.207154	-0.082342	-1.690650	-1.426345	0.242307	0.017877	0.108234	-1.369479	0.143978	-1.245465	-1.293780	-1.749288	0.809850	-1.265621	-0.455987	-0.978751	-0.604827	-0.643335	-1.429850	-2.485655	1.333838	2.116776	2.666529	0.759070	0.444841	-0.227566	0.583046
-0.965574	-0.295258	-0.007009	1.220485	1.305590	0.429669	-1.616821	-1.061292	-0.687196	-1.160547	-1.257663	-0.769044	0.268082	-1.873482	-1.245436	-0.263517	-1.595967	-1.341741	-0.057998	0.192012	-0.813422	-0.709392	-0.875736	-1.618689	-1.495323	-1.031173	-1.291858	-0.505800	-0.357935	-0.779680	-1.709607	-1.082890	-1.064777	0.693237	0.284883	-1.403794	-0.349987	-0.628225	-1.025832	-1.408064	0.741854	-1.539912	-0.782481	-1.109708	-1.332765	-1.246133	-1.960021	-2.490411	0.759823	1.257942	1.159631	0.723245	0.166526	0.025388	0.717499
-1.365815	-0.166549	-0.624189	0.431378	0.680316	0.352084	-0.439194	-1.119848	0.361320	0.190308	-1.076857	-0.365737	-0.058938	-2.372130	-0.171757	0.524165	-0.463096	-0.344109	-0.547374	-0.066363	-1.028057	-0.000992	-0.052098	-0.457085	-2.259070	-0.080555	-1.306154	-1.406593	-0.508183	-0.779371	-0.381723	0.070281	-1.193554	0.622972	0.455334	-0.251867	-1.444100	0.151772	0.133576	0.199490	1.042813	-0.666487	0.140625	-0.233934	-0.509989	-0.377680	-0.789734	-0.858606	-0.288483	0.766933	0.037536	0.818163	-0.512586	0.066492	0.308657
-0.883458	0.537655	-0.548568	0.094493	0.416515	0.811481	0.595907	-0.037064	1.099831	1.466985	-0.498848	0.350971	0.066164	-2.399429	0.686957	0.815740	0.210040	0.334859	-0.239692	0.203754	-0.680740	0.452232	0.613400	0.281440	-2.451109	1.021723	-1.313861	-1.192161	-0.051708	-0.700287	0.626632	0.581917	-0.249438	0.340447	0.555561	0.618174	-1.283700	0.495474	0.956225	1.463642	1.596862	0.527203	1.056633	0.897847	0.613216	0.685364	0.183619	0.577294	-1.032926	0.368051	-0.157355	0.852663	-0.631986	0.335949	0.081063
0.478300	0.839686	-0.343812	0.086375	0.107582	1.057924	0.411790	0.983640	0.580384	1.284032	-0.161707	0.432053	0.084988	-1.580852	0.795290	0.530387	-0.228923	0.132868	0.420837	0.273194	-0.550673	0.111227	0.501059	-0.158000	-1.667462	1.042138	-0.818711	-0.250558	0.596754	-0.628345	0.587774	0.166901	0.618311	0.391389	0.570009	0.402985	0.353739	0.480609	0.787286	1.311060	1.529448	0.855340	0.834585	1.194293	0.745288	0.684085	-0.058717	0.618057	-0.875449	-0.324739	-0.140831	0.498136	-0.003627	0.635977	0.422412
1.845117	0.095609	-0.561573	-0.109366	-0.760969	0.332452	-0.456316	0.831422	-0.677109	-0.079650	-0.177159	-0.278681	-0.113198	0.003518	0.582696	0.159354	-0.933365	-0.303861	0.564601	-0.211693	-0.678382	-0.200968	0.100654	-0.609549	0.109444	0.031266	0.420313	0.382339	0.794640	-0.101112	0.461108	-0.007661	0.432652	0.829003	0.642406	-0.168463	1.973463	0.406362	0.250238	0.311957	0.166001	0.147859	-0.202759	0.440334	0.046604	-0.130879	-0.411208	-0.051511	-0.083665	-1.215837	-0.727461	-0.255098	0.633317	0.507499	0.901412
2.150096	-1.120517	-1.200482	-0.810110	-2.002647	-1.180674	-0.704350	-0.291324	-1.370024	-1.174171	-0.258488	-1.155926	-0.278954	1.423252	0.631523	0.084378	-0.674700	-0.094020	-0.112483	-0.922791	-0.637984	0.372659	0.192692	0.235188	2.099102	-0.969617	1.926402	0.149545	0.391711	0.847475	1.217924	0.980895	-0.606496	1.207067	0.853287	0.019801	2.236857	0.280441	0.265978	-0.222436	-1.898014	-0.599727	-0.806720	-0.479152	-0.335041	-0.550523	0.553939	-0.006119	0.489083	-1.900720	-1.719919	-0.946257	0.464199	-0.030742	0.873342
1.170555	-1.682453	-1.790819	-1.720833	-2.804460	-2.423712	0.065648	-1.281200	-1.038346	-1.126155	-0.299223	-1.635533	-0.309603	1.590132	0.770487	0.246326	0.588669	0.689742	-0.964152	-1.294083	-0.333391	1.392154	0.770021	1.866522	2.993701	-1.192359	2.763097	-0.539807	-0.178106	1.351235	2.246322	2.429644	-1.478602	0.928448	0.976490	0.956715	1.136781	-0.074265	0.785931	0.171054	-3.192398	-0.538927	-0.400347	-0.749147	0.088974	-0.097240	2.376520	1.016582	0.301665	-2.168925	-2.267847	-1.016140	-0.567713	-0.564511	0.290466
-0.218305	-1.194965	-1.854310	-2.128134	-2.562412	-2.445964	0.948090	-1.409329	-0.465895	-0.437717	-0.469003	-1.663082	-0.288350	0.541210	0.342643	0.401009	1.629720	1.150555	-1.116586	-1.083154	-0.127772	1.604337	1.122724	2.536856	2.106863	-0.713092	2.343644	-0.962379	-0.429415	0.745515	2.123888	2.781717	-1.497353	-0.070038	0.745651	1.603172	-0.373789	-0.499853	1.007892	0.797934	-2.810726	0.069875	0.374612	-0.560660	0.595192	0.468013	3.134937	1.837821	-0.333709	-2.041916	-1.908051	-0.344899	-1.620925	-0.810636	-0.311029
-0.870968	-0.195082	-1.306319	-1.612983	-1.451395	-1.209071	1.018192	-0.842175	-0.415126	-0.014132	-0.778855	-1.328756	-0.151193	-0.407400	-0.719447	0.463990	1.482799	0.817311	-0.393324	-0.458217	-0.272564	0.557578	0.848076	1.571020	0.205086	0.074333	1.066939	-0.874013	-0.168308	-0.482674	0.627126	1.593117	-0.852387	-0.967183	0.335355	1.337914	-1.260729	-0.381302	0.671501	0.898950	-1.137293	0.504961	0.728892	-0.500618	0.426680	0.372363	1.896620	1.386457	-0.641467	-1.486197	-0.877519	0.574854	-1.630898	-0.695713	-0.436013
-0.449463	0.684594	-0.555317	-0.591294	-0.195826	0.438047	0.500018	-0.158468	-0.586725	0.035291	-0.946575	-0.589529	0.264141	-0.181192	-1.566922	0.511995	0.617686	0.279501	0.573761	0.233961	-0.572581	-0.798019	0.344840	0.248580	-1.135027	0.939380	0.056441	-0.502889	0.541091	-1.216626	-0.868169	0.139020	-0.138341	-0.844907	0.221782	0.713554	-1.075709	0.648092	0.430221	0.546501	0.703352	0.662897	0.722976	-0.480417	-0.127347	-0.094457	-0.073110	0.062894	-0.280435	-0.487086	0.283457	1.017007	-0.389014	-0.188641	-0.051007
0.302086	1.181674	-0.200246	0.026072	0.557729	1.390929	0.250417	0.204078	-0.260510	0.183164	-0.822249	0.343212	0.754832	0.710526	-1.417825	0.528948	0.201488	0.281773	0.971108	0.587972	-0.718806	-1.276532	0.148800	0.082419	-1.054221	1.555781	0.084322	-0.114789	1.301648	-1.031950	-1.126549	-0.209202	0.282765	0.094146	0.456084	0.532154	-0.264331	1.894755	0.704190	0.271435	1.691859	0.880310	0.794510	0.012770	-0.300192	-0.179522	-0.866258	-0.733785	0.261240	0.585951	1.013284	0.632636	1.027372	0.525469	0.454327
0.350556	1.103786	-0.467052	-0.166123	0.671479	1.044694	0.412951	0.081202	0.467875	0.445056	-0.624163	0.760129	0.722716	0.862609	-0.561270	0.297776	0.481071	0.562081	0.422660	0.235654	-0.694184	-0.829775	0.104363	0.850912	-0.105809	1.327511	0.793851	0.094682	1.324072	-0.577513	-0.513569	0.245887	0.382169	0.600158	0.454276	0.632412	0.243733	1.945514	0.804366	0.168574	1.336853	1.000072	0.764524	0.773927	-0.062683	0.105030	-0.178889	-0.269141	0.217158	1.072415	0.835765	-0.285907	1.239891	0.885943	0.559900
-0.540017	0.239218	-0.904603	-0.570998	0.511699	-0.235766	0.239644	-0.400215	0.752308	0.252510	-0.539469	0.140765	-0.100659	-0.167189	0.003733	-0.343757	0.536971	0.167870	-0.798444	-0.791603	-0.660416	-0.408266	-0.414212	0.983855	0.571646	0.062212	1.168810	-0.072176	0.029719	-0.592642	-0.286890	-0.008750	0.251506	-0.082432	-0.177884	0.152490	0.068443	0.206199	-0.185187	-0.180766	-0.109153	0.417732	0.021554	0.832313	-0.111757	0.026495	0.535328	0.703038	-0.592306	0.679352	-0.269611	-1.141385	0.120348	0.455179	0.034603
-1.527005	-1.132908	-0.770696	-0.297749	0.561612	-1.326936	-0.699082	-0.796197	0.224749	-0.590948	-0.367956	-1.004899	-1.089841	-1.294634	-0.159348	-1.151340	-0.290115	-1.112407	-1.897357	-1.766704	-0.578497	-0.637314	-1.506359	-0.306165	0.498832	-1.368933	0.683123	-0.556034	-2.023076	-0.901740	-0.843245	-1.549403	0.034134	-1.169659	-0.903624	-1.101983	-0.160849	-2.109297	-1.929600	-0.936781	-1.605563	-0.872667	-1.356536	-0.209030	-0.749868	-0.688082	0.012029	0.884383	-1.513628	-0.135028	-1.522912	-1.561913	-0.975675	-0.424744	-0.751984
-1.520561	-2.074861	0.217614	0.767147	0.947182	-1.262964	-1.703863	-0.649802	-0.449616	-1.401212	0.102635	-1.452957	-1.221536	-1.341123	-0.434500	-1.534917	-1.349262	-2.227722	-1.972464	-1.686256	-0.155803	-1.062343	-2.366819	-1.940132	0.114571	-1.664127	-0.287619	-0.762911	-3.229622	-0.642624	-1.271271	-3.021924	-0.055324	-1.257301	-0.850442	-2.136108	0.276987	-3.041550	-2.948310	-1.585180	-1.936478	-1.942928	-2.315958	-1.421227	-1.368518	-1.341502	-1.257394	-0.053572	-1.678190	-0.590468	-1.787192	-1.542861	-0.802759	-0.925109	-1.061807
-0.281370	-1.787694	1.573234	1.873564	1.336515	-0.105064	-1.716249	-0.032491	-0.461778	-1.373399	0.544212	-0.558495	-0.162829	-0.492236	-0.059563	-1.132797	-1.489413	-2.078658	-0.690173	-0.265060	0.773621	-0.837075	-2.126095	-2.226665	0.011509	-0.547418	-1.108296	-0.016287	-2.402158	0.590257	-0.646151	-2.692951	0.119557	-0.058747	-0.065214	-1.895754	1.066446	-1.974644	-2.311058	-1.528819	-0.801730	-1.944278	-1.964815	-1.602030	-1.218742	-1.148236	-1.657404	-1.168887	-0.853080	-0.287632	-0.642184	-1.191541	0.261828	-0.768708	-0.527679
1.329131	-0.480063	2.472475	2.316035	1.351074	1.160539	-0.654745	0.443470	0.100508	-0.557831	0.389826	1.020492	1.313609	0.133240	0.834990	-0.292881	-0.606997	-0.890693	1.219119	1.554143	1.859305	0.098954	-0.887690	-0.835069	0.248334	0.803503	-1.514641	1.504750	-0.069489	2.050116	0.694655	-0.647646	0.434474	1.289725	0.435989	-0.623080	1.226019	-0.203275	-0.728406	-0.877791	0.815209	-1.047146	-0.661383	-0.710427	-0.343539	-0.246958	-0.437844	-1.413128	0.357987	0.580331	1.112553	-0.583879	0.832419	-0.474778	0.380645
2.147059	0.871995	2.448451	2.086528	1.002698	1.640120	0.444496	0.382733	0.471640	0.271874	-0.244805	2.025797	2.054148	0.079192	1.386137	0.218514	0.192166	0.088208	2.333417	2.336273	2.327740	0.852484	0.347762	0.848629	0.460335	1.049408	-1.511739	2.606390	1.967604	2.441963	1.461947	1.144016	0.621428	1.668561	0.054644	0.335245	0.546567	0.706661	0.329836	-0.347583	1.648704	-0.042277	0.409068	0.272491	0.531295	0.506226	1.290633	-0.792450	1.159772	1.505783	2.207434	0.046900	0.506926	-0.337861	0.776943
1.700248	1.582795	1.715612	1.591693	0.633037	1.354345	0.664071	0.167900	0.302311	0.616180	-0.419542	1.863222	1.584324	0.031708	0.987864	0.066359	0.029044	0.155823	1.763220	1.538252	1.649856	0.656206	0.775877	1.286261	0.402663	0.171753	-1.069304	2.224180	2.355378	1.281747	0.885721	1.037580	0.600103	1.186251	-0.540835	0.094429	-0.053041	0.597048	0.283206	-0.395579	1.439585	0.679585	0.628433	0.718760	0.906388	0.627691	1.707498	-0.197626	1.294667	1.983544	2.095883	0.246667	0.428368	0.219560	0.264881
0.475808	1.761411	0.933041	1.106813	0.523267	1.008495	0.241974	0.451281	0.103429	0.750410	0.499241	1.038853	0.446022	0.588362	-0.187847	-0.269775	-0.640850	-0.083081	0.096649	0.087904	0.213813	-0.118290	0.555460	0.383674	0.200609	-0.632144	-0.264292	0.647279	1.280046	-0.432298	-0.396619	-0.459019	0.564851	0.670096	-0.392504	-0.748894	0.122592	0.407352	-0.167129	-0.708097	0.986446	1.293507	0.514977	0.963142	0.997538	0.526465	0.278532	-0.256827	1.068317	1.742526	1.310739	-0.177436	1.484679	1.639656	-0.660392
-0.621385	1.766619	0.662409	0.739246	0.727622	1.116681	0.139128	1.223853	0.475822	1.145466	1.835613	0.483831	-0.406023	1.218288	-1.470671	-0.121591	-0.678803	0.308844	-1.059094	-0.531038	-0.820691	-0.318655	0.393407	-0.635170	0.113745	-0.396771	0.440699	-0.693305	-0.020548	-1.097287	-1.044303	-1.387284	0.695592	0.406406	0.358740	-0.911662	0.488901	0.651464	-0.142133	-0.636870	1.022924	1.811996	0.802742	1.448575	1.215291	0.816937	-1.639664	-0.657368	0.837227	0.961152	0.758328	-0.637434	2.694561	2.985548	-1.177213
-0.989366	1.584337	0.950677	0.637091	1.187965	1.521245	0.749616	1.786434	1.213627	1.688071	2.218391	0.652148	-0.475587	0.996472	-2.093508	0.481352	0.224821	1.256720	-0.625581	0.237335	-0.577282	0.583555	0.593521	-0.745098	0.184219	0.609379	0.447216	-0.694554	-0.498153	-0.146173	-0.503879	-0.630277	0.917274	0.018891	0.686746	-0.048826	0.106260	0.868644	0.377488	0.003515	1.402037	1.750457	1.334131	1.861450	1.418082	1.382003	-2.253812	-0.672019	0.690829	0.225187	0.824993	-0.187737	2.311397	2.691957	-1.059299
-0.655896	1.014477	1.340994	0.821620	1.711228	1.688848	1.395053	1.667104	1.516699	1.769197	1.212200	1.248964	-0.057386	0.038784	-1.475333	0.815632	1.127139	1.713487	0.874094	1.514378	0.592739	1.704327	0.785913	-0.184106	0.194081	1.338383	-0.327005	0.341404	-0.054394	1.308895	0.399220	0.928565	1.032140	-0.506190	0.099976	0.825526	-0.705952	0.540220	0.753828	0.724874	1.461783	0.789761	1.272035	1.565607	1.054874	1.469105	-1.226642	-0.128800	0.559537	0.018676	1.135384	1.226509	0.332680	0.715137	-0.876068
-0.103350	0.240596	1.282040	0.869002	1.816597	1.292415	1.231564	1.195908	1.067952	1.136262	-0.092974	1.648600	0.208953	-0.509449	0.293306	0.430815	1.028254	1.019622	1.840636	1.955805	1.390975	1.642729	0.592049	0.106541	0.000673	1.144072	-1.211954	1.148571	0.597669	1.635861	0.475706	1.600163	0.974416	-0.462930	-0.770153	0.681696	-0.597585	-0.048978	0.643755	0.966488	0.902170	-0.477768	0.363736	0.660270	0.112323	0.769176	0.110008	0.419649	0.390758	0.208161	1.053310	2.271438	-1.130084	-0.943459	-1.179869
0.185502	-0.147945	0.606521	0.193756	1.002232	0.516508	0.439019	1.018182	0.558595	0.410027	-0.325406	1.498250	0.073711	0.018879	2.119321	-0.119763	0.205550	-0.119145	1.209081	1.157890	0.915202	0.159183	0.285637	-0.139086	-0.145855	0.398877	-1.370308	0.878490	0.699170	0.454231	-0.337296	0.896157	0.826154	0.505498	-1.014583	-0.089248	0.798716	-0.145300	0.467945	0.810687	0.107371	-0.831643	-0.446797	0.111690	-0.458168	0.076849	0.431841	0.505621	0.191521	0.203306	0.419581	1.537078	-0.366526	-0.453988	-1.682763
0.106437	0.225170	-0.301267	-1.149929	-0.566278	-0.092239	0.123540	1.308319	0.861715	0.480989	0.635476	0.969141	-0.086527	0.945377	2.599709	0.145029	-0.033081	-0.334085	-0.462336	0.017284	-0.363257	-1.371526	0.520751	-0.142851	0.191652	0.024947	-0.636706	-0.085711	0.219138	-0.954896	-0.836921	-0.015029	0.666493	1.546704	-0.393904	-0.071613	1.963696	0.528040	0.878974	0.908452	-0.293877	0.361423	-0.037701	0.657719	0.282512	0.461189	-0.057074	0.399416	0.057217	-0.341000	-0.187138	-0.631438	1.776602	1.587349	-1.555551
-0.060073	1.001959	-0.815122	-2.232792	-1.901218	-0.138824	0.887440	1.660133	1.771744	1.337417	1.665466	0.464135	0.180476	1.228177	1.413120	1.279254	0.971498	0.710142	-1.547069	-0.337619	-1.105549	-1.448337	1.401760	0.721807	1.009584	0.440514	0.308098	-0.684526	-0.137031	-1.088700	-0.078018	0.155571	0.508396	1.502683	0.612281	1.274433	1.304491	1.402388	1.840710	1.574415	-0.082863	2.230330	1.349350	1.770307	1.856702	1.746947	-0.123136	0.662411	0.160191	-1.144473	-0.076948	-2.154351	2.885437	2.791824	-0.541926
0.015369	1.297902	-0.655750	-2.162046	-2.122324	0.129529	1.862835	1.566454	1.970949	1.806656	1.747392	0.132546	0.694617	0.829727	-0.233263	2.047203	2.193427	1.717930	-1.055399	0.147319	-0.571018	-0.171367	2.123266	1.800735	1.633167	1.007537	0.681856	-0.396272	0.177065	0.129388	1.308215	1.237475	0.315825	0.432626	1.275458	2.654472	-0.653633	1.610573	2.426639	2.182635	0.281344	2.959448	2.080925	2.020038	2.482275	2.337341	0.725167	1.245055	0.537267	-1.661772	0.575468	-1.397527	1.731979	1.665857	0.602148
0.383065	0.528182	-0.245146	-1.182254	-1.470000	-0.043600	1.654456	0.799208	0.525724	0.819046	0.928791	-0.236656	0.677359	0.532097	-0.870824	1.307998	2.043000	1.262572	0.272683	0.406518	0.554167	0.916147	1.780119	1.800711	1.365571	0.706761	0.484346	0.256405	0.780956	1.324101	1.775370	1.892547	-0.013624	-0.545045	1.025674	2.369408	-1.847289	0.834899	1.753321	1.830654	0.060775	1.593832	0.966962	0.638014	1.007417	1.000480	1.567880	1.498859	0.846300	-1.671892	0.664214	0.964817	-0.646192	-0.952203	1.025624
0.756243	-0.948090	-0.378200	-0.541644	-1.030316	-1.101950	0.111641	-0.539042	-1.809240	-1.206361	-0.063911	-0.864992	-0.419985	0.644302	-0.355697	-0.480462	0.377720	-0.346204	0.755521	-0.477876	0.849847	0.622693	0.388249	0.435823	0.307110	-0.606035	0.464652	0.348167	0.762614	1.138772	0.697171	1.254482	-0.620172	-0.918993	-0.227475	0.398484	-1.315929	-0.376793	0.057373	0.526047	-0.975220	-0.796215	-1.196654	-1.476898	-1.572141	-1.475129	1.273240	1.102785	0.508864	-1.428388	-0.605294	2.675295	-2.457042	-3.076399	0.887225
0.690665	-2.130892	-1.388742	-1.128281	-1.440788	-2.564310	-1.442528	-2.059376	-3.220094	-2.698238	-0.752280	-1.701542	-2.221491	0.632509	0.116689	-1.702529	-1.235239	-1.341209	-0.348023	-2.180033	-0.359260	-0.718284	-1.169130	-1.188794	-0.711269	-1.922329	1.131090	-0.509617	-0.242032	-0.492141	-0.981726	-0.208167	-1.511721	-1.397134	-1.912455	-1.583582	-0.232846	-1.154959	-1.464303	-0.757679	-2.202852	-2.176677	-2.444453	-2.643578	-3.088290	-3.034832	-0.140767	0.478679	-0.728024	-1.319767	-2.569962	2.366149	-2.982170	-3.549034	1.123949
-0.103062	-2.388707	-2.665479	-2.454677	-2.227960	-3.449548	-1.844149	-3.172134	-2.795708	-2.694693	-1.200914	-2.543789	-3.677886	0.137777	-0.460969	-1.512133	-1.408476	-0.715325	-2.007864	-3.444443	-2.266070	-1.915824	-2.102357	-1.925835	-1.016401	-2.245752	2.008183	-1.872895	-1.654516	-2.422045	-1.956109	-1.443719	-2.416535	-2.493230	-3.095236	-2.188483	-0.036748	-1.181966	-1.939847	-1.291784	-2.758492	-1.787671	-1.899879	-2.246315	-2.589894	-2.688585	-1.617928	0.077866	-2.350834	-1.479668	-3.642905	0.867241	-2.694093	-2.670639	2.121510
-1.410065	-1.991152	-3.164666	-3.196023	-2.519960	-3.256845	-1.347106	-3.365181	-1.457352	-1.805210	-1.614966	-3.223767	-4.000913	-0.317099	-1.722607	-0.724395	-0.493733	0.543563	-2.594675	-3.366621	-3.337492	-2.261347	-2.300849	-1.749082	-0.709650	-1.730582	2.124104	-2.865785	-2.580552	-3.357057	-1.906294	-1.923143	-2.890944	-3.332774	-3.215512	-1.637933	-0.506772	-0.937276	-1.621185	-1.365139	-2.443054	-0.800634	-0.625966	-1.291611	-1.172768	-1.433429	-2.210334	-0.292279	-3.308370	-1.696414	-3.003620	-0.005420	-2.197645	-1.438441	3.066453
-2.427739	-1.542494	-2.445151	-2.598301	-2.045833	-2.314826	-0.945405	-2.574951	-0.742482	-1.220246	-1.962035	-3.493403	-3.270581	-0.062874	-2.417819	-0.569879	0.121022	0.848103	-1.609377	-2.166073	-2.761015	-1.891848	-2.015059	-1.337974	-0.360854	-1.312398	1.153476	-2.786103	-2.533686	-2.824454	-1.414627	-1.789068	-2.632839	-2.682853	-2.545038	-0.979218	-0.432486	-1.013254	-1.260405	-1.578709	-1.771588	-0.615052	-0.111741	-1.027033	-0.400251	-0.750247	-1.797858	-1.019603	-2.842616	-1.608077	-1.377769	0.512162	-1.662012	-0.644190	2.909105
-2.291803	-1.202169	-1.076462	-1.118414	-1.200935	-1.262514	-0.980590	-1.295500	-1.042770	-1.223536	-1.995739	-2.942139	-2.148451	0.660401	-1.817539	-1.115115	-0.201006	0.063564	-0.007437	-0.754384	-1.078550	-1.157143	-1.393728	-1.042178	-0.313237	-1.425328	-0.189881	-1.555892	-1.599319	-1.343468	-0.971132	-1.311952	-1.718196	-0.816679	-1.822783	-0.676047	0.390750	-1.353189	-1.076813	-1.825892	-1.198329	-1.178306	-0.539736	-1.482067	-0.582771	-0.886750	-0.869393	-1.840069	-1.201659	-0.987681	-0.088906	1.624143	-1.163759	-0.540933	1.715573
-0.927246	-0.794125	-0.002172	0.246370	-0.419875	-0.505777	-1.001450	-0.273631	-1.482193	-1.160654	-1.508788	-1.424157	-1.167539	0.895071	-0.374693	-1.438076	-0.860769	-0.572493	0.971357	0.162026	0.513391	-0.197693	-0.571997	-0.766005	-0.467913	-1.597097	-0.938391	0.179761	-0.278352	0.122795	-0.557222	-0.655632	-0.566543	0.525600	-1.479835	-0.497288	0.844858	-1.411973	-0.765840	-1.528747	-0.689849	-1.490559	-0.996221	-1.745300	-0.960093	-1.070762	-0.007593	-1.982847	0.494355	0.036284	0.252897	2.145162	-1.004230	-0.915094	0.639428
0.728931	-0.434980	0.367260	0.955129	0.161622	-0.167555	-0.734748	-0.024036	-1.327522	-0.644752	-0.573824	0.430151	-0.397884	0.128923	0.878291	-1.076514	-1.117132	-0.338471	0.937063	0.445480	1.266022	0.763708	0.044088	-0.583359	-0.615986	-1.316770	-0.840351	1.457662	0.724317	0.876457	-0.115965	-0.095200	0.326040	0.151982	-1.333890	-0.398558	0.161788	-1.010706	-0.353720	-0.723934	-0.154183	-1.225110	-0.944480	-1.338356	-0.990689	-0.886305	0.366725	-1.196004	1.180169	0.969038	-0.055191	1.604046	-1.362515	-1.311459	0.515116
1.582654	-0.504158	0.380745	1.171132	0.542271	-0.187969	-0.496811	-0.506127	-0.853244	-0.137882	0.407973	1.540362	0.342064	-1.099634	1.282135	-0.616324	-0.967199	0.053660	0.385557	0.305457	1.275379	1.208665	-0.018843	-0.779916	-0.673506	-0.750821	-0.418548	1.717501	0.887031	0.867951	0.113743	0.001675	0.703333	-1.205251	-0.982434	-0.730533	-0.946161	-0.659982	-0.425665	-0.257282	0.135154	-1.004369	-0.765460	-0.716981	-0.792849	-0.681151	0.129250	-0.180269	0.697946	1.271179	-0.508573	0.242305	-1.823030	-1.361201	0.839307
1.403264	-0.942677	0.578713	1.258944	0.713432	-0.294258	-0.560327	-1.145377	-0.628178	-0.176394	0.967394	1.426173	1.130487	-1.768339	0.882097	-0.727444	-0.788326	-0.348976	-0.017299	0.039467	1.056264	0.803936	-0.733999	-1.188357	-0.529407	-0.329694	-0.197535	1.206221	0.310844	0.575461	-0.027402	-0.386637	0.692899	-1.811396	-0.291311	-1.442216	-1.223862	-0.838739	-1.242103	-0.668355	-0.110241	-1.171321	-0.875653	-0.420992	-0.542330	-0.712496	-0.384783	0.227844	-0.195824	0.835980	-0.831500	-1.408137	-1.612324	-1.024741	0.436901
0.803289	-1.071738	1.014773	1.284238	0.743774	-0.114429	-0.663514	-1.210629	-0.543620	-0.534082	0.931592	0.689957	1.783627	-1.317666	0.121393	-1.138606	-0.643499	-1.327251	-0.012676	-0.070253	0.926890	-0.072471	-1.421778	-1.070158	0.025873	-0.029748	-0.122773	0.625688	-0.324013	0.486049	-0.250514	-0.771774	0.637902	-0.888831	0.559564	-1.702214	-0.445288	-1.213240	-2.043087	-1.331371	-0.603215	-1.140363	-0.996509	-0.299570	-0.149574	-0.630645	-0.535791	0.036674	-0.588615	0.131592	-0.813603	-2.614913	-0.432964	-0.496233	-0.998190
0.369199	-0.388778	1.220886	1.069165	0.787750	0.457990	-0.405092	-0.385495	-0.069873	-0.541944	0.483097	0.255619	1.992506	-0.069097	-0.539984	-0.941024	-0.308702	-1.777143	0.242630	0.137825	0.793709	-0.616722	-1.324999	-0.024618	0.956862	0.510109	0.171460	0.404431	-0.417721	0.615238	-0.142068	-0.656389	0.744679	0.651506	1.318305	-0.799472	0.430920	-0.942458	-1.736341	-1.137991	-0.626421	-0.317532	-0.617707	0.114835	0.349973	-0.082591	0.004207	-0.022473	-0.214554	-0.212996	-0.213189	-2.618107	1.080006	0.053788	-2.415167
0.208424	0.728595	0.878493	0.645480	0.925610	1.117252	0.201556	0.875286	0.788227	0.016164	-0.090890	0.363239	1.683583	1.067328	-0.807219	0.233835	0.242263	-1.094298	0.534685	0.615886	0.467068	-0.391166	-0.333134	1.321848	1.728354	1.321497	0.715752	0.414304	-0.024307	0.596164	0.309480	-0.079066	0.913884	1.312233	1.769383	0.805179	0.476841	0.229086	-0.241667	0.094959	0.160758	0.878372	0.211157	0.788812	0.624606	0.651086	0.838267	0.512848	0.388556	0.052201	0.898110	-1.299490	1.882486	0.493818	-2.576692
0.307764	1.430562	0.365222	0.444328	1.106492	1.499043	0.795659	1.644556	1.357173	0.706802	-0.544813	0.594356	1.231809	1.299976	-0.650764	1.604886	0.695582	0.185733	0.831584	1.156139	0.088416	0.328862	0.875602	1.929451	1.726796	1.950927	1.073018	0.375964	0.363241	0.265764	0.758979	0.483861	0.944403	0.600806	1.706991	1.795315	-0.240292	1.484778	1.245165	1.291558	1.284253	1.444479	0.936320	1.167694	0.534423	1.002547	1.253831	1.257442	0.513221	0.684676	1.908834	0.420598	1.509130	0.623650	-1.407204
0.772678	1.378886	0.355130	0.822438	1.245260	1.555825	1.068704	1.374329	1.158342	1.039783	-0.622713	0.678291	1.110991	0.605076	-0.317459	1.902728	0.716404	1.056986	1.138662	1.494993	0.045242	0.916431	1.394236	1.480618	0.958600	1.987401	0.842130	0.320219	0.507305	-0.033392	0.953168	0.638002	0.823125	-0.532598	1.067259	1.407665	-0.888892	1.737730	1.488881	1.306490	1.941884	1.050072	1.179008	0.935522	0.437224	0.855733	0.985455	1.462381	0.091736	1.245522	2.122016	1.278942	0.497701	0.383508	0.066326
1.424572	1.008820	0.883219	1.436702	1.224165	1.443532	0.938939	0.481983	0.518945	0.944958	-0.164596	0.804103	1.273586	-0.240213	-0.099710	0.688509	0.299995	1.051597	1.257370	1.395145	0.380982	0.948098	0.879581	0.576722	0.078710	1.497994	0.098312	0.469205	0.643962	0.106138	0.911601	0.367612	0.706466	-0.780095	0.174038	0.237539	-0.789622	0.822136	0.530240	0.249820	1.801204	0.391534	1.046738	0.457689	0.700937	0.601406	0.373503	0.906405	-0.229183	1.400400	1.469889	0.824846	-0.164449	0.151384	0.865925
1.576715	0.842095	1.176945	1.415215	0.842081	1.203350	0.537233	-0.048929	0.170003	0.693616	0.609638	1.090175	1.156485	-0.436198	-0.036336	-0.987031	-0.166167	0.545412	0.915871	0.815595	0.543799	0.479056	-0.068383	-0.064407	-0.345856	0.893133	-0.718517	0.763030	0.969013	0.556423	0.746734	-0.051529	0.660050	0.109049	-0.307076	-0.454358	-0.042868	-0.293996	-0.378130	-0.571826	1.215205	0.276978	0.835006	0.337412	1.131532	0.574658	-0.153036	0.149619	0.112482	1.052742	0.594584	-0.292439	0.028636	0.430996	0.794242
0.690039	0.876774	0.603609	0.355141	0.035908	0.789569	0.167621	0.299224	0.458735	0.596398	1.157480	1.193619	0.487129	-0.063194	0.072700	-1.439939	-0.210355	0.200916	0.165755	0.089786	0.002350	-0.067455	-0.369439	-0.253022	-0.394264	0.501829	-1.205304	0.766484	1.189523	0.714071	0.518827	-0.272354	0.571674	1.121402	0.141526	-0.044486	0.610434	-0.505290	-0.080511	-0.039700	0.756970	0.720500	0.681470	0.723613	1.197299	0.728586	-0.478012	-0.091175	0.869823	0.388965	0.160876	-1.112290	0.736812	1.130336	0.176512
-0.837471	0.780926	-0.504775	-1.052736	-0.779919	0.316997	0.095814	1.066061	1.103140	0.774514	1.151531	0.748564	-0.194307	-0.022711	0.372306	-0.065872	0.227564	0.206532	-0.563598	-0.255499	-0.995240	-0.277787	0.471258	-0.205065	-0.511462	0.306771	-1.221858	0.163408	0.821009	0.160738	0.257036	-0.095062	0.366986	1.158593	1.329930	0.959611	0.508857	0.324989	1.309243	1.565653	0.668091	1.087040	0.541078	1.218646	0.716982	0.832787	-0.668599	0.290826	1.238291	-0.206492	0.208557	-1.196658	1.250716	1.530969	-0.601949
-1.882506	0.433205	-1.227148	-1.663853	-0.900378	0.024545	0.235571	1.392224	1.556182	1.029908	0.812335	-0.017977	-0.162107	-0.889787	0.774464	1.926142	0.633213	0.165536	-0.897893	-0.030220	-1.574177	-0.096941	1.713287	-0.139412	-0.847413	0.054382	-0.856839	-0.754256	-0.136196	-0.837787	-0.023261	0.349168	0.179908	0.228776	2.307773	1.570521	-0.254404	1.305523	2.499676	2.808561	0.731110	0.899719	0.337490	1.356892	0.049681	0.747504	-0.718665	0.723474	0.793981	-0.431786	0.270480	-0.720411	1.191682	1.176327	-1.149546
-1.657549	0.048320	-1.051793	-1.063471	-0.112588	0.000653	0.210454	0.953868	1.427806	0.948132	0.509362	-0.456047	0.477758	-1.984605	1.026143	2.729009	0.442947	-0.233843	-0.823766	0.382159	-1.178935	0.167149	2.020176	-0.144419	-1.071939	-0.327480	-0.312556	-1.242883	-1.001327	-1.502947	-0.329125	0.625551	0.171109	-0.611988	2.099558	1.262073	-0.851220	1.498065	2.269661	2.519224	0.601680	0.293864	0.083916	0.998701	-0.363349	0.459775	-0.575659	0.614527	0.001803	-0.303448	0.044941	-0.083900	0.721871	0.460140	-1.105207
-0.439243	-0.122951	-0.256018	0.099000	0.846704	0.128917	-0.136322	0.159305	0.658730	0.320563	0.192596	-0.299223	0.803889	-1.962046	0.854087	1.791427	-0.237720	-0.660231	-0.476785	0.468282	-0.186058	0.171550	0.881572	-0.231953	-0.831032	-0.475208	0.192659	-0.834488	-0.988006	-1.233715	-0.619562	0.361745	0.218190	-0.387392	0.739548	0.301231	-0.514854	0.846828	0.682960	0.901356	0.237531	-0.240642	-0.086258	0.323395	-0.397340	0.042859	-0.290600	-0.031391	-0.314708	-0.062994	-0.246843	0.351330	0.229642	0.079299	-0.531891
0.739358	-0.023249	0.523782	0.873648	0.932910	0.280073	-0.471747	-0.462825	-0.469164	-0.534885	-0.442348	-0.055897	0.195442	-0.396810	0.134901	0.175533	-0.662756	-0.518163	0.118059	0.160864	0.484621	-0.149104	-0.777451	-0.324793	-0.221127	-0.011541	0.524240	0.119464	-0.005034	-0.220365	-0.743067	-0.322384	-0.005179	0.778029	-0.550513	-0.612388	0.648240	0.085481	-0.949418	-0.772037	-0.056031	-0.374312	-0.027454	-0.360293	-0.180393	-0.328724	0.008823	-0.706504	0.089442	0.091491	-0.258879	0.340036	-0.033309	0.181943	-0.083265
1.041783	0.232934	0.809927	0.882152	-0.018132	0.379615	-0.421829	-0.777005	-1.457199	-1.077799	-1.267894	-0.422930	-0.854468	1.579412	-0.919502	-0.845081	-0.336012	0.190400	0.872383	-0.177505	0.302196	-0.547998	-1.577272	-0.267327	0.323162	0.728756	0.712549	0.756806	1.139948	0.659521	-0.556849	-0.834332	-0.514990	1.715104	-0.574236	-0.911744	1.763411	-0.174107	-1.384108	-1.459568	-0.061736	-0.186855	0.203758	-0.803699	0.093117	-0.471846	0.250118	-1.011802	0.686598	0.096042	-0.070916	-0.115083	-0.052638	0.357052	-0.336985
0.533123	0.436169	0.492426	0.482604	-0.952001	0.329090	-0.167822	-0.892047	-1.905954	-1.186132	-1.661260	-1.361133	-1.223576	2.447654	-1.773308	-1.079692	0.290797	0.704753	1.409001	-0.223569	-0.340369	-0.669857	-1.128960	-0.012856	0.565395	0.803684	0.899093	0.626966	1.448864	0.712779	-0.137430	-0.685947	-0.766536	1.357004	0.462256	-0.532162	2.122017	-0.061579	-0.673165	-1.240697	-0.006350	-0.040661	0.286888	-0.991622	0.166089	-0.426212	0.423203	-1.022760	0.926048	-0.054377	-0.052729	-0.678884	0.026350	0.272018	-0.993549
0.022698	0.344275	-0.155401	0.301118	-0.670024	0.089575	-0.293775	-0.803961	-1.801849	-1.237503	-1.344191	-1.961639	-0.365301	1.819982	-1.895256	-1.149736	0.262518	0.316834	1.342016	0.041530	-0.539714	-0.341584	-0.289378	0.226281	0.671048	-0.182107	1.106442	0.152509	0.706174	0.152840	0.199794	-0.042564	-0.238827	-0.072953	1.182866	0.061643	1.777934	-0.103939	0.037413	-0.945575	-0.252574	-0.254170	-0.069180	-1.117000	-0.220132	-0.485129	0.488076	-1.041164	0.838429	-0.310671	-0.251502	-0.907165	0.010041	0.011020	-1.148039
0.188160	-0.157410	-0.646808	0.625491	0.780431	-0.145517	-0.982455	-0.455194	-1.417065	-1.448872	-0.903162	-1.407411	1.081207	0.522449	-1.138558	-1.360440	-0.727598	-0.822496	0.742476	0.423105	0.088967	0.221972	-0.073505	0.179394	0.779687	-1.317225	1.077323	-0.015141	-0.364359	-0.260000	0.171414	0.432797	0.728595	-1.144355	0.722047	0.238163	1.135811	-0.475367	-0.139635	-1.095381	-0.676171	-0.813000	-0.737975	-1.243970	-0.997581	-0.835473	0.380022	-1.140155	0.661340	-0.526688	-0.305502	-0.618536	-0.194956	-0.145171	-0.409227
0.863066	-0.862101	-0.672267	1.121191	2.004667	-0.097357	-1.595265	-0.020156	-0.905828	-1.408557	-1.038331	0.014303	1.894329	-0.513112	0.155691	-1.303757	-1.836288	-1.793349	0.078726	0.647226	0.881072	0.557209	-0.563691	-0.079073	0.665261	-1.258017	0.524568	0.081084	-0.950318	-0.182749	-0.118532	0.350343	1.071541	-0.688694	-0.269425	-0.206206	0.337097	-0.813400	-0.907604	-1.366749	-0.704866	-1.329764	-1.180437	-1.082585	-1.562308	-1.195094	0.151870	-1.047006	0.219803	-0.533135	-0.059494	-0.011451	-0.447282	-0.065464	0.629055
1.273448	-1.280110	-0.369259	1.135578	1.676578	0.202043	-1.241816	0.195935	-0.128277	-0.537665	-1.467492	1.139036	1.481286	-0.992377	1.354388	-0.520738	-1.848227	-1.702816	-0.294206	0.489792	0.867490	0.474155	-0.921299	-0.060013	0.155372	0.178320	-0.366817	-0.151364	-0.918374	0.094886	-0.111534	0.103693	0.231383	0.873371	-0.526077	-0.732702	-0.605489	-0.709219	-1.234493	-1.052121	-0.128471	-1.302153	-0.904735	-0.325288	-1.170589	-0.966021	0.066132	-0.416256	-0.776992	-0.272135	0.136035	0.534744	-0.453070	0.082934	1.147793
0.922682	-1.013523	-0.121095	0.363721	-0.053147	0.355455	0.241245	0.180054	1.016577	1.059180	-1.120598	1.216899	0.440441	-1.074136	1.883537	0.786243	-0.413938	-0.408527	-0.402773	0.004420	0.014374	0.387811	-0.334092	0.627542	-0.328726	1.704816	-0.907662	-0.792069	-0.600615	0.334445	0.710209	0.422400	-1.013830	1.924678	0.290846	-0.509277	-1.360646	-0.162578	-0.505242	0.097898	0.462214	-0.505273	0.071403	0.823630	0.280093	0.138830	0.418194	0.788298	-1.904487	0.159658	-0.023910	0.714330	-0.085646	-0.017843	0.998046
0.042282	-0.184196	-0.127983	-0.808826	-1.729276	0.053452	1.940705	0.249222	2.151442	2.437048	0.445436	0.660899	-0.183630	-0.961248	1.602055	1.830932	1.526753	1.330586	-0.463192	-0.435727	-0.675878	0.835193	1.076041	1.653582	-0.184276	1.929353	-0.626350	-1.066665	-0.173381	0.673011	2.057124	1.365757	-1.356766	1.430226	1.306010	0.637999	-1.469700	0.465490	0.874017	1.519446	0.359718	0.732407	1.168723	1.692640	1.908757	1.608515	1.129213	2.065095	-2.100385	0.565050	-0.297715	0.440907	0.421623	-0.417075	0.649462
-0.823562	0.566333	-0.262340	-1.656182	-2.117704	-0.550028	2.559983	0.539272	2.526091	2.603336	2.267936	0.330938	-0.122582	-0.762448	0.938374	1.962855	2.540854	2.350917	-0.628078	-0.538146	-0.436068	1.624610	2.256164	2.055976	0.422154	0.725975	0.104376	-0.405550	0.352252	1.091744	2.744044	2.000351	-0.530712	0.062507	1.526150	1.818745	-0.944604	0.816813	1.892364	2.273092	-0.331260	1.630983	1.637972	1.765953	2.467660	2.381441	1.579986	2.552633	-0.846123	0.757006	-0.291725	-0.110181	0.704528	-0.647033	0.504871
-1.378628	0.662743	-0.262370	-1.716837	-1.332923	-1.007156	1.611467	0.700791	1.740010	1.470906	2.942811	0.421490	-0.060421	-0.501713	0.506909	1.302969	1.982772	1.981324	-0.900663	-0.448166	0.328364	1.880693	2.229401	1.240597	0.586030	-0.843583	0.466912	0.612914	0.737334	1.137187	1.833003	1.412446	0.372579	-0.674051	0.899146	1.917759	-0.306258	0.831003	1.875829	1.877231	-0.816656	1.554389	1.147243	1.113644	1.481812	1.786946	1.167745	1.718988	1.031593	0.704570	-0.099031	-0.578312	0.643436	-0.208827	0.516139
-1.570260	0.237112	0.059109	-1.029246	-0.399433	-1.001740	0.007490	0.352979	0.326850	0.017947	2.134526	0.463859	-0.515795	-0.207290	0.464086	0.662037	0.578815	0.672970	-1.088024	-0.444926	0.725471	1.201005	1.166474	-0.119405	-0.122837	-1.662760	0.188592	0.955976	0.660719	0.597586	-0.052993	0.000966	0.291255	-0.242850	0.217524	0.891918	-0.015010	0.740793	1.084146	0.780272	-0.599446	0.691375	0.140182	0.217480	-0.193063	0.330770	0.175408	0.062545	2.036594	0.582801	-0.109032	-0.649556	0.404127	0.616649	0.366765
-1.291921	0.058910	0.706569	0.035822	0.035943	-0.506365	-0.707591	-0.252611	-0.597293	-0.565129	0.785772	0.245450	-0.982524	-0.024572	0.398989	0.707538	-0.303001	-0.354251	-0.833333	-0.378048	0.638928	0.362439	0.272050	-0.591289	-0.946331	-1.400945	-0.177311	0.569560	0.320086	0.044531	-1.088970	-0.737996	-0.468538	0.436767	0.108111	-0.092595	-0.091603	0.793923	0.400447	-0.034455	0.050876	0.019637	-0.453551	-0.398627	-1.087379	-0.641804	-0.280892	-1.078208	1.475163	0.599999	-0.273887	-0.313227	0.194325	0.905341	-0.129852
-0.433601	0.699277	1.410308	0.994766	0.274318	0.339255	0.084378	-0.321878	-0.400961	0.027837	-0.034403	0.173895	-0.622244	-0.048895	0.006671	1.181096	-0.033681	-0.263028	0.054356	0.184259	0.706491	0.358199	0.430584	0.356865	-0.850900	-0.453799	-0.025132	0.426826	0.394465	0.135212	-0.319837	-0.002551	-0.614639	0.350638	0.295171	-0.019639	-0.221122	1.006533	0.403556	0.006716	0.666863	0.338883	-0.061710	-0.338973	-0.507873	-0.275073	0.429725	-0.740915	0.161694	0.758486	-0.040863	0.136319	0.138969	0.336640	-0.739141
0.743420	1.789353	1.675788	1.398811	0.881313	1.266767	1.410898	0.563517	0.456993	0.990874	-0.104694	0.580162	0.401408	-0.011172	-0.354186	1.163032	0.743120	0.646296	1.183139	1.167752	1.133361	0.973896	1.163072	1.553996	0.103120	0.581505	0.505024	1.020612	1.099879	0.597966	1.035264	1.201090	0.510204	-0.269529	0.000913	0.772262	-0.031352	1.194303	0.809301	0.549491	1.146471	1.321167	0.937196	0.479128	0.830282	0.892166	1.453036	0.623536	-0.432363	0.845152	0.815406	0.406566	0.276190	-0.190274	-0.896801
1.515514	2.244244	1.143235	1.009698	1.717602	1.804186	1.830719	1.752061	1.020382	1.313206	0.109242	1.074459	0.905401	0.456963	-0.097098	0.234090	1.050822	1.400168	1.690956	1.762891	1.224483	0.990432	1.243928	1.439829	0.802931	1.285543	0.687067	1.464826	1.612919	0.548992	0.985405	1.298152	2.004498	-0.378018	-0.993196	1.091021	0.564313	1.123476	0.889369	0.800056	1.456754	1.749352	1.588559	1.518600	1.609636	1.558400	1.346852	1.567283	0.211869	0.648718	1.622992	0.472476	0.439910	0.245132	-0.319609
1.213344	1.347787	-0.019237	-0.031028	1.922121	1.477101	1.053408	2.032429	0.898477	0.810264	0.172068	0.950105	0.162550	1.057834	0.665894	-0.928522	0.773857	1.393724	1.010047	1.260063	0.375620	-0.203421	0.226850	-0.028621	0.489129	1.485931	0.094831	0.611888	0.941945	-0.215161	-0.725842	0.182071	2.281453	0.381959	-1.962159	0.394515	1.103938	0.577196	0.318567	0.431699	1.223431	0.857784	1.341715	1.788071	1.241502	1.107110	-0.100305	1.150934	1.058837	0.110138	1.430754	0.496851	0.268999	1.139831	0.461805
-0.079388	-0.407845	-1.179873	-1.200353	0.913117	0.328752	0.059311	0.926632	0.479197	0.113721	0.002383	0.085475	-1.105791	0.860075	1.003687	-1.402170	0.543315	0.770907	-0.484264	-0.104109	-0.967263	-1.848782	-1.077299	-1.372391	-0.334266	1.177866	-0.845938	-1.259260	-0.685014	-0.897333	-2.306816	-0.772228	0.799841	1.169995	-2.043248	-0.686097	0.922802	-0.507481	-0.557055	-0.174684	0.191937	-0.705436	0.497729	0.774974	0.268325	0.119842	-1.582751	-0.168952	0.735293	-0.704234	0.152237	0.563518	-0.346655	1.103144	0.561207
-1.420267	-1.727002	-1.738542	-1.827032	-0.784781	-0.901205	-0.318196	-0.734428	0.144845	-0.254494	-0.306973	-0.882823	-1.589647	-0.432335	0.178570	-1.176611	0.596092	-0.065447	-1.717816	-1.389259	-1.768960	-2.805496	-1.672659	-1.481577	-0.615203	0.456417	-1.300503	-2.519762	-1.860926	-0.833079	-2.199335	-0.679427	-1.275083	1.024848	-1.219543	-1.305298	0.012461	-1.771816	-1.207776	-0.541579	-1.084694	-1.535299	-0.341182	-0.847354	-0.466500	-0.556428	-1.908288	-1.206282	-0.808406	-1.604564	-1.212083	0.566216	-0.906886	-0.242509	-0.133536
-1.759269	-1.797758	-1.508039	-1.486485	-1.918102	-1.388465	-0.369239	-1.669118	-0.284662	-0.467812	-0.661167	-1.291871	-0.949265	-1.658852	-1.353809	-0.987370	0.356864	-0.917015	-1.850157	-1.880938	-1.563956	-2.711737	-1.461637	-0.841794	-0.088015	-0.475969	-0.971957	-2.018984	-1.629599	-0.343099	-0.860377	-0.227059	-2.235831	0.035613	-0.287223	-1.346564	-0.770472	-2.470809	-1.419164	-0.644752	-1.617226	-1.078908	-0.974774	-1.820694	-0.755075	-0.820853	-1.277560	-1.325488	-2.192941	-2.189259	-1.600832	0.344790	-0.776674	-1.672921	-0.699540
-0.880055	-0.981298	-0.683248	-0.346607	-1.691198	-0.996777	-0.781889	-1.398854	-1.036954	-0.900576	-0.887620	-1.083552	-0.043695	-1.365314	-2.218244	-1.134093	-0.592361	-1.631773	-0.951008	-1.527554	-0.750203	-1.897762	-1.017673	-0.558840	0.466707	-1.257130	-0.410351	-0.344595	-0.577108	-0.100600	0.158205	-0.424401	-1.521745	-0.825544	0.067466	-1.160038	-0.667101	-2.054434	-1.247295	-0.706544	-1.085065	-0.196816	-1.486536	-1.594352	-0.935015	-1.075133	-0.631527	-0.852967	-2.112602	-1.962926	-0.927941	-0.093350	-0.045016	-1.854936	-0.331714
0.419470	-0.144229	0.345994	0.848877	-0.449111	-0.267874	-1.376271	-0.470218	-1.619590	-1.326831	-0.701479	-0.613645	0.292707	0.305217	-1.509434	-1.060149	-1.590494	-1.805071	0.176384	-0.635240	0.091353	-0.706407	-0.644442	-0.736741	0.272785	-1.434911	-0.262197	0.961416	0.091064	-0.129460	0.237236	-1.018696	-0.086278	-0.844714	-0.054606	-0.800768	0.088971	-0.722284	-0.728003	-0.689676	-0.135579	0.076210	-1.634301	-0.699682	-1.068638	-1.266542	-0.309056	-0.411974	-0.619466	-0.814245	0.045769	-0.493989	0.503800	-0.799017	0.579138
1.081756	0.364063	1.086314	1.283719	0.766691	0.259201	-1.216359	0.360252	-1.161934	-1.059645	0.009379	-0.108080	0.147574	1.617431	0.203878	-0.264514	-1.514521	-1.060274	0.734782	0.423354	0.676841	0.572640	-0.132529	-0.533167	-0.454952	-0.805360	-0.415202	1.064049	0.113541	0.014287	0.045136	-0.929363	0.795065	-0.239676	-0.059445	-0.061879	0.662943	0.716309	0.101690	-0.334184	0.474814	-0.130166	-0.921432	0.096357	-0.719672	-0.815772	0.028807	-0.208239	1.071498	0.622905	0.646629	-0.552893	0.414331	0.495086	0.938797
0.697839	0.737116	1.102949	0.714505	1.144477	0.447184	-0.033303	0.788076	0.330969	0.034507	0.848436	0.405048	0.036080	1.320879	1.417339	0.840637	-0.263771	0.302432	0.518256	1.143058	0.832561	1.379393	0.585579	0.330557	-0.806306	0.226627	-0.229995	0.377265	0.157238	0.310362	0.169693	0.027169	0.750880	0.286987	0.302038	0.837743	0.632285	1.489502	0.929378	0.316276	0.612165	0.043256	0.512855	0.548609	0.242243	0.343205	0.424039	-0.057409	1.729109	1.353877	0.784014	-0.248646	0.132125	1.297269	0.360377
-0.282465	0.966350	0.389096	-0.329894	0.600760	0.346838	1.104282	0.836239	1.584393	1.080930	1.101257	0.740935	0.018133	0.078507	1.210252	1.342039	0.933857	1.272972	-0.088406	1.008038	0.387720	1.153058	1.018872	0.964813	-0.355651	0.822927	0.404521	-0.272188	0.471957	0.202903	0.295644	0.741492	0.275838	0.379771	0.610416	1.188033	0.252489	1.340095	1.225139	0.759870	0.497745	0.708395	1.553996	0.739534	1.072745	1.251487	0.372723	0.128827	1.030322	0.939542	0.609775	0.063271	0.277129	1.534099	-0.409056
-1.096321	0.689563	-0.459421	-1.034554	-0.341501	-0.005655	1.035733	0.548105	1.402282	1.123260	0.476789	0.544589	-0.227819	-0.563341	0.098010	0.894733	0.976976	1.080466	-0.561536	0.056111	-0.450441	0.069287	0.682606	0.587002	0.285358	0.502140	0.743927	-0.502477	0.461825	-0.445272	-0.039796	0.375890	-0.126634	0.248811	0.411458	0.677665	-0.039212	0.576982	0.791004	0.612949	0.166806	1.016943	1.217538	0.638205	0.934357	1.005235	-0.255326	0.164802	-0.313142	-0.095309	0.136641	-0.017802	0.736076	1.298973	-0.557069
-1.290361	-0.068704	-0.711490	-1.023711	-0.970717	-0.420379	0.077977	0.098878	0.168250	0.307220	-0.441824	-0.184500	-0.682310	-0.102608	-0.646564	0.053660	0.243776	0.110976	-0.647700	-0.878848	-0.970720	-0.891135	-0.124423	-0.233093	0.306503	-0.282689	0.247222	-0.373788	-0.169060	-0.914541	-0.536592	-0.400592	-0.331754	0.204687	-0.076010	-0.034177	0.018558	-0.161946	0.108545	0.156853	-0.403729	0.527140	-0.048464	0.254361	0.079401	0.043390	-0.689443	-0.047194	-1.184093	-0.881042	-0.561170	-0.484545	0.893096	0.680003	-0.235492
-0.832114	-0.579141	-0.241136	-0.571808	-0.853654	-0.519526	-0.361403	-0.101146	-0.619465	-0.320481	-0.747597	-0.819849	-0.866063	0.636310	-0.398437	-0.421256	-0.025972	-0.451129	-0.377007	-0.906772	-0.623062	-0.874875	-0.543753	-0.321142	-0.112564	-0.596822	-0.425377	-0.008449	-0.667003	-0.501177	-0.481795	-0.377334	-0.271229	0.228972	-0.289313	-0.082582	0.465160	-0.367411	-0.153134	0.001854	-0.875876	-0.070378	-0.778302	-0.074296	-0.375451	-0.352544	-0.187051	-0.178896	-1.001676	-1.041615	-1.047478	-0.837528	0.490015	0.006208	-0.160699
0.121575	-0.299953	0.348544	-0.128317	-0.171405	-0.177540	0.265790	0.146552	-0.307400	-0.183478	-0.228874	-0.711376	-0.501866	0.881288	0.223806	-0.328191	0.494838	0.018815	0.152327	-0.086692	0.280206	-0.010330	-0.222115	0.381347	0.056362	-0.100830	-0.116555	0.466144	-0.253915	0.503611	0.246774	0.399755	0.191186	0.065119	-0.226055	0.422011	1.000840	-0.114398	0.032825	0.221219	-0.785742	-0.064742	-0.321128	-0.042340	0.056909	0.175720	0.806112	0.206687	-0.185364	-0.754842	-0.853191	-0.528698	-0.191972	-0.364484	-0.470841
1.240024	0.249977	0.405192	0.152685	0.388904	0.181858	0.880699	0.386482	0.149193	0.163355	0.386361	-0.033097	0.073841	0.793604	0.192885	-0.034132	0.793334	0.870936	0.796937	0.621220	0.831270	0.810327	0.222835	0.694973	1.173260	0.545616	1.170108	0.778468	0.589341	1.096972	0.955314	0.676184	0.830865	-0.423731	-0.418473	0.497041	1.022258	0.024670	0.019893	0.178103	-0.237417	0.139843	0.349695	0.105595	0.580559	0.581304	1.051490	0.925718	0.331332	-0.276246	-0.138478	0.407987	-0.818489	-0.556433	-0.556906
1.863443	0.094468	-0.103559	0.307668	0.276289	0.053264	0.320969	-0.043827	-0.308162	-0.058854	0.283266	0.322120	0.308668	0.803753	-0.653864	0.043161	0.031086	0.981646	1.203526	0.470379	0.495765	0.828304	0.002585	-0.113362	2.062001	0.480848	1.999532	0.624874	0.633067	0.684659	0.875196	-0.165296	0.944381	-1.082528	-0.976794	-0.377057	0.235762	-0.333641	-0.619355	-0.587369	0.084953	-0.276936	0.020848	-0.125731	0.263889	-0.030456	0.076333	1.073848	0.016004	0.196827	0.327553	1.219201	-1.212071	-0.941024	-0.071473
1.351509	-0.832545	-0.656484	0.283483	-0.318021	-0.458155	-1.038800	-1.061205	-1.295564	-0.761159	-0.520945	-0.149614	0.022293	0.743334	-1.417627	-0.233548	-1.228195	0.029105	0.939667	-0.299943	-0.372657	-0.041028	-0.864253	-1.335661	1.301651	-0.329190	1.187415	-0.028127	-0.431372	-0.376197	-0.096210	-1.226089	0.114309	-1.536006	-1.359096	-1.549216	-0.767378	-0.929546	-1.474888	-1.585639	-0.195962	-1.170274	-1.098601	-0.727608	-0.696689	-1.123099	-1.234713	0.025229	-0.832336	0.359939	0.063015	1.189471	-1.197953	-1.376490	0.483642
-0.068851	-1.498255	-0.772598	0.060741	-0.640923	-0.725140	-1.825367	-1.716553	-1.617428	-1.204255	-1.239278	-0.856122	-0.506183	0.183291	-1.238655	-0.753210	-1.776139	-1.219916	0.038803	-0.885809	-0.969904	-1.277768	-1.614797	-1.846133	-0.777070	-1.051816	-0.701217	-0.822846	-1.502316	-1.241069	-1.319248	-1.391910	-1.061980	-1.404266	-1.267631	-2.036343	-1.046346	-1.214837	-1.772741	-1.847922	-0.588834	-1.563005	-1.698293	-1.146306	-1.341293	-1.555880	-1.766709	-1.551845	-1.406526	0.008951	-0.477513	0.563524	-0.733609	-1.296231	0.503565
-1.137082	-1.051680	-0.442999	-0.133003	-0.231553	-0.379299	-1.383736	-1.254833	-0.979044	-1.006908	-1.195533	-0.836976	-0.841391	-0.666543	-0.341095	-1.213201	-1.249958	-1.718384	-0.749875	-0.795973	-0.835644	-2.054453	-1.576336	-1.433445	-2.175646	-0.927932	-1.920010	-1.213249	-1.388326	-1.334856	-1.922276	-0.717989	-1.446820	-0.680818	-1.074029	-1.603669	-0.530824	-0.960234	-1.248177	-1.074743	-0.370947	-0.999026	-1.077054	-0.977445	-1.195290	-1.102650	-1.372434	-2.140307	-1.095357	-0.564030	-0.448174	0.316624	-0.218571	-0.652225	0.167227
-0.762139	0.135593	-0.062960	-0.075092	0.557891	0.275666	-0.327894	-0.049052	-0.244653	-0.483989	-0.479723	-0.030833	-0.680534	-0.985199	0.224124	-1.188878	-0.337895	-1.084912	-0.626568	-0.181071	-0.207069	-1.722076	-0.749546	-0.676322	-1.511149	-0.091767	-1.386442	-0.882060	-0.184824	-0.753403	-1.536710	-0.028148	-0.613575	0.037892	-1.096390	-0.736518	-0.151020	-0.371658	-0.355065	-0.002329	0.410560	-0.069036	0.086332	-0.373940	-0.624010	-0.478178	-0.688241	-1.053976	-0.033479	-0.790077	0.307573	0.876892	-0.210596	-0.102467	0.116034
0.662644	0.923800	-0.028953	0.083675	0.986553	0.667661	0.385106	0.826273	-0.113631	-0.098768	0.283271	0.650415	-0.020658	-0.307575	-0.181049	-0.500443	0.202450	0.111794	0.283433	0.421544	0.312541	-0.454893	0.254945	-0.059182	0.441575	0.599617	0.333394	-0.073783	0.907255	-0.126882	-0.673495	0.225353	0.668494	0.053048	-1.075828	0.037378	-0.509754	0.200786	0.236078	0.400226	0.938081	0.436685	0.663741	0.214169	-0.165318	-0.221291	-0.225902	0.635453	1.003591	-0.501298	1.066842	1.551146	-0.642354	-0.002793	0.533745
1.600259	0.664550	-0.357985	0.013448	0.718282	0.526610	0.393445	0.803926	-0.315298	0.016753	0.642401	0.565175	0.804021	0.877136	-1.005025	0.400880	0.247721	0.894325	0.921526	0.505783	0.395466	0.698354	0.720283	0.304035	1.821058	0.502251	1.729029	0.565769	0.939134	-0.003513	-0.195527	0.160616	1.274564	-0.540147	-0.666317	0.461340	-1.054036	0.522764	0.213457	-0.086266	0.607413	0.387024	0.325741	0.438542	-0.016995	-0.221669	-0.009194	1.224047	1.360591	-0.074356	1.124179	1.473020	-0.710951	0.130199	1.039126
1.095729	-0.229593	-0.648917	-0.280520	0.067220	-0.005669	-0.003487	0.235008	-0.296878	-0.042228	0.639345	0.159436	1.307517	1.587867	-1.125437	0.693686	0.134904	0.747116	0.444338	-0.027471	0.271318	0.806514	0.421115	0.454169	1.710036	-0.145597	1.738607	0.613867	0.136297	-0.260642	-0.324077	-0.006157	0.822352	-0.866779	-0.000309	0.496765	-1.018498	0.552188	-0.173136	-0.792728	-0.286051	0.186755	-0.304948	0.197854	-0.141577	-0.233146	0.179702	0.324610	1.082679	0.122395	0.533800	0.656735	0.081965	0.683942	1.323085
-0.223319	-0.894995	-0.462814	-0.429992	-0.430813	-0.602058	-0.343067	-0.333663	-0.112890	-0.236459	0.518421	0.225352	1.200760	1.271821	-0.200373	0.003042	0.128084	-0.045896	-0.797490	-0.744632	0.341153	0.052353	-0.190914	0.515778	0.640741	-0.574653	0.486762	0.259155	-0.550918	-0.278776	-0.436632	-0.122553	-0.161132	-0.452302	0.478381	0.290039	-0.599580	0.341052	-0.406245	-0.923681	-0.940852	0.119140	-0.539070	-0.385980	-0.475671	-0.296318	0.506203	-0.739224	0.600468	0.116341	-0.158833	-0.258284	1.031828	1.036191	1.374019
-1.007437	-0.933634	0.212863	-0.200281	-0.537305	-0.951322	-0.446484	-0.794302	-0.212894	-0.572569	0.382714	0.711656	0.618683	0.267343	0.848616	-1.148760	0.132970	-0.873485	-1.620200	-1.028099	0.622956	-0.546046	-0.494467	0.620808	-0.442393	-0.426756	-1.030561	-0.023539	-0.586012	0.228445	0.037384	-0.074843	-0.941379	0.053839	0.512134	0.063101	-0.510434	-0.097552	-0.270744	-0.400872	-0.910036	0.060784	-0.405371	-1.025512	-0.895079	-0.525163	0.897340	-0.597084	0.079597	0.131964	-0.597477	-0.903902	0.920685	0.308824	1.108094
-0.673089	-0.601229	0.906693	0.241558	-0.422368	-0.877772	-0.472024	-1.225553	-0.646723	-0.904293	0.214011	0.788272	-0.013335	-0.540151	0.874593	-1.790645	-0.136790	-1.362189	-1.250949	-0.654555	0.739278	-0.311767	-0.358056	0.647780	-1.059120	-0.114422	-1.779706	-0.035217	-0.278294	0.802619	0.856046	0.016518	-1.199841	-0.216812	0.259179	-0.128124	-0.725928	-0.680434	-0.078579	0.107589	-0.398420	-0.197834	-0.441141	-1.361032	-1.141682	-0.782260	1.001924	0.519700	-0.521934	0.289799	-0.767155	-1.293269	-0.375389	-1.188845	0.326608
0.237905	-0.285158	1.102852	0.606978	-0.370054	-0.450104	-0.624277	-1.430268	-0.956189	-0.957949	0.040703	0.019982	-0.379428	-0.547389	-0.131165	-1.350842	-0.748079	-1.393621	-0.025849	0.017778	0.419524	0.484116	-0.143210	0.247049	-1.149791	-0.187963	-1.356143	0.072497	-0.138150	0.831488	1.324097	-0.205356	-1.015326	-1.044518	0.126351	-0.397011	-0.457135	-1.037955	-0.203202	0.010893	0.137513	-0.571316	-0.840382	-1.139790	-0.960454	-0.783502	0.500109	1.156008	-0.898364	0.576004	-0.686278	-1.272051	-1.543738	-2.065363	-0.763631
0.896828	-0.093007	0.742608	0.802922	-0.443683	0.023085	-0.866028	-1.098119	-0.812015	-0.641026	-0.076775	-0.999598	-0.505792	0.013598	-0.991160	-0.065225	-1.350772	-0.904632	1.118519	0.485823	-0.132095	1.137793	-0.116336	-0.635764	-0.758891	-0.609365	-0.166021	0.177108	-0.170021	0.361004	1.163562	-0.815899	-0.535662	-1.300396	0.338160	-0.697953	0.600935	-0.750743	-0.511076	-0.488120	0.418136	-0.779875	-1.123797	-0.446971	-0.351132	-0.447252	-0.413647	0.470196	-0.520936	0.896448	-0.312372	-0.560333	-1.392718	-1.533759	-1.428570
0.981599	0.048369	0.288401	0.869988	-0.461958	0.229966	-0.925447	-0.296354	-0.372196	-0.198142	-0.166651	-1.333129	-0.539048	0.391005	-0.671182	1.306280	-1.456326	-0.009634	1.610548	0.647416	-0.403166	1.315609	-0.116615	-1.422382	-0.036557	-0.860767	0.898110	0.408664	-0.006479	0.044708	0.741511	-1.273370	0.102651	-0.378512	0.655089	-0.697694	1.621472	0.049639	-0.500415	-0.653731	0.404759	-0.732141	-0.777874	0.255328	0.372757	0.020518	-1.018902	-0.776418	0.489718	1.080740	0.238166	0.529755	-0.284884	-0.343867	-1.174065
0.689246	0.156347	0.247261	0.797852	-0.279007	0.138555	-0.584986	0.477429	0.041732	0.059649	-0.311573	-0.748861	-0.436986	0.164869	0.575822	2.031773	-0.929399	0.800054	1.542891	0.766843	-0.104360	1.199825	0.098519	-1.394451	0.629549	-0.629011	1.125137	0.883544	0.451616	0.278537	0.509146	-0.973766	0.623364	1.028934	0.671133	-0.184755	1.558534	0.644285	0.008854	-0.140156	0.201840	-0.586943	0.015925	0.494791	0.824813	0.368124	-0.768269	-1.206470	1.157734	0.968201	0.628815	1.036358	0.464137	0.303954	-0.399949
0.317173	0.178806	0.569811	0.550863	-0.005998	-0.016157	0.012339	0.745298	0.294184	0.085952	-0.468920	0.084025	-0.125590	-0.362840	1.506480	1.765331	-0.172583	0.937579	1.175284	0.898883	0.418216	0.991357	0.376974	-0.554794	0.771214	-0.147622	0.560558	1.286088	0.790824	0.620264	0.452600	-0.099224	0.683119	1.667556	0.365979	0.491164	0.444370	0.528117	0.568065	0.562065	-0.020940	-0.447022	0.542742	0.268547	0.825149	0.474418	0.013664	-0.469864	0.748398	0.545439	0.568370	0.421243	0.297130	0.247948	0.079037
0.010456	0.118828	0.620686	0.184116	0.131334	-0.021460	0.401595	0.477457	0.374063	0.051329	-0.422646	0.341385	0.139654	-0.614698	1.179100	0.675620	0.233428	0.334606	0.536220	0.642759	0.398776	0.552459	0.295515	0.260988	0.300444	0.146560	-0.032303	0.981590	0.542701	0.293788	0.203572	0.459276	0.275690	0.935334	0.117417	0.672287	-0.553033	0.018917	0.611619	0.720134	-0.130559	-0.210897	0.395518	0.045214	0.463232	0.315913	0.372036	0.471664	-0.251271	-0.051687	0.083433	-0.652265	-0.100641	0.244257	0.016784
-0.175287	0.114039	-0.044278	-0.170437	0.134410	0.146224	0.310182	0.123880	0.303842	0.106476	-0.021786	-0.120115	0.001304	-0.358786	-0.166999	-0.542309	0.134587	-0.359041	-0.304059	-0.219227	-0.491933	-0.268323	-0.202554	0.330764	-0.223635	0.157914	0.125088	-0.175394	-0.176814	-0.739657	-0.351206	0.179775	-0.062786	-0.645143	0.186438	0.197566	-0.409649	-0.151837	0.172795	0.285950	-0.093205	0.230375	-0.033763	0.245013	0.032502	0.012229	-0.171654	0.649955	-0.737015	-0.638177	-0.474739	-1.065671	0.050435	0.689516	-0.160618
-0.159260	0.372689	-0.953228	-0.400126	0.273071	0.429883	0.123573	0.213628	0.259240	0.348684	0.511815	-0.665206	-0.341889	0.131063	-1.409511	-0.969859	0.017374	-0.350406	-0.892436	-1.028742	-1.559227	-1.103313	-0.532528	-0.053630	-0.050881	0.241367	1.063932	-1.301375	-0.635947	-1.518952	-0.751843	-0.356159	0.265166	-1.881639	0.454534	-0.253894	0.594931	0.298898	-0.094142	0.006091	0.085156	0.814053	0.025394	0.820457	-0.057317	-0.050203	-0.935826	0.243973	-0.422689	-1.041418	-0.687160	-0.575855	0.621010	1.127219	-0.180783
0.062705	0.910640	-1.167119	-0.474525	0.669969	0.776771	0.523140	0.783737	0.495867	0.844208	0.618485	-0.603056	-0.210772	0.321231	-1.600174	-0.225936	0.477715	0.475412	-0.766392	-0.785503	-1.719793	-1.278606	-0.106829	0.030498	0.847156	0.743869	1.961743	-1.285283	-0.279362	-1.181809	-0.494926	-0.128654	1.137219	-1.832705	0.633943	0.093816	1.198950	0.925060	0.309831	0.514124	0.381684	1.338676	0.840366	1.356211	0.440724	0.507043	-0.827261	0.155809	-0.131539	-1.162843	-0.425862	0.058267	0.901874	1.024475	-0.371399
0.250274	1.332413	-0.516135	-0.457310	0.976264	1.051134	1.519165	1.224191	0.962557	1.430387	-0.076910	0.042285	0.557229	-0.145073	-0.791234	0.977309	1.448311	1.388341	-0.113541	0.484724	-0.803885	-0.687322	0.821813	0.872384	1.540813	1.502368	1.864563	-0.216672	0.521323	-0.130201	0.182077	0.994488	1.644341	-0.563429	0.505540	1.084729	0.632336	1.056279	1.059093	1.484494	0.659240	1.549672	1.787845	1.454830	1.223542	1.443669	0.291637	0.726771	-0.551840	-1.047279	0.000802	0.178021	0.529249	0.479873	-1.063164
0.117690	1.146669	0.118051	-0.438315	0.718709	1.065266	2.218884	0.924562	1.227915	1.650207	-1.196247	0.601041	1.189154	-0.986351	0.114053	1.432124	2.162097	1.580962	0.374192	1.494565	0.183293	-0.018363	1.350697	1.713530	1.187270	1.950260	0.677631	0.605814	0.865191	0.425868	0.493061	2.003146	1.077565	0.924138	0.085084	1.730901	-0.502264	0.516973	1.357648	1.957102	0.709197	1.279678	1.978057	1.046865	1.570852	1.915116	1.426783	1.382511	-1.181808	-0.787786	0.176730	-0.083963	-0.149729	-0.031040	-1.882216
-0.184061	0.478336	0.021945	-0.414749	-0.019553	0.839666	1.900433	0.114645	1.015710	1.235790	-1.725119	0.586748	1.010636	-1.314850	0.351777	0.814199	2.032743	1.080900	0.389654	1.237448	0.313913	0.192920	1.096164	1.811867	0.214955	1.764617	-0.539541	0.400908	0.545166	0.111445	0.239921	1.976019	-0.092010	1.649176	-0.186992	1.473353	-0.975028	-0.102850	0.978574	1.508124	0.530878	0.720344	1.299756	0.501237	1.170301	1.472380	1.738059	1.556328	-0.922107	-0.324937	0.086226	-0.308800	-0.442328	-0.223679	-2.040293
-0.077119	0.151788	-0.354712	-0.297578	-0.553124	0.665796	1.029154	-0.257412	0.615858	0.603629	-0.960307	0.234342	0.480856	-0.518388	0.063400	0.121514	1.385679	0.724199	0.343098	0.293264	-0.139438	0.338987	0.755701	1.444970	-0.055149	1.235959	-0.514570	-0.015298	0.400739	-0.082671	0.230946	1.204828	-0.574314	1.532333	0.323884	0.935376	-0.279150	0.040870	0.605280	0.776125	0.411172	0.448424	0.627550	0.403644	0.623792	0.783179	1.499116	1.415987	0.447800	0.464697	0.106920	-0.462040	0.062166	-0.091761	-1.281623
0.674471	0.693247	-0.101953	-0.069012	-0.388319	0.729264	0.712437	0.330217	0.512213	0.482344	0.647895	0.092569	0.569678	0.850822	-0.045685	0.405578	1.051443	1.133722	0.627904	0.021349	-0.182954	1.081054	1.140629	1.381499	0.877189	0.872564	0.813037	0.525401	1.127340	0.761431	1.136171	0.731475	0.254940	1.224318	1.625478	1.055957	1.040808	1.102902	0.895530	0.613209	0.531374	0.842979	0.789645	0.965910	0.745324	0.851796	1.465007	1.368232	1.870248	1.369018	0.416338	-0.738298	1.069439	0.260971	-0.194767
1.437369	1.479143	0.826766	0.177454	0.162911	0.801937	1.238573	1.261235	0.752223	0.977704	1.864251	0.314615	1.334562	1.488727	0.370152	1.353027	1.307666	1.886260	0.966309	0.751830	0.592755	2.184438	1.951498	1.672368	1.894346	0.779437	2.027058	1.745696	2.161494	2.127953	2.352993	0.969058	1.529177	1.223890	2.746860	1.753766	2.114086	2.177483	1.497241	0.966339	0.628772	1.478969	1.510061	1.622244	1.456936	1.628001	1.720647	1.256709	2.238694	1.782409	0.672393	-1.077321	1.759339	0.605388	0.509300
1.330622	1.377399	1.589536	0.394159	0.405681	0.512892	1.682005	1.528747	0.960247	1.352272	1.966561	0.599081	1.801655	0.786791	1.039826	1.623243	1.534112	1.915436	0.811480	1.447874	1.610832	2.622158	2.050999	1.594999	1.615569	0.605678	1.702955	2.236031	2.288879	2.731180	2.627648	1.250155	1.848718	1.427592	2.702896	1.984603	2.333149	2.110791	1.435565	0.990329	0.296777	1.453419	1.712175	1.513220	1.824322	1.963859	1.670460	0.590415	1.631916	1.334635	0.502409	-1.232444	1.566928	0.626971	0.752517
0.257541	0.159015	1.559506	0.597878	0.135331	-0.167272	1.085138	0.930030	0.871730	0.889579	1.371310	0.648425	1.246791	-0.519012	1.597256	0.533263	1.000816	0.731633	0.106267	1.102543	2.029729	1.837232	0.902434	0.734306	0.152449	0.034926	-0.001565	1.362030	1.131987	2.112889	1.594913	0.780084	0.855831	1.445417	1.642470	1.102428	1.449977	0.715634	0.392563	0.218557	-0.444695	0.408523	0.821064	0.476913	1.205548	1.058653	0.956734	-0.547651	0.938549	0.440973	0.067258	-1.159479	0.765914	0.253616	0.964404
-1.044922	-1.252199	0.856092	0.648640	-0.243563	-0.918483	-0.387215	0.073917	0.538924	-0.284131	0.794356	0.353559	-0.004763	-1.342509	1.868960	-1.080930	-0.243144	-0.971386	-0.710579	-0.143959	1.445159	0.392449	-0.756763	-0.476956	-1.140550	-0.847476	-1.596904	-0.052242	-0.523149	0.874943	0.085563	-0.355428	-0.567157	1.036435	0.527846	-0.353842	-0.247434	-1.022993	-0.863983	-0.802114	-1.127792	-1.054703	-0.605142	-0.736395	-0.065750	-0.561847	-0.136793	-1.370561	0.521569	-0.114862	-0.200580	-0.955079	0.057400	-0.215598	1.418016
-1.872669	-1.960600	-0.145829	0.256645	-0.419465	-1.463843	-1.724619	-0.615789	0.035092	-1.405700	0.228695	-0.338646	-1.152134	-1.464802	1.641356	-1.837734	-1.445433	-2.030190	-1.255713	-1.389099	0.013242	-0.761086	-1.777226	-1.400332	-1.487702	-1.660964	-2.008526	-1.032033	-1.752830	-0.401507	-1.006172	-1.328620	-1.554986	0.235957	-0.157803	-1.401942	-1.812877	-1.977964	-1.417857	-1.209124	-1.372111	-2.058928	-1.605242	-1.365046	-1.229618	-1.751521	-1.140250	-1.325364	-0.092416	-0.117138	-0.263584	-0.474100	-0.330831	-0.517779	1.901927
-2.049237	-1.955503	-1.196494	-0.570908	-0.581163	-1.716304	-2.210480	-1.274624	-0.667925	-1.869168	-0.706904	-1.288480	-1.759793	-1.373383	0.700201	-1.307785	-1.970383	-1.976104	-1.430949	-1.958744	-1.619404	-1.256723	-1.742137	-1.861200	-1.446102	-2.048244	-1.567074	-1.558323	-2.255133	-1.613466	-1.531241	-1.504288	-2.085588	-0.674539	-0.750625	-1.704513	-2.288486	-1.882768	-1.174037	-0.856696	-1.190993	-2.230616	-1.805794	-1.405937	-1.879770	-2.009651	-1.789189	-0.783981	-1.106990	-0.092873	-0.447300	0.547614	-0.739161	-0.729407	1.968579
-1.636706	-1.615085	-1.919855	-1.262975	-0.940304	-1.570458	-1.945969	-1.893687	-1.369417	-1.609368	-1.647287	-1.875002	-1.801864	-1.238028	-0.649936	-0.281234	-1.812382	-1.309226	-1.242822	-1.760719	-2.475652	-1.335217	-1.087442	-1.955963	-1.678802	-1.858338	-1.170379	-1.961695	-2.102512	-2.490041	-1.692961	-1.033792	-2.359481	-1.291209	-1.484248	-1.585659	-1.688254	-1.251466	-0.695057	-0.367648	-0.732140	-1.701499	-1.485415	-1.272109	-1.975322	-1.678311	-1.929539	-0.517621	-1.747723	-0.470412	-0.749027	1.839362	-1.279479	-0.916190	1.388759
-0.727415	-0.995305	-1.763470	-1.163801	-1.170153	-0.903690	-1.391823	-1.914614	-1.524852	-0.913844	-1.559706	-1.360140	-1.320242	-0.704676	-1.505898	0.266766	-1.345855	-0.738950	-0.734979	-1.019624	-1.863819	-1.220927	-0.437531	-1.641121	-1.821426	-1.173399	-1.067029	-1.960779	-1.416824	-2.372701	-1.472790	-0.580683	-2.046317	-1.400779	-1.949708	-1.302439	-0.965820	-0.638485	-0.408103	-0.288207	-0.037592	-0.767122	-0.995194	-1.081739	-1.522982	-1.193244	-1.483811	-0.698361	-1.222150	-0.895280	-0.668162	2.465955	-1.506607	-0.813276	0.407282
0.280895	-0.113206	-0.632612	-0.271542	-0.710472	0.057425	-0.831934	-0.992721	-0.842517	-0.188378	-0.246858	0.154613	-0.476285	0.280657	-1.219586	0.103859	-0.871210	-0.495699	-0.108600	-0.077205	-0.171269	-0.897005	-0.149775	-0.932495	-1.198409	-0.297243	-0.924661	-1.094023	-0.569496	-1.124443	-0.838478	-0.604736	-0.822790	-1.203439	-1.761530	-0.844249	-0.842478	-0.278901	-0.328048	-0.525443	0.722167	0.123337	-0.525776	-0.722748	-0.709449	-0.681448	-0.719920	-0.800251	-0.022576	-0.675424	0.037265	1.765897	-1.123552	-0.277828	-0.446320
0.701245	0.533320	0.687521	0.716720	0.411248	0.697149	-0.379469	0.234828	0.133572	0.170215	0.936760	1.483310	0.243008	1.084579	-0.233419	-0.387235	-0.521575	-0.446547	0.339733	0.625710	1.220516	-0.471463	-0.316869	-0.263167	-0.130542	0.364272	-0.671116	0.205410	-0.155579	0.267075	-0.195562	-0.944169	0.678713	-1.035084	-1.207991	-0.383975	-0.990736	-0.242515	-0.386659	-0.673934	1.065102	0.397024	-0.284873	-0.352065	-0.099170	-0.254319	-0.230890	-0.470771	0.479640	0.201929	0.796576	0.275213	-0.494129	0.226746	-0.892239
0.291304	0.465999	1.184519	1.117262	1.414670	0.679703	-0.122304	0.741718	0.477769	0.039378	0.573789	1.519452	0.340539	1.120755	0.307917	-0.840753	-0.340691	-0.482616	0.497401	0.755420	1.206079	-0.342161	-0.775111	-0.123062	0.344681	0.612365	-0.547077	0.830725	-0.292209	0.614015	-0.141173	-1.029801	1.303388	-0.880609	-0.816663	-0.322959	-0.588882	-0.457221	-0.573278	-0.580549	0.683355	-0.076087	-0.377147	-0.247132	-0.135978	-0.132916	-0.328038	-0.059387	-0.222560	0.851897	0.822010	-0.737639	-0.084866	0.162067	-1.163462
-0.276322	0.085399	0.656064	0.831400	1.568706	0.470701	0.004482	0.367353	-0.022203	-0.216598	-0.946545	0.509032	-0.110183	0.534160	-0.129411	-1.093738	-0.210518	-0.497957	0.521403	0.414145	0.082898	-0.746272	-1.060521	-0.355454	-0.059523	0.655978	-0.431876	0.382246	-0.291998	-0.130001	-0.756429	-0.467592	0.811416	-0.443608	-0.668765	-0.659550	0.526907	-0.534779	-0.683804	-0.351542	0.040327	-0.561177	-0.439402	-0.220514	-0.478469	-0.256183	-0.613151	-0.036287	-1.110046	0.462829	0.098787	-0.688975	0.143246	-0.218548	-1.544729
-0.148087	0.295900	-0.198382	0.210235	0.956141	0.775236	0.275783	-0.041850	-0.592565	-0.065800	-1.832077	-0.289328	-0.512434	-0.157351	-0.853446	-0.967210	0.139732	-0.244947	0.562794	0.073253	-0.882988	-1.338377	-0.712064	-0.279402	-0.512022	0.838920	0.108070	-0.355282	0.439262	-0.940537	-1.432443	0.562517	0.168238	0.268891	-0.558604	-0.763401	1.515389	-0.024031	-0.333011	0.001988	0.014118	-0.146349	0.114314	0.234692	-0.331776	-0.154499	-0.462253	-0.225986	-0.999270	-0.702365	-0.586781	-0.197981	0.373169	-0.136117	-1.787819
0.603665	1.221405	-0.659233	-0.368483	0.276129	1.527825	0.854437	0.222672	-0.408541	0.584712	-1.108659	-0.166591	-0.439662	-0.699716	-0.869036	-0.301802	0.811523	0.423314	0.528902	0.071231	-0.932939	-1.477010	0.217193	0.384813	-0.301428	1.174742	0.930672	-0.539384	1.420222	-1.002977	-1.458688	1.462271	0.199439	0.813862	-0.455839	-0.131466	1.391092	0.946185	0.541789	0.588887	0.817100	1.092330	1.266000	1.118276	0.514117	0.485598	0.167371	-0.047352	-0.010658	-1.547424	-0.566826	-0.046449	0.433773	0.587375	-1.373433
1.061076	1.927690	-0.648477	-0.675484	0.034222	1.885756	1.506203	0.896555	0.503208	1.296926	0.308095	0.325406	-0.030492	-1.023647	-0.153931	0.685199	1.498889	1.238186	0.238543	0.299936	-0.478865	-0.908509	1.138156	1.118489	0.269682	1.343914	1.192698	-0.306916	1.591665	-0.443066	-0.656500	1.770933	0.595100	0.918224	-0.366356	0.887594	0.216514	1.584917	1.405463	1.292486	1.625099	2.057101	2.186813	1.741726	1.414294	1.338773	0.731217	0.591157	0.767855	-1.373978	0.044228	-0.088937	0.181140	1.232539	-0.353667
0.621642	1.570301	-0.539714	-0.665567	0.117619	1.269596	1.781520	1.197859	1.397661	1.601092	0.922729	0.319897	0.323277	-0.923702	0.393622	1.314078	1.753024	1.692498	-0.287994	0.418431	-0.276287	-0.029170	1.489401	1.296517	0.539101	1.128320	0.494315	-0.344302	0.680179	0.161752	0.502364	1.532976	0.578518	0.820519	-0.102419	1.445561	-0.739784	1.239231	1.580404	1.640068	1.465659	1.861292	2.107235	1.538371	1.672554	1.745035	0.837150	1.055045	0.686011	-0.612975	0.582515	0.359127	-0.036067	1.114942	0.518342
-0.372865	0.306006	-0.639747	-0.558209	0.092675	0.004649	1.403474	0.781771	1.551560	1.335211	0.404540	-0.239938	0.382338	-0.303498	0.207746	0.963156	1.427345	1.498319	-0.835043	0.201337	-0.389646	0.528139	1.162326	0.915426	0.466865	0.588221	-0.404832	-0.825909	-0.523500	0.493885	1.236919	1.074123	0.029941	0.769467	0.327908	1.123523	-0.379567	0.097826	0.887638	1.168656	0.233694	0.720432	1.113163	0.662199	1.178631	1.355187	0.638675	0.749850	0.073922	-0.191637	0.498199	1.255187	0.110446	0.338640	0.693278
-1.188078	-1.073183	-0.925065	-0.670606	-0.265282	-1.169592	0.432529	0.024146	0.775775	0.530295	-0.313583	-0.746314	0.093954	0.476708	-0.252228	-0.240692	0.724937	0.733805	-1.209022	-0.367555	-0.281127	0.485683	0.382717	0.392324	0.512932	-0.193258	-0.496291	-1.197510	-1.234428	0.583184	1.019693	0.498470	-0.506454	0.582512	0.437192	0.255046	0.733823	-1.054566	-0.267594	-0.080493	-1.305239	-0.490793	-0.137334	-0.347908	0.210027	0.344654	0.444050	-0.127610	-0.403074	-0.377600	-0.190237	1.566533	0.271585	-0.514826	0.525083
-1.400411	-1.924123	-1.049878	-0.932429	-0.753078	-1.835066	-0.773524	-0.478816	-0.480985	-0.656812	-0.269185	-0.834050	-0.460623	0.942093	-0.284896	-1.362844	-0.095508	-0.323791	-1.307264	-1.111091	0.307596	0.102886	-0.552756	-0.059231	0.851490	-1.175915	0.210347	-0.881573	-1.426344	0.543785	0.068796	-0.387954	-0.626564	0.032878	-0.116726	-0.544846	0.891958	-1.602746	-1.292869	-1.457026	-2.269298	-1.179405	-1.180392	-1.115299	-0.887580	-0.823174	0.260901	-0.785690	-0.423936	-0.576573	-0.896946	0.556372	-0.083443	-1.025645	0.781942
-0.947731	-1.988634	-0.576666	-0.774412	-0.959251	-1.959998	-1.676052	-0.506232	-1.376782	-1.782639	0.559085	-0.696716	-0.986711	1.068634	0.010119	-1.491412	-0.872085	-1.299562	-1.042814	-1.622231	0.964352	-0.153625	-1.329629	-0.510421	1.127968	-2.032744	0.794467	0.075748	-1.385146	0.461829	-0.714990	-1.568704	-0.455504	-0.664206	-0.865339	-0.905596	-0.486314	-1.483148	-1.758994	-2.139851	-2.255114	-1.320083	-1.914392	-1.498269	-1.653406	-1.675116	-0.088358	-0.706740	-0.096022	-0.277360	-0.936806	-1.036196	-0.737222	-1.085014	1.625223
0.014012	-1.330614	0.537487	0.167813	-0.694216	-1.607554	-1.864902	-0.344557	-1.337698	-2.252045	1.338243	-0.589766	-1.079480	1.138450	-0.009171	-0.677480	-1.471361	-1.795309	-0.395266	-1.436539	1.140818	-0.070629	-1.662608	-0.940473	0.890215	-2.155751	0.574520	1.025656	-1.091131	0.392667	-0.566440	-2.448110	-0.347743	-1.111319	-1.010224	-0.842195	-1.864416	-1.002455	-1.541852	-1.803877	-1.441830	-1.137904	-2.244310	-1.500320	-1.647071	-1.938858	-0.588807	-0.186477	0.239493	0.203824	-0.194308	-1.644503	-0.961748	-0.753615	2.341286
0.996975	-0.407085	1.603846	1.344770	-0.226055	-0.945469	-1.465028	-0.413147	-0.699892	-1.882444	1.221811	-0.404444	-0.633065	1.181597	-0.393620	0.107805	-1.804363	-1.677166	0.419376	-0.533270	0.798505	0.162403	-1.501974	-1.162512	0.026995	-1.360270	-0.262144	1.257578	-0.444565	0.283560	0.274171	-2.313638	-0.484151	-1.214451	-0.462703	-0.657947	-1.555152	-0.512860	-0.883448	-0.937328	-0.419006	-0.873875	-2.020946	-1.322418	-0.991930	-1.708900	-0.990419	0.000283	0.233406	0.211372	0.641420	-0.715016	-0.588934	-0.211435	2.078230
1.287324	0.079320	1.661052	1.686849	-0.029393	-0.364843	-1.088070	-0.768953	-0.419393	-1.147243	0.196943	0.117212	-0.034929	0.994450	-0.404524	0.062604	-1.918607	-1.275856	0.974274	0.414348	0.353172	0.213621	-1.100460	-1.132459	-1.100513	-0.344142	-1.047576	0.609535	0.236515	-0.029336	0.719428	-1.209070	-0.733044	-1.090432	0.066537	-0.707946	-0.038400	-0.207634	-0.287268	-0.411804	0.170398	-0.747173	-1.373021	-1.223102	-0.467531	-1.360285	-1.098296	-0.562305	-0.173607	-0.255771	0.702945	0.610102	-0.171834	0.303583	0.741642
0.621956	-0.168374	0.546232	0.828844	-0.240518	-0.175650	-1.130909	-1.006223	-0.883353	-0.620383	-0.840311	0.899449	0.259082	0.624094	0.332639	-0.515284	-1.865486	-1.018476	0.984822	0.628947	0.128901	-0.003953	-0.720794	-1.014813	-1.805408	0.017840	-1.274850	-0.305234	0.470007	-0.571550	0.072655	-0.060002	-0.763074	-0.729532	0.046783	-1.019445	0.730959	-0.031291	-0.116913	-0.588894	0.135748	-0.794520	-0.747065	-1.133977	-0.648536	-1.138676	-0.944408	-1.407853	-0.599022	-0.463569	-0.070544	0.919938	-0.034078	0.633019	-0.813863
-0.336745	-0.601010	-0.661361	-0.338247	-0.443128	-0.170642	-1.220887	-0.704616	-1.300108	-0.319726	-0.970971	1.456095	0.282467	0.354074	1.053352	-0.581998	-1.477267	-0.851199	0.634030	0.142118	0.093654	-0.207658	-0.340687	-0.857371	-1.545296	-0.236758	-0.886916	-0.551241	0.304903	-0.989848	-1.039591	0.270821	-0.352991	-0.097272	-0.214323	-1.136359	0.045890	0.235117	-0.226905	-0.899764	-0.053712	-0.721977	-0.440294	-0.669783	-1.111753	-0.876255	-0.658333	-1.552027	-0.548823	0.120659	-0.727865	0.230724	0.183137	0.710967	-1.482046
-0.625204	-0.416054	-0.670674	-0.607708	-0.141839	0.140457	-0.696307	0.043638	-0.695599	0.114338	-0.210759	1.349086	0.421425	0.203118	0.775015	0.336296	-0.574676	-0.363907	0.387659	-0.211611	0.095482	-0.062008	0.180675	-0.502837	-0.495795	-0.276678	-0.253869	0.212936	0.275302	-0.794541	-1.330778	-0.125111	0.308034	0.561611	-0.113627	-0.616197	-0.737153	0.654714	-0.167829	-0.538719	0.190980	-0.228407	-0.301891	0.254670	-0.941831	-0.290177	-0.316344	-0.548796	0.011710	1.135473	-0.334899	-0.249466	0.767896	0.484622	-0.916403
-0.141997	0.366542	0.486554	0.151325	0.564967	0.740998	0.344983	0.651968	0.647381	0.665048	0.567668	0.655231	0.687375	-0.085660	-0.263410	1.382779	0.503309	0.421379	0.414030	0.103389	0.109413	0.342725	0.671968	-0.002330	0.430343	0.240408	0.059415	1.220893	0.546726	0.008876	-0.471579	-0.482203	0.705048	0.858549	0.305649	0.243964	-0.319056	0.885350	0.159629	0.406544	0.770591	0.426459	-0.070807	1.036105	-0.010549	0.456705	-0.004368	0.799864	0.569071	1.713671	0.822387	0.144600	1.250048	-0.010237	0.125466
0.205710	0.817726	1.369622	0.873409	0.990269	0.926563	0.923275	0.624771	1.327678	0.781358	0.632971	-0.095254	0.514822	-0.488030	-0.728521	1.202312	0.946791	0.812128	0.371239	0.589247	0.166372	0.478079	0.663471	0.188749	0.388759	0.587182	-0.271606	1.259138	0.579440	0.732779	0.431688	-0.354694	0.493704	0.711999	0.358322	0.522598	0.725714	0.460875	0.291744	0.882720	0.920833	0.514461	0.188526	0.936465	0.743934	0.770274	0.107092	1.085467	0.642085	1.391892	1.414622	0.710616	0.922016	-0.517787	0.549705
-0.267440	0.302104	0.860560	0.646224	0.662427	0.233058	0.393618	0.067407	0.557592	0.165469	0.099268	-0.433057	-0.394564	-0.611949	0.110582	-0.407675	0.382879	0.331248	-0.050717	0.465916	0.219144	0.033462	0.015109	-0.218992	-0.510643	0.053244	-0.972130	0.043866	-0.038318	0.736640	0.283677	0.016344	-0.114500	0.423862	-0.288860	-0.206400	0.983432	-0.542746	-0.133017	0.199558	0.219823	-0.238114	0.236452	-0.001675	0.534986	0.360459	-0.056607	-0.116985	0.298283	0.504290	0.645457	0.497968	-0.149986	-0.711737	0.037024
-1.003367	-0.574459	-0.385601	-0.171568	-0.042340	-0.716541	-0.558180	-0.427897	-0.741004	-0.600856	-0.376102	-0.343424	-1.309271	-0.314780	1.314546	-1.960388	-0.480932	-0.452193	-0.545796	-0.129827	0.203620	-0.537968	-0.664330	-0.752136	-1.243271	-0.837551	-1.312616	-1.248492	-0.772319	0.229703	-0.506328	0.246131	-0.527439	0.259490	-0.988712	-1.119352	0.326882	-1.299698	-0.698480	-0.887032	-0.696634	-1.064254	0.109961	-0.851420	-0.193705	-0.254882	-0.260808	-1.523003	-0.025948	-0.217277	-0.658516	-0.302587	-1.035093	-0.528056	-0.711732
-0.844621	-0.636772	-0.759170	-0.500189	-0.323734	-0.791964	-0.635852	-0.364599	-0.991919	-0.604773	-0.338463	-0.135491	-1.096956	0.048372	1.323165	-1.717347	-0.539887	-0.473072	-0.476000	-0.299879	0.136436	-0.450834	-0.553615	-0.586884	-0.865516	-0.853196	-0.735533	-1.144588	-0.653347	-0.008136	-0.582727	0.288411	-0.317427	0.176036	-0.783141	-0.950511	-0.048053	-0.955155	-0.595717	-0.950992	-0.780272	-0.885298	0.116677	-0.709696	-0.338866	-0.267845	-0.140881	-1.411138	-0.047675	-0.298390	-0.965233	-0.654315	-0.885501	-0.197904	-0.816702
0.423782	0.354724	0.183971	-0.002574	0.034303	0.213543	0.431539	0.212155	0.106281	0.278158	0.130168	-0.008018	0.348645	0.205432	-0.113252	0.366094	0.393240	0.480123	0.263619	0.285618	0.064406	0.415335	0.411318	0.404060	0.547725	0.284483	0.610195	0.449353	0.455838	0.313354	0.464362	0.279635	0.414615	0.051616	0.409537	0.462666	0.449972	0.426340	0.315764	0.292389	0.132863	0.396163	0.375383	0.382795	0.399995	0.449538	0.351211	0.387499	0.171551	0.153931	0.054184	-0.180043	0.206945	0.089033	-0.176994
