X1	X2	X3	X4	X5	X6	X7	X8	X9	X10	X11	X12	X13	X14	X15	X16	X17	X18	X19	X20	X21	X22	X23	X24	X25	X26	X27	X28	X29	X30	X31	X32	X33	X34	X35	X36	X37	X38	X39	X40	X41	X42	X43	X44	X45	X46	X47	X48	X49	X50	X51	X52	X53	X54	X55
0.042558	0.229339	0.159246	0.223550	0.136486	0.192834	0.153793	0.021629	0.089440	-0.038204	0.045983	-0.043564	-0.073438	0.088715	0.281354	-0.112797	0.145376	0.258443	0.097280	0.072844	0.048703	0.218136	0.089298	0.073684	-0.120346	0.037514	0.146420	0.182749	0.248309	0.053233	0.096697	0.063149	0.171025	0.078692	-0.116829	-0.140342	0.032941	0.074712	-0.010458	-0.044239	0.145163	0.112951	0.047032	0.026380	0.093752	0.024401	0.060323	0.142043	-0.096764	0.124015	0.158748	0.109402	0.025468	-0.002876	0.006116
-0.468039	-0.289663	-0.655389	-0.200604	-0.073730	-0.205521	-0.286281	-0.387286	-0.314185	-0.306043	-0.364700	-0.277088	0.004956	0.259879	0.844749	0.372539	0.006089	0.314230	0.170853	-0.050055	-0.193341	-0.460665	-0.192373	0.341150	-0.450857	-0.332711	0.068828	-0.513081	-0.166736	-0.312868	-0.247907	0.500360	-0.061532	0.234113	-0.491470	0.259858	0.158763	0.277301	-0.100151	0.027180	0.317067	-0.279792	-0.323249	-0.243326	-0.609295	-0.025526	0.265963	-0.133975	-0.202229	0.019678	-0.084233	-0.428480	-0.305599	-0.154143	0.158857
-0.539949	-0.031862	-1.163729	-1.022087	0.057216	0.173359	-0.198295	-0.647583	-0.241312	-0.043582	-0.704065	-0.430434	0.722506	0.080227	0.253291	0.762784	0.198890	0.535699	0.626074	-0.394004	-1.111196	-1.068642	0.192695	0.405643	-0.368927	-0.146394	0.182009	-0.506368	0.007364	-0.611522	-0.886429	0.387256	-0.056828	-0.730368	-0.719867	0.657040	0.115920	0.388133	0.128972	0.266549	0.833749	0.106922	0.004050	0.126402	-0.546908	0.081148	0.192106	-0.301006	-0.030277	-0.452661	-0.344143	-0.022338	-0.161044	0.223562	0.112912
-0.177502	0.779885	-1.281754	-1.732074	0.567060	1.030162	0.188989	-0.438459	0.391923	0.675212	-0.616530	-0.315131	1.598389	0.082338	-0.824250	0.890956	0.572713	0.855155	1.155028	-0.755432	-2.069002	-1.343370	0.872034	0.479002	0.027370	0.249962	0.621897	0.005838	0.549573	-0.593464	-1.342422	0.167018	0.156432	-1.936821	-0.762318	1.048061	0.289907	0.553960	0.537409	0.796689	1.517489	0.946558	0.769867	0.974282	0.082104	0.351924	-0.035274	-0.259407	0.268288	-1.074661	-0.696364	0.748986	0.492757	1.036020	-0.219410
0.217865	1.231017	-1.050912	-1.451465	0.996837	1.352880	0.155483	0.353183	1.016988	1.229070	0.106956	0.103725	1.564775	0.837558	-0.928717	0.729714	0.573346	0.890309	1.008190	-0.697507	-1.828688	-1.000847	0.954421	0.739202	0.259593	0.139564	1.085156	0.277736	0.693467	-0.103960	-0.901181	0.502422	0.161176	-1.631716	-0.530253	1.248247	1.007140	0.846149	0.690842	1.440345	1.746925	1.190524	1.115448	1.504821	0.543730	0.602108	-0.051921	0.029631	0.330486	-1.221122	-1.010028	0.671704	1.145854	1.606907	-0.644240
0.380821	0.869011	-0.428963	-0.130498	0.790553	0.675000	-0.544179	1.272403	0.855448	1.140444	1.016995	0.561344	0.420908	1.769349	-0.030058	0.472945	-0.126397	0.274498	-0.073062	-0.092968	-0.207920	-0.018760	0.325921	0.860891	0.135804	-0.471895	0.912714	0.082880	0.132168	0.572150	0.353299	1.049820	-0.394966	0.288061	0.175522	0.944939	1.781526	1.008563	0.456423	1.675817	1.083603	0.408740	0.709530	1.213417	0.624304	0.591677	0.303677	0.510513	0.115185	-0.592366	-0.853315	-0.230525	1.226062	1.374875	-0.776848
0.494701	0.149200	0.562642	1.276812	0.029220	-0.425759	-1.275879	1.641818	-0.111143	0.567813	1.357290	0.806969	-0.838143	1.701270	0.488601	0.221697	-1.131413	-0.788544	-1.390845	0.675646	1.649937	1.270419	-0.198638	0.466839	0.049348	-0.887930	-0.055635	-0.042509	-0.568029	0.917662	1.527207	0.874442	-1.127240	2.037131	1.287662	0.132856	1.762917	0.801597	0.191849	1.101223	-0.237556	-0.691511	0.064115	0.394781	0.677109	0.249393	0.830238	1.016027	-0.066363	0.395726	-0.025521	-0.746726	0.715901	0.471166	-0.476015
0.784158	-0.328262	1.459354	1.781929	-0.616799	-1.103085	-1.248800	1.207826	-0.921420	-0.003606	0.918080	0.848809	-1.244341	0.372332	-0.129095	-0.194131	-1.644411	-1.553344	-1.937346	1.045547	2.536514	2.208037	-0.082282	-0.251028	0.417275	-0.722548	-1.081365	0.306142	-0.714050	0.730750	1.840459	-0.163057	-1.163813	2.130638	2.166694	-0.714778	0.711401	0.304057	0.200417	-0.091103	-1.508249	-1.174477	-0.288319	-0.365783	0.755253	-0.251591	1.089341	1.234148	-0.056988	0.997465	0.925133	-0.274920	0.113660	-0.482149	-0.056149
1.019172	-0.606596	1.535167	1.210432	-0.799053	-1.179254	-0.462023	0.281708	-0.706290	-0.347260	0.230672	0.757789	-0.915094	-1.302864	-1.110778	-0.877193	-1.333042	-1.586835	-1.441794	0.758302	2.200582	2.049490	0.140331	-0.804226	1.035628	-0.320644	-1.353362	0.725092	-0.390174	0.255693	1.218911	-1.224878	-0.287194	0.923549	2.078308	-1.116160	-0.862863	-0.343743	0.241297	-1.231836	-2.184546	-0.928404	-0.449577	-0.897681	0.396104	-0.653240	0.638366	0.827029	-0.065488	0.828572	1.145741	0.392203	-0.199174	-1.036567	0.107735
0.789476	-1.036109	0.711551	0.200888	-0.848264	-1.084894	0.349797	-0.611668	0.240680	-0.527498	-0.102232	0.496123	-0.606564	-2.337665	-1.397799	-1.540471	-0.655549	-1.313324	-0.548863	0.108497	1.217278	0.658445	-0.315622	-1.049633	1.269858	-0.116176	-0.909770	0.561006	-0.262413	-0.216603	0.125339	-1.618588	0.666466	-0.124913	1.048622	-1.071822	-2.230762	-1.093248	-0.094951	-1.739473	-2.207088	-0.527367	-0.727138	-1.330374	-0.494669	-0.792218	-0.553875	-0.161158	-0.240870	0.174917	0.540122	0.312245	-0.303281	-1.206744	0.047962
0.201991	-1.400492	-0.025259	-0.357676	-0.990497	-1.056555	0.653503	-1.013525	0.836779	-0.521840	0.011395	0.131237	-0.580715	-2.412374	-0.884585	-1.754887	-0.205972	-1.312937	0.055374	-0.242042	0.355311	-0.915487	-1.168212	-1.107308	0.815770	-0.047236	-0.401395	-0.102677	-0.555435	-0.611432	-0.794923	-1.400494	0.886068	-0.063819	-0.044182	-0.891468	-2.742809	-1.611895	-0.624512	-1.509376	-1.758497	-0.302026	-0.927866	-1.502500	-1.103706	-0.607164	-1.744223	-1.027109	-0.328724	-0.299437	0.008894	-0.288275	-0.408421	-1.162391	0.048149
-0.094730	-1.014528	0.301646	-0.011689	-0.817180	-0.814122	0.623882	-0.645517	0.566863	-0.184538	0.287984	-0.024303	-0.417207	-1.680167	-0.197686	-1.426784	-0.039027	-1.386685	0.355782	0.137480	0.112437	-1.142261	-1.238126	-0.874717	0.083579	0.141379	-0.214248	-0.477037	-0.707897	-0.867620	-0.996049	-0.868032	0.595964	0.850870	-0.345266	-0.680142	-2.014541	-1.295024	-0.626053	-0.841306	-1.009359	-0.036027	-0.577288	-1.029666	-0.604429	-0.121889	-1.853593	-0.927845	-0.020625	-0.171929	0.351816	-0.409309	-0.428694	-0.895647	0.122942
0.264482	0.129480	1.267880	0.814862	-0.052266	-0.169063	0.607939	0.327406	0.028546	0.356285	0.478591	0.205367	0.090788	-0.580050	0.078642	-0.882846	0.084063	-0.941155	0.625477	0.891840	0.427841	0.208634	-0.131376	-0.244634	-0.208198	0.352009	-0.215085	-0.120599	-0.269885	-0.779023	-0.428338	-0.201759	0.514493	1.602365	0.158148	-0.329080	-0.449080	-0.201471	0.142856	-0.178978	-0.253965	0.382956	0.213614	-0.070379	0.602545	0.417102	-0.706905	0.049503	0.495735	0.330636	1.180317	0.322963	-0.123524	-0.357916	-0.009386
0.772388	0.895391	1.438908	1.122199	0.630696	0.408963	0.500275	1.101028	-0.028193	0.551111	0.470012	0.440257	0.376778	0.135841	-0.230338	-0.549151	0.095573	-0.138207	0.677179	1.081405	0.687414	1.415966	0.847730	0.230547	0.194028	0.272490	-0.209417	0.426270	0.284702	-0.281332	0.276877	0.197643	0.704266	1.354017	0.712061	-0.022157	0.642986	0.481254	0.818839	0.046708	0.001689	0.511084	0.583667	0.477429	1.132498	0.509166	0.410432	0.645414	0.631411	0.591747	1.333054	1.090107	0.371927	0.177731	-0.360078
0.570899	0.241816	0.303925	0.373630	0.306667	0.243961	0.017279	0.771519	0.215807	-0.061918	0.210874	0.071374	-0.204910	-0.082272	-0.753063	-0.594859	-0.229335	0.144611	0.067595	0.218178	0.323582	0.709564	0.153518	-0.338642	0.719241	-0.069673	-0.240186	0.315451	0.147362	0.284970	0.387454	-0.227620	0.610161	0.219409	0.555884	-0.304139	0.195733	-0.279880	0.293483	-0.413774	-0.504322	-0.094651	-0.123660	-0.040596	0.238910	-0.164377	0.041506	-0.215636	0.066399	0.327657	0.341529	0.777980	0.430730	0.171486	-0.418403
-0.478331	-1.300125	-0.929688	-0.792860	-0.833501	-0.577074	-0.637644	-0.595847	-0.009355	-1.183761	-0.207607	-0.894062	-1.310867	-0.822390	-0.734555	-0.754452	-0.644841	-0.352609	-0.935666	-0.940948	-0.446162	-1.309429	-1.794088	-1.800320	0.500111	-0.263449	-0.394851	-0.495360	-0.612103	0.468556	-0.083350	-1.290394	0.047352	-0.822461	-0.366773	-1.286855	-1.262525	-1.792532	-1.275010	-1.297840	-1.257380	-1.072641	-1.427821	-1.072790	-1.218011	-1.163035	-1.570632	-1.873280	-0.863755	-0.101914	-0.933448	-0.674628	-0.385762	-0.562256	0.210064
-1.480480	-1.992956	-0.939479	-1.195956	-1.536621	-1.062866	-0.863711	-1.731978	-0.810726	-1.767954	-0.510518	-1.601652	-1.664208	-1.018811	0.115273	-0.467253	-0.556746	-0.752752	-1.212565	-1.029941	-0.793179	-2.111907	-2.681475	-2.499657	-0.603246	-0.070243	-0.590525	-1.147400	-1.041144	0.160547	-0.451591	-1.739926	-0.532644	-0.988054	-1.314330	-2.026476	-2.013932	-2.202600	-2.257206	-1.711736	-1.253312	-1.403218	-1.996579	-1.325779	-1.687838	-1.416949	-2.467228	-2.339672	-1.500527	-0.256347	-1.327347	-1.979646	-1.567319	-1.374809	1.045898
-1.377473	-0.817505	-0.077242	-0.486227	-1.017135	-0.330113	-0.463620	-1.442761	-1.345065	-0.944891	-0.513042	-1.220253	-0.357856	-0.256187	0.925562	0.576392	0.083063	-0.255679	-0.033124	0.308847	-0.373829	-0.387000	-0.922164	-0.948729	-1.627632	0.229789	-0.671724	-0.925372	-0.599589	-0.450355	-0.340414	-0.525502	-0.791180	-0.576730	-1.389674	-1.267023	-1.073519	-0.696762	-1.216529	-0.761013	-0.016848	-0.452311	-0.939542	-0.212118	-0.586277	-0.243598	-1.104029	-0.527497	-1.457346	-0.296594	-0.759285	-1.770603	-1.911189	-1.229609	1.017035
-0.078387	1.374140	0.178870	0.427541	0.143560	1.381599	0.017518	-0.024498	-0.968259	0.960128	-0.373957	0.049629	2.027408	0.679325	0.445580	1.901687	0.520911	0.740287	1.866990	1.803269	0.114049	2.165558	2.322912	2.143381	-1.461747	0.172722	-0.620962	-0.116191	0.100659	-1.175640	-0.158332	1.753441	-0.955488	-0.483426	-0.411594	1.003563	0.759034	1.574319	1.359667	1.397570	1.795799	1.269356	1.208706	1.458088	1.189809	1.751661	1.823032	2.336900	-0.867109	-0.765532	-0.249050	-0.155290	-0.775411	0.188812	-0.355759
1.365703	2.747771	-0.732044	0.452617	0.863824	2.834494	-0.066980	1.034574	-0.151699	2.501361	-0.367581	1.098943	3.784064	0.820678	-1.345422	2.512512	0.144068	1.243921	2.904836	1.925947	-0.163016	2.852884	4.257832	4.208567	-0.182450	-0.331978	-0.578993	0.340246	0.131519	-1.778623	-0.417783	3.218788	-1.347165	-0.978747	0.852068	3.144596	1.937396	2.903024	3.373407	3.327941	2.941637	2.457601	2.835543	2.310945	2.211445	3.004707	3.988544	3.887052	-0.184920	-1.698393	-0.606017	1.346596	1.075972	1.948694	-2.233197
1.758932	2.245710	-1.804252	-0.475275	0.854541	2.903732	-0.724646	0.782542	0.156661	2.450893	-0.472808	1.091589	3.635228	0.242164	-2.950631	1.948455	-0.700024	0.969602	2.282622	0.665329	-0.980990	1.164581	3.381316	3.458007	0.925529	-0.912506	-0.637018	-0.084172	-0.575861	-1.849663	-0.971547	2.641575	-1.823168	-1.483122	1.379200	3.409918	1.825551	2.699011	3.243692	3.535961	2.700796	2.125244	2.663217	1.756366	1.741816	2.401116	3.756612	3.002654	0.169207	-2.329192	-1.471768	1.504460	2.133099	2.674413	-3.071747
0.891758	0.397375	-1.957546	-1.466435	0.654927	1.593004	-1.412308	-0.228949	-0.245586	1.025338	-0.453464	0.299866	1.921322	-0.114888	-2.892438	0.927821	-1.173083	0.506458	0.723271	-0.539208	-1.302652	-0.935737	0.848540	0.770456	0.793449	-1.152379	-0.638429	-0.968869	-1.246356	-1.189881	-1.245230	0.677292	-1.923522	-1.541259	0.788671	1.765407	1.034962	1.564521	1.433545	1.982437	1.457590	0.465144	0.914670	0.429387	0.183421	0.378637	1.649288	0.723358	0.049108	-1.924980	-1.849353	0.586575	1.612136	1.881018	-2.008223
-0.373269	-1.316083	-1.423126	-1.742261	0.670807	0.041765	-1.664986	-0.867752	-0.717082	-0.431109	-0.325449	-0.374810	0.186396	0.292152	-1.180283	0.621526	-0.948476	0.437143	-0.394963	-0.565327	-0.690538	-1.610288	-1.060704	-1.380829	-0.326805	-0.950750	-0.281720	-1.431288	-1.218720	-0.244374	-0.974476	-0.935216	-1.428429	-1.420800	-0.426508	-0.166465	0.421406	0.357473	-0.297675	0.140323	0.314494	-1.263362	-0.912617	-0.561715	-1.358440	-1.445401	-0.454988	-1.075308	-0.377030	-0.741197	-1.356014	-0.323255	0.126590	0.389701	0.282621
-1.051883	-1.756678	-1.170958	-1.324576	0.676127	-0.549677	-1.414902	-0.819737	-0.729679	-0.910144	-0.409552	-0.494213	-0.392136	0.914138	0.866110	1.297872	-0.389987	0.742969	-0.434403	0.175538	0.072459	-1.064602	-1.344105	-1.582933	-1.314313	-0.465652	0.481455	-1.011828	-0.550632	0.308691	-0.370078	-1.152483	-0.600975	-1.516721	-1.377085	-0.873595	0.178539	-0.392703	-0.847943	-0.533791	0.132941	-1.776289	-1.484995	-0.667802	-1.942552	-1.785305	-1.274810	-1.521082	-0.716858	0.152092	-0.626577	-0.697005	-1.021198	-0.570839	2.081937
-0.921741	-1.002519	-1.395683	-0.737742	0.268530	-0.143323	-0.850091	-0.634162	-0.410830	-0.586389	-0.805999	-0.409588	-0.037044	0.812555	1.873974	1.961382	0.044535	0.990012	0.017399	0.444173	0.024417	-0.652933	-0.847930	-0.621676	-1.391888	0.112194	1.177295	-0.076084	0.204196	0.390893	0.274761	-0.429155	0.070846	-1.674573	-1.448348	-0.324276	-0.067769	-0.570672	-0.606856	-0.013638	0.770739	-0.904559	-0.839505	-0.216781	-1.473283	-0.799465	-1.072474	-1.163092	-0.576737	0.025299	-0.442336	-0.786314	-1.066033	-0.558718	2.127415
-0.487806	-0.103376	-1.254962	-0.357464	-0.542724	0.121666	-0.239081	-0.687811	-0.107735	-0.232593	-1.117192	-0.570730	0.184018	-0.183313	1.374982	1.447762	0.192496	0.778182	-0.019562	-0.267388	-0.705315	-0.895278	-0.753906	-0.117033	-0.685678	0.607957	1.125708	0.556416	0.513086	0.467016	0.750426	0.062010	0.288595	-1.485458	-0.732199	0.364215	-0.579070	-0.485033	-0.503400	0.493174	1.209181	0.266610	-0.094299	0.114772	-0.632298	0.298693	-0.856934	-0.908010	0.054749	-0.744705	-0.740195	-0.833003	-0.366711	-0.187027	0.741518
-0.275945	0.088778	-0.156621	-0.192001	-1.314787	-0.623541	0.159485	-0.712463	0.125785	-0.219831	-0.908211	-0.851228	-0.296120	-1.247181	-0.012346	-0.267534	0.112161	0.053871	-0.712978	-1.221420	-1.085904	-1.103326	-1.127515	-0.622266	0.127307	0.813452	0.216846	0.382207	0.230502	0.642870	0.793277	-0.298514	0.172262	-0.886897	0.049456	0.208471	-1.123617	-0.621517	-0.783566	0.002807	0.597786	0.551255	-0.043929	0.018120	-0.079577	0.591846	-1.097661	-0.958360	0.585149	-1.158368	-0.756980	-0.697681	0.098999	-0.278548	-0.593779
-0.323143	-0.173181	1.252548	-0.100331	-1.549222	-1.716096	0.271474	-0.376013	0.388365	-0.339372	-0.236893	-0.744710	-1.036455	-1.424630	-1.005767	-1.991965	0.008426	-0.762753	-1.222853	-1.393598	-0.503513	-0.680450	-1.195954	-1.338202	0.426110	0.598745	-0.701642	-0.281744	-0.250531	0.447819	0.259163	-1.121594	0.158687	-0.062023	0.196582	-0.814455	-1.239711	-1.032743	-0.990709	-1.178557	-0.775958	-0.053598	-0.336642	-0.230782	0.205509	0.231704	-1.422784	-0.858075	0.273730	-0.664403	-0.090448	-0.274697	-0.180750	-0.865438	-0.772812
-0.334372	0.016334	1.773402	0.012544	-1.040060	-1.663156	0.334643	0.174071	0.572915	-0.327507	0.488705	-0.089358	-1.346474	-0.560157	-0.602628	-2.508707	0.216121	-1.007063	-0.791182	-0.637879	0.529583	0.008312	-0.614950	-1.326219	0.056384	0.131306	-0.541650	-0.560754	-0.239176	-0.223296	-0.453523	-1.574831	0.600428	0.945541	-0.254147	-1.890462	-0.756734	-1.146616	-0.827102	-1.873124	-1.740839	-0.470971	-0.173089	-0.165106	0.635213	-0.076365	-1.306216	-0.291100	-0.831329	0.416076	0.731162	0.216591	-0.701593	-1.146179	0.015694
-0.155075	0.875158	1.105169	0.186939	-0.010464	-0.132977	0.684448	0.559972	0.460687	-0.184176	0.979791	0.642542	-1.151066	0.643764	0.938365	-1.715354	0.910882	-0.420778	0.202421	0.238453	1.053188	0.254550	0.070426	-0.533283	-0.542185	-0.123234	0.772768	0.080244	0.551084	-0.556850	-0.578569	-1.199177	1.369184	2.013370	-0.594609	-2.066081	0.018170	-0.541046	-0.598263	-1.360430	-1.535581	0.049798	0.509178	0.316600	1.192714	-0.010765	-0.690576	0.429509	-1.601865	1.397984	0.915850	0.496547	-0.588705	-0.477198	0.886784
0.044794	1.432538	0.170028	0.424108	1.000165	1.376744	1.328000	0.632788	0.083788	-0.044422	1.124418	0.807519	-0.914581	1.335410	2.183167	-0.544326	1.736970	0.403449	0.597153	0.413564	0.728359	-0.033357	0.163820	0.346478	-0.651809	0.211467	2.020319	1.164264	1.502456	0.226900	0.146662	-0.222032	1.890636	2.539568	-0.351107	-1.024508	0.594673	0.253537	-0.775734	-0.134614	-0.634240	0.971019	0.924894	0.760512	1.258873	0.143840	0.050368	0.664818	-0.905812	1.893768	0.402947	0.458084	0.250860	0.715718	1.342754
-0.018333	0.662740	-0.040206	0.678145	1.452764	1.248573	1.806404	0.451906	-0.268295	-0.067329	0.778977	0.190723	-0.980225	1.206635	1.981020	0.081874	1.969892	0.555131	-0.155122	-0.129060	0.032787	-0.339697	-0.400237	0.652129	-0.020538	0.939770	1.892118	1.580182	1.604370	1.665281	1.055145	0.747630	1.654016	1.901137	0.073749	0.522091	0.692176	0.217760	-1.374915	0.641535	-0.119650	1.128420	0.408261	0.529916	0.379978	-0.018733	0.499293	0.122690	0.952691	1.936552	-0.112081	0.053257	0.882104	1.224314	1.445583
-0.448535	-1.089520	0.434586	0.894171	1.137284	-0.298547	1.590368	0.088158	-0.409207	-0.423058	-0.055805	-0.844488	-1.243994	0.605258	0.758701	0.039327	1.232886	-0.095805	-1.280990	-0.705637	-0.415383	-0.259609	-1.077007	0.280806	0.704052	1.322640	0.368742	0.760051	0.599294	2.399425	1.287600	1.237114	0.710537	0.440830	-0.042813	1.306976	0.381823	-0.810520	-1.864689	0.319116	-0.409424	0.135796	-0.821027	-0.505117	-1.021000	-0.574198	0.488813	-0.806311	2.296688	1.687417	-0.056690	-0.664080	0.426819	0.363894	1.236469
-1.002464	-2.247633	0.787552	1.024119	0.316040	-1.529018	0.658171	-0.258760	-0.395938	-1.024358	-0.857270	-1.580411	-1.322547	0.129499	-0.053989	-0.160679	-0.031754	-0.677725	-1.541961	-0.687085	-0.439266	0.105346	-1.220614	-0.308654	0.652035	0.822124	-1.299194	-0.624498	-0.630371	1.705260	0.760946	1.183241	-0.334936	-0.527119	-0.641718	0.739405	0.014327	-1.678273	-1.593385	-0.620892	-0.878254	-1.164361	-1.826084	-1.588577	-1.894654	-1.180298	0.207680	-1.361360	1.907701	1.228014	0.455727	-1.212000	-0.753194	-1.113100	0.565308
-1.157433	-1.671885	0.561143	0.973953	-0.406116	-1.297590	-0.368721	-0.191739	-0.269411	-1.275554	-0.867156	-1.348992	-0.849329	0.124334	0.172098	-0.057955	-0.934798	-0.427757	-0.611872	-0.074695	-0.231110	0.394412	-0.533434	-0.457867	-0.086874	-0.194922	-1.879726	-1.326395	-1.005073	0.221839	0.099275	0.829776	-0.825896	-0.087389	-0.802676	-0.333680	0.026257	-1.138020	-0.349216	-1.087629	-0.729041	-1.620873	-1.719297	-1.622563	-1.516315	-1.279052	0.085572	-1.081151	0.481307	0.625095	0.980900	-0.865618	-1.304959	-1.665365	-0.431290
-0.573569	0.070813	0.123223	0.660840	-0.497057	-0.204032	-0.764042	0.414737	0.054584	-0.606028	-0.013917	-0.132427	0.176705	0.458667	0.645104	0.320248	-0.963249	0.326257	0.628740	0.582170	0.007642	0.415097	0.662674	0.114730	-0.477546	-0.779285	-1.233925	-0.855973	-0.396570	-0.882917	-0.218593	0.466200	-0.585859	1.138045	-0.001306	-0.530123	0.568844	0.604820	1.274656	-0.533494	0.036390	-0.945457	-0.447824	-0.376878	-0.192250	-0.590197	0.386485	-0.216117	-0.268805	0.065063	1.291273	0.393361	-0.479623	-0.665506	-1.128935
0.345809	1.310953	0.013079	0.213056	0.009154	0.452948	-0.405533	0.994689	0.466855	0.566487	0.794671	1.108536	1.118456	0.719575	0.506948	0.576350	-0.378107	0.684414	1.109775	0.744516	0.188660	0.278044	1.497379	0.912018	-0.004774	-0.510322	-0.196524	0.057992	0.367288	-1.053663	-0.245423	0.252529	-0.020275	1.661801	0.969710	0.311872	1.192112	1.937135	2.116623	0.428680	0.670734	0.072844	0.959426	0.994952	0.943231	0.398260	0.829119	0.509509	0.208056	-0.189007	1.345729	1.447931	0.817097	0.772145	-1.004029
0.674057	1.066387	0.189756	-0.044258	0.473264	0.261690	0.130322	0.838696	0.560004	1.007962	0.698316	1.213379	1.111083	0.633544	0.070421	0.411680	0.149948	0.398006	0.648792	0.374150	0.253506	0.177571	1.253940	1.057095	0.524082	0.031061	0.350482	0.406937	0.520436	-0.558473	-0.181791	0.174649	0.295045	0.922363	0.923903	0.892247	1.168583	1.607206	1.477221	0.710869	0.578675	0.441238	1.222349	1.109198	0.961191	0.726890	0.828928	0.570979	0.773261	-0.041525	1.039926	1.205995	1.053426	1.048917	-0.289776
0.101937	0.017796	0.216450	0.037814	0.345042	-0.153980	0.244494	0.106547	0.192858	0.252008	0.000824	0.241310	0.141333	0.308332	0.111527	-0.004252	0.209558	0.038031	-0.039277	-0.084048	0.175716	0.125431	0.231597	0.350905	0.258312	0.110282	0.230157	0.087204	0.151069	0.023587	-0.060007	0.101696	0.185588	-0.065707	-0.015113	0.317822	0.407363	0.210332	0.067850	0.078131	-0.020365	0.007584	0.250986	0.053421	0.100355	0.098780	0.262805	0.096034	0.434793	0.258357	0.419351	0.081720	0.098229	0.085967	0.230117
-0.462397	-0.395659	-0.022783	0.204316	-0.109732	-0.184665	-0.014713	-0.229335	-0.098058	-0.550423	-0.250499	-0.412559	-0.613625	0.065521	0.498464	-0.179120	-0.046020	0.037530	-0.212011	-0.196051	0.019701	-0.026725	-0.404403	-0.325425	-0.229334	-0.174834	-0.042071	-0.106999	-0.036045	0.272199	0.083800	-0.048571	0.044489	-0.094062	-0.430016	-0.500692	-0.210405	-0.493518	-0.533873	-0.515488	-0.362746	-0.436921	-0.576731	-0.629566	-0.480599	-0.585040	-0.258042	-0.347608	-0.134546	0.318930	-0.008901	-0.414809	-0.497314	-0.546092	0.117715
-0.021231	0.304012	-0.196942	0.133355	-0.108323	0.087116	-0.111453	0.328162	0.263836	-0.084583	0.248190	0.201316	-0.112991	0.072419	0.422627	0.121588	-0.195937	0.136718	0.193840	0.020709	-0.134258	-0.319525	0.074143	-0.053224	0.220574	-0.181987	0.070269	0.373369	0.388216	0.115390	0.060547	-0.150281	0.321900	0.645573	0.420043	-0.114827	0.137270	0.266872	0.318268	-0.157635	-0.005852	-0.167145	-0.095299	0.059329	-0.102965	-0.336565	-0.121715	-0.351028	0.354688	0.061068	0.296033	0.316775	0.386253	0.244124	-0.247742
1.001652	1.125774	-0.095375	-0.113480	0.530191	0.191269	0.210499	1.050600	0.979732	1.212903	0.626243	1.214549	1.095746	0.176496	-0.216015	0.525333	-0.077876	-0.087588	0.663170	0.194814	-0.303147	-0.548505	1.082970	0.901128	1.352489	0.193715	0.482922	1.045359	1.029652	-0.208777	-0.256958	0.051403	0.845805	0.932705	1.429927	1.275816	1.000908	1.335409	1.520069	0.767768	0.667143	0.535752	1.033662	1.178368	0.562262	0.518343	0.502579	0.039794	1.705513	-0.158503	1.103487	1.154268	1.737688	1.484426	-0.237699
1.187959	0.899145	0.048247	-0.227206	0.986518	-0.124041	0.570495	0.928073	1.143770	1.629307	0.131058	1.079891	1.464043	0.114716	-0.591230	0.438799	0.057553	-0.576711	0.704488	0.057555	-0.538276	-0.476551	1.476612	1.414235	1.592596	0.306446	0.619278	0.987200	1.069875	-0.416095	-0.715883	0.612818	0.899083	0.295360	1.084999	1.975330	1.105469	1.160488	1.592047	1.051375	0.872080	0.746745	1.145217	1.080399	0.408489	0.742932	0.919626	0.544229	2.194032	-0.019781	1.493839	0.849679	1.648697	1.387743	0.160118
0.134978	-0.263898	-0.070532	-0.166874	0.493054	-0.659065	0.467370	0.048266	0.475366	0.529299	-0.703605	-0.235109	0.454563	-0.123086	-0.243613	-0.235472	-0.073350	-0.929054	0.247514	-0.332143	-0.762857	-0.163771	0.902256	0.942945	0.360831	-0.257713	0.222135	0.051099	0.217187	-0.427904	-0.982730	1.167160	0.152577	-0.367069	-0.434961	1.095716	0.089885	-0.185791	0.476059	0.286843	0.303937	0.132893	-0.123572	-0.302917	-0.541861	-0.054017	0.753244	0.925163	0.806052	0.287399	0.934495	-0.230954	-0.065274	-0.174957	0.318274
-0.807056	-1.123095	-0.319978	-0.199605	-0.513073	-0.953687	-0.020318	-0.477848	-0.189344	-0.715101	-0.657226	-1.070530	-0.790134	-0.219626	0.193044	-0.948626	-0.373056	-0.952813	-0.454125	-0.748388	-0.742659	0.031528	0.005094	0.069470	-0.846403	-0.961809	-0.182050	-0.830350	-0.820478	-0.278626	-0.792519	1.132446	-0.708751	-0.136592	-1.398660	-0.311862	-0.876291	-1.142076	-0.561221	-0.564847	-0.551960	-0.582385	-1.233047	-1.281287	-1.049801	-0.826577	0.184393	1.007782	-1.253888	0.305973	-0.061770	-0.654269	-1.446121	-1.379735	-0.188046
-0.246725	-0.792557	-0.169664	-0.367541	-0.790726	-0.699047	-0.272696	0.089078	0.150046	-0.525314	0.663682	-0.168917	-1.015009	0.074803	-0.067983	-1.134950	-0.463465	-0.822322	-1.129447	-0.976868	-0.239342	-0.112055	-0.516918	-0.426584	-0.339028	-0.919390	0.110691	-0.621168	-0.944408	0.134456	-0.113384	0.243537	-0.652206	0.643698	-0.661430	-0.771467	-0.607378	-0.685945	-0.573840	-0.451431	-1.016467	-0.543856	-0.714123	-0.618129	-0.222979	-0.522913	-0.493910	0.683450	-1.842780	-0.007192	-0.570421	0.098563	-0.790863	-0.775609	-0.960767
1.379658	0.284626	0.700366	-0.284851	0.151881	-0.102406	0.119722	1.228487	1.467669	0.830499	2.330412	1.747950	-0.417341	0.544863	-0.804289	-0.823628	-0.168260	-0.733768	-1.626601	-0.850924	0.758070	-0.314104	-0.588246	-0.473712	1.502206	-0.008901	0.994431	0.670891	0.175955	0.952055	0.804592	-1.075382	0.431489	0.935353	1.044430	-0.233484	0.486187	0.462131	0.095580	0.388430	-0.948613	0.155409	0.925761	0.841755	1.268742	0.474690	-1.085981	0.071044	-0.362508	-0.151934	-0.310373	0.940478	1.261117	0.862017	-1.156880
2.262413	0.890948	1.835240	0.289138	1.341153	0.173975	0.819036	1.778654	2.664055	1.606973	3.030816	2.821385	-0.157357	0.728851	-1.037946	-0.481186	0.259477	-0.616842	-1.847083	-0.355142	1.876165	-0.071057	-0.501230	-0.437286	2.629340	0.943633	1.516800	1.915132	1.613172	1.942360	1.516189	-1.912203	1.447741	0.425395	2.094799	0.196161	0.919922	0.894779	0.489843	0.753392	-0.750646	0.597191	1.807517	1.229785	1.838341	0.829771	-1.240350	-0.455502	1.586257	0.234285	0.164665	0.592932	2.506729	1.508760	-0.422738
1.327164	0.310945	2.209359	0.923195	1.409912	-0.364118	1.077079	1.153002	2.593315	0.726864	2.222329	2.084594	-0.720824	0.531005	-0.278038	-0.384031	0.424007	-0.319589	-1.716787	0.223640	2.486687	0.643593	-0.434354	-0.399525	1.731624	1.068927	0.959662	1.915216	1.976846	2.416810	1.631375	-1.581972	1.212678	-0.226284	1.702725	-0.090802	0.051524	0.240770	0.176596	0.028774	-0.774024	0.126236	0.907923	-0.086428	0.707496	-0.071263	-0.532818	-0.565298	2.025728	0.803817	0.180528	-0.836218	1.644605	0.317179	0.676505
-0.636225	-1.040884	1.193101	0.894712	0.155141	-1.390527	0.529073	-0.212261	1.051849	-1.038566	0.449212	0.305287	-1.392927	0.314728	0.857390	-0.379095	0.166933	-0.005041	-1.289143	0.444418	2.161600	1.162749	-0.423763	-0.173879	-0.431705	0.292204	-0.289554	0.534547	0.741630	1.792925	1.082169	-0.279911	-0.324176	-0.444324	0.388280	-0.571867	-1.195064	-0.628821	-0.491677	-1.035529	-0.926140	-0.926484	-0.862821	-1.853127	-1.245253	-1.399968	0.818590	-0.275496	0.632784	0.829077	-0.414222	-2.057350	-0.535098	-1.517545	1.195774
-1.942205	-2.055062	-0.692763	0.043189	-1.274958	-1.889529	-0.479025	-1.379988	-1.075840	-2.043381	-1.153113	-1.002855	-1.287448	0.277650	1.279221	-0.224610	-0.378818	-0.104855	-0.771032	0.157199	1.058267	0.809329	-0.523250	0.144589	-2.066376	-0.753031	-1.153949	-1.185113	-1.235640	0.270058	0.169889	0.980306	-2.054065	-0.467239	-0.840821	-0.553944	-1.603384	-0.832370	-0.933155	-1.218722	-0.849367	-1.604289	-1.819619	-2.402298	-2.356361	-1.860035	1.649742	0.106238	-1.205113	0.006623	-1.281672	-2.114804	-2.213184	-2.221318	0.715149
-1.701137	-1.846927	-2.134830	-1.005857	-1.688718	-1.146297	-1.292957	-1.656342	-2.473040	-1.485429	-1.677833	-1.080201	-0.367565	0.088578	0.513176	0.075151	-0.927819	-0.692055	-0.323982	-0.312164	-0.222021	-0.261567	-0.691999	0.142939	-2.138404	-1.375460	-1.004834	-1.968475	-2.486853	-1.190438	-0.650404	1.210286	-2.734594	-0.841226	-1.334352	-0.115436	-1.066715	-0.388062	-0.855503	-0.251182	-0.325990	-1.253298	-1.290256	-1.300712	-1.754131	-1.030337	0.887825	0.293386	-1.999185	-1.231734	-1.972588	-1.232735	-2.281785	-1.271952	-0.334421
-0.459478	-0.445919	-2.181006	-1.485927	-1.051573	0.400356	-1.491741	-1.010143	-2.343334	-0.034973	-1.140532	-0.463430	0.673648	-0.538528	-0.831187	0.323388	-1.105989	-1.068156	0.107641	-0.564582	-1.170542	-1.117629	-0.665330	-0.311268	-1.019674	-1.241034	-0.180475	-1.405685	-2.192586	-1.683400	-1.044121	0.332559	-1.938101	-1.548237	-1.057263	0.150996	-0.377060	0.079028	-0.375789	0.871616	0.511690	-0.093452	-0.046556	0.478901	-0.075892	0.381624	-1.021157	0.200955	-1.486525	-2.120843	-2.134006	-0.199695	-1.075631	0.313286	-1.148428
0.505349	1.173769	-1.009824	-1.187727	-0.316879	1.479213	-1.042056	-0.096201	-1.054132	0.931541	-0.505502	-0.281401	1.154027	-1.182590	-1.536238	0.343563	-0.578462	-0.346507	0.638420	-0.612171	-1.685514	-1.023405	-0.261842	-0.798342	0.133579	-0.390044	0.501064	-0.235098	-0.779821	-1.172778	-0.923494	-0.784357	-0.205762	-1.958508	-0.502965	-0.068680	-0.049290	0.098805	0.068674	0.947574	1.241325	0.991017	0.729990	1.604562	1.217503	1.341826	-2.270839	-0.115860	-0.525741	-2.121791	-1.575673	0.557133	0.127306	1.118107	-1.203767
0.325555	1.836530	0.368992	-0.499553	-0.306626	1.267478	-0.181266	0.156658	0.082950	0.547640	-0.762552	-1.089595	0.846050	-1.146599	-0.796128	0.087597	0.600098	1.463785	1.175668	-0.738544	-1.861433	-0.208579	0.224202	-0.862311	0.322981	0.808152	0.492595	0.406222	0.585196	-0.454881	-0.432521	-1.208248	1.432631	-1.582116	-0.349201	-0.601113	0.074987	-0.313166	-0.030793	-0.213622	1.411164	1.212822	0.578792	1.422405	1.183168	1.332305	-1.633807	-0.541789	-0.091451	-1.206211	-0.421163	1.040153	0.191334	0.542016	-0.511273
-0.779133	1.230141	1.047807	0.072312	-0.912116	0.286558	0.707359	-0.665978	-0.050201	-0.845327	-1.800949	-2.286410	0.022040	-0.509191	0.991136	-0.320935	1.818494	3.241567	1.521244	-0.900195	-1.649505	0.473010	0.278717	-0.550233	-0.607918	1.732903	-0.133576	0.082097	1.071506	-0.320260	0.105438	-0.826660	2.132814	-0.645741	-0.820750	-1.140205	0.177137	-0.800322	-0.778121	-1.646193	0.919826	0.596905	-0.019981	0.278427	0.200045	0.610070	0.109387	-0.886423	-0.458720	0.140704	0.824411	1.241167	-0.909797	-0.829276	0.492169
-1.672458	0.265771	0.877535	0.328418	-1.265562	-0.091925	1.282517	-1.897561	-1.230124	-1.958856	-2.405751	-2.637822	-0.664286	-0.157919	2.413401	-0.598511	2.374342	3.800536	1.710631	-0.598609	-0.931514	0.522812	-0.127616	-0.220728	-1.789293	1.885921	-0.756375	-0.531816	0.827452	-0.774806	0.320394	-0.312506	1.778394	0.131782	-1.348063	-1.447715	0.042198	-0.956514	-1.558922	-2.170679	0.227770	0.013006	-0.236748	-0.824348	-0.453543	-0.056040	1.101122	-0.931607	-1.094640	1.171518	1.555279	1.111329	-1.971372	-1.723481	1.187455
-1.268489	0.134029	0.373004	0.420852	-0.589171	0.916332	1.494416	-2.230047	-2.010937	-1.659310	-1.594678	-1.499820	-0.579951	-0.555295	2.272884	-0.488922	2.150520	2.987127	1.944818	0.416913	0.072059	0.201544	-0.423243	-0.034467	-1.971905	1.377264	-0.602488	-0.395139	0.618111	-1.076775	0.083917	-0.279492	1.028791	0.229970	-1.192878	-1.288145	-0.458448	-0.636416	-1.483960	-1.413495	0.028766	0.335424	0.308414	-0.954824	0.091711	0.023100	0.512060	-0.619781	-1.170179	1.384510	1.493950	0.847582	-1.651282	-1.170612	1.172648
0.357623	0.935797	0.108228	0.606237	1.008309	2.603892	1.570619	-1.017686	-1.229317	-0.104551	0.170075	0.405236	0.254142	-1.005382	0.785308	0.002982	1.632115	1.624634	2.106232	1.531197	0.718171	0.011238	-0.175136	0.064718	-0.765931	0.876057	0.553137	0.700968	0.890563	-0.527161	-0.275633	-0.609713	0.674774	-0.248604	-0.454450	-0.559529	-0.857260	-0.134551	-0.354178	-0.009179	0.534363	1.436439	1.130183	0.009921	1.329270	0.810281	-0.781091	-0.165781	-0.302342	0.966927	0.851860	0.746690	0.061403	0.614073	0.688979
1.856614	1.530583	0.208883	0.971327	2.490485	3.407938	1.640250	0.891055	0.654048	1.272383	1.367008	1.564307	1.024093	-0.611109	-0.595018	0.651321	1.237283	0.585655	1.703771	1.754300	0.513815	0.105460	0.358098	0.032566	0.810013	0.882453	1.908292	1.821175	1.311016	0.759908	-0.212362	-0.670112	0.830456	-0.743527	-0.021717	0.406312	-0.511537	0.054011	0.987294	1.041799	1.163483	2.171515	1.276207	1.231022	1.838955	1.446464	-1.460108	0.121011	1.065290	0.637307	0.145987	0.729121	1.663686	2.252721	0.513980
1.913199	0.920818	0.361649	1.330103	2.757330	2.485707	1.467406	1.894286	1.946588	1.205907	1.022382	1.168983	0.927807	0.395109	-0.708784	1.240135	0.856978	0.112216	0.559656	0.876435	-0.255659	0.329313	0.637915	-0.197648	1.386300	1.123237	2.186519	1.903295	1.251327	1.867803	0.434985	-0.104424	0.894490	-0.759869	-0.322590	0.972640	0.498382	-0.215885	1.488718	1.191780	1.130806	1.574913	0.340312	1.637148	0.840244	1.064758	-1.087756	0.146887	2.030665	0.857544	-0.143306	0.417629	1.721320	2.405008	1.096714
0.670487	-0.497235	0.240044	1.358457	1.633491	0.536428	0.709515	1.285121	1.497046	-0.006975	-0.273666	-0.072957	0.083421	0.910985	0.107384	1.583999	0.149058	-0.101052	-0.714938	-0.208700	-0.703699	0.557995	0.529514	-0.370139	0.803889	0.874363	0.959578	0.945915	0.568283	1.917607	1.166992	0.715404	0.373426	-0.288822	-0.595456	0.824599	1.262680	-0.531481	0.957030	0.648181	0.324526	-0.036180	-0.969198	0.909074	-0.866540	-0.211104	-0.108292	0.090086	1.999232	1.239015	0.076474	-0.205020	0.472204	1.084038	1.822291
-0.489734	-1.418930	-0.114002	0.910473	-0.046607	-1.010106	-0.549678	-0.060933	-0.113421	-0.906026	-1.066070	-0.801875	-0.658934	0.466107	0.590701	1.422901	-0.867028	-0.402897	-1.292701	-0.499707	-0.259141	0.758927	0.252477	-0.121225	0.141151	-0.085220	-0.807019	-0.078663	-0.264512	0.957762	1.328362	1.068591	-0.496319	0.222605	0.079507	0.291624	1.014535	-0.431569	0.073617	0.009807	-0.577227	-1.386230	-1.535946	-0.315051	-1.747689	-1.297581	0.833472	0.118606	1.079240	0.989602	0.388251	-0.672960	-0.571512	-0.443456	1.555810
-0.606729	-1.212641	-0.317656	0.266008	-1.272648	-1.417537	-1.620690	-0.780510	-1.281412	-0.669311	-0.634202	-0.545846	-0.783329	-0.214159	0.145598	0.659344	-1.653774	-0.809410	-1.073729	0.043174	0.705970	0.859489	-0.117675	0.356554	0.132272	-1.030568	-1.801766	-0.428443	-0.726058	-0.049692	0.860343	0.666891	-1.131396	0.307797	1.283806	-0.119919	-0.012886	-0.057259	-0.511192	-0.304153	-0.873173	-1.588483	-1.080537	-1.162650	-1.224887	-1.293269	1.226654	0.170085	-0.151839	0.010085	0.251503	-0.797567	-0.554259	-1.125880	0.101641
-0.107011	-0.529488	-0.067404	-0.052704	-1.604087	-1.048043	-1.713384	-0.551536	-1.143647	0.007618	0.307856	-0.045040	-0.589491	-0.329731	-0.584716	-0.260121	-1.626342	-1.054192	-0.701474	0.634227	1.279323	0.770358	-0.628692	0.382519	0.237872	-1.016391	-1.705267	-0.325166	-0.737658	-0.250081	0.332626	-0.015783	-1.352562	-0.107318	1.547169	-0.294500	-0.926154	-0.022025	-0.725011	-0.268525	-0.526149	-0.886357	-0.349904	-1.267397	-0.167237	-0.400958	0.829374	0.132047	-1.085373	-0.812510	-0.361176	-1.018935	-0.172881	-1.101271	-1.290684
0.088614	-0.252473	0.432828	0.142216	-1.164244	-0.555576	-0.772276	-0.171857	-0.336010	0.101633	0.581411	-0.036185	-0.485938	-0.056222	-0.759924	-0.592523	-0.797208	-0.944852	-0.625894	0.687431	0.997676	0.516275	-0.974696	-0.169085	-0.281581	-0.059579	-1.147169	-0.361178	-0.552455	0.160179	0.176395	-0.232040	-1.387863	-0.668047	0.326724	-0.341930	-1.161653	-0.505517	-0.692999	-0.030940	-0.014188	-0.093912	-0.029707	-0.818235	0.327394	0.428969	0.009427	0.133481	-1.345409	-0.681671	-0.851895	-1.517466	-0.360183	-0.993638	-1.303577
-0.112956	-0.335498	0.557813	0.429261	-0.286128	-0.130542	0.272613	-0.226556	0.057009	-0.233862	0.012352	-0.231483	-0.271106	-0.015397	-0.402335	-0.118865	0.102348	-0.576638	-0.518768	0.422519	0.312232	0.247393	-0.571842	-0.400823	-1.002610	0.685709	-0.647226	-0.575477	-0.360289	0.238222	0.154202	0.242717	-1.263746	-0.862408	-0.997001	-0.122961	-0.799070	-0.765081	-0.283030	0.325937	0.291437	0.313649	0.045078	-0.188665	0.185752	0.582517	-0.299144	0.411490	-0.913234	0.071463	-0.646711	-1.491525	-0.758232	-0.783528	-0.184204
-0.079238	-0.071811	-0.029369	0.313812	0.598677	0.350498	0.392233	-0.289902	-0.124677	-0.035526	-0.424794	0.097832	0.434848	-0.175015	-0.094266	0.558370	0.293680	-0.179495	0.159412	0.443624	0.012408	0.143236	0.626801	0.436216	-0.892252	0.226651	-0.202416	-0.511564	-0.152532	-0.455634	-0.191583	0.874948	-0.714816	-0.365306	-0.753915	0.535585	-0.082521	0.014459	0.588239	0.720642	0.394512	0.395626	0.337937	0.307566	0.105691	0.277353	0.436002	0.873534	-0.154885	0.498976	0.171107	-0.170446	-0.312449	-0.043401	0.559599
0.422484	0.730328	-0.816577	-0.074280	0.972341	0.790735	-0.382458	0.219046	-0.228301	0.857701	-0.002915	0.873299	1.318314	0.006498	-0.072510	0.740213	-0.257018	0.071653	1.236300	0.925835	0.291808	0.295173	1.743565	1.646395	0.071260	-0.984280	0.143969	-0.032395	0.091857	-1.284396	-0.784905	0.985308	0.174960	0.656066	0.776960	1.221833	0.793234	1.440045	1.441740	0.920859	0.421933	0.342361	0.738257	0.487355	0.407064	0.068463	1.511736	1.065336	0.395725	0.326620	0.980469	1.670994	0.916818	0.950628	0.042338
0.841357	1.331981	-0.968312	-0.197179	0.544975	0.819864	-1.075059	0.903339	0.002471	1.419125	0.679513	1.189087	1.554423	0.498207	-0.147498	0.429215	-0.901428	0.032751	1.833183	1.376061	0.576456	0.565016	1.805364	1.790761	0.796567	-1.579699	0.012904	0.356321	0.224409	-1.425353	-1.094564	0.516081	0.724449	1.475121	1.683629	1.179716	1.373532	2.073660	1.552902	0.679590	0.361157	0.178938	0.713169	0.347475	0.631710	0.124664	1.703285	0.711137	0.426178	0.075143	1.228060	2.231683	1.566951	1.208565	-1.021944
0.602906	0.960602	-0.476536	0.011318	-0.379298	0.276133	-1.085936	0.796515	0.036999	0.838357	0.496380	0.530838	0.886901	0.554663	-0.235351	0.161767	-1.121909	-0.342673	1.369758	1.206853	0.297111	0.576400	0.841763	0.622099	0.596734	-1.059578	-0.710501	0.117007	0.026267	-0.953495	-0.906212	0.023147	0.397747	1.312743	0.952885	0.340974	1.064335	1.152327	0.822126	0.062695	0.142869	-0.149124	0.102458	0.033824	0.265250	0.123299	0.801494	0.084547	0.017217	0.021277	0.818979	0.924777	0.794112	0.347670	-1.383511
-0.155425	-0.116042	-0.247689	0.016176	-1.078104	-0.408387	-0.810964	-0.227834	-0.488492	-0.341706	-0.569421	-0.539585	0.008894	-0.169025	-0.397840	0.204276	-0.965055	-0.756064	0.329465	0.456770	-0.396063	0.079471	-0.176764	-0.555369	-0.066820	-0.331717	-1.392498	-0.583176	-0.448133	-0.589290	-0.582913	-0.074634	-0.456949	0.179310	-0.339805	-0.446633	-0.083078	-0.376132	-0.059678	-0.495308	-0.122538	-0.504557	-0.631096	-0.261896	-0.481530	-0.163998	-0.177639	-0.309514	-0.543147	-0.136531	0.091417	-0.768070	-0.549634	-0.718482	-0.772440
-0.691156	-0.724364	-0.754446	-0.415570	-1.072950	-0.501205	-0.716953	-1.126702	-1.029460	-0.866070	-1.293435	-1.070576	-0.272656	-1.017828	-0.541114	0.245382	-0.656890	-0.714307	-0.229996	-0.203397	-0.854237	-0.593449	-0.432337	-0.635425	-0.454069	-0.245026	-1.222360	-0.943964	-0.730915	-0.607242	-0.466673	0.046340	-0.954797	-0.993654	-0.712381	-0.469700	-1.128769	-1.015621	-0.395038	-0.545178	-0.150110	-0.470619	-0.857045	-0.314167	-0.777208	-0.360979	-0.409187	-0.253108	-0.977911	-0.482299	-0.446138	-1.152876	-0.997443	-0.822148	0.005575
-0.390406	-0.115134	-1.224878	-0.783184	-0.561556	0.173472	-0.541314	-0.952782	-0.792709	-0.222757	-0.840122	-0.724271	0.130009	-1.186266	-0.604775	-0.073870	-0.236042	-0.195552	0.094335	-0.269595	-0.748209	-0.743123	0.018079	0.014728	-0.380358	-0.404767	-0.212902	-0.440621	-0.416047	-0.597915	-0.444100	0.038612	-0.693013	-1.359882	-0.174896	0.060298	-1.201459	-0.510372	-0.123333	-0.020113	0.186344	0.244461	-0.320586	0.106552	-0.079364	0.108679	-0.207237	0.120687	-1.071026	-0.607487	-0.492010	-0.369649	-0.204559	0.087347	0.201068
0.512396	1.051714	-0.776553	-0.702240	-0.151214	0.806692	0.019699	-0.018827	0.124501	0.854171	0.128987	0.041880	0.707487	-0.676466	-0.832434	-0.598066	0.211704	0.111460	0.608656	-0.062088	-0.454786	-0.232913	0.573193	0.397296	-0.050500	-0.075846	0.708488	0.402997	0.190609	-0.338219	-0.341509	-0.041503	-0.170030	-1.033123	0.229918	0.501006	-0.460380	0.161012	0.360757	0.693538	0.592704	1.222909	0.598608	0.934187	1.079050	1.033391	-0.246512	0.580857	-0.754344	-0.422247	-0.212065	0.116795	0.836887	0.989570	-0.074899
0.987759	1.362141	0.144210	-0.638637	-0.187738	0.406710	0.438108	0.536725	0.759601	1.236799	0.399748	0.534207	0.969914	-0.062855	-1.314398	-0.839361	0.324152	-0.443039	0.466096	-0.315847	-0.568756	0.099127	0.786930	0.252731	0.282468	0.385372	0.715975	0.440388	0.247429	-0.290880	-0.397511	0.098505	-0.127440	-0.584780	0.075228	0.574378	0.251067	0.314353	0.695794	1.042143	0.593391	1.474349	1.086607	1.546488	1.419103	1.303028	-0.462146	0.906893	-0.264826	-0.476753	-0.055693	-0.330200	1.035135	1.001367	-0.211158
0.299919	0.245311	0.297887	-1.223233	-0.423947	-0.978320	-0.017532	0.202890	0.502874	0.583400	-0.168094	0.428901	0.785430	0.266003	-1.549552	-0.648869	-0.161838	-1.612676	-0.252011	-1.162672	-1.151457	-0.578258	0.622946	-0.002918	0.374471	-0.040682	-0.026498	-0.716978	-0.590557	-0.899137	-0.955561	0.401941	-0.628708	-0.083978	-0.117802	0.377410	0.461580	0.270474	0.735191	0.721409	0.053367	0.463150	0.592034	1.184148	0.261439	0.193472	-0.318254	0.878306	-0.005415	-1.067821	-0.251967	-0.797470	0.278177	0.211031	0.010901
-0.971810	-1.391538	-0.571407	-2.188530	-0.424751	-2.242967	-1.052970	-0.302146	-0.126822	-0.371137	-0.551195	-0.039712	0.340149	0.226903	-1.111067	-0.494536	-0.943904	-2.397495	-0.769023	-1.914108	-1.628927	-1.875780	0.251722	-0.190310	0.231572	-1.368196	-0.645858	-2.021616	-1.603727	-1.765457	-1.822598	0.397735	-0.973085	0.673004	0.096221	0.024221	0.325747	0.465607	0.506817	-0.101823	-0.687097	-1.164818	-0.549053	-0.154750	-1.559738	-1.547279	0.159064	0.386715	-0.086144	-1.640606	-0.551467	-0.302915	-0.626340	-0.602902	0.136536
-1.462385	-2.163622	-1.358469	-2.604904	-0.179795	-2.463970	-1.527495	-0.096277	-0.205687	-0.691878	-0.013844	-0.376286	-0.069998	-0.216517	-0.466590	-0.935985	-1.361865	-2.013661	-0.742579	-1.969869	-1.449958	-2.535348	-0.186788	-0.507666	0.303248	-2.301710	-0.539495	-2.071167	-1.783463	-2.003993	-2.289021	-0.238702	-0.538588	1.282539	0.483574	-0.369082	0.021517	0.656767	0.177587	-0.956625	-1.218447	-2.164238	-1.356711	-1.479048	-2.412796	-2.410518	0.284025	-0.436954	-0.175262	-1.506941	-0.485847	0.835871	-0.828998	-0.803152	-0.299166
-0.702387	-1.590653	-1.120796	-2.042912	-0.060183	-1.740042	-0.894280	0.562454	0.370087	-0.303721	0.939164	-0.299532	-0.285777	-0.893034	-0.348869	-1.820358	-1.061385	-0.617465	-0.634317	-1.515691	-0.670138	-1.981003	-0.619284	-0.944177	0.883753	-1.837196	0.132830	-0.769131	-1.015992	-1.286257	-1.825812	-1.245382	0.439354	1.041511	0.591563	-0.605702	-0.472190	0.477506	-0.058732	-1.432694	-1.432843	-1.932982	-1.204303	-1.738401	-1.549245	-1.815927	-0.346543	-1.281911	0.016870	-0.701789	0.123121	1.503942	-0.221100	-0.398277	-1.008806
0.223856	-0.420335	-0.257384	-0.971168	-0.194498	-0.753655	0.102287	0.626509	0.844836	0.028944	1.324130	0.067758	-0.383362	-1.192816	-0.503977	-2.161694	-0.311565	0.849096	-0.887813	-1.028309	0.224838	-0.909903	-0.951884	-1.162292	1.350284	-0.525989	0.759223	0.508983	-0.159182	-0.129541	-0.597117	-1.964730	1.041695	0.176816	0.334363	-0.613442	-0.944923	0.231713	-0.171795	-1.380616	-1.452361	-1.000173	-0.479578	-0.910491	0.103046	-0.648625	-1.293436	-1.824721	0.286742	0.234600	0.847845	1.141992	0.548148	0.111492	-1.145813
0.044393	0.210715	0.232118	0.001727	-0.231111	0.001486	0.354986	-0.159524	0.734631	-0.237156	0.981065	0.408934	-0.517633	-0.567360	-0.007089	-1.123441	0.280535	1.439159	-1.252210	-0.482971	0.910599	-0.199216	-1.082578	-1.017898	0.724895	0.276488	0.801703	0.504500	0.012886	0.807100	0.700384	-1.934605	0.622006	-0.178543	-0.048193	-0.582649	-0.904458	0.443202	-0.317571	-0.907241	-1.379521	-0.371415	-0.141774	0.042598	0.910843	-0.141243	-1.800681	-1.890833	0.241154	0.933171	0.916093	0.152382	0.757258	0.247783	-0.348659
-1.056031	-0.169068	0.180082	0.783119	0.135953	0.351511	-0.310286	-0.788195	0.431119	-0.746071	0.606431	0.498210	-0.736690	0.701395	1.150324	0.797810	0.287102	0.959771	-1.238873	0.404922	1.412681	0.160192	-1.066532	-0.793482	-0.804489	0.064500	0.152724	-0.505751	-0.402793	1.315329	1.406118	-1.297269	-0.441568	0.448659	-0.351144	-0.708327	-0.223805	0.861345	-0.633800	-0.340581	-1.239981	-0.570098	-0.654387	0.240916	0.209389	-0.621447	-1.592063	-1.595318	-0.046416	1.290084	0.028295	-0.770860	0.285687	-0.078318	0.698283
-1.674840	-1.020071	0.322181	1.488618	0.659931	0.254440	-1.014099	-0.398121	0.438898	-0.824180	0.631278	0.317027	-0.986710	1.663789	1.799399	1.999979	-0.187835	0.114716	-0.906205	1.314909	1.761859	0.673074	-1.121931	-0.777406	-1.674009	-0.397635	-0.697683	-1.119367	-0.766046	1.517078	1.413729	-0.637711	-1.045515	1.174129	-0.477720	-0.912678	0.569238	0.694807	-1.048731	-0.073571	-1.054676	-1.258659	-1.459783	-0.285734	-1.096131	-1.409235	-0.982319	-1.262172	-0.028300	1.194580	-1.112988	-1.274154	-0.361306	-0.570853	1.040461
-0.928084	-1.372928	1.067277	1.896055	0.800062	-0.121187	-0.875600	0.531658	0.550126	-0.394433	0.697096	0.062259	-1.169814	1.739089	1.254114	1.565606	-0.568285	-0.182260	-0.737428	1.399126	1.761565	1.362899	-1.277468	-0.838937	-0.775963	-0.197980	-0.927463	-0.433291	-0.638863	1.574625	1.256321	-0.366538	-0.521860	1.114736	-0.257531	-0.942875	0.942262	-0.125184	-1.289343	-0.172026	-0.807960	-1.602893	-1.555323	-0.806808	-1.570137	-1.585686	-0.367264	-0.994271	0.583956	0.603349	-1.448974	-1.338306	-0.588856	-0.801753	0.588405
0.592670	-0.771306	1.872133	1.697314	0.424712	-0.332982	0.085224	0.972079	0.310383	0.080025	0.420429	0.041056	-1.137089	1.272891	0.337282	0.427155	-0.325485	0.251340	-0.865829	0.457340	1.270264	1.747214	-1.161603	-0.569821	1.019728	0.676771	-0.182347	1.065690	0.017190	1.660693	1.549047	-0.252457	0.604263	0.644456	0.437888	-0.625193	0.995684	-0.703456	-1.092196	-0.179329	-0.358591	-0.999458	-0.538235	-0.704471	-0.732756	-0.735998	0.191467	-0.432624	1.349762	-0.179828	-0.802776	-1.017345	-0.231089	-0.525035	0.064313
1.663527	0.306641	2.073553	1.177810	0.073201	-0.049016	1.175755	0.823984	-0.045054	0.348662	0.102044	0.365917	-0.798215	0.973238	0.183263	0.142521	0.490649	0.742728	-0.898071	-0.522736	0.562966	1.609768	-0.479092	0.214586	1.839702	1.576251	0.903172	2.189036	1.044124	1.895252	2.238298	0.307849	1.253317	0.549078	1.228626	0.038759	1.125914	-0.510136	-0.498758	0.393932	0.455243	0.380685	0.991792	-0.007331	0.595711	0.764457	0.845884	0.700413	1.572745	-0.626921	-0.076774	-0.422000	0.348357	0.095522	-0.057397
1.736664	0.946284	1.803171	1.075373	0.406591	0.540169	1.904061	0.810374	0.152855	0.551839	0.231622	0.720763	-0.344054	1.092567	0.731868	0.842619	1.338984	0.696893	-0.572875	-0.474159	0.156426	1.259166	0.374506	1.170524	1.015390	2.079121	1.349243	2.272092	2.075347	2.141989	2.614956	1.457757	1.090759	0.613742	1.235160	0.845214	1.280217	-0.231227	0.055687	1.351194	1.504343	1.685764	2.032660	0.714670	1.304763	1.994351	1.519161	1.874184	1.121623	-0.458781	-0.071594	0.143806	0.577565	0.548522	0.013654
1.149112	0.704205	1.628756	1.581489	1.369450	0.925026	2.297321	1.093846	0.856464	0.661702	0.626636	0.622604	-0.178007	1.311043	1.123460	1.253622	1.787717	0.379073	-0.173010	0.414698	0.235703	0.979013	0.597966	1.619595	-0.390726	2.275370	0.984216	1.572244	2.503420	2.083017	2.205808	2.458521	0.764917	0.107893	0.021736	1.359136	0.986422	-0.720010	0.097341	1.864635	2.236769	2.100165	2.061316	0.858009	1.085182	2.188406	1.738589	2.069513	0.548283	0.142045	-0.513549	0.303571	0.181203	0.401839	0.064727
0.424626	-0.003241	1.646267	1.963280	2.030571	0.845147	2.427868	0.930653	1.150185	0.328109	0.582686	-0.002945	-0.458911	1.190572	1.053348	0.656473	1.827656	0.422167	-0.063630	1.006370	0.435391	0.654748	-0.042108	1.118974	-1.149054	2.304932	0.532271	0.732736	1.957273	1.605389	1.345681	2.340567	0.815021	-0.682137	-1.584400	1.133366	0.131915	-1.630381	-0.376089	1.376562	2.067284	1.546483	1.324784	0.296916	0.467757	1.398825	1.082204	1.009658	0.386482	0.780617	-0.536462	-0.004771	-0.531153	-0.248670	0.343997
-0.152022	-0.397722	1.473959	1.535551	1.528978	0.468798	2.092194	-0.039157	0.537379	-0.433597	-0.184457	-0.650730	-0.846361	0.564070	0.904450	-0.184762	1.604701	0.770170	-0.122053	0.707595	0.302554	0.109745	-0.880559	-0.057104	-1.154187	2.031119	0.529869	0.177805	0.862719	0.927854	0.633581	0.995011	0.934630	-0.612095	-2.160146	0.187896	-0.679881	-1.857327	-0.862182	0.250827	1.010319	0.678141	0.454828	-0.460404	0.054142	0.421487	-0.188754	-0.316433	0.530028	1.156557	0.146488	-0.369071	-0.929741	-0.819336	0.973287
-0.402400	-0.131166	0.950559	0.622925	0.192615	0.088802	1.190935	-0.930091	-0.210230	-0.857813	-1.119530	-0.741818	-0.892834	-0.361472	0.826971	-0.344382	1.148959	0.685026	0.051028	0.062445	-0.152050	-0.515000	-1.113690	-1.030066	-0.965058	1.276031	0.693792	-0.012050	0.144577	0.288670	0.156630	-0.590178	0.662079	0.534973	-1.297542	-0.818905	-0.784160	-1.114724	-0.898741	-0.621783	-0.186468	0.197128	-0.056002	-0.668310	-0.026934	-0.010950	-1.158638	-0.655643	0.398438	1.113205	0.891251	-0.280249	-0.682864	-0.792214	1.378372
-0.209136	0.472464	0.262964	0.041604	-0.671795	-0.141115	0.111166	-0.663325	-0.026828	-0.236475	-1.396079	-0.216868	-0.601649	-1.089241	0.522761	-0.115324	0.486964	-0.142524	0.461000	-0.216789	-0.530556	-0.947673	-0.591531	-1.043806	-0.765122	0.143116	0.591476	0.065709	0.221179	-0.272761	-0.377091	-1.278248	0.284292	1.469673	-0.091587	-1.119815	-0.283893	-0.299243	-0.524327	-0.719601	-0.697514	0.230365	-0.096120	-0.029085	0.028476	0.100849	-1.128907	0.187405	-0.372549	0.580364	0.873126	0.313654	-0.039858	-0.186840	0.869741
0.265738	0.857566	-0.533118	-0.108621	-0.288128	-0.200151	-0.586961	0.518470	0.945867	1.064412	-0.704340	0.466217	-0.371487	-1.097738	-0.060174	-0.426089	-0.200255	-1.051834	0.599657	-0.203610	-0.587622	-1.117525	0.263867	-0.142623	-0.302657	-1.009231	0.451261	0.266778	0.565160	-0.728432	-0.967402	-0.817780	0.454247	1.021310	0.207568	-0.554388	0.070663	-0.211331	-0.123451	-0.223641	-0.387532	0.371562	0.129080	0.997694	0.097894	0.204364	-0.383376	1.276656	-1.457615	-0.335425	-0.026407	0.905844	0.535352	0.551017	-0.357954
0.607513	0.774561	-1.487833	-0.436633	0.680390	-0.126321	-0.698779	1.286984	1.469577	1.873088	0.524933	0.845896	-0.392640	-0.244046	-0.462770	-1.342797	-0.652102	-1.222147	0.140916	-0.365091	-0.458744	-1.043275	1.019301	0.922157	0.422451	-1.763379	0.822880	0.450591	0.452726	-0.877760	-1.226659	0.171682	1.129390	-0.365775	-0.391788	0.356709	-0.156425	-0.558126	0.056863	0.394626	0.186278	0.260603	0.328751	1.610648	0.229277	-0.057587	0.169619	1.639912	-2.009090	-1.183883	-1.062060	0.947856	0.835727	1.016237	-1.272888
0.525840	0.418298	-2.181906	-1.074413	1.034862	0.024922	-0.348003	0.880559	0.786904	1.484710	1.475511	0.803702	-0.334599	0.978246	-0.309869	-1.882752	-0.640823	-0.586577	-0.436940	-0.644213	-0.366427	-0.614734	1.479744	1.451387	0.914229	-1.750417	1.580299	0.499084	-0.079375	-0.582606	-0.946574	1.019478	1.492280	-1.263554	-0.916180	0.997442	-0.529315	-0.520019	0.120074	0.808593	0.483411	0.031381	0.379140	1.376471	0.450994	-0.419692	0.122657	1.128959	-1.358513	-1.287537	-1.233854	0.469709	0.883268	1.081796	-1.089032
0.069144	0.182492	-1.855989	-1.318220	0.476357	0.225892	0.328236	-0.111944	-0.496587	0.285817	1.481525	0.408175	0.225222	1.625662	0.172014	-1.309284	-0.056443	0.324292	-0.258139	-0.550571	-0.393168	0.110969	1.561658	1.333164	0.712554	-0.814077	1.753893	0.305143	-0.350965	-0.131454	-0.454914	1.472384	0.973178	-0.981638	-0.778158	1.141936	-0.352443	0.115281	0.321947	0.834839	0.479626	0.108592	0.380896	0.537523	0.651283	-0.353790	-0.011590	0.201150	0.265167	-0.330867	-0.157424	0.082357	0.640688	0.793437	-0.051048
-0.536895	0.298101	-0.497575	-0.808928	-0.335908	0.440121	1.071323	-0.708159	-1.284510	-0.891136	0.455038	-0.321227	1.173543	0.959937	0.373114	-0.090814	0.850799	1.040813	0.831345	-0.090838	-0.626297	0.519915	1.214133	0.819181	-0.019296	0.652407	0.600237	-0.196761	-0.047819	-0.111326	-0.299030	1.415653	-0.085224	-0.175179	-0.277654	0.880051	0.334880	0.794145	0.751735	0.330546	0.402074	0.562325	0.405556	-0.280239	0.662285	0.216533	0.313713	-0.770726	1.702529	1.049737	1.458512	0.252341	0.067911	0.289702	0.857607
-1.071372	0.623229	0.686549	-0.366054	-0.907708	0.504736	1.251910	-0.704813	-1.275124	-1.588076	-0.980073	-1.256576	1.857903	-0.795470	-0.074993	0.652108	1.342989	1.334939	1.865976	0.020216	-1.181434	-0.052996	0.554788	0.085213	-0.568621	1.631678	-1.340723	-0.890173	0.287726	-0.770193	-0.676577	0.662855	-0.919597	0.136935	0.147221	0.333344	0.758442	1.021976	1.192795	-0.627522	0.226306	0.842611	0.263468	-0.594620	0.403899	0.712874	0.780318	-1.647623	1.790960	1.557457	2.272918	0.679081	-0.570234	-0.147017	0.817492
-1.312388	0.785925	0.484488	-0.943891	-1.422911	0.199426	0.340815	-0.575386	-1.015086	-1.732198	-1.831833	-1.891166	1.766863	-2.343003	-0.903278	0.401464	0.754520	1.101703	1.796315	-0.660705	-1.839195	-1.255320	-0.024913	-0.693145	-0.351738	1.192856	-2.596566	-1.397543	-0.011243	-1.624225	-1.237209	-0.622291	-1.173588	-0.225772	0.561824	-0.356030	0.474196	0.955748	1.297019	-1.550561	-0.256121	0.382333	-0.235723	-0.375503	-0.026666	0.534988	0.680844	-2.142369	0.511126	0.504177	1.563472	0.656072	-0.783397	-0.215784	-0.154142
-1.074858	0.597706	-0.771636	-2.108219	-2.028020	-0.425323	-1.199722	-0.568392	-0.937025	-1.276866	-1.478505	-1.605236	1.087074	-2.358196	-1.400508	-0.314872	-0.605588	0.468970	0.745420	-1.542887	-1.950691	-1.757687	-0.098271	-1.053671	0.493392	-0.438050	-2.264280	-1.304127	-0.765468	-1.886060	-1.419550	-1.627030	-1.035009	-0.539427	1.171420	-0.876252	0.007550	1.053856	0.948677	-1.803108	-0.912632	-0.579466	-0.790080	0.046019	-0.348065	-0.174138	0.072611	-1.791575	-0.910853	-1.259338	0.069210	0.056008	-0.388011	0.078744	-1.241095
-0.418468	0.273256	-1.461961	-2.353740	-2.211674	-0.900755	-2.008566	-0.416862	-0.843145	-0.298362	-0.241875	-0.385911	0.451420	-0.921028	-1.077654	-0.654694	-1.480196	-0.131254	-0.190734	-1.629270	-1.083284	-0.818030	0.306254	-0.570894	1.198099	-1.771748	-0.910379	-0.565002	-1.098967	-1.285129	-0.963582	-1.564414	-0.800436	-0.202526	1.686455	-0.866739	0.066963	1.360058	0.421011	-1.176469	-1.178842	-1.095153	-0.744771	0.306111	-0.252731	-0.608294	-0.214409	-0.562969	-1.239718	-2.065841	-0.724024	-0.419246	0.214109	0.366299	-1.552708
0.257527	0.127102	-0.626660	-0.977304	-1.385176	-0.733001	-1.223625	0.041445	-0.433959	0.674529	0.816908	0.913195	0.216956	0.405898	-0.154119	-0.359659	-0.962099	-0.286473	-0.344465	-0.712006	0.347530	0.657363	0.584270	0.440532	1.052887	-1.471446	0.194388	0.341176	-0.587066	-0.325500	-0.104012	-0.624801	-0.616584	0.441317	1.496395	-0.289762	0.429212	1.428498	0.087545	-0.113017	-0.701906	-0.580572	0.060593	0.251951	0.274489	-0.207289	0.202939	0.782281	-0.477277	-1.193356	-0.248902	-0.202523	0.438929	0.303175	-0.946461
0.477732	0.121929	0.824146	0.992625	0.115855	0.036340	0.442601	0.373055	0.035896	0.901844	0.805763	1.283304	0.210776	0.272813	0.691966	0.192715	0.424009	0.060938	-0.136900	0.451892	1.399408	1.209458	0.190693	1.007680	0.035689	0.119777	0.446585	0.736791	0.118151	0.296083	0.682922	0.191231	-0.580909	0.541088	0.489557	0.442195	0.205157	0.993141	0.027347	0.682831	0.135599	0.452823	0.876337	-0.057640	0.792874	0.691963	0.672574	1.287652	0.344152	0.373382	0.531965	0.267782	0.118405	-0.062991	-0.129115
0.095768	-0.072892	1.199167	1.965895	1.105056	0.810512	1.404091	-0.026081	-0.016830	0.174482	-0.241143	0.513196	0.171176	-0.950915	0.996194	0.604341	1.286529	0.665470	-0.158925	1.104330	1.517364	0.646943	-0.644610	0.549825	-1.198373	1.269015	0.171755	0.287382	0.086490	0.371548	1.035144	0.238235	-0.768564	-0.131838	-0.640933	0.797647	-0.822248	0.395019	0.022624	0.780891	0.605925	0.971954	0.790787	-0.478000	0.725652	1.236037	0.436913	0.716672	0.459179	1.089686	0.405922	0.108760	-0.420814	-0.418173	0.118152
-0.576883	-0.553958	0.034054	1.486173	0.781524	1.048573	0.888421	-1.132654	-0.698709	-0.902007	-1.497319	-0.694855	0.119137	-1.746609	0.803281	0.805006	0.894795	1.169016	-0.155405	1.277433	0.943001	0.084623	-1.129596	-0.443485	-1.922091	0.786441	-0.232853	-0.709295	-0.676315	0.183564	0.834138	-0.155361	-1.036441	-0.880159	-1.131987	0.542340	-1.745087	0.075149	-0.112629	0.210058	0.471342	0.573239	-0.241552	-0.875745	-0.055883	0.949327	-0.324155	-0.325593	0.043584	0.541119	-0.531069	-0.713451	-0.801068	-0.584721	-0.245230
-1.021405	-0.928155	-1.447322	0.481512	-0.348832	0.807139	-0.394973	-2.169737	-1.386611	-1.491191	-2.120026	-1.465410	0.151775	-1.253719	0.398149	0.843795	-0.207370	1.188755	0.537823	1.540681	0.332020	0.332122	-0.836722	-1.008235	-1.927868	-0.695391	-0.797688	-1.527207	-1.192373	-0.002254	0.188666	-0.282295	-1.020622	-0.966734	-0.984809	-0.131938	-1.643179	-0.114939	-0.330154	-0.643911	0.185153	-0.191148	-1.347900	-1.159915	-1.011525	0.123892	-0.759883	-1.061401	-0.373457	-0.243201	-1.035457	-1.215018	-0.926818	-0.651104	-0.556440
-0.878141	-0.701917	-1.829407	0.049756	-1.038783	0.574978	-1.235541	-2.301653	-1.408367	-1.246016	-1.821363	-1.419130	0.162079	-0.036337	-0.024324	0.713548	-1.045811	0.510343	1.774751	2.159130	0.165698	0.965590	-0.102256	-0.720682	-1.523576	-1.578175	-1.497887	-1.539703	-0.681929	-0.186682	-0.557350	0.110991	-0.546972	-0.463241	-0.739498	-0.734109	-0.718310	-0.639060	-0.429119	-1.185271	0.264550	-0.539003	-1.596629	-1.233245	-1.344799	-0.536810	-0.385604	-1.092092	-0.617032	-0.110532	-0.336745	-0.662913	-0.838034	-0.699831	-0.250297
-0.163192	0.163346	-1.022228	0.319872	-0.716547	0.621411	-1.203848	-1.364241	-0.796320	-0.405943	-0.876069	-0.719706	0.020055	0.789872	-0.402603	0.495568	-1.242821	-0.601674	2.421750	2.641762	0.422512	1.101377	0.519563	0.077044	-1.015657	-1.105258	-1.800654	-0.663604	0.540308	-0.378608	-0.924959	0.704509	0.046913	-0.067700	-0.561759	-0.754622	0.037560	-1.383710	-0.243160	-0.892088	0.678648	-0.233531	-0.772734	-0.913990	-0.679441	-0.516245	0.445801	-0.445335	-0.752256	0.839959	0.882501	0.410736	-0.455728	-0.568670	0.498161
0.734094	1.145039	-0.094769	0.570748	-0.028502	0.689878	-0.787786	0.045174	-0.183534	0.549650	0.154520	0.206445	-0.160633	0.723264	-0.661709	0.394437	-1.048344	-1.436250	1.584698	2.173735	0.636799	0.542940	0.820055	0.774229	-0.384123	0.036662	-1.127167	0.604717	1.445122	-0.338881	-0.618661	1.012577	0.236038	-0.286086	-0.077472	-0.082036	0.120469	-1.581496	0.172808	0.207483	0.943982	0.359675	0.496543	-0.048413	0.560087	0.118675	0.951037	0.517206	-0.688332	1.422401	1.310081	0.777899	0.279790	-0.031902	1.015855
1.261925	1.559105	0.115157	0.284585	0.138566	0.431483	-0.522345	1.085595	-0.026578	1.150559	0.752401	0.910225	-0.214225	0.193525	-0.598489	0.494810	-0.697988	-1.392834	-0.266030	0.561120	0.380444	-0.116237	0.812630	0.943100	0.429597	0.754451	0.363526	1.578258	1.389474	0.232830	0.222094	0.761001	-0.032593	-0.918619	0.767839	0.743884	0.054678	-0.827672	0.444617	1.341912	0.706101	0.726152	1.210746	1.128550	1.398454	0.728601	0.625647	1.183608	-0.270704	0.872941	0.510908	-0.021672	1.063097	0.795327	0.993030
1.074617	1.083865	-0.140839	-0.177043	-0.166478	-0.025752	-0.371032	1.288799	-0.145138	1.073688	0.759134	1.122010	-0.268941	0.034070	-0.002624	0.660681	-0.151823	-0.538868	-1.655503	-1.308970	-0.180383	-0.270754	0.414057	0.499144	1.124663	0.733888	1.747939	1.872106	0.695597	1.254786	1.117765	0.056834	-0.224196	-1.276695	1.221113	0.890563	0.522938	0.204836	0.104979	1.547032	0.105921	0.593071	0.798707	1.853311	1.108338	0.612592	-0.315740	1.030309	0.387042	-0.137073	-0.679199	-1.040909	1.292146	1.366229	0.901218
0.318181	-0.007779	-0.068983	-0.072199	-0.149263	-0.212259	-0.044717	0.781993	-0.094656	0.369972	0.440440	0.883023	-0.624469	0.629539	0.977566	0.712921	0.524494	0.433349	-1.586971	-2.161219	-0.384512	0.062950	-0.419876	-0.285507	1.234931	0.442422	2.120755	1.559600	0.145391	2.083304	1.529998	-0.684569	0.130403	-0.877405	0.526747	0.027757	1.268381	0.408137	-0.895751	0.551578	-0.429742	0.005896	-0.337742	1.381894	-0.093182	-0.320909	-1.115153	0.105517	0.902647	-0.302630	-1.176460	-0.912304	0.630706	1.122636	1.315964
-0.486538	-1.088479	0.546835	0.680968	0.486624	-0.021967	0.351975	0.038158	0.190152	-0.468802	0.170383	0.424634	-1.290198	1.428856	1.676310	0.545080	0.879615	0.806071	-0.518636	-1.564479	0.085423	0.325631	-1.367231	-0.955233	0.704225	0.266820	1.318186	0.890739	0.021369	1.917142	1.088975	-1.086284	0.807664	0.061047	-0.998824	-1.289157	1.308776	-0.501199	-1.964324	-0.943678	-0.680581	-0.815971	-1.208769	-0.192995	-1.244152	-1.444263	-1.188863	-0.919536	0.910642	0.638240	-0.791398	0.521835	-0.585575	0.041365	1.930164
-0.893454	-1.651512	1.045730	1.255602	1.008314	0.059611	0.319885	-0.499276	0.365986	-0.881324	0.097512	-0.082321	-1.838167	1.427195	1.411713	0.124658	0.473456	0.405959	0.237829	-0.314193	0.680432	0.013823	-1.825032	-1.196288	0.020505	0.052180	-0.048971	0.025200	-0.127624	0.565699	-0.182901	-1.133374	1.083808	0.853259	-2.116176	-2.114512	0.265716	-1.621464	-2.307182	-1.888143	-0.815004	-1.622372	-1.246550	-1.844860	-1.607290	-2.023838	-0.655813	-1.289000	0.312424	1.505475	-0.234514	1.835647	-1.583677	-1.236169	1.702285
-0.808559	-1.555228	0.758170	0.870546	0.633789	-0.326030	-0.329080	-0.597827	0.312675	-0.678047	0.171394	-0.537781	-1.749005	0.308641	0.258312	-0.376769	-0.493373	-0.325658	0.008391	0.490226	0.620662	-0.753465	-1.374008	-0.973406	-0.272090	-0.439015	-1.112185	-0.810239	-0.661715	-1.161789	-1.677444	-1.042887	0.555336	1.044539	-1.911311	-1.928371	-0.966285	-1.807429	-1.591645	-1.722617	-1.035126	-2.120719	-0.729383	-2.458599	-1.269309	-1.809919	-0.041846	-0.732476	-0.601791	1.148399	-0.111508	1.572807	-1.750803	-1.845754	0.217302
-0.347293	-0.930185	-0.044591	-0.173739	-0.272094	-0.724945	-1.006589	-0.240192	0.495682	-0.047933	0.350977	-0.727863	-0.845911	-1.013092	-0.867134	-0.497507	-1.199686	-0.735739	-0.571491	0.547807	-0.079329	-1.230703	-0.136454	-0.373884	-0.039441	-0.930111	-1.314997	-1.111420	-1.105057	-2.026716	-2.412630	-0.832505	-0.349144	0.767359	-0.671150	-0.934891	-1.149721	-0.826106	-0.147011	-0.669546	-1.158447	-1.964817	-0.202485	-1.724171	-0.741755	-1.034005	0.391390	0.416957	-1.236285	-0.075273	-0.189847	-0.020472	-1.032012	-1.361449	-1.461625
0.349872	-0.088442	-0.376540	-0.737112	-0.487065	-0.372367	-0.883283	0.412944	1.363491	0.697145	0.606550	-0.424272	0.509836	-1.217005	-1.066267	0.130196	-1.006496	-0.490034	-0.462243	0.365812	-0.638456	-0.744314	1.223654	0.465569	0.456978	-0.829121	-0.714147	-0.490769	-0.686286	-1.480521	-1.791329	-0.265998	-0.793199	0.428811	0.516447	0.264620	-0.074316	0.495477	1.323493	0.581047	-0.781785	-1.044837	0.113354	-0.248814	-0.337601	-0.151792	0.741550	1.460502	-1.099980	-0.752303	0.149677	-1.305049	0.084639	-0.150545	-1.780854
1.002304	0.464574	0.252335	-0.175122	0.509011	0.625534	0.090868	1.076122	2.456361	1.196072	0.750226	0.189213	1.527350	0.046697	-0.363562	1.147651	-0.169660	0.147426	0.423032	0.362569	-0.582357	0.503991	1.831256	1.178437	0.838050	-0.015887	0.070583	0.624848	0.434978	-0.188242	-0.257656	0.644811	-0.463182	0.226186	0.850414	1.091290	1.245978	1.144689	2.111120	1.332396	0.085829	0.127761	0.177664	0.989441	-0.171645	0.278469	0.964923	1.685359	-0.295239	-0.209989	0.936900	-1.268573	0.887728	0.860135	-0.499300
1.103063	0.272875	1.173040	0.869291	1.703706	1.138834	0.979027	1.421976	2.579133	1.046789	0.474616	0.456089	1.455145	1.723328	0.383334	1.484651	0.415656	0.540411	1.087846	0.342435	-0.327297	1.481303	1.174410	1.167149	0.819364	0.854734	0.274719	1.103108	1.061891	0.638541	0.998115	1.310242	0.092580	0.092047	0.423001	1.168910	1.609155	0.815315	1.796621	1.187778	0.801895	0.646101	-0.149467	1.271843	-0.389700	-0.149464	0.676517	0.793433	0.482661	0.707345	1.520031	-0.642580	0.902747	0.867897	0.931948
0.349936	-0.547922	1.348729	1.236138	1.668269	0.357811	0.868030	1.221429	1.132022	0.132996	-0.262674	-0.034703	0.269850	2.367613	0.478781	0.409982	0.219711	0.289633	0.702679	-0.032211	-0.441066	1.360856	-0.384942	0.135113	0.376307	1.012557	-0.359752	0.275120	0.383649	0.420485	1.165117	1.036858	0.180534	0.021161	-0.081332	0.447567	0.689849	0.034768	0.542181	0.234788	0.736371	0.134764	-0.829200	0.555253	-0.924004	-1.179042	-0.325276	-0.741110	0.601100	0.846561	1.487836	-0.702497	0.257634	-0.142408	0.989430
-0.726990	-1.188863	0.647642	0.634558	0.357530	-1.041254	-0.045050	0.569719	-0.977222	-0.974192	-0.930512	-0.731925	-1.062335	1.561105	0.114308	-1.409022	-0.323853	-0.354262	-0.352713	-0.560296	-0.685312	0.454310	-1.698330	-1.314048	-0.122689	0.428775	-1.198740	-1.123107	-0.868799	-0.314968	0.583575	-0.131562	-0.125973	0.191997	-0.076056	-0.593583	-0.749770	-0.381637	-0.805111	-0.897255	0.050799	-0.671258	-1.297524	-0.448327	-1.170938	-1.802400	-1.488567	-1.812725	0.176227	0.257921	1.229864	-1.407633	-0.365477	-1.292215	-0.187808
-0.951527	-0.861637	-0.009714	-0.077255	-0.688194	-1.554864	-0.609203	-0.010010	-2.093296	-1.280945	-0.778434	-0.562741	-1.321359	0.238183	-0.023535	-2.351208	-0.347722	-0.740987	-0.975092	-0.665962	-0.296447	-0.101339	-1.683102	-1.913370	-0.133451	-0.151344	-1.148927	-1.544232	-1.161183	-0.604272	0.268648	-1.225387	-0.061578	0.612358	0.488999	-1.042542	-1.490937	-0.010393	-1.180625	-1.327697	-0.407697	-0.604039	-0.863550	-0.730198	-0.440981	-1.103213	-1.785001	-1.497545	-0.025461	0.001636	1.305892	-1.393978	-0.294990	-1.473544	-0.992254
0.239317	0.318996	0.185352	-0.074298	-0.174298	-0.658568	-0.001119	0.054939	-1.463988	-0.365313	0.272631	0.696247	-0.244242	-0.420869	0.290982	-1.636719	0.413379	-0.490001	-0.696302	-0.255731	0.785339	0.340216	-0.288447	-0.928472	0.432021	-0.035114	0.247639	-0.320262	0.017551	-0.094505	0.709498	-1.178103	0.798618	0.828310	1.144220	-0.285226	-0.871513	0.821838	-0.232589	-0.603273	-0.035355	0.623758	0.448559	0.133480	1.092084	0.698611	-0.757031	0.058518	0.516406	0.547504	1.533926	0.115142	0.464772	-0.351156	-0.259198
1.840763	1.349325	0.890203	0.266368	1.229380	0.477519	1.273072	0.705332	0.090792	0.991138	1.268486	1.851604	1.146566	-0.276631	0.506819	-0.299326	1.274087	0.101450	-0.167798	-0.053944	1.459492	1.083572	1.384111	0.882050	0.925255	0.647831	2.104257	1.432146	1.477406	0.639480	1.298884	0.076720	1.821064	0.293239	1.295763	1.216707	0.524345	1.275865	1.190060	0.772440	0.845211	1.989779	1.711619	1.452938	2.215295	2.257765	0.804702	1.632324	1.355666	0.923299	1.080798	1.997808	1.164630	1.205398	1.277304
2.147572	1.318044	0.972073	-0.221502	1.539840	0.330419	1.789452	1.126806	1.161722	1.513945	1.137564	1.550939	1.606866	-0.215637	-0.057101	0.079293	1.280010	0.296593	-0.248240	-0.772465	0.637479	0.798815	2.023308	1.841569	0.686030	1.041052	2.818568	1.882667	1.619709	0.768830	1.031944	1.399350	1.863077	-0.947928	0.764940	2.173436	1.265135	0.767049	1.761758	1.660917	1.305714	2.167675	1.922532	1.988117	1.799295	2.331016	1.502177	1.997691	1.453278	-0.148753	-0.503290	2.352266	1.049092	1.836231	1.697378
0.738094	0.283195	-0.140104	-1.857295	-0.092969	-1.145337	0.694935	0.600619	1.152367	0.834079	-0.013667	-0.018752	0.935213	-0.884555	-1.380601	-0.703701	0.158886	-0.380343	-0.971237	-2.063467	-1.251417	-0.849607	1.246146	1.082740	-0.029120	0.432844	1.665388	0.489187	0.172225	0.102570	-0.284398	1.507041	0.534193	-2.154421	-0.001159	1.743033	0.475909	-0.383235	1.016548	1.359083	0.772903	0.893923	0.960671	1.199523	0.078319	0.964728	0.751140	1.061876	0.345072	-2.430541	-2.534863	0.729321	0.187600	1.017810	0.125083
-0.920047	-0.865772	-1.696813	-3.344974	-2.164781	-2.402205	-1.247095	-0.589548	0.564596	-0.140240	-0.924569	-1.224213	-0.001773	-1.774802	-2.580315	-1.412570	-1.347411	-1.542920	-1.616649	-2.681221	-2.409593	-2.542101	-0.144618	-0.502233	-0.335860	-0.928033	-0.296463	-1.347624	-1.557478	-0.724292	-1.650153	0.315409	-1.259785	-2.557411	-0.369108	0.432881	-1.158573	-1.175438	-0.215929	0.322355	-0.361217	-0.743936	-0.329290	-0.183969	-1.453532	-0.598827	-0.605043	-0.144174	-1.198942	-4.014748	-3.645426	-1.290911	-0.569953	-0.360968	-2.029148
-1.212669	-1.291678	-2.337860	-3.099724	-2.493059	-2.038421	-2.247715	-1.422298	0.114806	-0.395286	-0.683260	-0.916526	-0.335129	-1.861456	-2.614512	-1.096617	-2.003072	-2.056816	-1.550638	-1.827347	-1.590361	-2.603969	-0.969779	-1.266010	-0.012169	-1.887243	-1.216177	-1.837164	-2.066936	-0.921420	-1.827927	-0.931718	-2.138932	-2.051981	-0.203275	-0.471045	-2.085966	-0.936034	-0.785496	-0.346094	-1.081712	-1.359968	-0.925725	-0.981866	-1.531740	-1.129154	-1.229845	-0.597385	-1.843649	-3.297348	-3.034876	-1.842762	-0.542734	-0.927965	-2.472502
-0.307181	-0.869485	-1.460637	-1.187956	-0.759869	-0.336854	-1.257251	-1.321702	-0.045074	-0.021201	0.171615	0.210119	0.010359	-0.970439	-1.300422	-0.179483	-1.075169	-1.031382	-0.758746	-0.114030	0.395284	-0.928050	-0.745323	-0.628747	0.090071	-1.395655	-0.436794	-0.806762	-1.119765	-0.356199	-0.674241	-1.003755	-1.563991	-1.181145	0.018803	-0.289371	-1.572376	-0.016904	-0.419201	-0.109843	-0.729664	-0.571274	-0.473389	-0.797088	-0.356798	-0.456301	-0.707194	-0.285936	-1.016403	-0.847444	-1.245715	-0.718220	0.018192	-0.324849	-0.678321
0.263922	-0.085012	0.247297	0.621786	1.227932	1.116661	0.908768	-0.689504	-0.125991	0.101275	0.441267	0.587616	0.515953	0.013082	0.379570	0.331994	0.911848	1.085723	0.267443	1.016109	1.497608	0.789771	-0.015705	0.414476	-0.684833	0.383448	0.840163	0.248673	0.222612	0.355763	0.667504	-0.007215	-0.224413	-0.485304	-0.155231	0.443067	-0.314712	0.642959	0.208954	0.498944	0.339970	0.732961	0.521757	-0.211846	0.776380	0.578427	0.180048	-0.031837	0.549713	1.120858	0.363296	0.671123	0.299497	0.476479	1.398717
-0.235085	0.543288	1.593689	0.886518	1.723864	1.168653	2.372005	-0.117628	-0.077851	-0.371381	-0.089440	-0.191801	0.731952	0.398436	1.191367	0.161156	2.441719	2.611139	0.913991	0.761329	0.720134	0.954565	0.369012	0.635436	-1.578779	2.066347	1.089779	0.152480	0.911730	0.581354	1.034020	0.872792	0.849457	0.020546	-0.527152	0.752980	0.679400	0.590888	0.442779	0.642651	1.139081	1.370108	1.233292	0.139443	0.953438	1.058429	0.531490	-0.401033	1.625778	1.129317	0.892505	1.068226	-0.009011	0.455959	1.568633
-0.807299	0.865339	1.996402	0.061364	0.854513	0.184868	2.129166	0.456686	0.384452	-0.768623	-0.398374	-0.934716	0.616285	0.544200	0.870077	-0.124443	2.341736	2.224257	0.812801	-0.320787	-0.837008	-0.080719	0.252217	0.054403	-1.185271	2.367753	0.277859	-0.474966	0.976227	0.390183	0.544140	0.876503	1.315458	0.627179	-0.437097	0.389163	1.249873	0.269050	0.382218	0.208525	1.094765	1.033120	1.262669	0.313332	0.494071	0.834844	0.365367	-0.976397	1.693613	-0.131759	0.569644	0.665454	-0.321958	-0.167932	-0.082703
-0.257376	0.945755	1.705166	-0.315446	0.035687	-0.596931	0.943392	1.365380	1.112141	-0.418658	0.306252	-0.538075	0.354808	1.028114	0.216481	-0.053821	0.927740	0.444479	0.069804	-1.059572	-1.391215	-0.527463	0.221082	-0.270832	0.609239	1.373804	-0.350342	-0.215527	1.058024	0.416018	0.362752	0.505177	1.482508	1.301024	0.404550	-0.005902	1.727739	0.265853	0.526143	-0.162677	0.531676	0.388428	0.822293	0.696566	0.259044	0.451567	0.345557	-0.886613	1.209599	-0.909486	0.169245	0.435974	0.005407	-0.308710	-1.496519
1.003231	0.676343	1.137579	0.397002	0.067044	-0.511785	0.173878	2.259926	1.329118	0.301288	1.433967	0.482514	0.000852	1.456977	0.018224	0.152112	-0.439954	-0.912792	-0.820750	-0.889007	-0.503553	0.541763	0.598811	0.196328	2.153202	0.233584	-0.082366	1.019196	1.163151	1.003993	1.168284	0.630036	1.483032	1.570081	1.426045	0.126966	1.888866	0.408589	0.861974	-0.015210	-0.002385	0.065058	0.197845	1.150329	0.403848	0.298383	0.684878	0.007195	0.786264	-0.482264	0.011750	0.611468	0.693726	0.426431	-1.237545
1.429161	-0.140421	0.395484	1.381241	0.355837	0.015122	0.081278	2.187215	0.468030	0.389698	1.718301	0.694226	-0.584843	0.855972	0.198017	-0.002278	-0.943128	-0.826810	-1.328314	-0.116737	0.760558	2.025717	0.804199	0.663981	1.858704	-0.328085	0.366978	1.720007	0.534629	1.660797	2.188303	1.119509	0.987621	1.150590	1.695475	0.409476	1.044528	-0.024550	0.709925	0.271459	-0.553735	-0.131103	-0.650626	0.925198	0.271823	0.085686	0.782068	0.782187	0.439381	0.341121	-0.192773	0.517361	0.796222	1.075450	-0.069756
0.457551	-1.206664	-0.488806	1.646802	0.016515	0.307136	-0.221952	0.796211	-0.952296	-0.392760	0.813577	-0.238415	-1.347985	-0.787380	0.150782	-0.533526	-1.042779	-0.122746	-1.168263	0.804500	1.431068	2.237180	0.123527	0.092618	0.113045	-0.715071	0.000533	0.827200	-1.026477	1.536664	2.040887	0.922577	-0.076077	0.481487	0.934208	-0.007859	-0.704104	-1.134567	-0.320463	0.003559	-1.451271	-0.730849	-1.660879	-0.386150	-0.454701	-0.604019	0.097133	0.511268	-0.169487	0.611980	-0.608721	-0.088806	-0.000902	0.561732	0.255825
-0.636033	-1.598311	-1.214699	1.182473	-0.788912	0.356240	-1.266164	-0.925498	-1.675098	-1.033943	-0.244914	-0.928849	-1.735184	-2.040513	-0.315999	-0.811676	-1.494683	-0.184004	-0.362967	1.768837	1.655766	0.988736	-1.113869	-1.215410	-1.119953	-1.539334	-0.968020	-0.716910	-2.318912	0.462633	0.417312	-0.424425	-0.944112	0.406144	-0.104575	-1.147924	-1.943404	-1.859387	-1.515579	-0.783978	-2.338517	-1.556073	-2.155758	-2.004142	-1.056227	-1.423570	-0.948911	-0.559254	-0.954126	0.439263	-0.830800	-0.357438	-0.740713	-0.714949	-0.754054
-0.347052	-0.654719	-1.429218	0.623888	-1.038082	0.646228	-2.299685	-1.546971	-1.050078	-0.429143	-0.250932	0.015969	-1.123175	-1.501920	-0.643645	-0.132108	-2.092193	-1.093445	0.775365	2.655717	1.930605	-0.374703	-1.684132	-1.692593	-0.556336	-2.463286	-1.330709	-1.059762	-1.838087	-0.708410	-1.447487	-1.910279	-0.696809	1.237351	-0.434806	-1.839125	-1.313563	-1.052384	-1.670402	-1.189325	-2.192666	-1.675368	-1.381816	-2.455054	-0.641773	-1.392827	-1.300519	-1.208198	-1.270128	0.554210	-0.396102	0.449581	-0.274110	-1.157699	-1.797127
1.054084	1.077109	-1.131810	0.340324	-0.233832	1.313040	-2.138892	-0.826529	0.162083	1.155942	0.709994	2.033099	0.307519	0.451933	-0.147232	1.501411	-1.845160	-1.578585	1.723465	2.967547	2.002801	-0.781309	-0.887770	-0.362019	0.944499	-2.411199	-0.483586	0.260457	0.392163	-0.997636	-2.121043	-2.077285	0.499207	2.189362	-0.018816	-1.036751	0.682466	0.956605	-0.557208	-0.552772	-0.595124	-0.564936	0.375070	-1.113941	0.591894	-0.088199	-0.462598	-0.622606	-0.718338	1.172030	0.527252	1.620220	1.120301	0.005057	-1.379223
1.697839	2.184241	-0.646619	0.260394	0.851108	1.855488	-0.611428	-0.079436	0.503212	2.114449	1.229776	2.938047	1.407100	1.850095	1.160654	3.074804	-0.296793	-0.655878	2.017681	2.273955	1.204729	-0.556286	0.551860	1.759216	1.357118	-0.885869	0.721486	1.715243	2.550668	-0.437764	-1.500028	-0.738691	1.329571	1.999386	0.078530	0.670887	1.894265	2.359641	0.614934	0.542681	1.429070	1.032114	1.742872	0.925142	1.479280	1.610158	0.873816	0.665459	0.140634	1.740943	1.229559	1.601886	1.722812	1.523575	0.447313
0.280983	1.785459	-0.303479	0.242924	0.964726	1.672336	1.156650	-0.660340	-0.669794	1.131048	0.118665	1.340725	1.100431	1.195961	2.453012	3.217055	1.739662	1.152200	1.577142	0.846920	-0.367389	-0.656418	1.230619	2.555805	-0.239777	1.222001	0.940872	1.500187	2.723249	-0.027251	-0.700465	0.745481	0.738123	0.364345	-1.039568	1.424111	0.888012	1.704479	0.472725	0.791100	2.260412	1.745805	1.627798	1.837691	1.223201	2.269700	1.505742	1.372314	0.202770	1.644435	1.129676	-0.113795	0.300412	1.471033	2.128273
-2.350308	0.392843	-0.268661	0.167558	-0.298289	0.683199	1.826815	-2.305299	-2.453805	-1.292642	-2.124764	-1.650788	-0.399859	-0.927402	2.754303	1.505239	2.902900	2.364895	0.743335	-0.525041	-1.696916	-1.359136	0.553898	1.124662	-2.606220	2.319582	-0.107775	-0.495752	0.755149	-0.494428	-0.593560	0.940871	-0.919383	-1.452655	-2.764128	0.179256	-1.353999	-0.459783	-0.949447	-0.266427	1.315442	1.040548	0.383671	0.952035	0.232192	1.373877	0.934764	0.882667	-0.927704	0.804190	0.264248	-2.240120	-2.216669	-0.410578	2.265698
-3.979594	-0.666778	-0.482759	-0.147243	-2.044140	-0.551977	1.108717	-3.382236	-3.203961	-3.096739	-3.642611	-3.460166	-1.651440	-2.540064	1.732306	-0.882750	2.599619	2.086295	0.013975	-1.305089	-1.955947	-2.014997	-0.694312	-1.161654	-3.599316	1.651211	-1.311648	-2.520930	-1.585451	-1.390463	-0.880533	-0.196467	-2.343075	-1.886918	-3.328193	-1.929846	-2.585654	-2.038400	-2.183432	-1.558833	-0.363091	-0.174509	-0.591361	-0.600035	-0.399696	-0.116931	-0.196657	-0.129849	-2.251692	-0.314709	-0.667066	-2.930590	-3.458251	-2.271493	1.041843
-3.226138	-0.524852	-0.604686	-0.716580	-2.821280	-1.212479	-0.020956	-2.743056	-2.078277	-2.570280	-3.095968	-2.651147	-1.379570	-2.340531	-0.026079	-2.184644	1.474090	0.840088	-0.249719	-1.525383	-1.309248	-1.837260	-1.231824	-2.117934	-2.347688	0.088816	-1.322436	-2.652284	-2.222609	-1.627621	-0.713351	-1.426069	-2.621461	-0.852758	-1.733260	-2.727926	-1.833692	-1.497826	-1.891060	-1.632380	-1.127835	-0.480696	-0.285789	-1.174786	0.020200	-0.709005	-0.873797	-0.540864	-2.212522	-1.034951	-0.698211	-1.534762	-2.089806	-2.175056	-0.095159
-0.794112	0.531094	-0.258062	-1.181027	-1.865038	-0.868793	-0.358941	-0.888727	0.183887	-0.041026	-0.980493	-0.211636	0.242248	-0.797872	-1.441731	-1.798123	0.592371	-0.124239	-0.016396	-1.427902	-0.491167	-0.715047	-0.582507	-1.055177	-0.013217	-0.779563	0.080117	-0.678278	-0.678272	-0.764871	0.133907	-1.578359	-1.830449	0.261671	0.961310	-1.367200	-0.169391	0.627656	-0.247378	-0.281705	-0.304185	0.541563	1.002814	-0.312706	1.190138	0.129297	-0.745442	-0.029979	-0.368431	-0.935082	0.517801	0.859066	0.760912	-0.166576	-0.085980
1.403827	1.407458	0.456767	-1.138544	0.165056	0.036555	0.240494	0.812514	1.972582	2.384257	1.055840	1.714462	1.778381	0.680599	-1.766827	-0.675915	0.302968	-0.223819	0.330537	-1.112928	0.038956	0.654615	0.558470	0.700795	1.565415	-0.373486	1.741346	1.653278	1.473004	0.505473	1.015717	-0.615833	-0.573881	0.399344	2.664506	0.862249	0.894311	2.370585	1.354901	1.273205	1.161973	1.804600	2.018273	0.979342	2.041320	1.407405	-0.239913	0.700868	1.915627	-0.276488	1.983745	2.440192	2.716072	1.887776	0.614850
2.096088	1.187031	0.920991	-0.625731	1.701730	0.498388	0.774875	1.598394	2.249502	2.807059	1.894855	1.966781	1.954120	1.215072	-1.132818	0.011281	0.072468	-0.022123	0.223849	-0.600517	0.319224	1.365010	1.164071	1.476039	1.681004	0.345852	2.194881	2.330091	2.120955	1.138865	1.206675	0.565701	0.621890	-0.006537	2.411747	2.081763	1.007609	2.318990	1.802648	1.755624	1.642381	1.806204	1.719838	1.423287	1.606357	1.611119	0.175700	0.854078	2.714067	0.135637	2.024363	2.235522	2.510360	2.270967	0.711076
1.496380	-0.039714	0.702735	-0.052552	1.739945	0.002110	0.395942	1.664014	1.299201	1.248173	1.655205	1.052548	0.819235	0.959017	-0.290232	0.063628	-0.569230	-0.263112	-0.485497	-0.028002	0.509016	1.108963	0.897711	0.942622	1.018296	0.238352	1.073151	1.030917	0.729910	0.798506	0.665159	1.135137	1.427448	0.024048	1.058442	1.710729	0.780228	0.826609	1.197885	1.055201	0.544534	0.272071	0.247371	0.729985	-0.020757	0.326115	0.442289	0.375406	1.509812	-0.188236	0.185653	0.796256	0.896679	0.975051	-0.285956
0.589393	-1.206277	0.118820	0.263768	0.769813	-0.820003	-0.481726	1.398146	0.202749	-0.583095	1.012178	0.104936	-0.457669	0.528738	0.173576	-0.046416	-1.233250	-0.774207	-1.169887	0.351613	0.566064	0.411463	0.249968	0.033629	0.450544	-0.498048	-0.491873	-0.688057	-1.126301	0.068820	-0.019118	0.982951	1.590228	0.509931	-0.035920	0.635600	0.635401	-0.620496	0.382614	0.067778	-0.972556	-1.421598	-1.171838	-0.275095	-1.560156	-1.244925	0.580203	-0.189026	-0.291632	-0.769575	-1.849999	-0.530132	-0.510870	-0.558817	-1.399958
0.037620	-1.251826	-0.158983	0.317056	0.046777	-0.882751	-0.738448	0.863142	-0.228061	-1.065601	0.370963	-0.285427	-0.801601	0.318648	0.239557	-0.034695	-1.114256	-0.737074	-0.978339	0.361028	0.331214	0.017300	-0.151868	-0.334319	0.156516	-0.694905	-1.018449	-1.104508	-1.467932	-0.269102	-0.271875	0.508202	0.995840	0.600444	-0.358530	-0.063258	0.435987	-0.913764	-0.049910	-0.361121	-1.241213	-1.641426	-1.359952	-0.612298	-1.675708	-1.553222	0.409504	-0.386626	-0.909406	-0.688574	-1.884105	-0.857342	-0.790653	-0.967944	-1.305435
-0.155821	-0.184654	0.054330	0.248377	0.047508	0.021010	-0.063294	0.069677	-0.015128	-0.147179	-0.222626	-0.243082	-0.197342	0.325316	0.152544	0.052892	-0.110386	0.078737	0.147005	0.072855	-0.177451	0.104667	-0.179962	-0.092007	-0.068789	0.063460	-0.278436	-0.069244	-0.064396	-0.059427	-0.058669	0.024327	-0.136742	-0.039070	-0.204237	-0.166599	0.035122	-0.165268	-0.116400	-0.173182	-0.012869	-0.276123	-0.333762	-0.157589	-0.363739	-0.430292	-0.113535	-0.232682	-0.085570	0.237923	0.269821	-0.330475	-0.171231	-0.203401	0.099994
