X1	X2	X3	X4	X5	X6	X7	X8	X9	X10	X11	X12	X13	X14	X15	X16	X17	X18	X19	X20	X21	X22	X23	X24	X25	X26	X27	X28	X29	X30	X31	X32	X33	X34	X35	X36	X37	X38	X39	X40	X41	X42	X43	X44	X45	X46	X47	X48	X49	X50	X51	X52	X53	X54	X55
0.073181	0.011536	0.055403	0.015286	0.060741	0.128141	-0.165537	-0.028972	0.050220	0.027424	-0.139744	-0.048178	0.026674	-0.055218	-0.047009	-0.080642	-0.208141	-0.007067	0.058072	0.134809	-0.025682	-0.166627	-0.223347	-0.129902	-0.017040	-0.069069	-0.129401	0.054682	0.219236	-0.066187	-0.190442	-0.197377	-0.108667	-0.109596	-0.239092	-0.229024	-0.058108	-0.089794	-0.093571	-0.231614	0.185800	-0.010843	0.090578	0.141407	0.075205	0.023650	-0.119583	-0.228851	-0.000058	-0.119569	0.234607	0.167967	-0.085638	-0.109662	-0.016635
0.275123	-0.177184	-0.263843	-0.273706	0.572606	0.488401	-0.980895	1.327508	0.835461	1.022113	0.117433	0.445661	0.022721	0.878867	1.514822	0.950521	-0.553225	0.348267	0.020756	0.064756	-0.497694	-0.107393	-0.207562	0.338297	0.931813	-0.742512	1.148561	0.414747	0.903505	-0.428466	-0.343146	0.681229	0.800322	0.030978	-0.413491	0.121233	1.596105	1.328208	0.753487	-0.151254	0.725416	0.135043	0.074658	2.157086	1.355472	1.421442	0.450250	0.032752	-0.111442	-0.112086	0.456727	0.942096	0.744484	0.136941	0.016764
-0.035391	-0.600159	-0.206207	-0.193388	0.196546	0.122713	-1.202360	0.716525	0.600080	0.721773	-0.163023	0.240050	-0.153895	0.750742	1.282032	0.916287	-0.742037	0.138886	0.076217	0.102348	-0.484052	-0.143950	-0.322663	0.388554	0.672939	-0.883443	0.740487	0.166248	0.289125	-0.392353	-0.219160	0.840473	0.362535	-0.276522	-0.137179	0.002075	1.671294	1.119868	0.627267	-0.379272	0.551139	-0.250489	-0.398768	1.160018	0.873861	0.793164	0.626215	-0.138439	-0.002788	-0.402785	0.304262	0.746294	0.121795	-0.511070	-0.363147
-0.631889	-0.998081	0.238102	0.191499	-0.899500	-0.816199	-0.694100	-1.247686	-0.518740	-0.562577	-0.674391	-0.399877	-0.344175	0.012482	-0.428088	-0.166667	-0.621135	-0.488602	0.251420	0.277868	0.079962	-0.278582	-0.588470	0.207078	-0.636043	-0.444064	-0.905906	-0.586092	-1.210215	-0.042377	0.150127	0.313153	-0.896627	-0.757338	0.402091	-0.362921	0.251879	-0.566619	-0.430979	-0.893600	-0.289549	-0.912699	-0.951031	-2.028662	-0.961398	-1.216213	0.444675	-0.654624	0.175080	-0.779169	-0.104920	-0.242193	-1.580170	-1.646717	-0.669674
-0.693526	-0.886849	0.696108	0.522591	-1.622407	-1.431386	0.119347	-2.199919	-1.363100	-1.326264	-0.639155	-0.564239	-0.243829	-0.096248	-1.626992	-1.176312	-0.198328	-0.827756	0.431899	0.482161	0.786211	-0.299339	-0.773502	0.261428	-1.574191	0.170546	-1.885638	-1.061602	-1.928949	0.172245	0.501830	-0.198338	-1.222395	-0.720882	0.550633	-0.336209	-1.109207	-2.089410	-1.433268	-1.237987	-1.021617	-1.086495	-0.822494	-3.820872	-2.149911	-2.187812	0.271625	-0.959078	0.191958	-0.719655	-0.359408	-1.003692	-2.563849	-2.029493	-0.208355
0.248557	-0.203383	0.757069	0.605862	-1.133801	-1.063167	0.635679	-0.992275	-1.000352	-0.720518	0.130335	0.119219	0.162949	0.624414	-1.048189	-1.027073	0.262099	-0.384597	0.410186	0.520274	1.105773	0.143647	-0.447230	0.539916	-0.967261	0.579913	-1.184951	-0.606293	-0.957741	0.033258	0.686462	-0.113474	0.125099	0.047943	-0.004085	0.307384	-1.188574	-2.148271	-1.437149	-0.830064	-0.947202	-0.439722	0.056993	-2.206332	-1.554232	-1.031335	0.309402	-0.568272	0.225399	-0.055232	-0.276062	-0.884848	-1.626431	-1.117532	0.769544
1.613001	0.559355	0.366321	0.553982	0.235013	0.023555	0.694930	1.136941	0.327182	0.512883	0.949076	0.993568	0.563515	1.081112	0.438053	0.172546	0.507481	0.642077	0.105371	0.296739	0.837868	1.153956	0.605524	0.508299	0.828245	0.817264	0.431573	0.564363	0.801887	-0.092876	0.816158	0.417458	1.995306	0.979117	-0.784626	1.111781	-0.349661	-0.937770	-0.392692	0.446477	-0.167231	0.578227	0.938014	1.151759	-0.081959	0.871487	0.339904	0.454476	0.657568	0.765635	-0.043053	-0.163101	0.645307	0.356841	1.329577
2.205727	0.851873	-0.090782	0.527023	1.337125	0.990309	0.830007	2.316441	1.514079	1.067814	1.076888	1.192306	0.716763	0.450159	0.993124	1.264639	0.698133	1.597888	-0.285446	-0.056850	0.263484	2.276382	1.936927	-0.132638	2.292962	1.205988	1.642506	1.505941	1.689252	0.357418	1.015426	0.724403	2.779964	1.247578	-1.014191	1.459520	0.191651	0.450487	0.893868	1.908399	0.570882	1.349617	1.176849	3.123869	0.650666	1.651020	0.031070	1.478142	1.336804	1.110744	0.015171	0.448003	2.626125	1.305217	1.046499
1.417558	0.566971	-0.141884	0.516480	1.395014	1.294878	1.652513	2.029286	1.685869	0.597640	0.518054	0.674229	0.692697	-0.725159	0.008769	1.354881	1.277035	1.949407	-0.452888	-0.292666	-0.147128	2.750022	2.587026	-0.973085	2.303886	1.831186	1.857744	1.437744	1.032583	1.366500	1.127680	0.378911	2.104518	0.483118	-0.462322	1.139626	0.000945	1.237550	1.501646	2.496373	0.695598	1.711481	0.870154	2.395703	0.222173	1.092930	-0.584484	1.729836	1.445814	0.720824	-0.301497	0.500336	3.176122	1.358704	0.296530
-0.106523	0.068535	0.284905	0.433178	0.700900	1.053197	2.834521	1.053249	0.905358	-0.115140	-0.102594	0.175509	0.631757	-1.275604	-1.259008	0.735440	2.223994	1.627030	-0.307781	-0.281494	-0.188085	2.196580	1.944760	-1.353525	1.142594	2.210496	1.285167	0.469881	-0.354602	2.112427	0.841886	-0.328154	0.857660	-0.871484	0.354006	0.405392	-0.198728	1.331116	1.145070	1.739582	0.336123	1.791019	0.455783	0.217057	-0.413534	0.333231	-1.069412	0.930854	0.435359	-0.173977	-0.855300	0.025160	2.345225	0.918357	-0.476362
-1.080770	-0.171135	0.760898	0.281015	0.153537	0.650021	3.042961	0.190477	-0.065389	-0.265278	-0.249316	0.247398	0.447312	-0.783478	-1.201510	0.358951	2.687308	0.931653	-0.067020	-0.092203	-0.048659	0.984753	0.480184	-1.105593	0.000206	1.670882	0.469837	-0.536421	-1.201014	1.757336	0.150506	-0.700283	0.032531	-1.754005	0.760815	-0.319223	0.260857	0.915076	0.310676	0.308253	0.015288	1.525624	0.058995	-1.392717	-0.337007	0.102627	-1.038379	-0.329393	-1.096968	-1.074706	-1.131081	-0.661356	0.951312	0.454414	-1.105687
-0.851466	0.015942	0.786867	0.123203	0.245274	0.253785	1.398710	-0.339602	-0.545241	0.122735	0.067735	0.636002	-0.032927	0.133911	0.294789	0.619966	1.839826	0.213190	0.025570	0.126449	-0.004273	-0.181911	-0.612158	-0.635202	-0.297395	0.167889	0.002892	-0.818466	-1.043099	0.445783	-0.483162	-0.399842	-0.095656	-1.320055	0.547042	-0.723825	0.972878	0.172312	-0.318776	-0.572594	0.005341	0.751471	-0.457395	-1.570183	0.258575	0.053629	-0.567906	-1.012576	-1.898755	-1.462014	-0.684278	-1.241879	-0.230871	0.052965	-1.335272
-0.000783	0.372426	0.285265	-0.095582	0.613096	-0.196592	-1.078897	-0.626597	-0.483835	0.448301	0.409715	0.669423	-0.667182	0.636422	1.680380	0.971078	0.126751	-0.344471	-0.008931	0.236444	-0.092106	-0.936923	-0.619571	-0.367196	0.011179	-1.355407	0.151690	-0.436324	-0.474839	-0.749098	-0.580537	0.171643	0.070863	0.104755	0.021390	-0.754437	0.965483	-0.611106	-0.540958	-0.349621	0.125391	-0.265297	-0.959110	-0.930186	0.497535	-0.320608	-0.100895	-0.665579	-1.497501	-1.083507	0.223280	-1.597600	-0.913858	-0.353183	-0.837004
0.339896	0.525099	-0.369429	-0.541851	0.568385	-0.678378	-2.148494	-0.805350	-0.338083	0.303574	0.362921	0.064825	-0.946325	0.396935	1.406240	0.749548	-0.874589	-0.683622	0.061393	0.104573	-0.163740	-1.347470	0.017917	-0.318538	0.084040	-1.642358	0.480745	-0.118802	-0.288060	-0.970360	-0.198016	0.319143	-0.052975	1.136712	-0.331860	-0.582474	-0.043015	-1.037603	-0.636833	0.347802	0.079688	-0.790827	-0.938997	-0.472162	0.022414	-0.797190	0.016407	0.060456	-0.758637	-0.255398	0.720708	-1.797201	-1.148244	-0.552266	0.133150
-0.266136	0.422929	-0.734099	-1.173181	-0.042544	-0.921340	-0.793999	-0.995209	-0.476487	-0.152472	-0.059602	-0.761400	-0.463697	-0.298104	-0.367487	0.112092	-0.183284	-0.743324	0.366317	-0.284274	-0.131482	-1.427216	0.397422	-0.242111	-0.482454	-0.334561	0.183365	-0.370439	-0.521589	-0.407768	0.188754	-0.154836	-0.673667	0.766016	-0.187477	-0.394282	-1.274400	-0.887689	-0.756824	0.537887	-0.183514	-0.347493	-0.110518	-0.464981	-0.544699	-0.721077	-0.156673	0.182036	-0.782069	0.252290	0.279094	-1.855082	-0.958643	-0.151250	0.658869
-1.071036	0.367534	-0.616238	-1.472210	-0.620386	-0.588583	1.470092	-1.090258	-0.744007	-0.416471	-0.402351	-1.103170	0.616949	-0.805925	-1.897276	-0.083136	1.317798	-0.501014	0.748516	-0.599761	0.008516	-0.883197	0.310307	-0.037261	-1.144217	1.485980	-0.929269	-0.844585	-0.507451	0.176242	0.339124	-0.733361	-1.307548	-0.465923	0.426919	-0.191243	-1.744996	-0.349556	-0.598958	0.079407	-0.464138	0.682729	1.038255	-0.461320	-0.374145	0.106509	-0.314140	-0.407873	-1.510983	-0.046882	-0.641112	-1.548568	-0.331394	0.797499	0.194140
-0.930744	0.565343	-0.074908	-0.765467	-0.482188	0.365482	2.247217	-0.660942	-0.645759	-0.123847	-0.196140	-0.601305	1.649546	-0.532864	-1.720075	0.649422	1.796120	-0.147064	0.897030	-0.292018	0.328552	0.434831	0.369426	0.118448	-1.005460	2.159351	-1.976924	-0.732211	0.159757	0.448614	0.506293	-0.798234	-1.117556	-1.084327	1.113524	0.147912	-1.209847	0.145448	0.129173	-0.232930	-0.527796	1.383205	1.523419	-0.175255	0.548357	1.109123	-0.293706	-0.832670	-1.779416	-0.718244	-1.090518	-0.633766	0.480213	1.539359	-0.634252
0.437224	0.809914	0.697043	0.956300	0.330010	1.465900	0.965080	0.540571	0.048061	0.592526	0.566306	0.479223	2.026505	0.568387	-0.144843	1.637397	0.571302	-0.045779	0.611976	0.749545	0.900831	1.969242	0.984555	0.056932	0.108308	1.042202	-1.830284	0.278057	0.978307	0.682550	0.924812	-0.300432	0.200627	-0.383262	1.392774	0.621734	-0.198076	0.345209	1.134178	0.225478	-0.280261	1.200484	0.820069	0.081406	1.383192	1.474707	-0.196272	-0.366113	-0.707521	-0.799365	-0.627161	0.699216	0.976528	1.330902	-0.712675
2.054203	0.768600	1.390119	2.637863	1.013484	1.916894	-0.672949	1.950217	0.950741	1.171659	1.392017	1.494930	1.560191	1.794626	1.320102	1.606916	-1.129775	-0.367645	-0.048382	1.766720	1.511541	2.654790	1.589512	-0.081955	1.331179	-0.815364	-0.371002	1.568318	1.097091	1.077556	1.311988	0.297950	1.880836	0.878046	1.137363	1.014411	0.640181	0.379979	1.685770	1.021082	0.178526	0.415798	-0.533972	-0.041174	1.396637	0.928549	-0.132170	0.638920	1.195071	0.052885	0.326582	1.733753	0.908590	0.328974	0.171877
2.602159	0.474044	1.618786	2.925430	0.816435	1.262738	-0.930094	2.472726	1.387624	1.146116	1.680916	1.885561	0.475005	2.178920	1.750748	0.134901	-1.638186	-0.821737	-0.764267	1.760229	1.655188	1.849484	1.192194	0.008254	1.592525	-1.755411	1.239936	2.135510	0.379069	1.340951	1.163296	0.589209	2.654897	1.487503	0.624871	1.066638	1.032073	0.472847	1.302353	1.132833	0.622629	-0.230765	-1.421798	-0.317415	0.722963	-0.008979	-0.034532	1.135819	2.430577	1.052735	0.974074	1.777613	0.526450	-0.593681	1.028321
1.716031	0.297374	1.174846	1.502102	-0.143567	-0.045526	-0.016956	1.630637	1.082926	0.633578	1.163462	1.477946	-0.764344	1.359601	1.525860	-1.681338	-0.680050	-0.907940	-1.059253	0.647839	1.020496	0.014158	-0.378905	0.377119	0.686288	-1.196424	1.655518	1.517590	-0.402745	1.103484	0.461667	0.544762	1.972416	1.084922	0.113997	0.707760	1.068503	0.532295	0.165072	0.202558	0.899699	-0.258504	-1.218683	-0.225966	0.064842	-0.498977	0.181365	0.570704	1.992988	1.145211	0.872054	0.859889	0.188764	-0.905418	0.837875
0.269198	0.437609	0.296630	-0.489882	-0.937404	-0.937368	0.581679	0.223870	0.445671	0.218049	0.125111	0.551212	-1.614837	-0.024833	1.337724	-2.288414	0.587993	-0.435352	-0.603958	-0.527918	-0.051577	-1.614429	-2.047264	0.716390	-0.557106	-0.013717	0.685004	0.218250	-0.467484	0.509854	-0.183460	0.393723	0.563430	0.267056	-0.403211	0.158824	0.960704	0.254307	-1.038605	-0.972112	1.064524	0.221037	-0.268363	0.324411	-0.138031	-0.139873	0.427220	-0.489960	0.392085	0.250376	0.283448	-0.211246	-0.024602	-0.874827	-0.215159
-0.595764	0.654848	-0.449007	-1.512946	-0.765841	-0.777249	0.205304	-0.459589	0.098895	0.294248	-0.701774	-0.285478	-1.694530	-0.883741	1.183585	-1.326592	1.117365	0.304299	0.364897	-0.750056	-0.772290	-2.042841	-2.457547	0.727493	-1.102875	0.639622	-0.537718	-0.733017	0.115114	0.108659	-0.208601	0.361226	-0.333791	-0.292010	-0.902636	-0.193775	0.863872	-0.341921	-1.564008	-1.295879	1.174769	0.733972	0.628834	0.850300	-0.023305	0.681982	0.532316	-0.966647	-0.872005	-0.634045	-0.135552	-0.617509	-0.156447	-0.891331	-0.931022
-0.548814	0.583357	-0.657214	-1.060328	0.177896	-0.036073	-0.359255	-0.080439	0.165217	0.605803	-0.688899	-0.473959	-1.068159	-0.675047	0.698525	0.086271	0.972355	0.845525	1.021844	-0.147368	-0.661394	-1.284972	-1.330664	0.413625	-0.661554	0.489702	-0.762554	-0.694633	0.592863	0.136845	0.211992	0.449342	-0.268381	-0.446822	-1.074087	-0.165662	0.792257	-0.763324	-1.105417	-0.575309	0.990023	0.853128	0.940040	0.829400	0.047762	1.125513	0.411598	-0.441687	-0.855917	-0.618187	-0.077604	-0.367622	-0.136330	-0.805109	-0.501982
-0.148626	0.150875	-0.424880	0.047057	0.910824	0.284624	-0.266611	0.386744	0.164065	0.518552	0.013061	-0.031970	-0.260062	0.147326	-0.038317	0.704571	0.750551	0.929531	0.664010	0.304272	-0.047198	-0.258710	0.250943	-0.050854	0.152451	0.062728	0.080016	0.021115	0.404977	0.148982	0.294059	0.373210	0.066954	-0.399381	-0.681131	-0.054662	0.633238	-0.635548	-0.114982	0.306910	0.189930	0.431137	0.593188	0.186552	-0.124460	0.611567	0.065020	0.405629	-0.068109	0.054898	0.077675	-0.195994	0.006020	-0.291205	0.525074
-0.056001	-0.412324	-0.160016	0.657909	0.761081	-0.165565	0.203970	-0.112049	-0.327336	-0.253374	0.496119	0.355907	0.176827	0.685342	-0.611157	0.428944	0.585372	0.625900	-0.452518	0.049716	0.276920	0.066561	0.938687	-0.522547	0.536043	-0.139295	0.895844	0.484447	-0.286777	-0.429416	-0.486012	-0.130265	-0.182968	-0.324265	-0.042817	-0.343528	0.319311	-0.247162	0.478058	0.396918	-0.978371	-0.356208	-0.195199	-0.694429	-0.505002	-0.656072	-0.428477	0.602919	0.251528	0.401163	-0.158635	-0.544384	-0.087709	0.409667	0.900156
-0.366688	-0.846745	-0.117859	0.400546	0.085164	-0.711293	0.212112	-1.338534	-1.079522	-1.272489	0.041492	0.022665	0.162090	0.503323	-0.920143	0.074448	0.119828	0.219236	-1.197744	-0.455137	-0.100615	-0.408859	0.431421	-0.821224	0.287239	-0.089067	0.708578	0.105787	-0.861974	-1.432074	-1.683782	-0.817356	-0.960562	-0.298400	0.208200	-1.006195	0.000820	-0.160041	0.181678	-0.309736	-1.596084	-1.088162	-1.006605	-1.239893	-0.884634	-1.810592	-0.801238	-0.016136	-0.378456	-0.015485	-0.635133	-0.908988	-0.697157	0.593860	0.146273
-0.673547	-0.986189	-0.221655	-0.207493	-0.260612	-0.498696	-0.420781	-2.000688	-1.469170	-1.794153	-1.056354	-0.905211	0.079492	-0.079928	-1.149490	0.167341	-0.776125	-0.007007	-0.667607	-0.495006	-0.795884	-0.819615	-0.356758	-0.666341	-0.177789	-0.013682	-0.249617	-0.732820	-0.817433	-1.906604	-2.167934	-0.996167	-1.476748	-0.322642	-0.096427	-1.347476	-0.069136	-0.326451	-0.440391	-0.928062	-0.934150	-1.321853	-1.275857	-0.993151	-0.953735	-2.008142	-0.666291	-0.680481	-1.088322	-0.544786	-0.707365	-0.501326	-1.397898	-0.015344	-0.908464
-0.613956	-0.701922	-0.304363	-0.550178	0.011405	0.470444	-1.043337	-1.346205	-1.240907	-1.514562	-1.823356	-1.619952	0.247832	-0.478849	-1.183018	0.368521	-1.624663	0.030175	0.845814	-0.079619	-1.106930	-0.362205	-0.358293	0.047176	-0.474872	-0.003256	-0.848852	-1.077465	-0.089649	-1.139600	-1.256031	-0.299664	-1.284840	-0.256003	-0.414488	-0.764688	0.129689	-0.049413	-0.384405	-0.649983	0.667768	-0.877579	-0.605118	0.069876	-0.495128	-1.077827	0.082601	-0.577708	-0.638007	-0.316787	-0.073954	0.582400	-1.292457	-0.816682	-1.088593
-0.247895	-0.011367	-0.339780	-0.554463	0.353799	1.291344	-1.031173	-0.070900	-0.729515	-0.784842	-1.622655	-1.494458	0.545821	-0.445859	-0.646674	0.149215	-1.708231	0.187236	2.080475	0.154409	-0.782390	0.627664	0.559713	0.934824	-0.624044	0.073579	-0.377865	-0.470305	0.912354	0.374120	0.439459	0.764926	-0.719125	0.061496	-0.186428	0.467957	0.267795	0.946119	0.525042	0.465867	1.981094	0.016139	0.764814	1.342656	0.338997	0.378251	1.004103	0.295062	1.034152	0.649709	0.806016	1.258480	-0.130217	-0.971876	-0.124936
0.089750	0.644404	-0.337137	-0.506961	0.132556	1.097355	-0.452656	0.576733	-0.298792	-0.106126	-0.621840	-0.634826	0.651976	-0.197736	0.316725	-0.314488	-0.808102	0.269094	1.988768	-0.122626	-0.181866	1.007541	1.546388	1.314372	-0.697822	0.297609	0.643526	0.483962	1.452746	1.265214	1.489928	1.296278	-0.271254	0.474111	0.413671	1.396374	-0.027264	1.784505	1.338900	1.575125	1.933892	0.785018	1.840814	1.849466	0.961016	1.381792	1.437556	1.164112	2.421613	1.486566	1.127928	0.643477	1.085056	-0.354216	1.127088
0.188406	0.505065	-0.195526	-0.525327	-0.634338	-0.060476	0.070475	0.218554	0.100281	0.350712	0.535354	0.346271	0.475062	-0.069563	0.810651	-0.342793	0.347337	0.180247	0.636272	-0.537551	0.213067	0.277757	1.631807	0.831877	-0.485112	0.409068	1.060860	0.745350	0.901307	0.683179	1.059273	0.953513	-0.047903	0.506206	0.652431	1.313821	-0.750814	1.301133	1.104593	1.769217	0.464505	0.751865	1.527377	1.033249	0.716197	1.165549	1.122736	1.232747	1.880016	1.483917	0.457478	-0.876078	1.032083	0.351883	1.560328
0.102748	-0.731893	0.094032	-0.495130	-1.344020	-1.294655	0.001328	-0.482450	0.604332	0.610337	1.182591	0.834140	0.149950	-0.114659	0.149432	0.168822	0.574404	-0.099570	-1.030456	-0.658675	0.213322	-0.800969	0.614476	-0.151094	0.125489	-0.036609	0.422889	0.010946	-0.631530	-0.821293	-0.305393	0.224947	-0.008430	-0.084233	0.136740	0.377145	-1.415347	-0.385895	-0.003420	0.823404	-1.470011	-0.374590	-0.269755	-0.562482	-0.475146	-0.245062	0.401465	0.420504	-0.473519	0.762433	-0.846709	-1.941166	-0.374793	0.482537	0.824556
-0.034025	-2.211574	0.207878	-0.400228	-1.435077	-1.748832	-0.549441	-0.797844	0.954003	0.556915	0.933279	0.550275	-0.238283	-0.077808	-1.106155	0.388284	-0.471417	-0.532387	-2.105785	-0.628844	-0.106232	-1.240287	-0.739039	-0.844374	0.665893	-1.041525	-0.450591	-0.882775	-2.073613	-1.909110	-1.347487	-0.199079	-0.232696	-0.849954	-0.657700	-0.592910	-1.402435	-1.668972	-0.880590	-0.544445	-2.582098	-1.951262	-2.191115	-1.566359	-1.745619	-1.806487	-0.173222	-0.535468	-2.549276	-0.010737	-1.798959	-1.556908	-1.719399	0.128715	-0.406054
-0.157663	-2.442487	-0.193157	-0.368645	-0.886087	-1.300952	-0.873458	-0.605125	0.722280	0.072485	-0.012218	-0.252455	-0.640491	0.207103	-1.548291	-0.372708	-1.649498	-0.902309	-2.269849	-0.811312	-0.548480	-0.970272	-1.347502	-0.700878	0.510014	-1.808844	-0.416908	-0.840177	-2.133146	-1.776840	-1.362715	-0.102057	-0.631418	-1.004302	-0.872829	-0.811580	-0.551659	-1.144981	-0.672044	-1.221429	-2.130523	-2.558167	-2.484468	-1.014155	-1.783041	-2.110485	-0.306604	-0.758817	-2.288598	-0.285224	-1.547450	-0.050009	-1.569976	-0.097064	-1.057001
-0.233090	-0.893302	-0.852606	-0.384374	-0.213339	-0.478544	-0.434482	-0.174377	-0.030721	-0.566431	-0.856362	-0.862512	-0.841383	0.486232	-0.522231	-1.558933	-1.503420	-0.835671	-1.605225	-1.053183	-0.819609	-0.589761	-0.863960	0.157572	-0.249470	-1.395193	0.516916	0.235201	-0.562458	-0.729281	-0.650048	0.231776	-0.788699	-0.298872	-0.222681	-0.163604	0.546589	0.710797	0.368959	-0.777114	-0.457712	-1.289979	-0.803446	0.610440	-0.143323	-0.705258	-0.047678	-0.142635	0.124656	0.027718	-0.187083	1.315411	-0.056248	0.078658	-0.604663
-0.260106	1.156506	-1.009965	-0.284806	-0.005485	0.138293	0.437893	0.229445	-0.686530	-0.794994	-0.887640	-0.709909	-0.611057	0.348140	0.971608	-1.913420	-0.041203	-0.174862	-0.306347	-0.810750	-0.675430	-0.405466	-0.093783	1.081130	-0.838283	0.135001	1.059147	1.221706	1.386031	0.366779	0.072229	0.446792	-0.478440	0.598020	0.659375	0.695333	1.011018	1.993828	1.118538	0.026269	1.232458	0.985260	1.294185	1.759152	1.896771	1.259985	0.389684	0.496111	2.345468	0.608965	1.241894	1.611621	1.290750	0.254873	0.471811
-0.362527	1.863619	-0.354258	-0.125592	-0.326107	0.365068	0.878136	0.422049	-0.733122	-0.381077	-0.254572	-0.048507	-0.089279	-0.167049	1.321994	-1.022207	1.235096	0.680330	1.203513	-0.024519	-0.221047	-0.270412	-0.112818	1.394675	-0.787712	1.526805	0.255438	0.964065	2.073245	0.879348	0.361203	0.382719	-0.052178	0.771711	0.854131	0.907461	0.567598	1.513900	0.686004	0.090698	1.818521	2.213346	1.963772	1.414492	2.343010	2.061768	0.708263	0.347406	2.297807	0.969414	1.704731	1.039287	1.238195	0.007299	1.133939
-0.674716	0.882324	0.408901	-0.214358	-0.549063	0.392185	0.512290	0.332143	-0.256169	0.281272	0.226799	0.242373	0.266896	-0.492843	0.189627	0.251562	1.169966	1.014039	2.135117	0.628969	0.106049	-0.169710	-0.949559	0.845711	-0.412501	1.602162	-1.140064	-0.401084	1.116547	0.693061	0.182325	-0.005228	0.062555	0.090610	0.091549	0.192735	-0.142780	0.063460	-0.603495	-0.682136	1.166682	1.346620	1.003225	0.171268	0.679045	1.141305	0.541549	-0.429232	0.276203	0.746226	1.085117	0.460849	0.118531	-0.407738	0.711734
-1.055265	-0.355511	0.357807	-0.597031	0.007919	0.448836	-0.129366	0.139098	0.308772	0.638690	0.077981	-0.268071	0.200763	-0.280956	-1.070181	0.921708	0.232451	0.495012	1.799969	0.592236	0.037544	-0.330031	-1.512612	-0.238362	-0.160640	0.547887	-1.549110	-1.536655	-0.326246	0.087661	-0.256388	-0.681563	0.000885	-0.643486	-0.943709	-0.895283	-0.337133	-0.704208	-1.438653	-1.303450	0.102082	-0.467073	-0.186687	-0.529308	-1.371356	-0.410470	-0.271626	-0.964298	-1.622083	-0.044923	0.110057	0.385759	-0.716310	-0.354535	-0.510119
-1.104104	-0.511959	-0.387572	-0.805210	1.163201	0.518698	-0.296215	0.164998	0.674722	0.589436	-0.325369	-0.954548	-0.085515	-0.000394	-1.050544	0.898935	-0.309889	-0.428340	0.384472	0.160948	-0.168821	-0.640222	-0.958207	-1.124891	0.031824	-0.362508	-0.673781	-1.369431	-0.960979	-0.428270	-0.566758	-1.322472	0.181444	-0.667654	-1.234502	-1.462132	-0.033931	-0.301925	-0.937038	-0.996516	-0.521602	-1.302200	-0.397556	-0.150563	-1.734838	-1.115858	-1.285758	-0.785581	-1.905944	-0.970700	-0.475593	0.638617	-0.473724	0.263742	-1.535802
-0.606994	0.123147	-0.717305	-0.411251	1.810964	0.390468	0.109722	0.481586	0.822944	0.472124	-0.310313	-0.875580	-0.244737	-0.372365	0.064504	0.668873	-0.008755	-0.948003	-1.015938	0.027160	-0.067349	-0.488084	0.273832	-1.168224	0.427394	-0.287000	0.109805	-0.232348	-0.662720	-0.391753	-0.329491	-1.339393	0.574874	-0.135956	-0.420738	-1.027548	0.076045	0.235043	0.336158	-0.117144	-0.611878	-0.693870	0.140099	0.397300	-0.303568	-0.593641	-1.609347	-0.233710	-1.015175	-1.452000	-0.508078	0.860508	0.337952	0.794625	-1.498004
0.170308	0.337828	0.020556	0.349324	1.075685	-0.016306	0.460046	0.788111	0.818205	0.542896	0.305226	0.083561	-0.152442	-1.241663	0.969442	0.478035	0.408739	-0.746080	-1.424146	0.342650	0.393246	0.485912	1.066090	-0.369921	0.879980	0.253299	-0.340754	0.637274	-0.181479	0.187340	0.482967	-0.478882	0.729128	0.234882	0.843123	0.107556	-0.350148	-0.024996	1.105946	0.457137	-0.658224	0.119493	0.378649	0.106731	1.185773	0.305894	-0.791885	0.209895	-0.244574	-1.195555	-0.289038	0.950220	0.722213	0.677860	-0.375444
0.770609	-0.270306	1.119347	0.845690	-0.550226	-0.443470	0.137182	0.807589	0.708294	0.676335	1.102656	1.130860	0.109590	-1.570609	1.021729	0.231451	0.117406	-0.325245	-0.956088	0.645870	0.856910	1.737239	0.942194	0.553717	0.977574	0.144854	-1.425200	0.578422	0.003055	0.737372	1.310718	0.674556	0.479952	0.187489	1.597847	1.147551	-0.835716	-0.625082	0.973256	0.447770	-0.945955	0.009807	-0.131673	-0.740369	1.349133	0.610736	0.539810	0.472663	-0.036201	-0.428748	-0.109434	0.953900	0.420796	0.178178	1.001001
0.988712	-0.913663	1.434636	0.845316	-1.584088	-0.517733	-0.700820	0.629853	0.555819	0.618922	1.511995	1.506113	0.417514	-0.807459	0.782496	-0.082025	-0.755387	-0.343898	-0.508906	0.609538	1.040935	2.264863	0.404777	0.839656	0.673321	-0.776558	-1.715432	0.127847	0.031890	0.713558	1.502774	1.179538	0.168887	0.119691	1.523322	1.459606	-0.794911	-0.521898	0.687007	0.273077	-1.186981	-0.700288	-0.786536	-1.032678	0.538355	0.233409	1.242285	0.602056	0.143818	0.304779	0.006472	0.846603	0.051373	-0.025936	1.641453
0.866636	-0.835277	0.820769	0.685584	-1.182005	-0.208406	-1.193973	0.476838	0.410526	0.349927	1.233492	1.162099	0.601030	0.261762	0.800933	-0.266770	-1.281059	-0.700160	-0.548120	0.418740	0.945740	1.647314	0.128870	0.439271	0.347313	-1.398865	-0.827742	0.093738	0.091543	0.219926	0.976468	0.784261	0.062652	0.272880	0.977390	1.012392	-0.336785	0.292401	0.814062	0.251424	-0.963324	-0.936316	-0.773629	-0.404209	-0.044256	-0.148110	0.880963	0.448172	0.626277	0.621548	0.150594	0.605085	0.118477	0.180799	1.214206
0.447254	-0.280776	0.102529	0.673552	-0.065256	0.061152	-0.776725	0.279399	0.221494	0.032704	0.404058	0.547653	0.447120	0.517713	0.748300	-0.198950	-0.866245	-0.622876	-0.616524	0.331384	0.617114	0.421985	0.217536	-0.022543	0.192432	-0.803037	0.305533	0.441597	0.090105	-0.217472	0.170738	0.159829	-0.025725	0.298522	0.308543	0.247641	-0.013863	0.748882	0.883525	0.212773	-0.327752	-0.388523	-0.097116	0.317320	0.027758	-0.061737	0.141914	0.001095	1.022285	0.584434	0.286331	0.296285	0.297671	0.221088	0.288659
-0.160827	-0.033699	-0.173027	0.680842	0.424275	-0.106905	0.031559	-0.227704	-0.125399	-0.298335	-0.487815	0.034066	-0.071192	0.004938	0.122227	-0.035485	-0.058277	0.208721	-0.184318	0.221216	0.023700	-0.539750	0.283700	-0.040982	-0.066189	0.364168	0.810584	0.513878	0.003407	-0.428372	-0.569269	-0.021235	-0.321679	-0.101049	-0.411483	-0.366670	0.002610	0.226032	0.252575	-0.047906	0.240972	0.176747	0.409119	0.291821	0.120875	0.148706	-0.064722	-0.306363	0.960550	0.517008	0.302614	-0.066099	-0.045293	-0.252193	-0.256224
-0.582196	-0.353983	-0.275942	0.442252	-0.104829	-0.562984	0.208725	-0.996387	-0.616237	-0.763503	-0.975433	-0.348079	-0.636530	-0.234820	-0.846954	-0.109879	0.038580	1.026805	0.449901	-0.204689	-0.724046	-0.869895	-0.011399	0.227063	-0.649510	0.648852	0.783677	0.122527	0.090813	-0.743697	-1.224259	0.112623	-0.624974	-0.571925	-1.001743	-0.603129	0.058295	-0.672153	-0.783684	-0.349074	0.431925	0.008670	0.096938	-0.312155	-0.362782	-0.143675	0.334386	-0.084593	0.660987	0.561071	0.258038	-0.567542	-0.879227	-0.763251	-0.135232
-0.417835	-0.724322	-0.515723	-0.002962	-0.855239	-0.758959	-0.426512	-1.514362	-0.996437	-1.287771	-1.030764	-0.755962	-0.850003	0.248638	-1.463612	-0.586384	-0.859313	0.800050	0.531270	-0.854656	-1.249678	-0.872083	-0.617859	0.305526	-1.240159	-0.213768	0.667757	-0.173877	0.498428	-1.264465	-1.684452	-0.007514	-0.579705	-0.577179	-1.059031	-0.452402	0.360264	-1.111214	-1.374378	-0.391638	0.415750	-0.677989	-0.658099	-0.759084	-1.135550	-0.868469	0.630743	0.376157	0.420459	0.472818	0.315614	-1.115672	-1.476140	-0.695722	0.072435
0.216558	-0.563044	-0.617480	-0.339305	-0.979073	-0.427942	-0.967948	-1.303984	-0.944434	-1.447192	-0.991169	-1.208553	-0.634244	0.609676	-1.360480	-1.147781	-1.788254	-0.482414	-0.048382	-1.154594	-1.178119	-0.950229	-1.152312	0.074089	-1.332646	-0.914020	0.360486	0.006744	0.883064	-1.451360	-1.522396	-0.499212	-0.254132	-0.168188	-0.478367	-0.076478	0.608938	-1.101619	-1.262180	-0.218856	0.463371	-1.027453	-0.874567	-0.728087	-1.428554	-1.201123	0.325137	0.390258	0.052674	-0.077662	0.369188	-1.273100	-1.333920	-0.235624	-0.346291
0.642470	0.091195	-0.300524	-0.354133	-0.475715	0.078384	-0.670988	-0.468663	-0.415961	-0.899068	-0.997258	-1.429000	-0.237510	-0.073767	-0.697235	-1.182636	-1.658721	-1.679958	-0.503527	-0.646020	-0.516085	-1.023034	-1.204407	-0.131928	-0.915315	-0.426595	-0.460377	0.194162	0.737850	-0.829896	-0.508055	-0.854801	-0.147429	0.174995	0.260552	0.211270	0.425937	-1.067212	-0.897519	-0.136410	0.445067	-0.587155	-0.161223	-0.417183	-0.935010	-0.573844	-0.247254	-0.207696	-0.626257	-0.973271	0.055245	-0.612378	-0.710988	-0.063599	-1.274619
0.303179	0.685605	0.001321	-0.166687	0.061548	0.217410	0.082996	0.377977	0.218050	0.084008	-0.745780	-1.088478	0.107025	-1.368711	0.129608	-0.516499	-0.496351	-1.670391	-0.177244	0.349029	0.279323	-0.642014	-0.696390	-0.051095	-0.462005	0.540721	-1.370799	-0.259715	0.057816	0.176928	0.839092	-0.614717	-0.590670	0.299615	0.629398	0.151678	-0.151916	-0.863352	-0.554694	-0.266868	-0.024623	0.245487	0.822694	0.018299	-0.050933	0.597172	-0.411493	-0.831905	-1.115970	-1.516649	-0.626055	0.728651	-0.092153	-0.204139	-1.732692
-0.571118	0.787197	-0.354994	-0.065459	0.213406	-0.119278	0.427770	0.694046	0.464216	0.744129	-0.019576	-0.241234	0.341817	-1.879890	0.707205	0.196793	0.695597	-0.488675	0.496340	0.890367	0.642357	0.313184	-0.033695	0.098748	-0.238770	0.566898	-1.322396	-1.079566	-0.567516	0.630090	1.569026	0.044520	-1.282435	0.475142	0.640685	-0.186462	-0.768551	-0.011711	-0.024427	-0.436243	-0.945011	0.781705	1.181587	0.587801	0.703324	1.402119	-0.091074	-0.943802	-0.730570	-1.060698	-0.992240	1.955292	0.490622	0.119572	-0.957661
-1.163388	0.478131	-1.153594	-0.175198	0.079689	-0.523275	0.226089	0.450897	0.169679	0.597298	0.760905	0.584816	0.427730	-0.970823	0.784098	0.181090	1.128244	0.777581	0.455211	0.423610	0.365516	1.251788	0.198800	-0.114254	0.039803	-0.475405	0.016220	-1.221243	-0.603733	0.254699	1.211046	0.484522	-1.497616	0.760344	0.594698	-0.481223	-1.072644	1.206322	0.691891	-0.487525	-1.699342	0.794952	0.774977	1.089756	1.168905	1.425236	0.052474	-0.708851	0.290930	0.144202	-0.433058	2.203401	1.242913	1.226280	0.596775
-0.968020	0.194911	-1.413913	-0.347764	0.002653	-0.525797	0.140866	0.055135	-0.357251	-0.052786	0.910340	0.824363	0.267334	0.482608	0.489826	-0.436805	0.984743	1.163426	-0.544483	-0.540877	-0.229499	1.391148	-0.166604	-0.690642	0.655688	-1.193147	1.550032	-0.228793	-0.119419	-0.204273	0.227110	0.297220	-0.803017	0.808180	0.474008	-0.518019	-0.798896	1.700890	1.011796	-0.446822	-1.633159	0.628527	0.226246	1.113667	1.433596	1.023514	-0.468473	-0.578976	0.855484	1.012210	0.601562	1.330299	1.927522	2.179941	1.625024
-0.319890	0.320774	-0.674960	-0.370068	0.105248	-0.019091	0.584040	-0.067608	-0.704794	-0.469480	0.378563	0.390654	-0.096260	1.209097	0.224182	-0.764976	0.947313	0.731921	-1.389117	-1.007895	-0.588626	0.631161	-0.648903	-1.002726	1.229943	-0.492326	1.834881	1.062454	0.442207	0.058413	-0.456892	-0.263861	0.403475	0.484747	0.027247	-0.319444	0.102550	0.914300	0.503353	-0.317233	-0.730725	0.698943	0.127124	0.590723	1.531170	0.756366	-1.180636	-0.503403	0.409447	0.820981	0.944212	0.113250	1.909063	1.834723	1.396399
0.089341	0.889025	0.345527	-0.184225	0.196596	0.715672	1.042931	0.160015	-0.749118	-0.301434	-0.118751	-0.250361	-0.374696	0.957942	0.144092	-0.373763	1.155383	0.228367	-0.898877	-0.634825	-0.408113	-0.313366	-0.675247	-0.488071	1.032044	0.926333	0.648167	1.495238	0.814357	0.893502	-0.359944	-0.629788	1.166373	0.222821	-0.655560	-0.001531	1.117100	-0.331304	-0.403652	-0.001762	0.438756	0.983148	0.423140	0.043164	1.376274	0.724859	-1.175782	-0.045734	-0.285254	0.138917	0.238250	-0.493565	1.001659	0.403704	0.495086
0.062740	1.513871	0.665374	0.129187	0.150278	1.244307	0.687303	0.438322	-0.628746	0.084294	-0.001567	-0.486699	-0.340302	0.492590	-0.026630	0.119217	0.933289	0.062294	0.571638	0.032585	0.159320	-0.716747	-0.333649	0.475286	0.002468	1.316397	-0.892919	0.923176	0.968239	1.389517	0.082742	-0.653129	0.935460	0.416171	-1.114176	0.231304	1.338740	-0.768596	-0.920160	0.383430	1.318400	0.969218	0.534347	0.026916	0.829506	0.466782	-0.400471	0.725791	-0.195503	0.101663	-0.463997	-0.345390	-0.097623	-0.670889	-0.089262
0.023563	1.638961	0.231265	0.463191	0.190157	1.246643	-0.493877	0.444537	-0.438257	0.117090	0.467723	-0.088048	-0.179893	0.457147	-0.445638	-0.033276	-0.236548	-0.020549	1.418143	0.390445	0.712957	-0.563057	-0.262808	0.771686	-0.915321	0.050729	-1.616196	0.178005	0.817872	0.983620	0.028531	-0.760843	0.202096	0.789491	-1.101205	0.039756	0.512829	-0.188549	-0.895126	0.410293	1.707514	0.198905	0.012890	0.425316	-0.184062	-0.482360	0.097493	1.027221	0.544367	0.833432	-0.104660	-0.159260	-0.525455	-0.474572	-0.235778
0.329835	1.056745	-0.187475	0.683002	0.569345	0.738060	-1.470865	0.204325	-0.134470	-0.274318	0.593392	0.557279	-0.296342	0.653904	-0.704091	-0.628120	-1.688113	-0.285395	0.782294	0.424752	0.929790	-0.350849	-0.695218	-0.136456	-0.783341	-1.447104	-1.261658	-0.074572	0.289182	0.109552	-0.748494	-1.262837	-0.042139	0.774638	-0.853443	-0.716445	-0.346747	0.409366	-0.838477	-0.108302	1.651356	-1.027007	-0.871678	0.535715	-1.401549	-1.846238	-0.499338	0.370433	0.881190	1.177840	0.887146	-0.491312	-0.260143	0.285580	-0.537892
0.749244	0.190765	-0.074275	0.625867	1.051888	0.114426	-1.256102	-0.018119	0.219731	-0.646237	0.104730	0.734128	-0.707007	0.440073	-0.365951	-0.820387	-2.043998	-0.465643	-0.325095	0.423530	0.701368	-0.394309	-0.983541	-1.392979	0.138343	-1.308071	-0.266985	0.032036	-0.323745	-0.380342	-1.528335	-1.765635	0.491725	0.292656	-0.699686	-1.557506	-0.025938	0.070034	-1.057576	-0.656069	1.312079	-1.676146	-1.257134	-0.097006	-2.120912	-2.573728	-1.584804	-0.597933	0.412292	0.220054	1.216231	-0.952902	-0.106106	0.235048	-1.094177
0.756430	-0.337499	0.303628	0.267938	1.031802	-0.183588	-0.064416	-0.206133	0.305514	-0.684143	-0.673279	0.069602	-0.899393	-0.421253	0.231251	-0.307188	-0.856837	-0.141825	-0.336078	0.423661	0.112946	-0.525784	-0.415037	-1.611960	0.590423	0.496650	0.792493	0.033404	-0.496373	-0.248911	-1.476271	-1.539269	0.984231	-0.260686	-0.630538	-1.659272	1.260595	-1.066285	-1.249905	-0.536093	0.936724	-1.042098	-0.585431	-1.105291	-1.759537	-1.849370	-1.735036	-0.786259	-0.077960	-1.430114	0.501464	-0.778484	-0.656964	-0.934788	-1.231558
0.212418	-0.434106	0.425635	-0.144163	0.267143	-0.162675	0.880234	-0.691016	-0.135272	-0.586338	-1.323356	-1.007388	-0.467935	-1.415464	0.286225	0.344770	0.693471	0.553986	0.820863	0.250145	-0.574234	-0.416679	0.724704	-0.447411	-0.176774	2.070041	1.322360	-0.233914	-0.131118	-0.058401	-0.609204	-0.385219	0.498452	-0.664171	-0.404146	-0.747277	1.972072	-2.024888	-1.027083	0.165914	0.660648	0.311466	0.636613	-1.686353	-0.615637	-0.124143	-0.400152	-0.071058	0.083489	-2.330631	-0.414887	-0.044351	-1.556454	-2.116506	-0.634073
-0.412682	-0.581487	0.209017	-0.292015	-0.705510	-0.259538	0.728895	-1.539447	-0.808957	-0.626089	-1.650221	-1.550327	0.290634	-1.717361	-0.336123	0.603507	1.126825	0.954847	1.629122	-0.062315	-0.987557	-0.036039	1.349602	1.019364	-1.378880	1.864373	0.840058	-0.602226	0.219429	-0.340203	0.279616	1.064056	-0.772931	-1.047454	-0.005932	0.468784	1.132612	-2.071673	-0.482669	0.571839	0.320520	1.077723	1.239533	-1.460758	0.294366	1.205513	1.413625	0.504936	0.341779	-1.919156	-0.824808	0.177433	-1.950790	-2.157211	-0.052158
-0.512669	-1.078649	-0.016190	-0.155279	-1.069955	-0.698937	-0.062074	-2.057451	-0.923602	-0.559316	-1.534692	-0.964056	0.670248	-0.963485	-0.855163	0.672876	0.394729	0.623218	0.933093	-0.232260	-0.886345	0.258827	0.857180	1.480412	-1.536138	0.436011	-0.425373	-0.836752	0.008443	-0.877523	0.544548	1.920497	-1.581346	-1.424693	0.195553	0.976802	-0.448995	-1.318258	-0.036812	0.118524	-0.270634	0.727711	0.666239	-0.748527	0.356341	1.278283	2.230964	0.082987	-0.236651	-1.012099	-0.906979	-0.850176	-1.465622	-1.174865	-0.356524
-0.001716	-1.501543	-0.054685	-0.063424	-0.618289	-1.101771	-0.369166	-1.376305	0.002295	0.106708	-0.879171	0.359312	0.373719	0.367104	-0.658349	0.973435	-0.212604	-0.090865	-0.612504	-0.158120	-0.422929	0.118941	-0.147021	0.753990	-0.297883	-0.460510	-1.292252	-0.748665	-0.602929	-0.987455	0.314040	1.822886	-1.040828	-1.480453	-0.084969	0.548590	-1.190654	-0.315754	0.111158	-0.661926	-0.855804	0.081423	-0.384896	-0.039795	-0.004018	0.639120	1.616414	-0.880134	-1.364968	-0.611109	-0.955955	-2.357649	-0.483692	-0.255995	-1.275098
0.559203	-1.190228	-0.098203	-0.279750	0.017459	-0.974465	0.215640	0.350643	1.392626	1.206274	0.103098	1.331961	-0.187129	1.355742	-0.128832	1.319966	0.207776	-0.387900	-1.358223	-0.111525	-0.048658	-0.300647	-0.576077	-0.193058	1.046424	-0.077039	-0.654474	-0.280101	-0.941278	-0.366690	0.199265	1.145291	0.309849	-0.993214	-0.549830	-0.054101	-0.576394	0.603170	0.145883	-0.761983	-0.877396	0.178925	-0.784096	0.495979	-0.072958	0.403155	0.435396	-1.183262	-1.642784	-0.701225	-0.718064	-2.749070	0.403163	-0.106856	-1.668048
0.558739	-0.181163	-0.358283	-0.606464	0.126922	-0.393254	0.969783	1.743094	1.959752	1.730294	0.798564	1.196535	-0.393427	1.467579	-0.016411	1.155304	1.115805	0.109890	-0.625524	-0.328526	-0.039801	-0.383079	-0.080017	-0.454469	1.169221	0.675980	1.135965	0.327142	-0.661264	0.546585	0.536430	0.511291	1.141195	-0.230030	-0.619514	-0.034426	0.469269	1.323730	0.270196	0.066151	-0.226115	0.965987	-0.255713	0.858958	0.083871	0.795062	-0.245274	-0.401323	-0.386156	-0.494516	0.019000	-1.481110	0.884025	-0.423670	-0.927004
0.014252	0.665845	-0.643205	-0.592360	-0.221617	0.120510	1.010067	1.547616	0.996224	0.908703	0.716309	0.260367	-0.023316	0.950687	-0.356016	0.470859	1.395047	0.925349	0.577282	-0.583847	-0.171269	0.264595	0.707185	-0.156471	0.388542	0.678466	2.433257	0.595769	-0.159257	1.047542	1.027703	0.196068	0.848008	0.285660	-0.238888	0.488100	0.857656	1.587201	0.404547	1.033772	0.429163	1.441476	0.447102	0.906872	-0.191601	0.944192	-0.241730	0.609763	1.335435	0.389052	0.736591	0.241954	0.913384	-0.542501	0.411580
-0.470515	0.599506	-0.512654	-0.168391	-0.356699	0.302768	0.329101	0.042252	-0.786727	-0.715398	0.088960	-0.479526	0.657780	0.420814	-0.514456	-0.069574	0.797784	1.215568	0.844909	-0.442291	0.008715	1.267965	1.043797	-0.082754	0.138842	0.019985	2.081079	0.267434	-0.070883	0.895500	1.150321	0.041232	0.044002	0.329530	0.038195	0.726276	0.454555	1.160854	0.389327	1.291472	0.322674	0.916438	0.573843	0.513107	-0.970363	0.155419	-0.148809	0.821793	1.900907	1.363875	0.684952	0.875591	0.588263	-0.259819	1.428316
-0.390814	-0.154925	0.179676	0.179456	0.004548	0.371593	-0.345634	-1.240594	-1.882289	-1.682607	-0.278276	-0.394200	1.209884	0.191157	-0.138444	-0.000984	0.073408	0.630737	0.018861	0.118712	0.597481	1.818502	0.904933	-0.539860	0.948845	-0.358240	0.633209	-0.307180	-0.493500	0.528278	0.816127	-0.157208	-0.357737	0.165506	-0.099158	0.304853	-0.159029	0.355537	0.317042	0.877569	-0.486781	-0.216916	0.206584	-0.089880	-1.339963	-1.034488	-0.391382	0.256374	0.981468	1.579817	-0.120243	0.198076	0.184502	0.156559	1.738018
0.191252	-0.647335	1.044464	0.070997	0.382334	0.549125	-0.493481	-1.137993	-1.415293	-1.104697	0.157309	0.267122	1.334995	0.138893	0.451470	0.406076	-0.125971	-0.383352	-0.777779	0.630275	1.173491	1.501367	0.822896	-0.983964	1.752529	-0.062175	-0.460921	-0.394092	-0.851242	0.526990	0.430974	-0.366367	-0.052701	0.190393	-0.243524	-0.287551	-0.565855	-0.129569	0.413950	0.513016	-1.115401	-0.953254	-0.069841	-0.416846	-0.489447	-1.386557	-0.720868	-0.212205	-0.266748	0.967177	-0.834032	-0.755457	0.068910	0.468957	1.554165
0.845615	-0.230957	1.469987	-0.171513	0.371516	0.721201	-0.254141	0.086923	0.143611	0.496253	1.107882	0.871716	1.024297	0.113090	0.800589	0.637791	0.080935	-1.061410	-0.613561	0.730513	1.251865	0.623611	1.122551	-0.825116	1.424066	0.268889	-0.488051	0.378582	-0.523055	0.885329	0.281800	-0.439148	0.712760	0.502729	0.064402	-0.395910	-0.804689	-0.016712	0.672779	0.656350	-0.825966	-0.683127	0.000772	-0.195078	1.170612	-0.406603	-0.694703	-0.016986	-0.651953	0.343748	-0.685817	-1.013665	0.371535	0.719455	1.214836
1.210367	0.821814	1.149923	0.043593	0.404514	0.719199	0.010533	1.283692	1.577351	1.846898	1.787938	1.089753	0.522100	0.185627	0.827128	0.606933	0.280937	-0.988459	0.174835	0.574856	0.789123	-0.220794	1.560280	-0.204544	0.295737	-0.040181	0.093328	1.503389	0.476162	0.965256	0.147342	-0.342442	1.542238	0.869092	0.583804	0.006374	-0.996750	0.281117	0.883440	1.062898	0.149616	0.294759	0.159423	0.402904	2.373763	1.051325	-0.332658	0.592241	-0.141008	0.445478	0.280152	-0.474201	0.807341	1.029834	0.881685
1.159805	1.636667	0.374548	0.639910	1.112086	0.645503	0.199910	1.646731	2.017575	2.142601	1.712915	0.968267	0.113730	0.390828	0.704579	0.604256	0.392968	-0.371715	0.534265	0.496877	0.155060	-0.703702	1.669985	0.285852	-0.369562	-0.684931	0.534693	1.944729	1.437546	0.294784	-0.279943	-0.159756	1.958400	1.004695	0.694283	0.428526	-1.055773	0.317334	0.971433	1.241964	0.867263	1.098653	0.126434	0.929782	2.311404	1.669172	-0.037152	1.114851	0.380376	1.044291	1.305416	0.326852	0.913495	1.285649	0.569407
0.738488	1.495290	-0.187818	0.815501	2.072900	0.660999	0.328445	1.227943	1.445237	1.515222	1.073605	0.613188	-0.103520	0.457992	0.546833	0.786568	0.508128	0.203888	0.023716	0.460843	-0.309165	-0.874435	1.259741	0.384253	-0.035430	-0.814027	0.577182	1.135838	1.545236	-0.767019	-0.810093	0.042674	1.512567	0.771808	0.243914	0.526027	-0.818583	0.131268	0.981674	1.045700	0.674866	1.024040	-0.072747	0.947906	1.239518	0.959196	0.001490	1.357284	0.174319	1.240217	1.573613	0.744305	0.442541	1.109573	0.283036
0.114408	0.401065	-0.126242	0.075042	1.942589	0.630835	0.220837	0.504164	0.413346	0.607745	0.417604	0.098697	-0.212919	0.116981	0.358066	0.950338	0.469036	0.298036	-0.731926	0.122619	-0.552359	-0.915007	0.563237	0.320969	0.558764	-0.291368	0.378775	-0.366352	0.616385	-1.400342	-0.925686	0.258425	0.272375	0.212077	-0.314554	0.397480	-0.296121	-0.062222	0.796670	0.708156	-0.171284	0.114575	-0.286900	0.292920	-0.023425	-0.362459	0.021770	1.311411	-0.650187	0.603883	0.838558	0.433702	-0.449766	0.278845	0.105008
-0.405241	-0.855271	0.278830	-0.992992	0.186516	0.295585	-0.266525	-0.137836	-0.424204	0.014610	0.140059	-0.361862	-0.256639	-0.363684	0.160081	0.791239	0.061355	-0.024334	-0.887134	-0.559619	-0.622948	-0.897372	0.041405	0.348089	0.471419	0.084966	0.125258	-1.313090	-0.617351	-1.234425	-0.470647	0.485643	-0.943514	-0.405975	-0.530096	0.327058	0.262413	-0.266392	0.310284	0.503728	-0.860673	-0.872805	-0.445547	-0.666318	-0.737687	-1.116887	0.284632	0.948201	-1.298278	-0.228732	-0.368070	-0.330853	-1.277587	-0.797900	0.170149
-0.451428	-1.279461	0.421214	-1.278119	-1.841699	-0.255076	-0.834150	-0.452751	-0.596886	0.005909	0.268382	-0.422136	-0.141654	-0.316129	0.050450	0.254923	-0.513588	-0.358695	-0.388960	-1.028562	-0.414324	-0.743611	-0.009263	0.463579	-0.246581	-0.237296	-0.095381	-0.920158	-1.076304	-0.583466	0.147885	0.682686	-1.207705	-0.646469	-0.363752	0.440618	0.528634	-0.456145	-0.131035	0.469467	-0.825817	-1.116665	-0.496241	-1.085081	-0.521417	-0.726145	0.681341	0.401480	-1.031075	-0.298281	-1.116387	-0.766229	-1.478235	-1.270279	0.500469
0.110113	-0.633447	0.160865	-0.437130	-2.242280	-0.585775	-0.944600	-0.292097	-0.034751	0.404447	0.525679	0.055781	0.159661	0.456676	0.105737	-0.409283	-0.771513	-0.462101	0.056523	-0.682327	0.182171	-0.385478	0.200019	0.587377	-0.671074	-0.750245	-0.269436	0.387691	-0.426659	0.131310	0.485831	0.771536	-0.449640	-0.322767	-0.032834	0.604925	0.379342	-0.282633	-0.001807	0.349985	-0.155248	-0.501502	-0.375758	-0.370447	0.380321	0.293846	0.877840	0.017389	0.110989	0.457284	-0.866971	-0.355352	-0.811557	-0.762482	0.829488
0.862528	0.206084	-0.031299	0.647879	-0.855788	-0.456236	-0.487432	0.182603	0.793775	0.671200	0.510898	0.715854	0.421859	1.247391	0.218389	-0.881621	-0.546573	-0.451854	-0.079100	0.308838	0.903082	0.043592	0.080965	0.715710	-0.217925	-0.656551	-0.488306	1.381335	0.442439	0.769880	0.520259	0.693563	0.419469	0.127376	0.265686	0.574193	0.074217	0.502627	0.574335	-0.182410	0.591713	0.248933	-0.173866	0.965664	1.014616	0.835414	0.741804	-0.076829	1.234164	1.050891	-0.013844	0.486303	0.309134	0.065214	0.712150
1.018178	0.165131	0.197985	0.851080	0.535284	-0.115458	0.079481	0.425384	1.163973	0.397044	-0.011755	0.932964	0.351022	1.225467	0.114466	-1.017924	-0.153024	-0.482771	-0.522342	1.023160	1.167410	0.232505	-0.662443	0.834298	0.556132	-0.017922	-0.864525	1.194586	0.373884	1.228890	0.461031	0.481667	0.477573	0.024669	0.433493	0.254383	0.042453	1.445917	0.814272	-1.100765	0.875899	0.333909	-0.124255	1.547381	0.521795	0.321924	0.483915	-0.199495	1.382858	0.632606	0.466530	0.833776	0.997878	0.218689	-0.015961
0.197852	-0.731215	0.542040	0.084867	0.436721	0.051881	0.354503	-0.016637	0.732105	-0.224906	-0.852149	0.409999	-0.036309	0.481213	-0.337473	-0.925858	0.064249	-0.441374	-0.567211	0.778120	0.667652	-0.029133	-1.580499	0.869786	0.564012	0.448551	-1.294595	0.114379	-0.590625	1.251000	0.308152	0.225503	-0.221066	-0.696999	0.458116	-0.170158	0.390473	1.658253	0.293149	-1.878157	0.652498	-0.238877	-0.260711	0.605232	-0.724612	-0.658303	0.374573	-0.625198	0.508657	-0.484231	0.035467	0.375501	0.658152	-0.424802	-0.926462
-1.034734	-1.332797	0.442908	-0.687023	-0.672648	-0.041435	0.468128	-0.925857	-0.168148	-0.659731	-1.512362	-0.537400	-0.399566	-0.131479	-0.894883	-0.876397	0.076712	-0.121383	0.140806	-0.108713	-0.252987	-0.619633	-1.942429	0.796930	-0.551652	0.500589	-1.455428	-0.807576	-1.143868	0.725214	-0.164587	-0.056566	-0.797846	-1.350935	0.389764	-0.435035	0.736305	0.763707	-0.539516	-2.011296	0.463396	-0.698742	-0.248198	-1.002209	-1.318062	-1.000319	0.424802	-1.091610	-0.476344	-1.298206	-0.796993	-0.186021	-0.384789	-0.997046	-1.372172
-1.711169	-0.764217	-0.192879	-0.706333	-1.299685	-0.251581	0.763481	-1.524298	-0.939483	-0.767697	-1.686273	-1.355090	-0.538759	-0.166359	-1.193011	-1.092762	0.043582	0.429249	1.264700	-0.776015	-0.994403	-1.148552	-1.604256	0.679083	-2.033514	0.631220	-1.184631	-0.902935	-0.351828	-0.062992	-0.952143	-0.384550	-0.634765	-1.351648	0.277943	-0.474506	0.682160	-0.663130	-1.087486	-1.646587	0.867391	-0.456215	0.208472	-1.675325	-0.523906	-0.350123	0.429211	-1.117992	-0.691926	-1.397182	-0.990831	0.022731	-1.151960	-0.782421	-1.221659
-1.517080	0.479941	-0.928893	-0.289078	-0.895249	-0.488715	1.221143	-1.254488	-1.289798	-0.931428	-1.557549	-1.756503	-0.684761	-0.138447	-1.147440	-1.498037	0.068347	0.917500	2.047626	-0.845628	-1.329120	-1.194366	-1.112412	0.562410	-2.800882	1.133013	-0.737229	-0.514815	1.064455	-0.672357	-1.509146	-0.602031	-0.052539	-0.874649	0.148121	-0.379832	0.332689	-1.637290	-1.298701	-1.367148	1.664728	0.227605	0.873546	-0.904049	0.692124	0.519858	0.280583	-0.682699	-0.163514	-1.268462	-0.098874	1.006118	-0.968940	-0.099752	-0.971823
-1.000735	1.131802	-1.278110	-0.177131	-0.122350	-0.680239	1.431043	-0.348580	-1.284581	-1.327752	-1.460886	-1.718417	-1.082813	-0.707829	-0.839373	-1.659130	0.147745	1.084134	1.885947	-0.628107	-1.394750	-0.533712	-0.900221	0.420334	-2.368534	1.487754	-0.474313	-0.433706	1.561928	-0.853008	-1.139082	-0.409632	0.197337	-0.450836	0.070653	-0.147938	0.101273	-1.560129	-1.268044	-1.318864	1.948034	0.646598	1.173748	0.255643	0.849430	0.679967	0.110505	-0.243848	0.412780	-1.339796	1.209119	1.872779	-0.079913	0.191964	-0.995017
-0.705529	0.672543	-1.005548	-0.347075	0.429806	-0.565437	1.085160	0.476671	-1.010634	-1.447195	-1.330551	-1.187011	-1.399932	-1.642374	-0.122471	-1.132957	0.213578	0.826679	0.842231	-0.377676	-1.175784	0.635390	-0.714625	0.242339	-1.087636	1.040656	-0.367048	-0.888443	0.684949	-0.591932	0.195973	0.214603	-0.117023	-0.205854	0.173724	0.313617	0.052213	-0.556755	-0.690051	-0.927843	1.147240	0.528326	0.911911	0.577664	-0.164729	0.144108	0.091373	-0.087094	0.557120	-1.253912	1.816489	1.800239	0.714920	-0.160388	-0.964585
-0.501815	-0.128636	-0.117502	-0.010249	0.887888	0.136736	0.359493	0.811931	-0.438515	-0.689821	-0.738534	-0.156941	-0.949461	-1.986861	1.129848	0.010260	0.172532	0.163027	-0.318984	0.142367	-0.414242	1.607976	-0.095040	0.089006	0.185335	-0.021413	-0.060647	-1.300727	-0.427858	-0.048925	1.591157	0.794918	-0.525566	0.156956	0.500926	0.892144	-0.222325	0.659720	0.638906	0.250218	-0.203666	0.235360	0.514412	0.023586	-1.053889	-0.238693	0.214599	0.022302	0.370964	-0.427211	1.324118	0.905582	0.914876	-0.470625	-0.381470
-0.007716	-0.263663	1.071594	1.155136	1.417232	1.257115	-0.243474	0.870673	0.368706	0.699385	0.434979	0.959094	0.350961	-1.255819	2.309258	1.083021	-0.014333	-0.696672	-0.770247	1.083858	0.791498	1.562110	0.762974	-0.041779	0.684160	-0.810495	0.517567	-1.024320	-0.522676	0.407275	1.907415	0.748332	-0.534902	0.756562	0.882203	1.149378	-0.924558	1.232975	1.983286	1.639292	-1.056318	0.117991	0.402685	-0.558163	-0.903772	0.058654	0.293610	0.368787	0.092178	0.916724	0.342268	0.072749	0.703583	0.064963	0.463008
0.649765	0.302104	1.838747	2.275062	1.678351	2.087800	-0.425409	1.006450	1.096057	1.665104	1.594734	1.430278	1.576411	-0.132884	2.267436	1.361799	-0.266322	-1.281853	-0.410215	1.860068	1.639703	0.342295	1.039331	-0.343821	0.345255	-0.828010	0.883097	-0.149377	0.287765	0.327878	0.795964	-0.080634	-0.193933	1.289163	1.039146	0.649349	-1.543638	0.823956	2.082827	2.046028	-1.063721	0.001926	0.340586	-0.645344	-0.306458	0.487128	0.086549	0.724338	-0.336311	1.665799	-0.464267	-0.063080	0.549760	1.401740	0.564831
0.900951	0.791212	1.434792	2.152427	1.296050	1.946094	-0.382660	1.150193	1.351159	1.407963	1.937844	0.911944	1.671249	0.256152	0.648505	0.795922	-0.430727	-1.128605	0.079534	1.577094	1.317232	-1.148096	0.314846	-0.982042	-0.096565	-0.497591	0.541442	0.563173	0.849959	-0.337069	-0.962531	-1.309941	0.075227	1.444035	0.881442	-0.531526	-1.347491	-0.000778	0.645188	1.041321	-0.815298	-0.435515	-0.253528	-0.438278	-0.343558	0.091086	-0.537966	0.614438	-1.035988	0.897922	-1.196663	0.257036	0.629616	2.596232	-0.528223
0.498245	0.775601	-0.118467	0.681708	0.431158	0.815509	-0.460095	0.937193	0.979152	0.199221	1.312054	-0.118777	0.617698	-0.341568	-1.406468	0.017877	-0.408870	-0.259444	0.051904	0.175813	0.043057	-1.613575	-0.778458	-1.685474	0.132281	-0.424932	-0.338741	0.535340	0.483497	-0.928511	-2.059816	-2.279939	-0.017125	1.300559	0.660493	-1.678105	-0.290348	-0.286020	-1.093853	-0.440389	-0.839482	-0.970426	-1.357824	-0.213170	-0.969720	-1.141976	-1.385046	0.053474	-1.715512	-1.028107	-2.094282	0.464164	0.753370	2.699697	-1.888048
-0.129523	0.666880	-1.766572	-0.969943	-0.428248	-0.597469	-0.624076	0.302235	0.179881	-0.989939	0.345482	-0.829198	-0.535165	-1.046770	-2.339084	-0.373650	-0.269058	0.662309	-0.331953	-1.201935	-0.950631	-0.643952	-1.281769	-1.856848	0.944720	-0.485098	-1.043790	0.018737	-0.289048	-0.624857	-1.704399	-2.462099	-0.415743	1.146995	0.692343	-2.028761	0.858074	0.229879	-1.741755	-1.193242	-0.821108	-0.940293	-2.090639	0.124697	-1.097206	-2.024031	-1.953092	-0.461772	-1.762406	-2.565236	-2.454729	0.540889	0.717911	1.684880	-2.073130
-0.382653	0.922267	-2.269214	-1.578603	-0.990047	-1.425113	-0.570255	-0.324542	-0.635301	-1.482371	-0.273916	-0.843556	-0.773505	-0.994320	-1.692730	-0.365483	-0.267990	0.777288	-0.325301	-1.251500	-0.678515	0.758572	-1.091064	-1.318911	1.493137	-0.082342	-1.067156	-0.256438	-0.545292	0.490178	-0.317498	-1.884979	-0.868345	1.053717	0.880910	-1.599500	1.294970	0.788089	-1.343334	-1.162384	-0.179445	-0.162745	-1.670633	0.657247	-0.207198	-1.532275	-1.900739	-0.785204	-0.932830	-2.305745	-1.186947	0.880220	0.503010	0.449699	-0.742789
-0.147591	1.188913	-1.352351	-0.973212	-1.272702	-1.349792	-0.366690	-0.514967	-1.087208	-1.330874	-0.403814	-0.443081	-0.045355	-0.356358	-0.246252	-0.272658	-0.671576	-0.237376	0.376949	0.124718	0.558210	1.189464	-0.935005	-0.673465	1.203603	0.782611	-0.563909	-0.023027	-0.143827	1.212760	0.833423	-1.133646	-1.147828	0.844272	0.708248	-1.163618	0.890918	0.591824	-1.013215	-1.263740	0.768962	0.591245	-0.454048	1.030872	0.820012	-0.142456	-1.418070	-1.381812	0.221960	-0.339486	1.335945	1.383741	0.132999	-0.148097	0.994254
0.187824	0.657485	0.108419	0.089098	-1.428771	-0.878835	-0.573881	-0.366935	-1.042260	-0.934319	-0.282088	-0.064951	0.865934	0.109529	0.987532	-0.185074	-1.412104	-1.758863	1.043647	1.637230	1.586694	0.420740	-1.188363	-0.549640	0.429462	1.218099	-0.069406	0.227334	0.156554	0.518153	0.946770	-0.642887	-1.176569	0.437685	-0.109281	-1.178568	0.125845	-0.159693	-1.170609	-1.850475	0.820427	0.370801	0.354193	0.794267	0.804766	0.677731	-0.872343	-2.381301	0.846267	1.758141	2.976939	1.339268	-0.402743	-0.176478	1.900157
0.286333	-0.801692	1.005502	0.810367	-1.619535	-0.837667	-1.440510	-0.340277	-0.694009	-0.562084	-0.061905	0.166287	1.128211	0.195358	1.455624	0.001092	-1.959342	-2.580746	0.610656	1.856025	1.639285	-0.329162	-1.273550	-0.712274	-0.038787	0.461132	0.082165	0.058670	-0.291520	-1.018991	0.557861	-0.105340	-1.000229	-0.036220	-1.092348	-1.054587	-0.436609	-0.628068	-1.004247	-2.037805	-0.626508	-0.790736	0.070352	0.063656	-0.224405	0.251440	-0.233645	-2.871357	0.703799	2.437257	2.155041	0.399868	-0.972901	-0.379581	1.881033
0.251680	-2.220891	0.918585	0.883357	-1.863114	-1.452912	-2.279211	-0.596387	-0.399095	-0.298264	0.239733	0.370254	0.459184	0.351359	1.091405	0.124100	-1.743328	-1.909439	-0.999048	0.562333	0.928485	0.080486	-0.520452	-0.420770	0.112767	-1.086309	0.017059	-0.138216	-1.136645	-1.692754	0.713923	0.961504	-0.649657	-0.494608	-1.435031	0.004289	-0.512472	-0.540559	0.061274	-0.909605	-2.477778	-1.795330	-0.703419	-0.454985	-1.074300	-0.558508	0.704510	-1.824677	0.395359	1.668101	-0.118466	-0.821686	-1.239403	-1.096012	1.706930
0.360557	-2.447849	0.161891	0.364432	-1.887059	-2.022605	-2.109749	-0.731432	-0.354767	-0.161521	0.483251	0.544420	-0.786616	0.763347	0.251126	-0.196013	-0.801839	-0.148867	-2.539527	-1.210933	0.034238	1.186661	0.788919	0.400678	0.440945	-2.187048	0.077196	0.293893	-1.368775	-0.786199	1.341062	2.129454	-0.133362	-0.985623	-1.001569	1.601026	-0.143900	-0.451104	1.221423	1.077747	-2.947280	-1.667714	-0.850341	-0.199762	-0.780012	-0.560194	1.586299	0.403798	0.537972	0.782249	-1.407916	-1.456370	-0.986005	-1.758369	1.787523
0.491761	-1.385015	-0.733947	-0.546803	-1.354712	-1.671870	-0.874802	-0.339998	-0.458750	-0.092630	0.408040	0.440625	-1.886487	0.947563	-0.433048	-0.924591	0.146171	1.417700	-2.664645	-2.349417	-0.843915	1.389910	1.657280	0.953593	0.253102	-2.082445	0.382484	1.051642	-0.537873	0.356574	1.125028	2.249156	0.330440	-1.395680	-0.576670	2.305244	0.361889	-0.749735	1.312775	2.459882	-1.635931	-0.631862	-0.028744	0.609360	0.429553	0.282210	1.602585	2.177130	0.933102	0.839656	-0.777626	-1.303789	-0.459311	-1.645622	1.698127
0.116796	-0.129536	-1.351184	-1.462332	-0.363470	-0.384587	0.424402	0.297487	-0.510799	0.038484	-0.051642	-0.127746	-2.212281	0.455891	-0.593145	-1.430655	0.436815	1.873882	-1.353356	-2.592582	-1.770825	-0.026324	1.488896	0.689412	-0.668053	-1.174568	0.680319	0.952244	0.618959	0.002630	-0.624110	1.002895	0.294723	-1.394766	-0.902690	1.396059	0.563599	-1.040587	0.449852	2.365346	0.001143	0.193959	1.053557	1.154758	1.508308	0.972690	0.606494	2.309698	0.832942	1.431944	0.361489	-0.738835	-0.171376	-0.846847	0.924715
-0.940210	0.225450	-1.443155	-1.841697	0.520575	0.914684	0.905388	0.426775	-0.461457	0.239940	-0.631711	-0.923696	-1.686522	-0.427208	-0.525103	-1.205204	0.198102	1.515602	0.186013	-2.292094	-2.494815	-1.845228	0.621412	0.078564	-1.746316	-0.341392	0.655230	-0.411826	0.999290	-1.563480	-2.643493	-0.411470	-0.352225	-0.924795	-1.675497	-0.196878	0.233926	-0.835345	-0.237259	1.245140	0.505700	0.125542	1.518754	0.856493	1.635525	0.831813	-0.426671	1.213639	-0.003766	1.320853	0.346898	-0.070911	-0.303640	-0.107819	-0.320538
-1.956807	-0.184535	-1.063662	-1.414390	0.888339	1.325515	0.732115	-0.205011	-0.397593	0.282535	-1.003787	-1.386535	-0.822664	-0.980683	-0.718013	-0.494425	0.158934	1.306911	0.971853	-1.667751	-2.471815	-2.248827	-0.182228	-0.124575	-2.053035	0.111119	0.327721	-1.751272	0.483679	-2.255787	-3.040803	-0.727361	-0.933825	-0.453277	-1.864468	-1.086697	-0.293590	-0.370276	-0.279802	0.065947	0.148881	-0.311767	1.214732	0.012636	0.899659	0.245096	-0.548974	0.140009	-0.846138	0.089959	-0.659866	0.560791	-0.461436	0.167506	-1.243684
-1.936349	-0.251369	-0.597037	-0.537082	0.922469	0.861375	0.643827	-0.911505	-0.381049	-0.049005	-1.057800	-1.168475	-0.180421	-0.868081	-1.061611	0.070623	0.701645	1.611755	1.163302	-0.706983	-1.575658	-0.928703	-0.456939	0.056700	-1.230279	0.544438	0.031744	-1.531832	0.099159	-0.976334	-1.670968	-0.226547	-0.615583	-0.364642	-1.009766	-1.019206	-0.382459	-0.200172	-0.309401	-0.660913	0.240391	-0.112247	0.715042	-0.481459	0.152094	0.029145	-0.064188	-0.250500	-0.787098	-1.241917	-1.118043	0.894784	-0.144768	0.308860	-1.273512
-0.791358	0.570969	-0.318641	0.126069	1.011994	0.330248	0.873378	-0.849044	-0.395187	-0.581746	-0.836800	-0.477775	0.209940	-0.412666	-0.939211	0.284372	1.305303	1.764139	1.350651	0.355087	-0.440154	0.627100	-0.241557	0.055971	0.078736	1.192827	-0.006350	-0.015922	0.678348	0.780458	-0.281273	-0.120694	0.453435	-0.302645	0.212760	-0.694350	0.049471	-0.234133	-0.685712	-0.890560	1.090227	0.841187	0.572528	-0.145161	0.141576	0.371912	0.033095	-0.205770	0.130792	-1.398872	-0.160102	0.653963	0.618622	0.693616	-0.580609
0.475804	1.415817	0.032766	0.312506	1.155662	0.445049	0.939826	-0.028994	-0.375396	-0.786307	-0.339621	0.195185	0.720814	-0.078022	-0.115261	0.480349	1.121571	0.978284	1.424479	0.972597	0.179653	0.927749	0.150216	-0.161620	0.902973	1.666644	0.075169	0.995954	1.681200	0.831678	-0.187262	-0.606016	1.155968	0.376699	0.889405	-0.406827	0.180986	0.183514	-0.660402	-0.612980	1.546693	1.505283	0.695777	0.469059	0.675514	0.641598	-0.363262	-0.100115	0.864220	-0.340894	1.328364	-0.049306	1.245256	1.122221	0.118679
0.903290	1.073919	0.845939	0.343726	1.025345	1.117138	0.447163	0.728556	-0.209245	-0.290056	0.390247	0.589683	1.429632	0.070838	0.889329	0.909272	0.044393	-0.566775	0.728469	0.891413	0.237752	0.049178	0.406348	0.058089	0.938359	1.393686	0.002217	0.449971	1.770980	-0.805420	-0.697526	-0.542178	0.737452	1.483395	0.923526	0.278027	-0.723708	1.140251	0.451174	0.121300	0.687995	0.932222	0.537855	0.386547	0.797680	0.239607	-0.254010	0.116969	0.516739	0.752451	1.673791	-0.734020	1.162728	1.148615	0.194936
0.564235	-0.390628	1.815900	0.578613	0.490908	1.578590	-0.349967	0.730368	0.210577	0.681702	1.014861	0.785757	1.809295	0.224938	1.393333	1.330247	-1.073267	-1.821189	-0.771195	0.514319	0.322908	-0.795969	0.366730	0.971855	0.628744	0.324706	-0.291838	-0.754682	0.474968	-1.952968	-0.364768	0.716633	-0.352876	1.835107	0.806316	1.409973	-2.015589	1.656946	1.856653	0.901058	-0.814097	-0.514123	-0.165214	-0.606587	-0.051384	-0.581179	0.903883	0.583934	-0.665926	0.876543	0.220302	-1.043325	0.285736	0.686004	-0.375737
0.257047	-1.683140	2.064801	0.948864	-0.208084	1.173177	-0.965056	0.047902	0.821837	1.460417	1.046411	0.908085	1.314234	0.373415	1.181322	1.311473	-1.403881	-2.006485	-2.085002	0.421315	0.822349	-0.805158	0.057670	1.725227	0.407988	-1.014818	-0.670610	-1.088278	-1.217898	-1.080944	0.855014	2.053155	-1.138616	0.556746	0.651182	2.009280	-1.971000	0.767609	1.949515	1.125804	-1.508133	-1.557966	-1.070864	-1.671837	-1.286374	-1.008725	2.104519	0.989598	-1.613105	0.185492	-1.923803	-1.052535	-0.995960	-0.068212	-1.050238
0.485853	-1.854715	1.285514	1.151961	-0.767531	0.056284	-1.308919	-0.690633	1.320909	1.541440	0.423239	0.948494	0.146570	0.388197	0.488542	0.760266	-1.060724	-1.373325	-2.218469	0.681866	1.447345	-0.238707	-0.346577	1.217809	0.260448	-2.025570	-0.994805	-0.226591	-2.049141	0.936208	1.553470	1.836947	-1.138427	-1.660272	0.094071	1.134500	0.197711	-1.082184	0.366292	0.621873	-0.887464	-1.466278	-1.690347	-1.865747	-1.838737	-0.716913	1.846925	0.739795	-1.596562	-0.478099	-2.922867	-1.048356	-2.077107	-1.035789	-1.303188
1.016043	-1.188098	0.285470	1.054104	-1.026701	-0.897175	-1.498141	-0.889003	1.371406	1.015458	-0.253207	0.904184	-0.825323	0.524940	-0.260805	0.056206	-0.684735	-0.675653	-1.239657	0.863648	1.634633	0.260294	-0.607631	-0.433762	0.055847	-2.324674	-1.107848	0.895360	-1.805374	2.172851	0.840817	0.058421	-0.448431	-2.999283	-0.838474	-0.693106	3.006335	-2.220398	-1.374385	-0.110615	0.249397	-0.638383	-1.853804	-1.116981	-1.353370	-0.210175	0.039244	-0.278804	-0.827759	-0.626926	-1.946651	-1.136863	-2.379395	-2.129663	-1.143649
1.293912	-0.386313	0.000925	0.692623	-0.875379	-0.940994	-1.230511	-0.376907	0.929574	0.428535	-0.326368	0.863301	-0.951054	1.282242	-0.619624	-0.275230	-0.332659	-0.179184	-0.052439	0.625286	1.175849	0.439071	-0.536468	-1.737535	-0.056798	-1.675170	-0.724416	1.415668	-1.110431	1.958185	-0.422095	-1.520476	0.697718	-2.341909	-1.381634	-1.755282	4.002315	-1.513171	-1.620606	-0.404803	0.944575	0.257929	-1.513153	-0.132261	-0.394565	0.038518	-1.713130	-1.310840	0.066713	-0.408082	0.170397	-1.167830	-1.640950	-2.852216	-0.917490
1.030130	0.410443	0.275905	0.071020	-0.274812	-0.242609	0.017761	0.540995	0.340532	0.273432	0.140905	0.813597	-0.425705	2.480917	-0.399131	-0.010218	0.585301	0.393378	0.638196	0.073485	0.348972	0.437645	-0.097554	-1.300892	0.173941	-0.113642	0.328208	1.342750	-0.356424	1.216683	-0.628264	-1.357314	1.961306	-0.418193	-0.870773	-0.930013	2.420345	0.348352	-0.469215	-0.084731	1.000258	1.142844	-0.462361	0.441321	0.393158	0.352926	-1.793870	-1.330786	0.812270	-0.115134	1.889038	-0.976224	-0.210708	-2.555185	-0.641764
0.368244	1.285648	0.111828	-0.745995	0.464111	0.220955	1.943380	1.298378	0.078955	0.603483	0.470541	0.532643	0.025588	2.971784	0.075713	0.555746	2.077998	1.010090	0.777442	-0.444929	-0.377173	0.422866	0.541004	0.675067	0.647468	1.655333	1.646682	1.106494	0.480516	0.921393	0.745891	0.261273	2.710856	1.044173	0.356320	1.103011	-0.028265	1.579202	0.581079	0.443912	0.707567	2.122139	1.215133	0.537368	0.883803	1.270681	-0.232693	-0.112091	1.483051	0.101327	2.353531	-0.547645	1.027879	-1.265956	0.099851
-0.325087	1.724939	-0.937368	-1.391387	0.670780	-0.379691	3.101682	1.413219	0.336628	1.041355	0.242333	-0.110736	-0.086493	1.825548	0.265629	0.814979	2.919595	1.025169	0.522432	-0.712876	-0.644758	0.447726	1.022397	2.468741	0.850637	2.416922	2.305271	0.833377	1.082858	0.936715	2.581672	1.731040	2.333534	1.091503	1.168373	2.538770	-1.200326	1.132586	0.526018	0.612675	0.217296	2.642106	2.549914	0.453225	1.152964	2.381609	1.405548	1.343705	1.918977	0.049504	1.806702	0.059634	1.275355	0.086417	1.352079
-0.745495	0.975154	-2.096687	-1.380435	-0.090360	-1.843091	2.263233	0.782807	0.805371	1.090870	-0.240796	-0.815774	-0.690968	-0.379101	0.040619	0.365218	1.891904	0.102683	-0.133382	-0.774409	-0.397810	0.495571	0.925783	2.404993	0.360526	1.532639	1.661109	0.347775	0.707312	0.502878	3.220820	1.857576	0.904329	0.166428	0.682625	2.136958	-0.760204	-0.480187	-0.240641	0.111356	-0.432652	1.797877	2.259563	0.368668	0.999608	2.418754	1.594571	1.587422	1.605969	-0.486688	0.940205	0.764334	0.496226	0.536519	2.219576
-0.814515	-0.747069	-2.287463	-0.677482	-1.403925	-3.038468	-0.021285	-0.236491	0.901533	0.511755	-0.469827	-1.063149	-1.411649	-2.015718	-0.257998	-0.612589	-0.489415	-0.924638	-1.056284	-0.816007	0.029793	0.483464	0.063795	0.424807	-0.607139	-0.170542	0.078433	-0.313069	-0.712289	-0.584711	1.982289	0.851246	-0.664997	-0.808317	-0.981232	0.227096	0.057049	-2.025326	-0.871653	-0.933535	-0.942136	-0.354734	0.296375	0.226283	0.208734	0.812299	0.256768	0.106675	0.378076	-1.306374	0.134520	1.336754	-0.542203	0.049677	1.680312
-0.679135	-2.112204	-1.419615	0.099044	-2.206084	-2.928095	-1.797143	-1.022306	0.314028	-0.464431	-0.421943	-0.723539	-1.860527	-2.142667	-0.385759	-1.492274	-2.198061	-0.741423	-1.603688	-0.946390	0.106707	0.296396	-1.197070	-1.839258	-1.263503	-1.070053	-1.318080	-0.787446	-1.945099	-1.639781	-0.299518	-0.180044	-1.343663	-1.383097	-2.842519	-1.736826	0.347334	-2.721905	-1.200124	-1.996295	-0.903121	-2.359853	-1.616883	0.039127	-0.811582	-1.275073	-1.268451	-2.019578	-1.001939	-1.709317	-0.654242	1.421988	-0.955831	-0.554604	-0.014242
-0.582650	-2.068103	-0.435359	0.235669	-1.728323	-1.503717	-1.758799	-1.107932	-0.647970	-1.265036	-0.474322	-0.263117	-1.715385	-1.299263	-0.473798	-1.710688	-1.848785	0.851381	-1.037929	-1.044330	-0.400747	-0.045119	-1.988071	-2.611729	-0.991473	-0.445449	-1.607959	-0.886351	-1.652511	-1.868220	-2.072619	-0.449657	-0.859261	-1.497019	-3.787413	-2.480633	0.322745	-2.488473	-1.536950	-2.402861	-0.350603	-2.704976	-1.595616	0.076106	-1.168367	-2.024481	-1.602842	-2.979790	-1.375829	-1.225367	-1.435833	0.889959	-0.463589	-0.538422	-1.316519
-0.667931	-0.932327	-0.121254	-0.313384	-0.194315	0.270291	-0.457310	-0.602156	-1.333599	-1.448059	-0.777329	-0.222512	-0.847812	-0.570137	-0.622660	-1.156512	-0.127523	2.485910	0.569721	-0.847649	-1.099697	-0.276319	-1.553487	-1.621984	-0.035568	0.846880	-0.736833	-0.855586	-0.037277	-1.209041	-2.358290	-0.146006	0.172963	-1.003107	-3.230523	-1.855436	0.306218	-1.514983	-1.765052	-1.757150	0.232871	-1.399374	0.314481	0.495780	-0.518313	-1.016410	-0.668666	-1.901473	-0.405366	-0.279883	-1.815690	0.056276	0.523239	0.108137	-1.063225
-0.824525	0.242491	-0.226990	-0.836841	1.443867	1.393326	0.672620	-0.173588	-1.388709	-1.116403	-1.032692	-0.600103	0.446460	-0.430975	-0.573193	-0.175009	1.209075	2.610961	2.143407	-0.236450	-1.283249	-0.094428	0.004051	-0.115628	0.676056	1.528418	0.585993	-0.885494	1.366714	-0.258696	-1.367444	0.023159	0.897903	0.184997	-1.361551	-0.672100	-0.055710	-0.081796	-1.282870	-0.301248	0.581289	0.206091	2.151700	0.884778	0.383819	0.327963	0.409351	0.302916	0.983261	0.250064	-1.260522	-0.603426	1.349714	0.898461	0.203908
-0.752654	0.993693	0.055926	-0.601474	2.371696	1.675858	0.939713	-0.425854	-1.030038	-0.785550	-0.926905	-0.896822	1.527939	-0.717154	-0.115505	0.680099	1.320244	1.096396	2.592187	0.615714	-0.646905	0.445981	1.629901	0.687441	0.472617	1.303081	1.394943	-0.667676	1.593300	0.480002	-0.079605	-0.267310	0.866847	1.574619	0.986207	0.209692	-1.071884	1.281396	0.070523	1.134015	0.950563	1.054506	2.250786	0.561161	0.582489	0.543072	0.665280	1.826061	1.554670	0.135918	0.226846	-0.832736	1.552267	1.423356	0.999703
-0.274829	1.621366	0.969761	0.371030	2.459459	1.677517	0.713840	-1.224094	-0.681154	-0.792416	-0.550385	-0.735703	1.928631	-1.149746	0.352174	0.937760	0.824605	-0.742512	1.896651	1.399312	0.375195	0.850725	2.147696	0.754334	-0.374214	0.803508	1.059307	0.133702	1.233873	1.025023	0.610440	-0.723289	0.167099	2.223052	2.754306	0.508495	-2.101531	1.937122	1.483764	1.701223	1.524049	1.325829	0.966577	-0.499229	0.143868	-0.159487	0.238357	1.702443	1.042004	0.057758	1.844100	-0.576246	1.036473	1.549554	0.689191
0.419071	2.248805	1.869003	1.338152	2.063631	1.885033	0.589201	-1.779910	-0.481131	-0.953478	-0.264674	-0.276131	1.733157	-1.418959	0.145337	0.463098	0.640504	-1.572390	0.941426	1.880988	1.042936	0.684449	1.303898	0.694979	-0.974064	0.508889	-0.152630	1.150047	1.225480	1.606184	0.447087	-1.037788	-0.732074	1.653040	3.288074	0.367298	-2.086340	1.706353	1.886702	1.239065	1.848549	1.663520	-0.125963	-1.394011	-0.064929	-0.462004	-0.175980	0.560185	0.244557	0.591213	2.521968	0.127587	0.124056	1.275069	-0.050275
0.940615	2.400212	2.003922	1.607005	1.504339	2.095379	0.769804	-1.481450	-0.249619	-0.900483	-0.258318	0.044439	1.343393	-1.118949	-0.742053	-0.405130	0.873844	-1.267983	0.346749	1.907209	1.017952	0.149206	-0.015515	0.565214	-0.732308	0.258450	-1.045624	1.581781	1.345085	2.193546	-0.166371	-1.352774	-1.157040	0.482083	2.796915	-0.056661	-0.871855	1.121901	1.073837	0.425603	1.324162	2.032987	-0.316970	-1.283578	0.264689	0.097893	-0.412487	-0.317059	-0.088236	1.288894	1.760139	0.931665	-0.549525	0.717703	-0.461405
1.125724	1.760977	1.328336	1.137264	0.870920	1.734422	1.111073	-0.520639	0.166442	-0.592694	-0.336681	0.052109	0.983597	-0.190289	-1.435518	-0.998488	0.957062	-0.737961	-0.111998	1.372841	0.581514	-0.070930	-0.621425	-0.134359	0.171247	-0.190167	-0.496312	1.250806	0.691036	2.481915	-0.564785	-1.872088	-0.610692	-0.120257	2.088474	-0.605538	0.515619	0.866080	-0.111966	0.147667	0.190847	1.853541	-0.348135	-0.404085	0.477251	0.561342	-0.879967	-0.363340	-0.084346	1.191139	0.092712	1.121396	-0.447060	0.270562	-0.651750
1.181121	0.907370	0.410293	0.388620	0.255798	0.720256	1.304573	0.415235	0.679011	-0.263329	-0.130572	-0.016795	0.617682	0.679871	-1.175979	-0.786757	0.508583	-0.763784	-0.793374	0.408746	0.231403	0.321886	-0.066072	-1.350676	1.118593	-0.585673	1.264653	0.907769	-0.589246	2.226966	-0.377422	-2.274923	0.698803	0.364261	1.689465	-0.923394	0.988887	1.016911	-0.677789	0.683482	-0.445990	1.055707	-0.932458	0.338551	0.154680	0.118297	-1.641352	0.048027	-0.254740	0.149765	-1.159099	0.279370	0.384349	0.441631	-0.976126
1.377723	0.783312	-0.218195	-0.200413	-0.063655	-0.226056	1.019096	0.972843	1.104372	0.064479	0.521628	0.137050	0.284645	0.656091	-0.142863	0.152189	-0.217252	-1.222897	-1.354293	-0.447715	0.217434	0.735167	1.073602	-2.080489	1.641059	-0.422443	2.639965	1.249402	-1.027491	1.466995	0.174885	-1.935152	1.836243	1.311235	1.367065	-0.640466	0.507574	1.103062	-0.363032	1.507717	0.189315	0.394295	-1.499582	0.634434	-0.023144	-0.555293	-2.025734	0.453015	-0.537876	-0.838031	-0.898958	-1.000553	1.317139	1.255594	-1.102267
1.703309	1.491405	-0.378298	-0.425294	0.149487	-0.267630	0.171516	1.414933	1.394655	0.673289	1.381047	0.543466	0.267865	-0.132713	0.976559	1.153343	-0.665924	-1.468455	-1.094416	-0.529476	0.501734	0.327429	1.812209	-1.429494	1.637879	0.366488	2.208372	1.944201	0.313893	0.474438	0.564027	-0.739830	1.929305	1.762666	0.695145	0.170205	-0.057809	0.880616	0.387283	1.850021	1.540479	0.494590	-0.992873	1.031046	0.716961	-0.219518	-1.392528	0.847614	-0.353848	-0.776823	0.590037	-1.524195	1.721413	1.949039	-0.416479
1.912582	2.013361	-0.037304	-0.165045	0.733905	0.647409	-0.885570	1.995381	1.635697	1.640086	1.989412	1.021757	0.814171	-0.530738	1.824449	1.556522	-0.616808	-1.261422	-0.029369	0.376838	1.013001	-0.897271	1.611445	0.305716	1.259579	1.152029	0.192339	2.024286	2.343266	-0.383973	0.567538	0.646898	1.011406	1.569592	-0.123473	0.995538	-0.050036	0.687944	1.081241	1.408400	2.203262	0.965747	0.458150	1.796481	1.807484	1.048326	0.052010	1.346609	0.447228	0.221761	1.691656	-0.800363	1.477842	1.650916	0.834472
1.885168	1.352090	0.851741	0.674445	1.179131	1.706968	-1.628385	2.335224	1.859217	2.487569	2.076128	1.444211	1.750788	0.303084	2.394914	1.304969	-0.431059	-1.073600	0.854090	1.783657	1.738693	-1.928931	0.738077	1.972872	0.798970	1.128521	-1.764922	1.184895	2.982239	-0.767947	0.502661	1.486663	-0.032753	1.461983	-0.374361	1.465383	0.176092	0.862550	1.583036	0.571581	1.417325	0.836373	1.389141	2.140985	1.768574	1.745997	1.493313	1.758102	1.210584	1.255297	1.121930	0.336766	0.891106	0.465351	1.568239
1.787194	-0.249946	2.110271	1.904753	1.118801	2.037060	-1.846415	1.822423	1.959856	2.616824	1.802812	1.817770	2.479643	1.789388	2.567983	0.925827	-0.636999	-1.409695	0.635985	2.867981	2.513503	-1.818414	-0.083425	2.733689	0.600029	0.098910	-2.226905	0.256743	1.554283	-0.552099	0.749511	1.694592	-0.349332	1.933252	0.245727	1.684459	-0.226173	1.151759	1.919406	0.009515	-0.138413	-0.236439	0.654289	1.136037	0.123025	0.834581	2.352694	1.790308	1.230620	1.729806	-0.553944	0.608297	0.249620	-0.482352	1.201652
1.759805	-1.538607	3.088077	2.834712	0.674404	1.487413	-1.729778	0.617638	1.811292	2.022501	1.579096	2.123892	2.436432	2.574460	2.141791	0.943597	-1.242814	-2.007875	-0.454284	3.029659	2.860388	-0.749238	-0.318654	2.541662	0.795390	-1.272742	-1.266763	0.119218	-0.485076	-0.054834	1.122939	1.648337	0.118905	2.348760	1.158473	1.817142	-1.287052	1.060089	1.977822	0.043626	-1.156376	-1.513640	-1.193806	-0.827144	-1.781818	-0.912767	2.565791	1.460244	0.533785	1.711478	-1.555275	-0.320030	-0.376739	-0.364967	0.374038
1.533942	-1.679368	2.978301	2.591735	0.192866	0.612529	-1.477851	-0.236182	1.352158	1.301768	1.604268	2.178112	1.615643	2.151283	1.248439	1.368151	-1.572209	-1.951425	-1.247031	2.155378	2.270308	0.166138	0.018695	1.707434	1.052965	-2.007720	-0.193414	0.432186	-1.326889	0.044384	0.959438	1.492814	0.669451	1.546787	1.492841	1.652161	-1.846843	0.592931	1.613633	0.399559	-1.142039	-1.980538	-2.434015	-2.170395	-2.214940	-1.830967	2.190760	1.018898	-0.304835	1.366237	-0.997229	-1.487767	-0.965949	0.248743	0.007559
0.607161	-1.138618	1.565346	0.930655	-0.266062	-0.013750	-1.021811	-0.042250	0.499735	0.857790	1.578440	1.695926	0.586542	1.320458	0.318315	1.712115	-0.984852	-0.665425	-0.874004	0.564575	0.745520	0.155374	0.504042	0.574976	0.763684	-1.626580	-0.111420	-0.011621	-0.803320	-0.681837	-0.039200	1.046450	0.504302	-0.613318	0.962189	0.957076	-0.899945	0.216234	0.963529	0.560466	-0.778377	-1.407709	-1.927495	-1.898081	-0.994483	-1.271577	1.265026	0.576578	-0.852301	0.642955	0.185852	-1.682044	-1.378260	0.070969	0.110397
-1.081042	-0.943695	-0.427855	-1.304800	-0.951301	-0.335565	-0.250499	0.515362	-0.849911	0.338938	0.902352	0.494328	-0.134413	0.914759	-0.434411	1.389704	0.247075	1.295677	0.399803	-1.170700	-1.060182	-0.413596	0.649543	-0.337823	-0.370954	-0.472298	-0.852554	-1.596560	-0.214882	-1.807124	-1.238758	0.365108	-0.598821	-2.687264	0.004801	0.070319	0.914270	0.083224	0.362715	0.283276	-0.852232	-0.491996	-0.140157	-0.721437	0.434209	-0.119921	0.165308	0.045298	-1.045545	-0.315074	0.578153	-0.716951	-1.469642	-1.201609	0.033107
-2.823270	-1.306328	-1.934968	-2.812821	-1.881756	-0.681168	0.638501	0.092269	-2.504466	-0.836066	-0.713519	-1.304918	-0.682161	0.618288	-1.170872	0.119070	1.070727	2.608960	1.560730	-2.481038	-2.396742	-0.699761	0.157423	-0.480243	-1.970108	0.665291	-1.329896	-3.105266	-0.463944	-2.325842	-1.647159	-0.095658	-2.068953	-3.029207	-0.816188	-0.381015	1.790916	-0.230797	-0.136516	-0.301737	-1.193923	-0.035355	1.511571	-0.015507	0.776490	0.480276	-0.398461	-0.589348	-0.916096	-0.913246	0.003201	0.479295	-1.279786	-2.385495	-0.342423
-3.700972	-1.411658	-2.508837	-3.052655	-2.537461	-1.265156	1.227185	-1.538591	-3.728710	-2.461448	-2.715628	-3.146870	-1.572492	-0.431192	-1.928539	-1.836203	0.835491	2.412902	1.823716	-3.072395	-3.030268	-0.567228	-0.908886	0.089208	-3.228933	1.160670	-0.807501	-3.102304	-1.023027	-1.707461	-1.035254	-0.092766	-2.931248	-1.645656	-1.285319	-0.355114	0.852702	-0.989766	-0.864630	-0.974037	-1.032462	-0.155215	2.084263	-0.053204	0.264955	0.378679	-0.140366	-1.150665	-0.481115	-0.712432	-0.532721	1.058455	-0.974773	-2.200855	-0.374575
-3.440022	-0.651804	-2.526026	-2.624918	-2.336565	-1.934847	1.317515	-2.943145	-3.686904	-3.451439	-3.873777	-4.155521	-2.760902	-2.142736	-2.278347	-3.633641	0.103445	1.161876	1.168894	-2.995659	-3.141987	-0.557207	-2.007125	0.529455	-3.496931	0.870280	0.329194	-1.816367	-0.984374	-0.514920	-0.178542	0.012112	-2.612154	-0.235623	-1.374498	-0.449824	-0.777476	-1.666786	-1.881543	-1.560343	-0.242512	-0.376805	1.727349	0.017938	-0.027841	0.154293	0.312768	-1.438167	0.021876	-0.159390	-0.324707	1.209263	-0.643245	-0.783104	0.217254
-2.570502	0.368549	-2.432933	-2.306262	-1.348425	-2.308048	1.114980	-2.602043	-2.349016	-2.997324	-3.284479	-3.664872	-3.329518	-3.284865	-1.822336	-4.192689	-0.053223	0.178202	0.160439	-2.447255	-2.785626	-0.735749	-2.330235	0.063713	-2.660048	0.083238	1.031522	-0.961473	-0.562923	0.202105	0.093749	-0.235445	-1.508306	-0.260467	-0.955109	-0.947034	-1.319735	-1.492797	-2.476283	-1.799094	0.294528	-0.366080	1.046736	0.550826	0.132511	0.011935	0.089286	-1.387067	0.109653	-0.239279	0.205062	1.610129	-0.288261	0.503533	0.619698
-1.771916	0.499978	-2.139682	-2.013164	-0.295006	-2.059576	0.898967	-0.725914	-0.743576	-1.586676	-1.369978	-1.893556	-2.514896	-2.927738	-0.879440	-2.957945	0.533744	0.308692	-0.549625	-1.594004	-1.843498	-0.333924	-1.507034	-1.155034	-1.172795	-0.683125	0.675780	-1.551070	-0.801031	0.022844	-0.213170	-0.783532	-0.636773	-1.346732	-0.034116	-1.377004	-0.335823	-0.496038	-1.844776	-1.422944	-0.199425	-0.314348	0.281129	0.714501	-0.108837	-0.447872	-0.903164	-1.108596	-0.440596	-1.260487	0.265970	2.219594	0.021610	0.586261	-0.125727
-1.251549	-0.408817	-1.424782	-1.098244	0.179255	-1.189433	0.638812	1.000105	-0.007178	-0.522892	0.321576	-0.001649	-0.897397	-1.513092	-0.264971	-0.568804	0.857577	1.100564	-0.630135	-0.639094	-0.561265	1.045557	-0.191177	-2.295278	0.182019	-0.957563	-0.331305	-2.528070	-1.823378	-0.483069	-0.493718	-1.309627	-0.580574	-1.912081	0.825521	-1.364973	1.083860	0.459239	-0.307668	-0.615779	-1.283538	-0.517802	-0.612221	-0.107877	-1.138173	-1.298546	-1.969253	-0.905796	-1.138005	-2.339840	-0.189388	2.244252	0.194509	-0.263846	-1.662368
-0.808580	-1.175439	-0.617385	0.471993	0.075779	-0.133837	0.094651	1.386041	-0.235722	-0.473150	0.565544	0.814935	-0.011807	-0.194729	-0.354230	1.402788	0.046585	1.409481	-0.214841	0.102117	0.319800	2.431710	0.366889	-2.756934	0.762156	-0.633442	-0.965499	-2.085175	-2.254206	-0.443317	-0.394801	-1.745301	-0.887234	-1.125924	0.798154	-1.346128	1.832732	0.699159	0.700755	-0.121330	-1.704408	-0.819882	-1.336828	-1.030182	-1.865318	-1.727803	-2.494147	-1.116391	-1.157390	-2.360846	-0.480064	1.322393	0.322559	-0.871969	-2.432256
-0.291519	-0.713255	-0.331338	1.754681	-0.112929	0.508667	-0.722752	0.848326	-0.526538	-0.828054	-0.339988	0.398214	-0.588405	0.449754	-0.680073	1.743872	-1.410717	0.729524	0.262262	0.392846	0.286762	2.387706	-0.359982	-2.484687	0.540232	-0.094430	-0.583051	0.004807	-0.919892	0.367519	-0.127267	-2.095599	-0.673038	0.255462	-0.252605	-1.819974	1.782177	0.411573	0.224023	-0.469776	-0.853333	-0.764538	-1.307594	-0.672222	-1.002284	-0.927316	-2.370221	-1.647608	-0.282211	-1.201352	-0.150789	0.101655	0.612926	-0.438445	-1.408895
0.209044	0.567022	-0.543903	1.840081	0.057139	0.514073	-1.367455	0.411528	-0.122360	-0.584473	-0.996893	-0.302419	-1.595762	0.655075	-0.549840	0.731278	-2.127251	-0.319038	0.404620	0.335534	-0.274905	0.767555	-1.420818	-1.575323	0.117494	0.084754	0.479487	2.039489	1.356213	1.235083	-0.011278	-1.928740	0.274320	1.038057	-1.371243	-2.232798	1.218845	0.174799	-0.958982	-1.145588	0.513072	-0.278699	-0.483319	0.832726	0.977851	0.646823	-1.615749	-1.728267	0.757604	0.278155	0.453092	-0.599645	0.998584	0.723876	0.672813
0.545617	1.194973	-0.485676	0.894609	0.623306	0.218030	-1.354620	0.282128	0.780442	0.442493	-0.453383	-0.269715	-1.407730	0.745933	0.171313	-0.222759	-1.383721	-0.825644	0.099817	0.287798	-0.457348	-1.012952	-1.323143	-0.124172	0.135917	-0.340483	1.297275	2.334939	2.420256	1.174229	-0.028520	-0.679746	1.238520	1.006920	-1.389771	-1.422903	0.103785	0.177016	-1.161037	-1.000072	1.101730	0.104451	0.298320	1.775602	2.045062	1.489665	-0.173501	-0.568564	1.042412	1.242994	0.622064	-0.720016	1.036438	1.638302	2.077213
0.676106	0.410539	0.299984	-0.105703	1.219911	0.060210	-0.705537	-0.018450	1.418658	1.502068	0.870457	0.555517	0.231931	0.715997	0.988649	-0.141478	0.129455	-0.580667	-0.446884	0.442774	0.111457	-1.562606	0.208186	1.424195	0.638146	-1.043812	1.292381	0.968497	1.269685	0.006472	0.034880	1.359563	1.441498	0.787981	-0.221788	0.689046	-1.482403	0.165527	0.162499	0.300784	0.466062	-0.102256	0.231723	1.008577	1.012955	0.749316	1.602737	1.511814	0.425887	1.503433	0.110885	-0.716033	0.444384	1.673149	1.872686
0.603032	-0.900677	1.156557	-0.489400	1.346507	0.068070	0.005791	-0.519193	1.350270	1.789661	1.735533	1.295658	1.782860	0.493016	1.296576	0.511670	1.125428	-0.063230	-0.842670	0.573931	0.806081	-0.941204	1.720153	2.205757	1.052323	-1.399195	0.695802	-0.540286	-0.707799	-1.269761	0.169438	2.803587	0.913289	0.677064	0.918883	2.480350	-2.585852	-0.047955	1.636244	1.592520	-0.567560	-0.639164	-0.404750	-0.543691	-0.886243	-0.648598	2.667744	2.923498	-0.375043	1.258269	-0.577304	-0.742558	-0.366715	1.018068	0.726607
0.309997	-1.260138	0.996269	-0.368821	0.732621	-0.053297	0.196220	-0.617426	0.735194	1.141310	1.307944	1.087324	1.539029	0.185661	0.851441	0.575935	0.930580	0.261320	-0.770384	0.305180	0.726165	-0.233667	1.520261	1.578843	0.809983	-1.004091	0.113039	-0.869936	-1.323129	-1.418349	0.120398	2.351127	0.299784	0.299888	0.722850	2.162430	-1.980500	-0.363912	1.473099	1.371392	-0.849796	-0.776837	-0.595897	-1.024240	-1.408832	-1.022567	2.046647	2.184583	-0.573348	0.683775	-0.740918	-0.519097	-0.639548	0.260316	-0.066283
-0.152692	-0.377304	-0.302129	-0.110440	-0.433269	-0.419114	-0.156464	-0.082583	-0.079746	-0.057741	-0.170237	-0.033371	-0.496428	-0.084665	-0.118277	-0.267977	-0.146762	0.342651	-0.276282	-0.387909	-0.223266	-0.016360	-0.434625	-0.175464	-0.055719	-0.010802	-0.203160	-0.040459	-0.147740	-0.337800	-0.198563	0.194577	-0.039709	-0.544858	-0.821316	-0.202330	0.283348	-0.646684	-0.453067	-0.437702	-0.187869	-0.295636	0.012552	0.010100	-0.058253	0.008478	-0.044079	-0.485027	-0.103238	-0.087985	-0.276316	0.065589	-0.211705	-0.313237	-0.090834
