X1	X2	X3	X4	X5	X6	X7	X8	X9	X10	X11	X12	X13	X14	X15	X16	X17	X18	X19	X20	X21	X22	X23	X24	X25	X26	X27	X28	X29	X30	X31	X32	X33	X34	X35	X36	X37	X38	X39	X40	X41	X42	X43	X44	X45	X46	X47	X48	X49	X50	X51	X52	X53	X54	X55
-0.354624	0.117330	-0.442192	-0.434860	-0.163811	-0.234877	-0.453228	0.056074	-0.111600	-0.301081	-0.208426	-0.255096	-0.405071	-0.097474	-0.138953	-0.029122	-0.358388	-0.314270	-0.143306	-0.399814	-0.586072	-0.282460	-0.295936	-0.200984	-0.126871	-0.325393	-0.396089	-0.248623	-0.284508	-0.420461	-0.422541	-0.106776	-0.285624	0.121260	0.046863	-0.181290	0.008210	-0.056853	0.072101	-0.140704	0.040904	-0.226122	-0.400452	-0.016161	-0.322730	-0.371235	-0.184995	-0.134509	-0.075360	-0.135026	-0.101555	-0.125817	0.040903	0.089487	-0.028169
-0.957992	0.521177	0.506019	-0.528654	-0.167739	0.185532	1.025095	0.819902	0.995387	0.197517	1.645314	-0.872109	-0.615501	0.972305	-0.418831	0.639558	1.897741	1.937972	0.374733	0.425388	-0.761375	0.304125	0.379368	0.387788	-0.639854	1.612944	-0.019745	-0.975728	0.922722	-0.143628	0.859039	0.289608	0.069643	1.288062	1.188880	1.415589	0.416019	1.125419	0.844127	0.696189	0.245747	0.629030	1.332510	-0.946257	1.528756	0.575516	0.274023	-0.014698	-0.126428	-0.522248	-0.039247	-0.589321	0.532059	1.098607	-0.405364
-1.099801	1.015564	0.935438	-0.321171	-0.036487	0.508036	1.623611	0.886797	1.591179	0.507164	2.403106	-1.002716	-0.346424	1.577746	-0.281077	0.628187	2.776200	2.946953	0.905434	1.083713	-0.462230	0.738644	0.564910	0.696966	-0.551390	2.344424	-0.149541	-1.021454	1.406654	0.490917	1.503479	0.386662	0.034983	1.663501	2.087228	1.909286	0.464610	1.418887	1.427188	0.915066	0.410936	1.164904	2.032698	-0.586983	1.935273	0.887979	0.536118	0.158427	0.256410	-0.439741	0.022909	0.232834	1.280352	1.406807	-0.767362
-0.630983	1.302538	0.790690	0.259004	0.248297	0.586535	1.217110	0.316440	1.617200	0.502817	1.958807	-0.489868	0.288093	1.349871	0.202700	0.291160	1.944502	2.423522	1.327844	1.280812	0.201870	1.054776	0.312557	0.756794	0.119136	1.724751	-0.652588	-0.178033	1.118756	1.438404	1.458869	0.333288	-0.348724	1.061611	2.423277	1.335866	0.087197	0.900952	1.729384	0.564917	0.430960	1.290026	1.465470	0.708310	0.826173	0.498327	0.638458	0.372638	0.999673	0.128419	0.279235	1.770683	1.893501	0.867965	-0.873225
0.203526	0.935825	0.501718	1.047636	0.661593	0.408012	0.525087	-0.282744	1.377833	0.268317	1.058271	0.334946	0.792456	0.341622	0.560199	0.540115	0.300902	1.142754	1.487900	0.843108	0.698958	1.373008	0.140810	0.691926	0.843986	0.681215	-0.869143	1.040325	0.557287	2.164247	1.154891	0.401137	-0.604577	-0.037726	1.979278	0.574198	-0.431893	0.409380	1.742378	0.186904	0.243196	1.082495	0.254376	1.389680	-0.611357	-0.121967	0.647364	0.492209	1.543401	0.787874	0.883688	2.173130	1.648812	-0.022971	-0.399999
0.896135	-0.064787	0.445566	1.733633	1.170475	0.222606	0.374025	-0.563658	1.052170	0.075814	0.336200	0.827731	0.901843	-0.790156	0.449591	1.495778	-0.848031	0.174823	1.336532	0.029006	0.665719	1.620923	0.434088	0.431425	1.158397	0.173996	-0.387070	1.678618	0.112642	2.008276	0.921115	0.447706	-0.328996	-0.942457	0.932332	0.187012	-0.704968	0.532890	1.464011	0.111534	-0.056477	0.628538	-0.737108	0.615062	-1.208266	-0.452379	0.433550	0.346075	1.368864	1.138449	1.519300	0.592023	0.466511	-0.556720	0.621403
0.953352	-1.049929	0.440160	1.917301	1.563408	0.287101	0.807841	-0.723176	0.454349	0.063879	-0.217851	0.546318	0.720263	-1.223933	0.000124	2.134517	-0.901217	-0.030393	0.876489	-0.601280	0.174620	1.465945	0.979888	-0.044437	0.957160	0.242516	0.424264	1.147878	-0.214276	0.793277	0.689576	0.124623	0.302324	-1.247195	-0.178718	0.005562	-0.586850	1.035356	0.860451	0.164432	-0.290325	0.016966	-1.035875	-0.821128	-0.774044	-0.324384	-0.048949	-0.028887	0.523682	1.052009	1.474481	-1.708560	-0.765864	-0.390893	1.612761
0.270252	-1.328431	0.016065	1.288135	1.406411	0.475629	1.041721	-0.961264	-0.618971	0.023922	-0.824812	-0.274511	0.380940	-0.755561	-0.400105	1.444321	-0.362021	0.085590	0.091251	-0.679032	-0.435196	0.643927	1.153558	-0.356765	0.377211	0.166456	0.776303	-0.138392	-0.504241	-0.864032	0.250590	-0.449834	0.675951	-1.006195	-0.914504	-0.231731	-0.284283	1.183870	-0.072041	0.042286	-0.363113	-0.609429	-0.724260	-1.544385	0.013907	0.030490	-0.418034	-0.300217	-0.379603	0.628204	0.389571	-2.732346	-1.111676	0.178819	1.843247
-0.665169	-0.857787	-0.794299	-0.035423	0.441232	0.338018	0.404216	-1.004397	-1.861326	-0.282864	-1.295529	-0.841914	-0.098049	-0.040831	-0.568415	-0.367456	-0.149015	-0.223695	-0.930029	-0.353666	-0.789953	-0.629432	0.576227	-0.087860	-0.338094	-0.545361	0.301667	-1.092866	-0.661161	-1.949678	-0.386548	-0.672317	0.419865	-0.547735	-1.268673	-0.363612	-0.106462	0.457533	-1.161679	-0.263245	-0.326521	-1.094050	-0.189135	-1.102338	0.373387	0.208916	-0.208694	-0.154506	-0.735912	0.036467	-1.156953	-1.823079	-0.665954	0.511446	1.045548
-1.096012	-0.228247	-1.274246	-1.394390	-0.948681	-0.347561	-0.814770	-0.419809	-2.474559	-0.655565	-1.177312	-0.549928	-0.602924	0.081428	-0.667238	-2.059813	-0.563105	-1.133422	-1.864395	-0.125217	-0.649494	-1.680409	-0.453270	0.504965	-0.874563	-1.568366	-0.598146	-1.025540	-0.591136	-1.881123	-0.978102	-0.253375	-0.203791	-0.136894	-1.426281	-0.151023	-0.103883	-0.956844	-1.999991	-0.522376	-0.316452	-1.314091	0.212782	-0.127092	0.085133	-0.015427	0.413806	0.283160	-0.512945	-0.541871	-2.067043	-0.052467	-0.354353	0.259896	-0.392322
-0.709043	0.026947	-0.844915	-2.054157	-1.892948	-1.198765	-1.681427	0.718974	-1.921303	-0.613659	-0.484300	0.390788	-0.891629	-0.515872	-0.891336	-2.631099	-1.082457	-2.026147	-2.319195	-0.361032	-0.096500	-1.965696	-1.270519	0.564764	-1.017467	-2.202145	-1.214617	-0.266445	-0.409959	-0.992087	-1.330790	0.262813	-0.643549	0.218187	-1.349001	0.163525	-0.000489	-2.183761	-2.206605	-0.624421	-0.405468	-1.201893	0.294615	0.614530	-0.400619	-0.485663	0.639674	0.476048	-0.165199	-0.902828	-1.774135	1.097240	-0.663467	-0.265703	-1.763206
0.004324	-0.037786	0.141721	-1.872467	-1.817397	-1.560256	-1.715158	1.714788	-0.672562	-0.109481	0.054962	1.147161	-0.933025	-1.152032	-1.171726	-2.181066	-1.162360	-2.222688	-2.143546	-0.943837	0.420782	-1.672126	-1.562137	-0.406379	-0.910738	-2.152890	-1.199099	0.351612	-0.259755	-0.219565	-1.531323	0.027067	-0.648693	0.622224	-0.864549	-0.036684	0.440065	-2.310098	-1.879743	-0.733069	-0.450164	-0.834370	-0.006662	0.841770	-0.464957	-0.845131	-0.135917	-0.001340	-0.019521	-0.866605	-0.711523	0.947800	-1.003377	-0.441197	-2.461268
0.245982	-0.002003	0.738687	-1.351726	-1.010792	-1.171204	-1.335499	1.829741	0.038415	0.245129	-0.280362	1.071105	-1.024261	-1.158339	-1.283723	-1.494126	-0.906114	-1.743721	-1.471947	-1.337170	0.436764	-1.534959	-1.555709	-1.916719	-0.993449	-1.674745	-0.771406	0.432074	-0.036240	-0.289790	-1.834186	-1.136925	-0.411356	0.967921	-0.142462	-1.055054	0.989904	-1.266619	-1.585044	-1.032809	-0.137225	-0.473588	-0.609879	0.590306	0.022396	-0.915135	-1.620006	-0.997121	0.053352	-0.390226	0.274620	-0.243854	-0.571745	-0.048748	-2.193554
-0.220614	0.319243	0.490694	-0.942346	-0.273037	-0.347869	-1.121170	0.928553	-0.554648	-0.084751	-1.329809	0.253704	-1.312422	-0.628691	-1.141687	-0.999519	-0.719471	-1.070390	-0.479539	-1.001119	-0.047433	-1.885592	-1.438579	-2.954690	-1.503964	-1.063114	-0.409181	0.234354	0.455641	-1.114498	-2.281888	-2.443545	-0.239689	0.895880	0.255734	-2.409556	1.059350	0.014461	-1.622332	-1.364748	0.674326	-0.344290	-1.159432	0.008163	0.561390	-0.776942	-2.861037	-1.859880	0.284909	0.350234	0.761033	-1.649594	0.473999	0.450192	-1.080065
-0.824531	0.691214	-0.102797	-0.511697	-0.004558	0.485485	-0.999961	-0.400029	-1.827340	-0.812170	-2.126934	-0.663328	-1.388980	-0.173070	-0.854709	-0.402242	-0.607065	-0.336791	0.718230	0.142844	-0.541217	-2.077754	-0.968016	-2.914467	-2.068770	-0.313592	-0.365560	0.116559	1.091829	-1.916620	-2.515323	-2.861433	-0.231105	0.232089	0.031688	-3.126297	0.372720	0.548374	-1.456414	-1.276946	1.655786	-0.349945	-1.141667	-0.516271	0.564426	-0.517188	-3.067978	-1.989215	0.575341	1.008727	0.924831	-2.208538	1.140173	0.451187	0.331874
-0.831219	0.830595	-0.291249	0.266837	0.175486	1.207845	-0.532089	-1.283197	-2.316684	-1.156281	-1.875199	-1.100972	-0.740218	-0.040764	-0.542183	0.651591	-0.268567	0.688592	1.851246	1.547883	-0.589572	-1.241655	-0.005462	-1.965292	-1.949320	0.629527	-0.405113	0.129392	1.439391	-1.961584	-2.102300	-2.070154	-0.221211	-0.621161	-0.343229	-2.587479	-0.561132	0.327679	-0.334726	-0.581345	2.214366	-0.186684	-0.390787	-0.477704	-0.035295	-0.123824	-2.178471	-1.363686	0.665735	1.285459	1.107299	-1.246535	0.824101	-0.066754	1.351408
-0.107959	0.709115	0.012826	1.169603	0.767302	1.802341	0.204261	-1.209874	-1.271087	-0.826377	-0.707935	-0.972568	0.426983	0.115189	-0.243256	1.846914	0.195875	1.747049	2.398807	2.383636	-0.208248	0.415230	0.867563	-0.729253	-0.831213	1.507260	-0.045068	0.225669	1.278049	-1.172326	-1.047385	-0.698485	0.037503	-0.999478	-0.153088	-1.138700	-0.920344	0.146241	1.466246	0.257377	2.055680	0.198598	0.570912	0.139697	-0.785953	0.285028	-0.792510	-0.556323	0.610507	1.165875	1.393962	0.729262	-0.004674	-0.533021	1.658149
0.815433	0.404575	0.265768	1.489697	1.519258	1.989380	0.538955	-0.404139	0.525409	-0.297477	0.534386	-0.622339	1.234813	0.469777	-0.015661	2.431544	0.215866	1.896813	1.986157	2.203398	0.280439	1.553554	0.877005	0.181529	0.658997	1.861784	0.807072	0.515227	0.900675	-0.035494	0.164214	0.327411	0.591106	-0.754104	0.530376	0.195884	-0.553365	0.470504	2.522784	0.563872	1.432479	0.446804	0.938599	0.630680	-1.221606	0.371815	0.314872	-0.171793	0.729442	0.901003	1.572980	2.123211	-0.483464	-0.526639	1.508335
1.348642	-0.116076	0.138109	0.956489	1.596274	1.437945	0.143350	0.401745	1.588240	-0.047403	1.112765	-0.391676	1.185041	0.492558	0.037089	2.107185	-0.412818	0.691188	0.883835	1.354127	0.711496	1.231747	0.209464	0.432477	1.401609	1.515420	1.512205	1.042287	0.725301	0.963039	1.048818	0.601888	1.111023	-0.475206	0.753127	0.658834	-0.206826	0.873639	1.767937	0.296756	0.802503	0.218671	0.431385	0.331259	-1.215734	-0.042822	0.686432	-0.227897	1.039601	0.692830	1.376162	1.666239	-0.395603	-0.309354	1.341167
1.376783	-0.852626	-0.023261	0.219064	0.700388	0.338551	-0.415802	0.636318	1.240843	0.071088	0.907507	-0.237006	0.793428	-0.324101	-0.071477	1.349180	-1.044418	-0.888772	-0.134452	0.632710	1.184144	0.127567	0.003833	0.111171	0.898077	0.777672	1.266824	1.496222	0.748878	1.638715	1.494954	0.426390	1.121494	-0.754829	-0.148217	0.392689	-0.573708	0.696474	-0.165552	0.140417	0.367782	-0.347502	-0.445187	-0.505599	-0.904339	-0.616223	0.408101	-0.171627	1.064962	0.472559	0.743412	-0.212741	-0.254182	-0.433480	1.264775
1.209315	-1.512667	0.256198	0.086655	-0.371020	-0.595215	-0.393251	0.363493	0.134205	0.423675	0.307514	0.173231	0.835478	-1.433514	-0.128952	0.721615	-0.926898	-1.415477	-0.566363	0.435765	1.706335	-0.253669	0.854056	-0.266023	-0.121903	0.118549	0.132733	1.464037	0.599442	1.920829	1.599310	0.320246	0.550678	-1.396462	-1.543257	0.127504	-1.323162	-0.086104	-1.546221	0.586531	0.016806	-0.769788	-0.971219	-0.974481	-0.477197	-0.759910	-0.004231	0.410802	0.433861	0.079118	-0.094984	-1.737028	-0.479493	-0.936404	1.048562
1.147173	-1.630781	0.834239	0.496392	-0.605883	-0.834283	0.174694	0.078472	-0.588894	0.879602	-0.210750	0.944970	1.242614	-1.590147	0.077956	0.205357	-0.187615	-0.785090	-0.636813	0.359314	1.958664	0.567664	1.818856	-0.087443	-0.405626	-0.240085	-0.730208	0.947331	0.090007	1.695615	1.370677	0.495144	-0.025102	-1.626588	-2.037830	0.370222	-1.423881	-0.902284	-1.377250	1.210988	-0.392371	-0.710183	-0.883722	-0.622469	-0.084518	-0.290599	0.013121	1.205134	-0.541575	-0.431839	-0.787285	-1.582194	-0.815256	-1.220459	0.533285
1.216197	-1.035654	1.116960	0.683585	0.007928	-0.504050	0.672473	0.086810	-0.371796	0.967106	-0.387884	1.660601	1.284225	-0.376274	0.525105	-0.479608	0.397226	-0.210224	-0.805967	-0.162272	1.627415	1.578299	1.548576	0.803537	0.452531	-0.319894	-0.176355	0.362682	-0.506379	1.046961	0.870459	0.820325	0.071658	-1.052970	-1.005733	1.021914	-0.450566	-1.254408	-0.214855	1.226458	-0.828877	-0.191383	-0.416342	0.078429	0.213094	0.404031	0.645642	1.510445	-1.183432	-0.812169	-1.145558	-0.117689	-0.708778	-0.828195	-0.136680
1.249219	-0.142151	0.901427	0.345847	0.539431	-0.058963	0.860375	0.204692	0.477970	0.641111	-0.213382	1.750827	0.756916	1.131434	0.966168	-1.121659	0.510919	-0.372811	-1.024622	-0.937090	0.897886	1.721454	0.170132	1.892849	1.530192	-0.135699	1.533607	-0.007871	-0.823942	0.457982	0.512510	1.124166	0.766199	-0.136670	0.668081	1.662245	0.763906	-1.076590	0.774152	0.610180	-1.161364	0.509402	0.111843	0.406760	0.461486	0.857091	1.545935	1.164321	-1.241483	-0.918818	-1.246358	1.189031	-0.126296	-0.090377	-0.689912
1.057715	0.351594	0.630446	0.085179	0.338079	0.232208	1.040343	0.110737	1.251678	0.388620	0.200813	1.133911	0.309631	1.546761	1.118141	-1.115006	0.592039	-0.500268	-0.832563	-1.155950	0.321213	1.153659	-0.768696	2.407922	1.631608	0.293827	2.710916	-0.290439	-0.855024	0.410522	0.746840	1.312550	1.173627	0.392828	1.513492	1.933668	1.050895	-0.553449	1.039108	0.164676	-1.298845	0.981853	0.527943	0.198078	0.689478	0.934056	2.082886	0.783679	-0.998995	-0.810667	-1.189281	1.334601	0.322294	0.283567	-0.976744
0.538602	0.183964	0.674497	0.441141	-0.193583	0.338713	1.283645	-0.151084	1.418674	0.481956	0.699858	0.331977	0.386620	0.737103	0.809976	-0.381609	0.926849	0.248515	-0.147678	-0.533156	0.141300	0.690905	-0.367419	1.976002	0.686270	0.709011	1.915422	-0.608090	-0.810911	0.762415	1.321730	1.228949	0.626870	0.380924	1.021623	1.647963	0.344676	0.099307	0.777892	0.354242	-1.176222	0.885719	0.745524	-0.151840	0.805621	0.733229	1.817268	0.878157	-0.612266	-0.537398	-0.840206	0.570905	0.212397	0.163180	-0.990386
-0.182563	-0.143514	0.772488	0.989160	-0.237200	0.289918	1.169916	-0.220119	0.954532	0.607464	1.060884	-0.078210	0.541563	-0.178925	0.110470	0.303777	1.095136	1.295715	0.471183	0.218125	0.087752	0.571601	0.488137	0.936352	-0.224275	0.711445	-0.335088	-0.703407	-0.669270	0.868016	1.377319	0.732377	-0.417604	0.270069	0.058456	0.868421	-0.228808	0.621224	0.353551	0.648776	-0.729864	0.328981	0.753485	-0.233300	0.747203	0.403102	0.891468	1.092435	0.093531	-0.070434	-0.067838	-0.166473	-0.059760	0.119963	-0.784685
-0.694592	-0.017614	0.508697	0.917094	0.276618	0.161627	0.554232	0.031117	0.305351	0.447735	1.027510	-0.027103	0.263230	-0.287787	-0.578789	0.244733	0.703619	1.409182	0.516618	0.364685	-0.058924	0.402739	0.553988	0.053972	-0.271431	0.267896	-1.915001	-0.340599	-0.263763	0.435794	0.609322	0.067037	-0.896070	0.363109	-0.279076	0.046682	0.133397	0.717969	-0.000031	0.400704	-0.086536	-0.101816	0.655527	-0.010579	0.623585	0.159655	0.001244	0.781494	0.914563	0.414491	0.729945	-0.318676	0.114481	0.471119	-0.495570
-0.640919	0.385714	0.019150	0.206926	0.542372	0.058239	-0.002175	0.226767	-0.034816	0.172742	0.536056	0.083867	-0.138672	0.122624	-0.733011	-0.273203	0.138931	0.514868	0.156642	0.081580	-0.132768	0.037108	-0.022783	-0.150808	0.145576	-0.151530	-1.434281	0.093727	0.161958	-0.084542	-0.165021	-0.192171	-0.508457	0.417476	0.065013	-0.246985	0.773505	0.299974	-0.129538	-0.134595	0.299575	-0.011235	0.514729	0.205764	0.520988	0.159984	-0.208803	0.079303	1.005104	0.459483	0.766419	-0.109926	0.528900	0.694682	-0.336066
-0.189746	0.320379	-0.229735	-0.356886	0.012337	-0.054732	0.012892	-0.041710	0.024423	0.058329	-0.047687	-0.064036	-0.113334	0.223737	-0.224573	-0.482757	0.053257	-0.222923	-0.095392	-0.081839	-0.015863	-0.165639	-0.218640	0.172119	0.213327	-0.172198	0.148971	-0.048716	0.039312	-0.141683	-0.082311	0.164103	-0.033318	0.138937	0.277893	0.055659	0.526303	-0.308086	-0.022758	-0.240627	0.007438	0.276932	0.255325	0.107135	0.343577	0.264116	0.192081	-0.219120	-0.008563	-0.114029	-0.125329	-0.015560	0.423898	0.238359	-0.383144
0.109512	-0.336297	-0.156300	-0.259287	-0.747954	-0.320055	0.353617	-0.544570	0.251790	0.079330	-0.084150	-0.272723	0.186650	-0.074885	0.461758	-0.270571	0.464167	-0.042605	-0.079582	-0.136597	0.078919	0.088983	0.226073	0.534204	0.049504	0.003284	0.820421	-0.661299	-0.629898	0.265073	0.611031	0.668084	-0.115789	-0.211965	-0.025273	0.472216	-0.421420	-0.554583	0.151889	0.183937	-0.768253	0.257612	-0.035140	-0.198716	0.112018	0.259625	0.593995	0.227670	-1.104634	-0.735003	-0.996296	-0.057288	-0.186161	-0.437539	-0.437754
0.053472	-0.722398	-0.035672	0.232295	-0.743715	-0.633226	0.526417	-0.501003	0.548843	0.215900	0.670631	-0.061578	0.284046	-0.057862	0.759237	-0.155978	0.881158	0.574818	-0.019059	-0.367272	0.044690	0.657860	0.675796	0.747193	0.399335	0.033974	0.100542	-0.836355	-0.999358	0.772157	1.039657	0.833399	-0.352732	-0.093153	-0.253920	0.673040	-0.546672	-0.172263	0.280147	0.645929	-1.245004	0.084957	0.059383	-0.204883	0.157424	0.317175	0.690786	0.897080	-0.946698	-0.653732	-0.841028	0.129282	-0.298824	-0.320276	-0.293167
0.063811	-0.187408	0.122563	0.629788	0.115578	-0.542022	0.566405	0.448309	0.958987	0.630578	1.522757	0.638018	0.277005	0.597399	0.683924	-0.245227	1.015963	0.833179	-0.026758	-0.521384	0.128008	1.132583	0.710583	0.912133	1.116679	0.094634	-0.543684	-0.102469	-0.435963	1.082640	0.879271	0.714842	-0.022719	0.485248	0.147284	0.777865	0.812275	0.514423	0.414313	0.842037	-0.835076	0.282615	0.702338	0.341538	0.614588	0.729678	0.706694	1.128426	0.287418	0.051012	0.090506	0.577067	0.521942	0.645127	-0.040512
0.508787	0.669860	0.549773	0.738329	0.857951	0.188184	0.725655	1.535050	1.191822	1.102557	1.334580	1.201373	0.533250	1.148217	0.670622	-0.015185	0.861115	0.618060	0.005898	-0.114065	0.416865	1.086720	0.418098	0.878843	1.026511	0.565874	0.099959	0.825412	0.562172	0.972551	0.453850	0.504346	0.748838	0.810780	0.676863	0.794445	2.128706	0.879765	0.483360	0.762793	0.200225	0.730247	1.253843	0.898755	0.953328	1.168496	0.703413	0.751854	1.052227	0.523741	0.666761	0.747075	1.153545	1.202045	0.116317
0.990241	0.746213	1.020699	0.483681	0.611496	1.007511	0.717929	1.536425	0.649217	0.842544	-0.185335	0.889825	0.741464	0.649021	0.748731	0.674404	0.343823	0.239866	0.084738	0.618125	0.502571	0.270917	-0.159808	0.267708	-0.357415	1.159632	1.326392	0.917631	0.989059	0.270713	0.027220	0.061057	1.140905	0.347217	0.378454	0.367357	1.391424	0.595994	0.169046	0.287282	0.988620	0.668526	0.876699	0.609240	0.516603	0.819384	0.279718	-0.043314	0.443893	0.247837	0.403366	0.222115	0.294204	0.309717	0.186853
0.692410	-0.029928	0.820661	-0.231132	-0.457751	0.995410	-0.004721	0.201264	-0.748618	-0.503394	-1.942059	-0.352910	0.137388	-0.818066	0.330608	1.082045	-0.522358	-0.221777	0.092954	0.842492	0.008261	-1.111388	-1.000127	-0.828366	-1.876959	0.981138	1.511287	0.069161	0.582394	-0.834229	-0.396154	-0.710343	0.737451	-0.495142	-0.741966	-0.563917	-1.224961	-0.119716	-0.635925	-0.641677	0.905235	-0.136757	-0.323956	-0.590144	-0.533172	-0.480669	-0.710180	-0.978496	-0.742990	-0.331286	-0.093056	-0.658019	-1.564546	-1.393094	0.249534
-0.550045	-0.544316	-0.303756	-1.181627	-1.419283	-0.026285	-1.239684	-1.364416	-2.070193	-2.010082	-2.485860	-1.767812	-1.262901	-2.088138	-0.827980	0.527653	-1.237577	-0.786897	0.121007	0.261674	-0.821127	-2.324648	-1.627929	-1.635344	-2.054735	-0.310387	0.188064	-0.919787	-0.026634	-1.683643	-0.735640	-1.377776	-0.030124	-0.747513	-1.527765	-1.352501	-3.277503	-0.766585	-1.422891	-1.555832	0.140930	-0.874032	-1.268450	-1.634143	-1.220982	-1.700060	-1.619719	-1.674566	-1.189313	-0.439402	-0.223210	-1.133863	-2.432846	-2.144351	0.171603
-1.858527	0.042361	-1.622263	-1.716717	-1.536108	-1.151339	-1.941232	-1.888552	-2.140018	-2.295338	-1.431678	-2.380823	-2.344175	-1.994255	-1.765470	-0.612695	-1.106975	-1.088094	0.400023	-0.494996	-1.364562	-2.550642	-1.422394	-1.490355	-0.798451	-1.836590	-1.435530	-1.348829	-0.265921	-1.647908	-0.791400	-1.360516	-0.511118	0.024419	-1.002772	-1.344538	-2.742825	-0.905049	-1.450619	-1.755995	-0.583008	-0.688331	-1.120120	-1.353419	-0.816369	-1.606498	-1.642952	-1.738486	-0.655704	0.075965	-0.211794	-0.816615	-1.141534	-1.007738	-0.151643
-2.167612	1.171133	-2.210951	-1.412218	-0.898319	-1.438165	-1.409798	-1.225573	-0.815737	-1.135540	0.331028	-1.764913	-2.108905	-0.407192	-1.091357	-1.314632	-0.075998	-0.639860	0.791395	-0.771440	-1.324883	-1.581067	-0.474811	-0.614365	0.748813	-2.337894	-1.840800	-1.212343	-0.260124	-0.749874	-0.570488	-0.657808	-0.549199	1.213445	0.492730	-0.737373	-0.179958	-0.359815	-0.544976	-1.104545	-0.809778	0.203418	-0.187961	0.228126	0.299959	-0.178084	-0.792139	-1.113667	-0.028931	0.593639	-0.530920	0.073537	1.242895	1.076320	-0.410499
-1.315189	1.522920	-1.966369	-0.652088	-0.235420	-1.023732	-0.180198	-0.277398	0.781745	0.265204	1.637277	-0.395277	-0.819911	1.655909	1.208873	-1.102457	1.051645	0.352177	0.753732	-0.660704	-0.948654	-0.041839	0.399245	0.164235	1.658192	-1.484092	-0.676648	-0.870283	-0.442442	0.324875	-0.355144	0.144956	-0.472262	1.783266	1.673514	-0.316367	2.069340	0.608680	0.692070	-0.157988	-0.741339	0.830923	0.554627	1.809199	0.965172	1.290195	0.118106	-0.209764	-0.090811	0.394143	-1.018424	1.064418	2.579525	2.280843	-0.181780
-0.110738	0.538348	-1.470943	-0.181167	-0.126646	-0.782969	0.632878	0.123697	1.445586	0.740233	1.989656	0.712856	0.419534	2.867680	3.297307	-0.450478	1.433447	0.981495	0.065052	-0.593990	-0.593107	1.162026	0.663632	0.367485	1.926840	-0.098294	1.059333	-0.511728	-0.870255	0.885816	-0.309506	0.576211	-0.567681	1.286189	1.630217	-0.398143	2.430971	1.319596	1.515070	0.513688	-0.803153	0.699271	0.612553	2.080855	0.466692	1.563635	0.444613	0.483140	-0.657922	-0.584399	-1.047045	1.744913	1.912452	1.750067	0.371989
0.541936	-1.010561	-1.087900	-0.178785	-0.393222	-1.026697	0.640252	-0.052494	1.093783	0.450872	1.611624	0.889506	0.972025	2.624987	3.266484	-0.056679	1.037921	0.708668	-0.741116	-0.579875	-0.315563	1.619904	0.655390	0.311751	1.874091	0.776329	1.980310	-0.149432	-1.190865	0.832131	-0.199787	0.743245	-0.775754	0.210400	0.621534	-0.431368	1.386921	1.164993	1.693398	0.839918	-1.006217	0.242693	0.347813	0.993552	-0.626562	0.749022	0.397991	0.848926	-0.965836	-1.623134	-0.425361	1.810310	0.255008	0.301291	0.544128
0.381735	-1.873441	-0.651528	-0.163099	-0.371732	-1.084217	0.417241	-0.330116	0.594152	0.394678	0.926313	0.404165	1.106946	1.354142	1.186176	-0.067287	0.494282	0.064134	-0.974491	-0.310757	-0.000070	1.567673	0.950131	0.554528	1.446811	0.789721	1.397017	0.050402	-1.163074	0.524779	0.283945	1.051275	-0.925173	-0.628563	-0.365444	0.202273	0.360503	0.236334	1.457805	1.042332	-0.965320	0.078700	0.292074	-0.294525	-1.032163	0.017278	0.632808	1.107972	-0.671774	-1.869695	0.263190	1.130295	-0.760830	-0.656175	-0.007044
-0.217346	-1.490930	0.019861	0.222169	0.217279	-0.332237	0.558427	-0.400210	0.566682	0.954763	0.212300	0.086494	1.245255	-0.090033	-1.017337	-0.127986	0.295401	-0.052153	-0.600282	0.200794	0.327052	1.376819	1.511029	1.117764	0.452823	0.375566	-0.247646	-0.172248	-0.902694	0.241451	1.032269	1.629392	-1.044409	-0.891569	-0.660433	1.291393	-0.046699	-0.697174	1.020503	1.216326	-0.482777	0.276417	0.469241	-0.655395	-0.177164	0.180496	1.337177	1.395912	-0.261167	-1.142727	0.319584	-0.054860	-0.618652	-0.626262	-0.734406
-0.653932	-0.336141	0.784725	0.768804	0.918262	0.838982	0.992667	-0.332404	0.783170	1.502770	-0.333980	0.382180	1.340186	-1.130465	-1.627827	0.020135	0.440679	0.505923	-0.113171	0.601270	0.580021	1.149308	1.824162	1.481498	-0.768371	0.204641	-1.762985	-0.655101	-0.559733	0.043015	1.599651	2.142294	-1.177907	-0.835340	-0.429675	2.008426	-0.315854	-0.939604	0.419231	1.274430	0.161706	0.552367	0.602349	-0.066457	1.177195	0.869614	1.971957	1.533678	-0.380921	-0.054108	-0.248822	-1.115139	-0.120057	-0.270270	-0.841648
-0.450522	0.689056	1.450488	1.157914	1.191281	1.509406	1.335065	-0.283476	0.806907	1.446428	-0.496490	0.974249	1.211993	-1.551138	-0.704282	0.233068	0.735670	1.099176	0.236315	0.771843	0.889884	0.854265	1.625794	1.300163	-1.370241	0.578482	-2.098666	-0.692629	-0.046506	0.083077	1.732702	2.110324	-0.998172	-0.791483	-0.233375	1.896933	-0.849273	-0.491306	-0.212197	1.135125	0.578989	0.811989	0.691127	0.560861	1.873708	1.197834	1.928767	1.266125	-0.887749	0.663681	-0.703371	-1.411682	-0.132797	-0.326985	-0.217969
0.472168	1.077483	1.973569	1.424947	1.126583	1.421617	1.459164	-0.215715	0.747150	1.086640	-0.165019	1.350730	1.026020	-1.227276	0.429445	0.267243	1.034444	1.217007	0.641587	0.946483	1.414773	0.590157	1.092190	0.872930	-0.862052	1.198616	-1.122049	0.186319	0.678901	0.576085	1.531554	1.372431	-0.051348	-0.777753	-0.266193	1.319391	-1.210465	0.125324	-0.509881	0.835247	0.696172	1.108393	0.967598	0.501238	1.662419	0.910764	1.252585	0.670100	-0.852630	0.828947	-0.363688	-0.801368	-0.567556	-0.684946	0.539341
1.590932	0.964304	2.167797	1.665729	1.160442	1.125215	1.394518	0.044856	0.967942	1.049818	0.497765	1.420605	0.990548	-0.181432	0.805877	0.191953	1.106035	0.957546	1.124518	1.132799	1.824853	0.489477	0.428838	0.737462	0.259828	1.442181	0.325658	1.416157	1.223894	1.277838	1.082310	0.278244	1.416869	-0.625406	-0.206513	0.877429	-0.746725	0.492877	-0.205305	0.509222	0.646936	1.211673	1.313414	-0.018972	1.211918	0.529063	0.545240	0.196070	0.297004	0.764063	0.641957	0.247404	-0.691871	-0.690576	0.887690
1.969085	0.701412	1.570488	1.545427	1.245201	0.945479	0.928631	0.515551	1.245382	1.175677	1.069450	1.303496	0.782572	1.083187	0.561527	0.273621	0.615386	0.581672	1.185606	0.840953	1.371203	0.419985	-0.352794	0.868112	0.955745	0.902611	1.165989	1.816371	1.044066	1.392811	0.253768	-0.609630	2.281114	-0.250407	0.213804	0.618863	0.390701	0.588629	0.441154	0.221905	0.443108	0.675402	1.136883	-0.251623	0.941839	0.418896	0.170915	0.132189	1.850579	0.756669	1.474593	1.039175	-0.146205	-0.110783	0.821896
1.016769	0.431089	0.032969	0.562497	0.818937	0.467114	-0.204618	0.896314	0.780266	0.570179	1.041470	0.776208	-0.187697	1.660181	0.236911	0.477933	-0.478490	0.059816	0.425672	-0.249504	-0.232438	-0.014552	-1.221297	0.538222	0.653278	-0.244073	0.942773	0.965972	0.245724	0.391447	-0.956864	-1.072175	1.651001	0.288918	0.728139	0.021455	1.247553	0.530964	0.691960	-0.242119	0.072850	-0.504913	0.084361	0.049824	0.431907	0.185587	-0.217339	0.061562	2.424064	0.766085	1.447631	1.117079	0.646757	0.559283	0.622350
-0.766168	0.177162	-1.659241	-1.124604	-0.281135	-0.608503	-1.674673	0.839034	-0.703921	-1.063650	0.143856	-0.504947	-1.804741	0.971478	-0.128581	0.395672	-1.615593	-0.656916	-0.704016	-1.538483	-2.152062	-1.000789	-1.917072	-0.762886	-0.321292	-1.323685	0.030857	-0.213292	-0.232978	-1.201787	-2.046817	-1.362103	0.050754	0.831607	0.830555	-1.179156	1.103471	0.293050	0.028351	-1.174466	-0.163646	-1.585814	-1.296954	0.346684	-0.686368	-0.666290	-1.103212	-0.755077	1.518241	0.616155	0.721839	0.453677	1.027774	0.745160	0.410317
-2.031073	0.095242	-2.266307	-2.490567	-1.327985	-1.621260	-2.515984	0.418124	-2.246012	-2.634429	-1.251646	-2.145106	-2.981963	-0.531656	-0.843970	-0.166068	-2.027127	-1.218591	-1.244216	-1.914006	-3.029731	-2.064431	-2.090768	-2.369691	-1.210148	-1.662710	-0.861819	-0.554210	0.342738	-2.197575	-2.284631	-1.649578	-1.005028	1.138116	0.466384	-2.316425	0.264895	-0.183014	-1.150161	-2.305534	0.140227	-1.753742	-1.957704	0.123943	-1.743260	-1.741356	-2.164283	-2.231090	0.096657	0.287393	0.061672	-0.566605	0.815154	0.460227	0.103355
-1.868319	0.316280	-1.437768	-2.585373	-1.467486	-1.616245	-2.107254	0.114816	-2.544678	-2.767458	-2.171050	-2.971273	-2.785198	-1.609526	-1.713292	-0.768801	-1.549565	-1.178262	-0.864051	-1.080085	-2.385568	-2.379620	-1.688420	-2.901300	-1.504049	-1.170472	-1.272595	-0.034826	1.420118	-1.988502	-1.525835	-1.641869	-0.716525	1.041985	0.120624	-2.361267	-0.341032	-0.695606	-1.781695	-2.758059	0.832155	-1.061439	-1.503234	-0.364225	-1.686568	-2.036602	-2.423394	-3.156836	-0.547393	-0.027599	-0.029244	-1.298801	0.386139	0.167757	-0.289027
-0.790552	0.628107	-0.230024	-1.579833	-0.743761	-0.657507	-1.005213	0.189427	-1.527796	-1.543465	-1.918536	-2.296724	-1.597349	-1.431111	-1.917706	-0.801712	-0.842217	-0.652873	-0.230140	-0.043481	-1.166582	-1.722222	-1.121449	-1.936012	-1.211774	-0.442517	-1.136625	0.396543	1.695553	-1.155182	-0.572654	-1.122796	0.156339	0.664657	0.131944	-1.302184	-0.252150	-0.816561	-1.324844	-2.089050	1.186184	-0.360610	-0.646725	-0.476450	-0.639498	-1.282977	-1.573834	-2.587646	-0.189281	-0.085950	0.246644	-1.258232	0.154836	0.140100	-0.500791
-0.086882	0.655512	0.137015	-0.526240	0.004471	0.221840	-0.334354	0.356125	-0.472873	-0.409626	-0.977461	-0.856693	-0.612441	-0.502277	-1.042756	-0.206685	-0.579161	-0.236510	-0.034860	0.177429	-0.577475	-0.833809	-0.815711	-0.711785	-0.741404	-0.099600	-0.626122	0.237679	0.859595	-0.674729	-0.357614	-0.562533	0.416606	0.333434	0.228748	-0.400372	0.109887	-0.299881	-0.432059	-0.988234	0.873756	-0.204550	-0.255953	-0.086832	0.061092	-0.362182	-0.604877	-1.178655	0.327971	0.166716	0.415449	-0.607088	0.103824	0.196413	-0.245562
-0.182119	0.402891	-0.190853	-0.079369	0.207904	0.445355	-0.387845	0.340649	-0.379168	-0.248431	-0.560150	0.061053	-0.261491	-0.087655	0.184211	0.556697	-0.634595	-0.192166	-0.060504	-0.023727	-0.577213	-0.512051	-0.606510	-0.620369	-0.589071	-0.034772	-0.021212	0.057928	0.140738	-0.747200	-0.799025	-0.591891	0.007543	0.196337	-0.032892	-0.598848	0.125328	0.594571	-0.085150	-0.358822	0.569186	-0.191684	-0.276343	0.331032	-0.344092	-0.093342	-0.574131	-0.409856	0.301937	0.491377	0.389571	-0.050087	-0.106697	0.069538	0.414223
-0.148112	0.289581	-0.035011	0.114193	0.174143	0.555069	-0.428845	0.395415	-0.788398	-0.381226	-1.068180	0.182649	0.109666	-0.638137	0.698371	1.137420	-0.473142	-0.201754	0.330743	0.493303	-0.137312	-0.614228	-0.024213	-1.408441	-0.889271	0.351723	0.382877	0.569767	0.673797	-0.727315	-0.953118	-1.023962	-0.047575	0.054594	-0.604931	-1.216253	-0.254886	1.254574	-0.328518	-0.134046	1.067983	0.260763	-0.097997	0.425305	-1.029914	-0.235737	-1.174969	-0.665009	0.001879	0.612925	0.501833	-0.034629	-0.598051	-0.212497	1.080634
0.837061	0.478072	0.986201	0.599903	0.503856	1.105131	0.003288	0.796429	-0.645857	0.087077	-1.499375	0.307155	0.856339	-1.221275	0.399771	1.495624	-0.166705	-0.064472	0.999961	1.634254	1.016955	-0.415706	0.744184	-1.603315	-1.168871	1.108871	0.478466	1.582044	1.879425	-0.136210	-0.376334	-1.047778	0.818995	-0.317188	-0.981713	-0.953749	-0.632120	1.223780	-0.411565	0.268669	1.994299	0.808971	0.271027	0.301040	-0.891828	-0.173802	-1.219329	-0.903695	0.172436	0.603062	0.950091	-0.224273	-0.981567	-0.438953	1.442720
2.045080	0.482505	1.754232	1.172751	1.133740	1.547268	0.349490	1.137798	0.160286	0.779516	-0.768739	0.873968	1.239163	-0.803279	0.050321	1.545066	-0.321270	-0.061929	1.008733	1.860175	1.754468	0.254849	0.856507	-0.534274	-0.829327	1.432552	0.447308	2.174177	2.139072	0.669660	0.290177	-0.379536	1.802094	-0.802578	-0.772900	0.204721	-0.758823	0.587213	-0.017558	0.756403	2.033996	0.505344	0.183861	0.127946	-0.125693	0.002307	-0.314530	-0.275627	0.923267	0.751160	1.411590	-0.044762	-0.776460	-0.529342	1.511416
1.922498	-0.173425	1.143114	1.177062	1.301629	0.950665	0.037478	0.739524	0.756848	0.678801	0.771930	1.207081	0.568680	0.333825	0.040267	1.079281	-0.901476	-0.277448	-0.011681	0.389761	1.030335	0.782945	0.086010	0.826396	0.023024	0.739106	0.486351	1.661839	0.848224	0.947306	0.334407	0.353317	1.617532	-1.026338	-0.075390	0.975918	-0.666432	-0.092384	0.349911	0.705945	0.619725	-0.728085	-0.452210	-0.128420	0.236001	-0.204292	0.655494	0.719806	1.456793	0.983083	1.331950	0.408700	-0.101821	-0.535423	1.362116
0.131077	-1.054627	-0.427191	0.477116	0.567026	-0.430569	-0.457128	-0.366396	0.529915	-0.282153	1.644006	0.483982	-0.570446	1.001341	0.001308	0.191165	-0.959135	-0.152059	-1.057280	-1.378579	-0.666025	0.620381	-0.654350	1.108627	0.606777	-0.387985	0.454544	0.207391	-0.858091	0.363348	-0.100330	0.438265	0.062996	-0.739499	0.616404	0.498712	-0.361721	-0.218987	0.275104	0.019274	-1.108797	-1.636344	-0.788115	-0.452879	-0.140177	-0.685996	0.707032	0.953629	1.033655	0.797697	0.577891	0.460665	0.323290	-0.416335	0.884315
-1.909432	-1.107887	-1.550979	-0.381234	-0.463855	-1.186788	-0.296764	-1.378310	-0.222439	-1.098282	0.914811	-1.020464	-1.021010	0.676329	-0.337062	-0.601311	-0.008115	0.651865	-0.871420	-1.525785	-1.974780	-0.093830	-0.576776	0.095043	0.473067	-0.864404	-0.017887	-1.368131	-1.509378	-0.796351	-0.508991	-0.131057	-1.676377	-0.007344	0.803111	-0.710296	0.210764	0.319490	0.081127	-0.767303	-1.466484	-1.066091	-0.213037	-0.586847	-0.624071	-0.756600	-0.123446	0.058172	-0.075201	-0.002172	-0.330204	-0.129804	0.068503	-0.017133	-0.021328
-2.693485	-0.022541	-1.590551	-0.926489	-0.831804	-0.566568	0.354555	-1.583534	-0.830923	-0.980421	-0.850208	-2.088557	-0.574128	-0.014091	-0.650451	-0.852631	1.008794	1.350225	0.379639	-0.129465	-2.263458	-0.795914	-0.104506	-1.148878	0.035669	-0.528467	-0.998422	-2.260643	-0.956676	-1.906571	-0.819621	-0.747925	-2.300973	0.909332	0.431176	-1.519702	0.902508	0.965990	0.276345	-1.210378	-0.208680	0.558107	0.681464	-0.260378	-0.657533	-0.108071	-0.930995	-1.174098	-0.941339	-0.902451	-0.772687	-0.748724	-0.346922	0.689191	-1.116708
-2.121977	1.181643	-1.164238	-1.187773	-0.458279	0.484623	0.470834	-0.909311	-0.929023	-0.131022	-2.234115	-1.805762	-0.009067	-0.345052	-0.560126	-0.605490	0.855072	0.795682	1.216363	0.916891	-1.834670	-1.036092	-0.035150	-1.442625	-0.100628	-0.297998	-1.885484	-2.214721	-0.292044	-2.296255	-1.143412	-0.828679	-1.636268	1.670749	-0.035053	-1.334739	1.343748	0.965978	0.754424	-1.150776	1.128435	1.723089	0.837893	0.515431	-0.359048	0.803552	-0.935029	-1.581472	-1.107852	-1.284967	-0.739067	-0.728998	-0.070889	1.422887	-1.822623
-0.946045	1.325145	-0.946722	-1.238362	-0.120383	0.643096	-0.360342	0.217709	-0.510879	0.720619	-2.221991	-0.377603	0.189022	-0.295600	-0.077891	-0.197823	-0.287419	-0.918808	0.719249	0.489274	-0.925499	-0.719420	-0.263363	-0.639860	0.155940	-0.798614	-1.694104	-1.435647	-0.303431	-1.549731	-1.206174	-0.359336	-0.401297	1.880698	-0.149799	-0.465756	1.275529	0.215687	0.915455	-0.483348	1.059113	1.576771	0.105074	1.404215	-0.132832	1.340782	-0.238347	-0.726672	-0.887245	-1.082806	-0.714999	-0.117901	0.855114	1.723138	-1.537030
0.497446	0.494652	-0.700951	-0.782807	-0.234388	-0.012847	-1.286282	1.185712	0.288430	1.072075	-0.830456	1.188192	0.352730	-0.074051	0.653251	0.115490	-1.036914	-2.314598	-0.354620	-0.428725	0.541098	-0.086359	-0.168161	0.383376	0.628404	-1.386630	0.024721	-0.165048	-0.545050	0.144134	-0.653028	0.096401	0.869567	1.304056	-0.010080	0.281712	0.804453	-0.498130	0.439229	0.602620	-0.121081	0.632707	-0.641547	1.861412	-0.157541	1.266376	0.365821	0.694091	-0.582458	-0.556907	-0.855551	0.648604	1.378899	1.321824	-0.132623
2.138580	-0.235076	0.115996	0.372440	-0.368683	-0.376976	-1.261333	1.490948	1.236216	0.873978	1.130979	1.954548	0.777651	0.471779	1.510946	0.197329	-0.631390	-2.191550	-0.728131	-0.406563	2.151634	0.466627	0.173465	0.826795	1.312711	-1.018293	2.392387	1.324552	-0.233810	1.970870	0.306528	0.046017	2.082437	0.256813	-0.000495	0.381611	0.330264	-0.397482	-0.343297	1.390982	-0.957034	-0.196323	-0.653935	1.408190	-0.305122	0.725347	0.351661	1.544896	-0.049691	0.138537	-0.710997	1.372158	0.778023	0.460176	1.607508
3.220105	-0.325093	1.176814	1.615044	-0.176577	-0.165077	-0.347350	1.059315	1.943222	0.350703	2.667785	1.657318	1.030176	1.436593	2.106183	-0.086338	0.226439	-0.960249	-0.350020	0.291599	2.818113	0.696733	0.083389	0.816360	2.123278	0.158643	3.657960	2.349454	0.342263	3.000806	1.053967	-0.276295	2.872161	-0.460649	-0.155737	0.113479	0.231932	0.228273	-0.836222	1.279336	-0.924725	-0.639448	-0.154246	0.083800	-0.321057	-0.011420	0.067405	1.390644	0.692284	0.749918	-0.052304	1.935737	-0.300614	-0.243700	2.263048
2.678711	-0.343856	1.367618	1.833226	-0.104350	-0.320629	0.432763	0.291377	1.970634	-0.208897	3.096561	0.731216	0.525662	2.234859	1.893711	-0.728984	0.491054	-0.008823	-0.282458	0.142425	1.904163	0.694996	-0.536075	0.976455	2.528808	0.777409	2.876700	2.020894	0.026857	2.799452	1.264549	-0.158652	2.463331	-0.353655	-0.185346	0.192940	0.505320	0.269777	-0.762586	0.556931	-1.032104	-0.938476	0.063864	-1.370111	-0.088895	-0.657069	0.194500	0.829037	0.979080	0.693585	0.459732	1.910901	-0.631307	-0.404954	1.040855
0.692817	-0.892122	0.214529	0.645713	-0.645433	-1.377402	0.389519	-0.336124	1.142551	-0.569117	2.309436	-0.105828	-0.517743	2.027671	0.883482	-1.379497	0.107015	-0.062399	-1.045473	-1.335317	0.159916	0.705759	-0.923263	1.443907	1.988307	0.019354	0.991373	0.278233	-1.499367	1.635075	1.131130	0.660617	0.707328	0.125559	-0.084430	0.833537	0.672553	-0.784840	-0.331039	0.068378	-2.088140	-1.166296	-0.381651	-2.044467	0.210603	-0.955702	0.819125	0.667593	0.209075	-0.334373	0.014501	0.989819	-0.044020	-0.307997	-1.153013
-1.062025	-1.590631	-1.260655	-0.983564	-1.350962	-2.374974	-0.085260	-0.655400	-0.192778	-0.609498	0.824419	-0.393041	-1.161681	0.761437	-0.155445	-1.530547	-0.178381	-0.584206	-1.866600	-2.720854	-0.957771	0.813999	-0.491098	1.747794	0.717877	-1.187086	-0.184220	-1.592383	-2.903915	0.252153	0.994762	1.632617	-1.232773	0.054080	-0.203725	1.477079	0.219369	-2.069077	0.069925	0.176835	-3.219778	-1.105576	-1.042288	-1.659544	0.317537	-0.805465	1.406009	1.016261	-1.165895	-1.628064	-1.097649	-0.279904	0.360306	-0.521794	-2.409582
-1.213714	-1.601287	-1.593100	-1.672305	-1.262023	-2.040519	-0.181823	-0.771242	-1.290735	-0.387124	-0.493424	-0.223200	-0.809374	-0.662383	-0.559495	-1.007112	0.023541	-0.702567	-1.774621	-2.463127	-0.829940	0.888902	0.394706	1.553733	-0.373547	-1.278469	0.039568	-2.053993	-2.625290	-0.577955	1.026084	2.039845	-1.888623	-0.833525	-0.564050	1.548417	-0.781698	-2.289523	0.239644	0.449764	-2.889217	-0.694725	-1.161885	-0.712979	0.260951	-0.375383	1.536837	1.337269	-1.917713	-1.946438	-1.636783	-0.842285	-0.269115	-1.112499	-1.805026
-0.203696	-0.845156	-0.577466	-1.019723	-0.225950	-0.527646	0.231592	-0.826159	-1.545926	-0.160928	-1.041116	-0.072216	0.102546	-1.379004	-0.591862	-0.177359	0.278095	-0.283373	-0.857550	-0.844273	-0.186779	0.779233	0.872010	1.041442	-0.606232	-0.057669	0.696938	-0.949073	-0.796171	-0.529303	1.198076	1.685652	-1.103686	-1.797863	-0.593908	1.100953	-1.618594	-1.236458	0.208236	0.321286	-1.019758	-0.278993	-0.543680	0.074473	0.272019	-0.052237	1.231657	1.167974	-1.379025	-0.876255	-0.944765	-0.388248	-1.382987	-1.541987	-0.303763
0.485546	-0.177163	0.607285	0.179099	0.784449	0.729866	0.529111	-0.898580	-0.967615	-0.216440	-0.938955	-0.308907	0.633301	-1.422945	-1.022796	0.366185	0.024928	0.107609	-0.052355	0.426166	-0.044518	0.464323	0.527273	0.499980	-0.165715	1.084863	0.578166	0.375840	0.834990	0.068384	1.335065	0.853053	-0.167224	-1.972060	0.079883	0.526010	-1.613133	0.030625	0.018072	-0.268287	0.747303	-0.306844	0.175648	0.251617	0.312495	-0.160222	0.628440	0.559641	-0.161587	0.627468	0.208036	0.192003	-1.772207	-1.409773	0.524786
0.179991	-0.339411	0.914761	0.950050	0.780367	0.742784	0.259463	-0.971370	-0.109870	-0.531942	-0.793943	-0.843921	0.400427	-1.413549	-1.984156	0.299544	-0.633119	0.050435	0.011977	0.294646	-0.501327	0.030039	-0.259050	-0.027619	0.235358	0.946607	-0.378555	0.621797	0.865500	0.505426	1.190850	-0.083555	-0.281867	-1.329571	0.872815	-0.010683	-0.778513	0.436241	-0.361310	-0.899044	0.990458	-0.829427	0.203007	-0.269340	0.004622	-0.644029	-0.151657	-0.094623	0.556846	1.237831	0.575312	-0.143708	-1.097133	-0.967809	0.251922
-0.489394	-1.095071	0.519728	1.002991	-0.166726	-0.037710	-0.246394	-0.881120	0.442780	-0.707677	-0.962483	-1.255234	-0.115904	-1.598442	-2.645651	-0.206395	-1.056711	-0.234883	-0.403621	-0.584670	-0.849456	-0.405385	-0.740052	-0.535982	0.124568	-0.099513	-1.304268	-0.159086	-0.345872	0.273009	0.650615	-0.796858	-1.260242	-0.595881	0.743545	-0.524518	0.224002	-0.037762	-0.838991	-1.089383	0.064921	-1.360100	-0.485105	-1.189193	-0.802455	-1.065758	-0.763781	-0.444749	0.254926	0.583036	-0.136025	-1.370651	-0.211932	-0.713660	-0.296608
-0.696432	-1.553303	0.281851	0.644274	-1.093283	-0.485514	-0.343365	-0.426486	0.489804	-0.386216	-1.157815	-1.216429	-0.257495	-1.536506	-2.183218	-0.633829	-0.843246	-0.232055	-0.612178	-0.885969	-0.620991	-0.682616	-0.457304	-0.796597	-0.395040	-0.728832	-1.548411	-0.914555	-1.314377	-0.520673	-0.070946	-0.989499	-1.878644	-0.364151	-0.542888	-0.826727	0.687283	-0.588503	-1.068736	-0.641909	-0.556989	-1.293545	-1.067584	-1.829531	-1.609153	-0.997707	-0.722586	-0.382489	-0.501061	-0.560041	-1.099776	-2.435074	-0.060735	-0.726949	-0.318600
-0.363459	-1.198912	0.606007	0.262679	-1.149579	-0.088846	0.115191	0.332638	0.222982	0.304982	-0.851847	-0.743662	0.128088	-0.773495	-0.817275	-0.517219	-0.243704	0.245573	-0.288234	-0.151693	-0.065647	-0.578955	0.426455	-0.552184	-0.899260	-0.269304	-1.185413	-0.880911	-1.096611	-1.227909	-0.505508	-0.533177	-1.270250	-0.536247	-1.986456	-0.575173	0.395737	-0.586198	-0.711870	0.247095	-0.084161	-0.521836	-0.824791	-1.563998	-1.667933	-0.427864	0.046109	0.000498	-0.725383	-1.198046	-1.397177	-2.357198	-0.640064	-0.669178	0.094824
0.088213	-0.427460	1.128695	0.079818	-0.298783	0.735758	0.639029	0.958363	-0.015222	0.873309	0.025417	-0.064129	0.746494	0.399381	0.378550	0.144603	0.187989	0.858314	0.209487	0.943744	0.400812	0.036868	1.285365	0.117017	-1.054542	0.662617	-0.587408	-0.244503	-0.076764	-1.199184	-0.325541	0.351619	0.226688	-0.610891	-2.341283	0.236727	-0.304768	-0.144196	0.108018	1.099472	0.871663	0.394505	0.005412	-0.500922	-0.810233	0.239397	0.970373	0.532957	-0.033458	-0.993727	-0.858906	-1.181152	-1.134936	-0.316831	0.335623
0.427987	-0.046543	1.317070	0.185360	0.819837	1.323373	0.683445	0.984719	0.022823	0.994418	0.905507	0.630135	1.290974	1.068013	0.635757	0.831591	0.184319	1.098373	0.223497	1.530603	0.774009	0.934814	1.491412	0.793802	-0.825121	1.006085	-0.002573	0.314109	0.711743	-0.366505	0.289338	1.176609	1.503130	-0.322605	-1.402124	1.076189	-0.858362	0.153850	0.739438	1.441813	1.238696	0.752088	0.538675	0.464988	0.302623	0.563461	1.354807	1.012692	0.994211	-0.255738	0.055144	0.077263	-0.860046	0.145794	0.124291
0.759742	-0.351610	1.100581	0.591074	1.540607	1.446050	0.244448	0.425711	0.341926	0.807848	1.128474	1.253707	1.608041	0.604157	0.216575	0.984733	-0.047213	0.811154	-0.431877	1.399087	1.269171	1.549107	0.869285	1.114215	-0.421708	0.478600	0.360701	0.414263	0.720283	0.685942	0.763779	1.515870	1.794329	0.096196	-0.155104	1.330383	-0.940660	-0.078166	0.578154	1.146593	0.740479	0.414715	0.354314	0.541743	0.856027	0.451755	1.060220	1.222973	1.447370	0.619884	0.866936	0.401345	0.048868	0.351402	-0.202797
1.168423	-0.800828	0.872399	1.203769	1.689135	1.365157	-0.123658	-0.175778	0.708883	0.699314	0.623036	1.744567	1.612320	-0.617637	-0.046337	0.603861	-0.092432	0.384394	-1.070284	0.989352	1.808972	1.472606	-0.127266	1.092277	-0.091207	-0.128746	0.249203	0.225370	0.270228	1.275972	0.698939	1.287688	1.322004	0.225739	0.338325	0.933526	-0.638447	-0.613025	-0.218077	0.568920	0.061908	-0.051449	0.015931	-0.072573	0.743504	0.227633	0.566570	1.053930	1.030481	1.440770	1.395592	-0.212185	0.798501	0.132651	-0.138769
1.470835	-0.618064	0.940081	1.757129	1.542232	1.413660	0.119787	-0.310369	0.825233	0.881933	-0.022295	1.994113	1.299015	-1.489438	0.295760	0.252699	0.297994	0.389155	-0.682199	0.793202	1.984384	0.901554	-0.705352	1.016581	0.092264	0.144438	-0.323610	0.075790	-0.002757	1.208680	0.281032	0.755814	0.853182	-0.048223	0.047968	0.403635	-0.267041	-0.809479	-0.716711	0.248208	-0.038025	0.041070	0.363938	-0.371760	0.631528	0.337510	0.419294	0.649755	0.299824	2.028084	1.620673	-0.726587	0.728050	-0.314734	0.379280
1.344887	0.365354	1.075181	1.842004	1.369215	1.611590	0.889444	-0.064490	0.549434	1.182296	-0.173676	1.865271	0.816316	-1.205926	0.967158	0.387762	1.018697	0.971235	0.968545	0.868708	1.498939	0.412538	-0.404712	1.040496	0.253270	1.289594	-0.840210	0.008329	0.126961	0.768346	-0.004246	0.269158	0.724944	-0.389178	-0.164083	0.216048	-0.050389	-0.266493	-0.121625	0.351973	0.456092	0.817269	1.467382	0.364945	1.141156	0.915675	0.669344	0.313106	-0.004071	2.060447	1.495862	-0.162639	-0.031442	-0.578470	0.841002
0.674843	1.547928	0.754435	1.194256	1.136482	1.652875	1.493134	0.020339	0.013275	1.190354	0.234569	1.297037	0.336515	-0.013636	1.426830	0.781029	1.670988	1.614564	2.880125	0.870254	0.510196	0.282546	0.393515	0.961891	0.524328	2.221441	-0.674863	-0.169043	0.369210	0.267738	-0.026119	-0.031872	0.522953	-0.357999	0.325109	0.267682	0.033118	0.711421	1.268454	0.467953	0.908747	1.721858	2.484876	1.755150	2.072506	1.586498	0.834663	0.181022	0.290452	1.355671	1.011917	1.320265	-0.642725	-0.354705	0.686663
-0.216726	2.187299	-0.105569	0.082000	0.705864	1.228632	1.346378	-0.345007	-0.427447	0.669832	0.746928	0.455806	-0.152779	1.111610	1.401592	0.747665	1.832290	1.595287	3.619313	0.480882	-0.461024	0.223595	0.757111	0.506387	0.849781	1.887056	0.200426	-0.453285	0.408351	-0.176475	-0.159318	-0.270446	-0.178048	0.129661	1.203529	0.103674	0.139358	1.366891	2.209257	0.095411	0.780615	2.034420	2.542285	2.660553	2.574797	1.767198	0.422972	0.091313	0.745031	0.262117	0.359213	2.585288	-0.319162	0.304602	-0.045212
-0.745730	2.057348	-0.862613	-0.733021	0.166800	0.346800	0.600699	-0.818711	-0.416331	-0.127823	0.959337	-0.234332	-0.756988	1.473674	0.938967	-0.067464	1.380897	0.708678	2.637932	-0.206606	-0.887752	-0.116169	0.182890	-0.223858	1.017656	0.373561	1.065031	-0.478717	0.289851	-0.445051	-0.679669	-0.595349	-1.017545	0.721042	1.746257	-0.398286	0.333074	1.217253	1.765960	-0.675261	0.135384	1.498201	1.579777	2.346607	2.091211	1.243106	-0.483542	-0.139812	0.855830	-0.478727	-0.128345	2.711353	0.925718	1.036005	-0.698885
-0.618609	1.485673	-0.841847	-0.686201	-0.203572	-0.658062	-0.091455	-0.874675	0.075102	-0.649463	0.894003	-0.380667	-1.353845	1.228712	0.189969	-1.252853	0.584933	-0.512524	0.727036	-0.761606	-0.593194	-0.598377	-0.781284	-0.778617	0.883745	-1.232864	1.122609	0.071045	0.256715	-0.315093	-1.236208	-0.937499	-1.163162	0.976900	1.732465	-0.818911	0.509032	0.462634	0.307518	-1.177727	-0.539994	0.483328	0.276376	1.195375	0.986852	0.383663	-1.246816	-0.432729	0.505325	-0.412986	-0.256700	1.812143	2.222461	1.461223	-0.709433
-0.209039	0.944218	-0.226450	-0.102232	-0.266169	-1.385238	-0.389097	-0.476991	0.590155	-0.650363	0.775149	-0.074170	-1.588670	0.971602	-0.643723	-2.018093	-0.190615	-1.332539	-0.810348	-0.865665	0.077729	-0.789782	-1.119722	-0.902666	0.522917	-1.987883	0.285898	0.972951	0.370478	0.204678	-1.224355	-1.074163	-0.424137	0.764957	1.527532	-0.771758	0.550862	-0.338223	-0.924268	-0.966016	-0.813735	-0.421540	-0.714403	0.176323	0.116258	-0.300595	-1.357654	-0.616057	-0.026747	0.165959	-0.142352	0.662349	2.578409	1.446879	-0.238614
-0.199823	0.698358	0.072042	0.041985	-0.162774	-1.622478	-0.575871	-0.100814	0.486875	-0.528346	0.594802	0.062830	-1.320860	0.939094	-1.233385	-1.937692	-0.821586	-1.476718	-1.304539	-0.611541	0.475776	-0.624726	-0.542412	-0.868050	0.130382	-1.846229	-0.768053	1.578478	0.464783	0.599142	-0.629421	-0.903920	0.329208	0.303460	1.349099	-0.479337	0.480163	-0.878259	-1.173990	-0.419693	-0.561056	-0.922388	-1.273794	-0.258876	-0.142066	-0.726917	-0.993913	-0.798108	-0.370581	0.543008	-0.054679	-0.188758	1.744958	1.083397	0.054122
-0.770199	0.680264	-0.489308	-0.795446	-0.145712	-1.423412	-0.967729	-0.115850	-0.456206	-0.843374	0.099020	-0.487978	-0.890113	0.806645	-1.250967	-1.254163	-1.333650	-1.208524	-1.028427	-0.301742	0.229688	-0.555835	0.193616	-1.104679	-0.209966	-1.310870	-1.264776	1.448161	0.427981	0.252388	-0.151552	-0.555844	0.124345	-0.122295	0.854914	-0.523583	0.360476	-1.249697	-0.859209	-0.322579	0.050123	-1.091489	-1.573762	-0.482008	-0.199563	-1.166980	-0.739676	-1.280059	-0.430943	0.274367	-0.136749	-0.719227	0.383937	0.489383	-0.166688
-1.336410	0.570976	-1.415727	-2.040346	-0.372622	-1.035330	-1.289268	-0.332127	-1.699516	-1.498358	-0.775532	-1.455108	-0.723484	0.275431	-0.683127	-0.501980	-1.529612	-0.876338	-0.594168	-0.046436	-0.375878	-0.940130	0.278557	-1.614675	-0.611525	-0.689060	-0.978459	0.747151	0.369903	-0.793077	-0.354624	-0.226357	-0.920935	-0.372355	-0.292769	-1.048586	0.172776	-1.499607	-0.808714	-0.859301	0.667280	-1.007363	-1.549563	-0.874520	-0.558163	-1.597593	-0.842568	-2.014647	-0.500595	-0.550109	-0.321717	-1.046969	-0.584224	-0.213067	-0.572906
-1.291776	0.142368	-1.812225	-2.634885	-0.843462	-0.749819	-0.942172	-0.192721	-2.269138	-1.652886	-1.610569	-1.956980	-0.776754	-0.356987	0.091550	0.062154	-0.999291	-0.553325	-0.293235	0.287664	-0.774054	-1.489297	-0.111985	-1.967471	-1.211306	0.046751	-0.299944	-0.028423	0.456883	-1.712432	-0.947469	-0.014846	-1.713277	-0.337842	-1.609737	-1.460386	-0.024558	-1.271172	-1.056109	-1.271768	0.955122	-0.511774	-0.871923	-1.074179	-1.037271	-1.416964	-1.003240	-2.406658	-0.922032	-1.568853	-0.460171	-1.123402	-0.697565	-0.685043	-0.745472
-0.848014	-0.365460	-1.457754	-2.237409	-1.390355	-0.719057	0.189609	0.669562	-1.548108	-0.640832	-1.790979	-1.446354	-0.616041	-0.454788	0.650307	0.595982	0.338938	-0.108788	-0.026085	0.731839	-0.829428	-1.529974	-0.087081	-1.853377	-1.927405	0.831999	0.168913	-0.570381	0.668886	-1.695181	-1.158177	0.047648	-1.492716	0.214108	-1.926023	-1.066907	0.089914	-0.156652	-0.768865	-0.686374	0.839794	0.556886	0.511417	-0.383826	-0.955167	-0.098566	-0.910286	-1.902911	-1.584025	-2.391025	-0.446844	-0.931241	-0.055704	-0.354664	-0.790860
-0.791522	-0.370206	-0.890106	-1.463492	-1.691874	-0.829506	1.503578	2.018227	0.124037	1.148571	-1.098362	-0.269411	-0.044898	0.132699	0.913060	1.261695	1.895327	0.509604	0.351382	1.006387	-0.879438	-0.774551	0.739893	-1.414236	-2.423669	1.311836	0.080572	-0.879456	0.792833	-0.763526	-0.699383	-0.088228	-0.678864	1.389595	-0.602649	0.084872	0.799544	1.579541	0.530551	0.796031	0.521207	1.966461	2.015965	1.149163	-0.024957	1.936853	-0.682871	-0.705416	-1.894434	-2.618451	-0.257578	-0.713940	0.982528	1.044890	-1.079302
-1.361688	0.360688	-0.522889	-0.932788	-1.467536	-0.791182	2.279977	3.026778	1.628559	2.530309	0.019948	0.822227	0.602226	0.760407	1.114247	1.788069	2.841146	1.119039	0.777189	0.809233	-1.008956	0.303781	1.694437	-0.953094	-2.343163	1.177982	-0.417323	-0.989360	0.624769	0.325832	-0.069071	-0.434199	-0.231761	2.695310	1.483960	1.187354	1.767554	2.913063	2.041308	2.077414	0.177162	3.081246	2.795267	2.452217	1.196530	3.421465	-0.600980	0.361887	-1.420220	-2.008822	0.006688	-0.697075	1.924257	2.837333	-1.526311
-1.762688	1.242172	-0.172009	-0.529332	-0.822379	-0.463569	2.263385	2.819998	1.986848	2.656972	0.819410	1.457026	0.872923	0.675165	1.432958	1.616447	2.829932	1.378885	1.020379	0.235321	-0.718542	0.921181	1.889805	-0.524483	-1.618427	0.526414	-0.791212	-0.832141	0.139280	0.896104	0.147906	-0.796996	-0.446137	3.117224	2.507522	1.515623	2.053664	2.941084	2.400811	2.249026	-0.246377	3.295418	2.436674	2.427804	1.819510	3.357839	-0.596997	0.758563	-0.505083	-0.846632	0.069641	-0.663006	2.145605	3.614530	-1.555524
-1.112929	1.326515	0.375469	0.110852	-0.313927	-0.098856	1.585266	1.291711	1.220296	1.720673	0.920066	1.691256	0.705341	-0.110282	1.724627	0.589732	2.128825	1.046580	0.863420	-0.275875	0.324056	0.768329	1.354552	0.012126	-0.593199	-0.226925	-0.577168	-0.464609	-0.490986	0.893277	0.023612	-0.749147	-0.735948	2.001450	1.435268	1.154596	1.017280	1.773194	1.255641	1.610028	-0.822719	2.449376	1.199173	1.056600	1.391429	1.903229	-0.292137	0.781288	-0.036278	0.064918	-0.375260	-0.185794	1.245248	2.439485	-0.854531
0.317498	0.270286	0.771640	0.751861	-0.446023	-0.108884	0.436068	-0.604957	0.247933	0.528876	0.564625	1.493515	0.399520	-0.837851	1.620973	-0.626925	1.135363	0.247137	0.278541	-0.415039	1.483909	0.258351	0.912726	0.638880	0.197546	-0.698931	0.143306	-0.236236	-0.995753	0.651680	0.119437	0.037428	-0.540342	-0.148612	-0.903016	0.755679	-0.853126	0.326181	-0.321643	1.206891	-1.319242	0.882501	-0.311545	-0.679941	0.133604	0.081088	0.464344	1.039541	-0.504726	0.103966	-1.290176	0.611045	-0.447724	-0.152280	0.160198
1.260729	-1.261868	0.495673	0.737731	-1.052573	-0.508770	-0.920008	-1.675525	-0.127617	-0.375105	0.199497	0.654160	0.207166	-0.869327	0.912118	-1.062172	0.032747	-0.529760	-0.478119	-0.263390	1.646900	-0.053191	0.949183	1.074921	0.473461	-0.771534	0.793853	-0.496174	-1.178866	0.361846	0.648011	1.255448	-0.015825	-1.968117	-2.630798	0.640206	-2.285102	-0.690713	-1.099972	1.395561	-1.326107	-0.784098	-1.521904	-1.817488	-1.305986	-1.194893	1.263448	1.522781	-1.417210	-0.482446	-2.095943	0.935080	-1.990867	-2.546123	0.829990
0.912376	-2.182765	-0.360513	-0.033217	-1.378631	-0.756239	-1.996886	-1.658521	-0.021160	-1.014513	-0.065627	-0.690592	0.081006	-0.332289	-0.113701	-0.418599	-1.059828	-0.824539	-0.942473	-0.062166	0.521544	-0.171044	0.750815	1.030761	0.457763	-0.592912	0.943206	-1.108653	-1.034835	-0.047502	1.063814	1.868962	0.376021	-2.403698	-2.616438	0.400124	-2.472721	-1.235139	-0.959246	1.287969	-0.757667	-1.924773	-2.054507	-2.109349	-2.210407	-1.698839	1.413288	1.486280	-1.741618	-0.803441	-2.053886	0.291340	-2.634759	-3.456874	1.020260
-0.117216	-1.911185	-1.086143	-0.801691	-0.882136	-0.333619	-2.334378	-1.291436	-0.141522	-1.579682	-0.425561	-1.822368	-0.210785	0.136808	-0.785310	0.669061	-1.886827	-0.624748	-0.733995	0.074364	-0.983043	-0.571518	-0.568148	0.464863	0.571194	-0.420778	0.783275	-1.423968	-0.649925	-0.589836	0.642524	0.918708	0.650146	-1.542163	-1.312506	-0.465191	-1.789217	-1.353971	-0.639114	-0.078121	-0.016668	-2.206121	-1.844798	-1.850209	-2.213807	-1.737051	0.544195	0.351210	-0.868643	-0.252983	-0.953691	-0.687231	-2.396631	-2.853324	1.183937
-0.532111	-0.762140	-1.101167	-0.766804	0.179260	0.590455	-1.968397	-1.140313	-0.807953	-2.035980	-0.903410	-2.038121	-0.790690	0.095770	-0.686881	1.419503	-2.211002	-0.289772	0.093165	0.112797	-1.793636	-1.404862	-2.669937	-0.384831	0.843024	-0.383689	0.790768	-0.857156	-0.003931	-1.028281	-0.622262	-1.366081	1.234440	-0.333494	0.018474	-1.704877	-1.147550	-0.721931	-0.619728	-2.265442	0.469505	-1.817746	-1.233034	-1.398296	-1.637894	-1.710675	-0.991987	-1.454380	0.909089	0.963199	0.660214	-0.832749	-1.797985	-1.631281	1.719501
0.187587	0.436605	-0.434297	0.093498	1.073824	1.304462	-1.425129	-0.823660	-1.550936	-2.209302	-1.171799	-1.373933	-1.464507	-0.390940	-0.168397	1.677194	-2.072074	-0.069956	0.981254	-0.037674	-1.709728	-2.059454	-3.999812	-1.112202	0.806782	-0.330448	1.024077	0.529309	0.968885	-1.091534	-1.859702	-3.427609	2.161116	0.337904	0.546639	-2.417783	-0.881001	0.742177	-0.741791	-3.613137	0.725469	-1.347355	-0.752418	-0.987541	-1.221033	-1.803552	-2.265436	-2.726301	2.714641	2.206806	2.018868	0.144375	-1.245152	-0.669957	2.444494
1.321264	1.061687	0.499255	1.157415	1.402742	1.381739	-1.113114	0.210661	-1.713341	-2.050786	-0.943726	-0.517411	-1.789679	-0.967666	0.012615	1.701730	-1.731593	0.117517	1.284761	-0.385932	-1.232997	-1.767237	-3.392349	-1.337318	0.148888	0.018228	1.042913	2.045337	2.036819	-0.771007	-2.108689	-3.654292	2.755156	0.282978	0.305309	-2.048022	-0.547741	2.119142	-0.768920	-3.024128	1.071552	-1.223448	-0.619477	-0.708921	-1.238487	-1.870536	-2.428149	-2.600308	3.717000	3.021316	2.787531	1.251291	-0.777513	-0.238516	2.748589
1.814577	1.130389	1.273207	1.840273	1.445627	1.166511	-0.851531	1.452751	-1.185802	-1.605755	-0.382937	-0.049190	-1.405709	-1.250011	-0.389503	1.481912	-1.364018	0.392946	0.883957	-0.616278	-0.738047	-0.562365	-1.420477	-0.968371	-0.676797	0.703437	0.533168	2.890609	2.574186	-0.329574	-1.235382	-1.894403	2.347697	-0.090150	-0.188356	-1.043655	0.225171	2.123915	-0.734689	-1.258464	1.589177	-1.237419	-0.476128	-0.407367	-1.061758	-1.543060	-1.417587	-1.401199	3.556309	3.238809	3.082861	1.400323	-0.251695	-0.070764	2.206350
1.379042	1.105540	1.563192	1.952243	1.720890	1.302798	-0.172991	1.580268	-0.371177	-0.787518	0.045223	0.065454	-0.330204	-0.935679	-0.803788	0.768827	-0.894956	0.660199	0.351125	-0.213951	-0.168195	0.665436	0.209684	-0.280687	-0.799894	1.379542	-0.273374	2.644451	2.084419	-0.049947	-0.014165	0.428771	1.071768	-0.333063	-0.389036	-0.310401	1.066943	0.686803	-0.566836	-0.076127	1.971452	-0.772110	0.181945	0.256183	0.027336	-0.562287	0.000369	-0.273934	2.443534	2.750690	2.951625	0.665238	0.390208	0.143805	1.034856
0.612545	1.237360	1.216087	1.581420	2.293043	1.864496	0.916295	0.134700	0.387108	0.519902	0.108453	0.245327	1.043340	-0.009361	-0.614093	-0.195466	-0.213085	0.804039	0.342361	0.973861	0.576033	1.164474	0.568765	0.384170	0.031209	1.603998	-0.901454	1.459750	0.843574	0.012425	0.712427	1.774390	-0.284303	-0.427683	-0.015265	-0.113775	1.223307	-0.708930	0.120205	-0.174168	1.922642	0.369779	1.253397	1.309773	1.612786	0.827724	1.003874	0.082075	0.993172	1.517725	2.137597	-0.012223	0.971038	0.317328	-0.013157
0.195949	1.112615	0.419487	0.895216	2.586743	2.133534	1.658331	-1.637509	1.022284	1.970754	0.028389	0.683692	2.145389	1.017998	-0.023821	-0.596601	0.456780	0.854911	0.757684	2.271460	1.259220	1.073287	0.366823	0.924394	1.063564	1.208936	-1.122779	-0.015731	-0.236790	0.033812	0.813083	1.878497	-1.090649	-0.742665	0.654321	0.116409	0.439784	-0.760858	1.350051	-0.510184	1.473460	1.445294	1.845127	2.049506	2.205382	1.796673	1.451913	0.110843	-0.152542	-0.162963	0.538686	-0.158371	1.101407	0.032530	-0.248005
0.194721	0.031375	-0.327991	0.101204	1.961603	1.351938	1.238104	-2.165325	1.433852	2.640295	0.096948	1.043866	2.462421	1.337108	0.131165	-0.119988	0.560724	0.720756	0.703908	2.487625	1.437741	0.970117	0.730825	1.334361	1.417520	0.337090	-1.012768	-0.990576	-0.563687	0.168737	0.703685	1.573661	-1.319829	-1.491323	0.793323	0.774104	-0.718667	-0.048289	2.150772	0.082379	0.776234	1.330007	1.078511	1.521098	0.855663	1.486763	1.699086	0.619174	-0.725693	-1.626384	-1.266139	-0.234920	0.449099	-0.857131	0.355042
0.215007	-2.008095	-0.611163	-0.519328	0.471939	-0.349591	-0.200328	-1.451798	1.363906	1.849253	0.234785	0.800128	1.857533	0.568800	-0.595908	0.324344	-0.151856	0.090088	-0.458685	1.043161	0.936199	0.991721	1.633827	1.438264	1.114636	-0.737296	-0.723352	-1.072843	-0.518828	0.346409	0.654616	1.523772	-1.266473	-2.276978	-0.180025	1.317618	-1.418027	-0.286380	1.370867	1.207838	-0.185028	-0.216338	-0.821044	-0.315680	-1.513112	-0.037566	1.863981	1.546527	-0.954426	-2.272311	-2.271827	-0.696645	-0.842003	-1.781121	1.093177
0.022120	-3.815921	-0.498301	-0.723329	-1.081911	-1.934677	-1.487120	-0.874040	0.788086	0.128459	0.135405	-0.123823	0.815486	-0.782960	-1.678734	-0.371184	-1.070313	-1.014907	-2.142294	-1.180375	0.106859	0.821890	2.062149	1.084305	0.869900	-1.680051	-0.384699	-0.595724	-0.924910	0.395293	0.610763	1.577005	-1.129850	-2.339711	-1.669084	0.980564	-1.280511	-1.911148	-0.649037	1.519369	-1.394498	-1.984224	-2.455872	-2.158585	-2.855695	-1.499448	1.664971	2.005674	-1.248389	-2.063731	-1.980299	-1.187559	-2.011126	-1.843448	1.118642
-0.265964	-3.857726	-0.456285	-0.565952	-1.912582	-2.440842	-1.623375	-1.160280	0.162000	-1.084736	-0.211831	-1.157076	0.132082	-1.724757	-2.150202	-1.881233	-1.210345	-1.869307	-2.986881	-2.490400	-0.505272	0.393869	1.448247	0.505971	1.017530	-2.123200	-0.096343	-0.302037	-1.930077	0.303057	0.585266	1.310123	-0.957859	-1.327806	-2.223160	-0.018103	-0.532092	-3.231381	-1.946955	0.680654	-2.410307	-2.369719	-2.554288	-2.501911	-2.166214	-1.514676	0.970486	1.526711	-1.685335	-1.503500	-0.948292	-1.054315	-2.176467	-0.760188	0.186893
-0.494266	-1.819798	-0.766769	-0.414196	-1.881878	-1.829008	-0.859695	-1.435515	-0.020134	-0.940086	-0.406084	-1.598331	0.151158	-1.580230	-1.559894	-2.584382	-0.389449	-1.725618	-2.356890	-2.064755	-0.708479	0.105762	0.292674	0.147295	1.175004	-1.846776	0.171983	-0.582709	-2.717861	0.233551	0.794801	0.718205	-0.752658	0.280842	-1.122792	-0.607019	0.395434	-2.448213	-1.096136	-0.200815	-2.549237	-1.083468	-1.271885	-1.186961	-0.469577	-0.110242	0.124544	0.711856	-1.842993	-1.054805	-0.234742	-0.267012	-1.155055	0.714986	-1.090452
-0.626284	0.843960	-1.079286	-0.491433	-1.322761	-0.782256	-0.244422	-0.633492	0.181934	-0.069847	-0.135989	-1.269347	0.447420	-0.420555	-0.290366	-1.546357	0.474442	-0.765322	-1.012915	-0.716879	-0.697310	0.262759	-0.617088	0.163453	1.045736	-0.976819	0.581062	-1.068962	-2.423488	0.320376	1.297969	0.160361	-0.433781	1.597512	0.698748	-0.236735	1.198500	0.025440	0.940947	-0.197791	-1.634570	0.497522	0.065851	0.509124	0.560869	1.222270	-0.393637	0.421272	-1.287252	-0.685941	-0.346339	0.613631	0.267760	1.445367	-1.753879
-0.551496	2.227103	-0.769039	-0.519490	-0.549848	0.062262	-0.259887	0.856572	0.248613	0.252098	0.388421	-0.589924	0.377938	1.068079	0.924370	0.205027	0.481424	0.052508	-0.137041	0.128772	-0.617895	0.648547	-1.058142	0.386277	0.986382	0.049138	1.150228	-1.079598	-1.130905	0.541807	1.777430	-0.086741	0.161582	2.076365	1.699874	0.443986	1.668998	1.946200	1.842242	0.196672	-0.370909	0.863293	0.467115	1.354013	0.518821	1.182622	-0.377642	0.703683	-0.236486	-0.113461	-0.871201	1.158264	1.063774	1.015574	-1.358890
-0.079973	1.811743	0.197177	-0.102118	0.193679	0.425912	-0.376784	1.645650	-0.122422	-0.385408	0.667624	-0.085867	-0.227740	1.997035	1.584988	0.812849	-0.152875	0.095962	-0.064524	-0.128253	-0.431226	0.798118	-1.294691	0.699733	1.402629	0.725864	1.552826	-0.417669	0.226414	0.770579	1.830845	-0.001744	1.024973	1.812111	1.442479	0.503882	1.640991	1.769667	0.642849	-0.119408	0.246808	-0.006348	0.201286	1.359823	0.339140	0.084923	0.083233	0.873857	0.501361	0.618859	-1.088553	1.323888	0.984126	0.128827	-0.384684
0.704264	0.763578	1.057872	0.608488	0.586965	0.229093	0.064716	1.168444	-0.614664	-1.154748	0.495926	0.067404	-1.003054	1.790438	1.586264	-0.283411	-0.429500	-0.288199	-0.247741	-1.006445	-0.240238	0.529833	-1.517740	1.083319	1.928719	0.786565	1.369065	0.440608	0.869647	0.881393	1.377450	0.281392	1.786709	1.247421	0.823014	-0.093980	1.214838	0.162629	-1.280862	-1.301515	-0.091676	-0.804786	0.207953	1.356650	0.814469	-0.598755	0.694234	0.442887	0.424991	1.071817	-0.695798	1.103852	0.718801	-0.144472	0.263574
1.318623	0.425193	1.157814	1.000693	0.476310	-0.372500	1.027846	0.353939	-0.621204	-0.997589	0.155261	0.066079	-1.415316	0.612790	1.066314	-1.790776	0.214806	-0.255020	-0.155307	-1.675783	-0.334256	0.122504	-1.584683	1.312054	1.711942	0.429807	0.557435	0.951021	0.868471	0.858870	0.737310	0.554335	1.976526	0.728222	0.746829	-0.547332	0.857276	-1.082441	-1.977646	-2.333481	-0.729979	-0.476016	0.938993	1.747920	1.728849	0.095552	0.999727	-0.360033	-0.014620	0.972370	0.109679	0.404344	0.981232	0.488247	0.179401
1.330797	0.848182	0.769536	0.804540	0.199947	-0.842620	1.945893	0.356796	0.094285	0.254612	0.044499	0.195411	-1.082367	-0.714487	0.292266	-2.087664	1.335638	0.583733	0.172264	-1.604876	-0.676953	0.040345	-1.201434	1.032648	0.496709	0.199359	-0.426971	1.078047	0.791831	0.838626	0.361961	0.604719	1.475482	0.284900	1.111946	-0.229210	0.911963	-1.058529	-1.017639	-2.207621	-0.787561	0.720626	1.961926	2.076258	2.408762	1.651429	0.657859	-0.937239	0.055761	0.616802	0.976587	-0.590219	1.600545	1.214606	-0.192119
0.828942	0.997137	0.620715	0.425860	0.245236	-0.675557	2.290418	1.133141	1.088465	1.731857	0.264503	0.552071	-0.052470	-1.383969	-0.348942	-0.957110	2.007315	1.664837	0.324110	-0.811552	-0.720050	0.462425	-0.298470	0.268880	-0.935757	0.423251	-1.002846	1.129460	0.865013	0.938629	0.415642	0.358274	0.611196	-0.219726	1.247172	0.655027	1.059066	-0.296165	0.450057	-0.955895	-0.128324	1.666990	2.467559	1.710342	2.463205	2.637546	-0.153521	-0.943918	0.824412	0.544495	1.585164	-1.263937	1.740332	1.032841	-0.177742
0.267133	0.199085	0.789852	0.299941	0.524646	-0.105143	1.797252	1.680578	1.585097	2.303622	0.605839	0.947942	0.953583	-1.178645	-0.461286	0.334793	1.639705	1.851718	-0.034701	0.071168	-0.141260	1.000237	0.703915	-0.455132	-1.555073	0.758327	-0.923833	1.180099	0.710751	0.991327	0.526725	-0.056787	-0.126311	-0.665637	0.929514	1.375320	0.715675	0.332554	1.227873	0.503337	0.516329	1.557403	1.957457	0.614326	1.839384	2.054049	-0.805407	-0.529480	1.535148	0.891500	1.646948	-1.081816	1.007251	-0.012450	0.231842
-0.090698	-0.957808	0.615261	0.241273	0.385237	0.017054	0.531421	1.470179	1.170403	1.542513	0.806626	1.068557	0.887256	-0.372065	0.040335	0.504555	0.364943	0.489851	-0.864730	0.124602	0.455918	0.971372	1.093537	-0.674435	-1.149382	0.515842	-0.417293	0.932693	-0.040751	0.600740	0.079623	-0.438155	-0.383521	-0.493704	0.561937	1.428532	0.061581	0.622377	1.121611	1.302953	0.398760	0.517368	0.595923	-0.614399	0.731944	0.227211	-0.846617	-0.101123	1.409620	1.211006	1.059815	-0.189795	0.061862	-0.720759	0.286298
-0.373939	-1.310972	-0.222231	-0.206736	-0.461652	-0.677109	-0.932826	1.086970	0.173222	0.110410	0.722327	0.816525	-0.537746	0.661112	0.683675	-0.397290	-1.056600	-1.695898	-1.670809	-0.966089	0.149923	0.134898	0.558591	-0.460009	-0.469791	-0.463238	0.046263	0.198192	-1.079055	-0.358892	-1.047192	-0.662641	-0.139549	0.685811	0.439437	0.946023	0.086865	0.809106	0.607881	1.316805	-0.401020	-0.669624	-0.864524	-1.278314	-0.302452	-1.452020	-0.424665	0.104710	0.556091	0.943734	0.134027	0.671984	-0.118047	-0.074315	-0.616485
-0.728744	-0.523105	-1.001740	-0.908421	-1.313082	-1.399511	-1.639508	1.290153	-0.645196	-0.787696	0.344138	0.506373	-2.141905	1.484985	0.719850	-1.093960	-1.690538	-2.923966	-1.766049	-2.257325	-0.920191	-0.863185	-0.309130	-0.164572	-0.377202	-1.414001	0.089778	-0.667866	-1.535809	-1.361498	-2.087738	-0.669814	0.207287	2.201844	0.287040	0.483601	1.200642	0.854635	0.058183	1.046853	-1.052683	-1.221508	-1.569255	-1.122268	-0.625013	-1.751810	0.042988	0.248058	-0.222536	0.015279	-0.547152	0.830596	0.542568	1.446785	-2.009361
-0.934238	0.548292	-0.668713	-1.063844	-1.114123	-1.009637	-1.007468	1.885083	-0.744635	-0.477074	-0.187922	0.583761	-2.194413	1.535317	-0.117984	-0.453816	-1.126501	-1.967613	-0.862163	-2.199129	-1.358765	-0.997693	-0.473226	0.104794	-0.980216	-1.304105	-0.364974	-0.964617	-0.795490	-1.563916	-1.989298	-0.377358	0.125236	2.566525	-0.209077	0.492234	2.263727	0.507762	-0.383308	0.991871	-0.792093	-0.855195	-1.237445	-0.485778	-0.247724	-0.721027	0.439914	0.633825	-0.338265	-1.022073	-0.621319	0.200480	1.114693	2.282412	-2.601003
-0.591302	0.968108	0.897307	-0.181397	0.296083	0.604416	0.474958	1.952529	-0.158905	0.579112	-0.601985	1.060168	-0.300512	0.559303	-1.166541	1.275771	0.081872	0.474784	0.552987	-0.284259	-0.147287	0.034349	0.413385	0.459216	-1.627031	0.075554	-1.017047	-0.327109	0.845971	-0.655890	-0.543544	0.216803	-0.411325	1.113907	-0.689881	0.925685	1.732102	-0.018342	-0.477606	1.177170	0.387986	0.108473	-0.428675	0.054302	0.059834	0.433934	0.921761	1.186503	0.079312	-1.431397	-0.243167	-0.700244	0.866852	1.599385	-1.613755
0.298839	0.794019	2.528914	1.133192	1.788659	2.253040	1.570415	1.011327	0.628693	1.249637	-0.676597	1.331716	1.934139	-0.818389	-1.366286	2.631700	0.873641	2.317590	1.586720	2.123389	1.832319	1.303466	1.492418	0.752139	-1.617489	1.734288	-1.225373	0.770697	2.282686	0.677105	1.199201	0.798596	-0.724388	-0.927979	-0.496897	1.243184	-0.358152	-0.048978	-0.022305	1.231645	1.683111	1.018171	0.015724	0.214129	-0.297373	0.643525	1.353021	1.336817	0.436133	-0.954001	0.113274	-1.124937	0.109436	0.208297	0.283908
1.107094	0.613524	2.719698	1.671249	1.916089	2.571477	1.422861	-0.483938	1.001287	0.800776	-0.465361	0.757076	2.498452	-1.469708	-0.342999	2.394284	0.764220	2.158965	1.735900	3.018555	2.575050	1.454213	1.566278	0.549796	-0.825124	2.292044	-0.416362	1.256712	2.380635	1.299184	1.845869	0.820345	-0.242101	-1.694980	0.173583	0.827801	-2.294436	0.584814	0.600563	0.830187	2.010304	1.330459	-0.153182	0.088655	-1.008839	0.007047	1.167566	0.663356	0.185325	-0.100200	0.055067	-0.676184	-0.499363	-0.642822	1.646703
1.090343	0.393272	0.992248	0.893756	0.347825	1.284052	0.259710	-1.731292	0.560343	-0.474614	-0.247378	-0.538153	1.116375	-0.976298	1.128853	0.853292	0.264600	0.585615	1.209428	1.865246	1.321697	0.140725	0.460258	-0.229413	0.285749	1.255244	1.154433	0.436991	0.904521	0.724331	1.023431	0.088543	0.589815	-0.911075	0.189865	-0.390898	-2.681839	1.057524	0.554189	0.049120	0.896434	0.901178	-0.441706	-0.219415	-1.366705	-0.584750	0.097227	-0.436399	-0.735705	0.304226	-0.448495	0.277572	-0.976921	-0.857580	1.752631
0.177210	-0.347476	-1.526617	-0.500098	-1.621046	-0.568490	-1.011128	-2.227414	-0.495744	-1.572874	-0.198596	-1.611665	-0.603596	-0.101019	1.807457	-0.535759	0.004737	-0.760775	0.519873	0.107929	-0.520995	-1.480754	-0.756145	-0.974715	1.066713	-0.494334	2.191890	-1.111183	-1.108217	-0.409555	-0.340641	-0.812500	0.719275	-0.053360	-0.907311	-1.661218	-1.816938	0.550429	-0.348779	-0.663063	-0.839997	-0.004905	-0.385932	-0.682814	-1.196482	-0.639100	-1.175842	-1.062467	-1.640742	-0.008249	-0.972804	0.892274	-1.606250	-1.146390	1.104333
-0.834901	-1.268338	-2.943433	-1.316266	-2.176056	-1.528731	-1.657512	-1.883141	-1.340624	-1.687438	-0.206040	-1.627039	-1.134981	0.261945	1.146166	-0.765563	-0.173658	-1.071089	-0.000659	-0.578552	-1.176591	-1.942676	-1.028581	-1.047443	1.120267	-1.531690	1.565306	-1.875284	-2.069093	-1.076322	-1.148170	-1.056976	-0.092605	-0.211890	-1.865645	-2.014447	-0.836844	-0.533902	-1.095782	-0.871325	-1.581780	-0.874350	-0.174483	-0.999513	-0.875024	-0.499435	-1.585176	-0.858707	-1.502642	-0.415236	-0.896082	0.748029	-1.892208	-1.481584	0.529007
-1.025664	-1.268243	-2.314303	-1.037201	-0.884343	-1.009865	-1.506617	-1.027386	-1.250895	-0.913527	-0.088865	-0.743192	-0.593109	0.188424	-0.155291	-0.243491	-0.677717	-0.832715	-0.237634	-0.096416	-0.552240	-1.093060	-0.482375	-0.601747	0.566775	-1.246590	-0.120438	-1.048964	-1.339985	-0.950984	-1.218937	-0.591404	-0.847602	-0.756800	-1.295816	-1.321480	-0.289164	-1.005111	-0.713152	-0.558996	-0.647954	-1.190868	-0.228010	-0.727106	-0.629901	-0.585792	-0.954909	-0.371260	-0.192698	-0.203773	-0.089946	0.286344	-1.096849	-1.084036	0.279184
-0.381148	-0.230868	-0.630416	-0.223458	0.669646	0.136460	-0.816428	-0.321319	-0.479570	-0.093903	0.103558	0.109780	-0.078364	0.273210	-0.796366	0.043912	-1.068519	-0.628525	-0.153866	0.416649	0.143003	-0.140141	0.001718	-0.302493	-0.036732	-0.333483	-0.956972	0.316717	-0.001842	-0.531870	-1.008825	-0.174214	-0.669814	-0.609427	0.142807	-0.449886	-0.056845	-0.469040	0.250427	-0.113299	0.682985	-0.782636	-0.426367	-0.048250	-0.326002	-0.680913	-0.215968	-0.198028	0.921222	0.374668	0.667445	0.127055	0.214749	-0.027202	0.127535
0.144521	0.481251	0.244314	0.168057	0.682294	0.533004	-0.093249	-0.162420	0.010241	0.100304	0.163469	0.294604	-0.091161	0.492775	-0.257861	-0.100260	-0.551725	-0.372325	0.137958	0.289469	0.228181	-0.037562	0.050211	-0.339918	-0.235115	0.115934	-0.205537	0.498930	0.357440	-0.309270	-0.723406	-0.255254	-0.032060	0.074039	0.534430	-0.142337	-0.028625	0.208970	0.440260	0.135182	0.690162	-0.056405	-0.291241	0.221308	0.042286	-0.369630	-0.129861	-0.218670	0.518384	0.390221	0.472668	0.233710	0.560365	0.499949	-0.104470
-0.130301	0.039236	-0.237931	-0.152534	-0.549750	-0.087160	0.155973	-0.210743	-0.185751	-0.152950	0.036975	0.050168	-0.258153	0.331945	0.560910	-0.117658	0.455563	-0.000450	0.326831	-0.058601	0.056106	-0.430448	0.021122	-0.318247	-0.170244	-0.123973	0.638824	-0.531325	-0.354458	-0.267777	-0.356713	-0.410482	0.035933	0.348064	-0.405228	-0.191056	-0.151967	0.192389	-0.246591	0.226144	-0.399174	0.310426	0.121673	-0.189578	0.150821	0.115311	-0.364359	-0.045691	-0.684813	-0.289868	-0.403300	0.169485	-0.219741	0.041239	-0.349523
-0.646615	-0.532223	-0.775596	-0.528093	-1.045423	-0.571836	-0.109793	0.008764	-0.477676	-0.239103	-0.104780	-0.031446	-0.237805	-0.137667	0.491519	0.195959	0.593206	0.064559	0.239600	-0.033113	0.060255	-0.495982	0.160549	-0.142495	-0.294953	-0.333994	0.150157	-1.003356	-0.692158	-0.242028	-0.214820	-0.240836	-0.453950	0.024023	-0.933807	-0.104999	-0.229312	-0.212530	-0.563688	0.316025	-0.722462	0.113460	0.197386	-0.504583	-0.114148	0.132622	-0.298796	0.165480	-0.814142	-0.627406	-0.692360	-0.084972	-0.614802	-0.343137	-0.407883
-0.476525	-0.098277	-0.267913	-0.322577	-0.042585	-0.028191	-0.361161	0.277624	-0.360545	-0.024499	-0.135598	0.180034	-0.117834	-0.263015	-0.275916	0.417477	-0.291042	-0.271130	0.136519	0.358579	0.257310	-0.205013	0.272655	-0.262578	-0.642476	-0.023424	-0.789526	-0.041747	0.125178	-0.263855	-0.538899	-0.128742	-0.576879	-0.220176	-0.152668	-0.015022	-0.213608	-0.192823	-0.016580	0.332213	0.374877	-0.138709	-0.214172	-0.140194	-0.337772	-0.330261	-0.129999	-0.035314	0.263830	-0.032401	0.051485	-0.160181	0.092034	0.098516	-0.181100
0.167196	0.664362	0.499162	0.082341	0.845746	0.802074	-0.238627	0.092313	-0.207772	0.041212	-0.193448	0.285058	-0.061023	0.051328	-0.531397	0.292695	-0.794634	-0.444625	0.306025	0.715171	0.500078	-0.200300	0.174918	-0.777464	-0.810745	0.335293	-0.542522	0.891117	0.981588	-0.403852	-0.914395	-0.480089	-0.089704	-0.070250	0.540107	-0.286473	-0.348769	0.213167	0.344761	0.128748	1.311198	-0.004762	-0.507160	0.268576	-0.220123	-0.600848	-0.385453	-0.549403	0.700024	0.544091	0.661798	-0.024831	0.621497	0.511311	0.097062
0.246578	0.430093	0.199571	-0.155183	0.174959	0.654102	-0.126271	-0.411484	-0.478060	-0.272859	-0.463998	-0.009927	-0.111171	0.176158	-0.031546	0.062553	-0.308750	-0.289157	0.472014	0.732865	0.562321	-0.712134	-0.090492	-1.044285	-0.657078	0.109640	0.482707	0.292532	0.572741	-0.608741	-0.870692	-0.839284	0.151620	-0.017049	-0.152320	-0.694687	-0.659455	0.115133	-0.222327	-0.177536	0.761233	0.164897	-0.368362	-0.127171	-0.137123	-0.432599	-0.797275	-0.789694	-0.286114	0.028664	0.105541	-0.062630	-0.101917	-0.040411	0.031883
-0.384579	-0.577287	-0.789346	-0.888127	-0.949772	-0.244810	-0.422081	-0.712315	-0.775136	-0.538121	-0.715568	-0.425380	-0.188197	-0.050484	0.074554	-0.073313	0.017944	-0.324513	0.150633	0.468572	0.297502	-1.082697	-0.349125	-0.615650	-0.441783	-0.413524	0.554049	-0.919457	-0.558902	-0.746891	-0.643719	-0.534901	-0.410541	-0.461970	-1.142830	-0.689325	-0.779695	-0.782454	-0.792763	-0.306249	-0.303847	-0.181713	-0.283095	-0.920976	-0.446874	-0.354720	-0.623826	-0.529281	-1.114084	-1.011681	-0.804894	-0.355682	-1.043803	-0.900589	-0.349927
-0.716870	-0.985395	-0.943596	-0.974108	-0.523619	-0.472939	-0.623238	-0.805383	-0.424938	-0.263422	-0.381116	-0.402654	-0.038600	0.053369	-0.710637	-0.214301	-0.513206	-0.531891	-0.423424	0.298016	0.043722	-0.530385	-0.262690	0.055708	-0.238066	-0.423890	-0.444537	-0.844048	-0.867175	-0.634890	-0.597107	0.219153	-1.145909	-1.004324	-0.612622	-0.228187	-0.561818	-1.446242	-0.186202	-0.157416	-0.284160	-0.716012	-0.527046	-0.948164	-0.652411	-0.611329	0.117780	-0.105706	-0.459601	-1.144312	-0.594096	-0.419581	-0.658990	-0.826712	-0.517514
-0.285992	-0.358185	-0.049974	-0.000007	1.089945	0.305551	-0.032007	-0.984704	0.369190	0.350191	0.570213	0.161601	0.402425	0.735422	-1.112060	-0.380280	-0.752815	-0.169358	-0.427132	0.394172	0.234114	0.687941	0.377965	0.326204	0.140465	0.119653	-0.934955	0.314167	-0.182436	-0.194035	-0.477165	0.618382	-1.214071	-0.890471	1.004731	0.236392	-0.286353	-0.797082	1.100095	0.166162	0.463817	-0.517883	-0.520386	-0.031292	-0.121050	-0.599152	0.636413	0.212636	0.631584	-0.202702	0.476509	0.079020	0.666536	0.145429	-0.254048
0.007758	0.410784	0.480016	0.890893	1.428019	0.707264	0.900517	-0.919597	0.705943	0.613612	1.216353	0.682176	0.573422	1.067237	-0.030018	-0.344580	0.311383	0.700327	0.319149	0.305017	0.486237	1.281180	1.091584	0.247812	0.500003	0.379127	-0.352221	0.521635	0.141274	0.283992	0.004709	0.402088	-0.715554	0.065578	1.494080	0.452558	-0.062578	0.694992	1.445849	0.566221	0.308209	0.517181	0.167586	0.725548	0.691758	0.115615	0.521090	0.497640	0.462104	0.510674	0.653326	0.678465	1.214031	0.923846	-0.123026
-0.520303	0.580965	-0.063337	0.586737	-0.389604	-0.169285	1.037658	0.000465	0.261553	0.268843	0.760153	0.599014	-0.058420	0.277219	1.502092	-0.007054	1.638147	0.939029	0.945792	-0.366206	0.071772	0.492696	1.043283	0.222714	0.282077	-0.031765	0.169334	-0.778269	-0.479756	0.366382	0.447043	0.016800	-0.238363	1.171413	0.134833	0.536717	0.302176	1.499543	0.330740	0.908100	-0.890023	1.337733	0.920740	0.518316	0.786436	0.919053	0.138975	0.712359	-0.717673	0.190025	-0.559260	0.636953	0.449242	0.929969	-0.558629
-0.939255	0.364019	-0.549063	-0.315120	-2.070950	-1.128103	0.287906	1.314816	-0.289482	-0.175551	-0.252662	0.140280	-0.911273	-0.824831	1.656344	0.345622	1.565214	0.166077	0.701406	-0.989638	-0.629089	-0.740708	0.178501	0.205493	-0.496264	-0.384739	0.019202	-1.579378	-0.836473	0.094226	0.336688	-0.206465	0.179495	1.467367	-1.214280	0.508712	0.639842	0.990578	-0.956511	0.868023	-1.399806	1.068727	0.905182	-0.111389	0.204389	0.925962	-0.126898	0.529179	-1.171367	-0.353914	-1.403964	-0.007106	-0.410065	0.515763	-0.934256
-0.125407	0.198946	0.066598	-0.465174	-1.332567	-0.622682	-0.296452	1.615271	-0.302580	-0.194814	-0.609187	-0.050816	-0.861055	-0.824701	0.373274	0.323655	0.197153	-0.546737	-0.070133	-0.596237	-0.469410	-0.962706	-0.616493	-0.103915	-0.991314	-0.014493	-0.005973	-0.378258	0.056889	-0.083698	-0.135610	-0.364606	0.756622	0.707197	-0.834203	0.188289	0.431595	0.031378	-1.050381	0.234175	-0.273119	0.075958	0.233757	-0.245112	-0.078401	0.181154	-0.313120	-0.118706	-0.239436	-0.086432	-0.459863	-0.443409	-0.317205	0.124503	-0.439503
1.043780	0.074275	0.887634	0.082266	0.695685	0.696892	-0.232509	0.453290	-0.033939	0.023614	-0.170945	0.065271	0.003192	0.176643	-0.800659	-0.125417	-0.903297	-0.443498	-0.542087	0.439224	0.440596	-0.225438	-0.698035	-0.492919	-0.627205	0.482400	0.414084	1.245048	1.073754	-0.090077	-0.435230	-0.451988	0.976742	-0.319361	0.445187	-0.327476	-0.215359	-0.504655	-0.225211	-0.578511	1.073574	-0.639568	-0.353036	0.047222	0.183138	-0.498374	-0.419912	-0.669024	0.764089	0.521805	0.998121	-0.271640	0.244148	-0.153318	0.383236
0.669618	-0.166181	0.408215	0.056331	1.102551	0.825359	-0.178559	-0.900452	-0.090931	-0.032320	0.059403	-0.073186	0.393616	0.671433	-0.953584	-0.659493	-0.848053	-0.160700	-0.486843	0.663551	0.625883	0.136122	-0.365577	-0.386999	0.130654	0.092154	0.309245	0.787878	0.485648	-0.309901	-0.434522	-0.196915	0.086821	-0.645861	0.663359	-0.570462	-0.452790	-0.758321	0.224851	-0.810996	0.826924	-0.640718	-0.508002	0.027379	0.194405	-0.587840	-0.207137	-0.533587	0.439611	0.219627	0.738243	-0.015791	0.245935	-0.297708	0.216179
-1.013006	-0.375592	-0.970156	-0.743788	-0.412010	-0.432710	-0.491900	-1.179629	-0.414595	-0.326889	-0.329473	-0.542465	-0.121995	0.071597	-0.545860	-0.875418	-0.177909	-0.300453	-0.263124	-0.207862	-0.318397	-0.313442	-0.164619	0.184265	0.521247	-0.887574	-0.608524	-1.250399	-1.186036	-0.702969	-0.301582	0.329319	-1.300991	-0.245222	-0.311368	-0.343403	0.021258	-1.010496	-0.100788	-0.380147	-0.588507	-0.266406	-0.379091	-0.365263	-0.297035	-0.252430	0.254207	0.064470	-0.715876	-0.850444	-0.946408	-0.137725	-0.297724	-0.262678	-0.829874
-1.507940	-0.280852	-1.272167	-0.939414	-1.160197	-1.055202	-0.481193	-0.585212	-0.368136	-0.300989	-0.522002	-0.645785	-0.427586	-0.485086	-0.218110	-0.628513	0.239414	-0.297683	-0.123887	-0.739488	-0.897274	-0.497073	-0.139568	0.474550	0.444625	-1.039727	-0.985306	-1.794016	-1.553950	-0.578210	-0.034706	0.547071	-1.423015	0.076545	-0.748550	-0.027210	0.437709	-0.864722	-0.343744	-0.058364	-1.102478	0.027952	-0.077912	-0.365453	-0.400577	0.139156	0.416087	0.312359	-0.968206	-1.077350	-1.445278	-0.292225	-0.462855	-0.152783	-1.042196
0.219001	0.118619	0.170706	0.150157	0.217366	-0.019404	0.286319	0.125877	0.261221	0.244921	0.017261	-0.053371	0.194413	-0.180073	-0.057650	-0.072243	0.218653	0.357073	-0.040777	-0.104938	-0.204122	0.242975	-0.096556	0.135674	0.220375	0.109335	-0.043708	0.297249	0.197944	0.321778	0.412905	0.204555	0.222721	-0.105562	0.162425	0.058996	0.258139	-0.070041	0.048216	-0.294513	0.025658	0.139474	0.375349	0.352180	0.375303	0.450518	0.042495	-0.082839	0.227350	0.177402	0.273814	-0.104427	0.119222	-0.098096	0.303258
