X1	X2	X3	X4	X5	X6	X7	X8	X9	X10	X11	X12	X13	X14	X15	X16	X17	X18	X19	X20	X21	X22	X23	X24	X25	X26	X27	X28	X29	X30	X31	X32	X33	X34	X35	X36	X37	X38	X39	X40	X41	X42	X43	X44	X45	X46	X47	X48	X49	X50	X51	X52	X53	X54	X55
-0.030915	-0.054834	0.141685	-0.061612	0.085562	-0.008432	0.096763	-0.090172	-0.080602	-0.031162	0.030142	-0.112886	-0.076122	-0.085678	-0.146579	-0.142617	0.061975	-0.111449	-0.021252	-0.153311	-0.084815	0.080973	0.104648	0.053343	0.036263	-0.022369	0.049885	0.053263	-0.059876	0.115852	0.091626	0.224296	0.013760	-0.190684	0.107341	0.159119	-0.064265	-0.082746	0.090166	0.085538	-0.133934	0.052986	0.059423	-0.115539	0.030355	0.010000	0.165735	0.023442	0.158394	0.065052	0.006651	0.020507	-0.128834	0.091785	0.103737
0.126387	0.198058	-0.329445	0.070717	0.911264	0.093623	-0.211439	0.486518	-0.085702	-0.086510	1.511360	0.284883	0.649205	1.786922	-0.166951	1.145663	-0.222548	-0.027851	-0.133347	0.447763	0.522860	0.453486	1.135659	0.672430	-0.474081	0.555578	-1.207218	-0.329698	0.569347	0.414129	0.637092	0.239946	0.738287	-1.133217	0.240491	-0.503806	0.521626	-0.954698	0.859555	1.316686	-0.239165	-0.544892	0.097295	0.427732	-0.892841	0.021847	0.603175	0.065547	-0.048519	0.074592	0.071746	-1.400491	-0.554179	-0.834143	0.217374
-0.160890	0.201397	-0.920213	-0.219835	0.974935	-0.081406	-0.368665	0.473851	-0.119772	-0.036926	1.143541	0.245357	0.614003	2.250490	-0.433300	1.168512	-0.414745	-0.154859	-0.317667	0.484163	0.516677	0.075285	0.968355	0.167288	-0.592183	0.463710	-1.318553	-0.625907	0.656254	0.121483	0.418886	-0.198320	0.556807	-1.351204	0.125066	-1.037889	0.736687	-1.586372	0.720671	1.388937	-0.323348	-0.535985	0.186304	0.427950	-0.991125	0.020560	0.062916	-0.193997	-0.551729	-0.181664	-0.056461	-1.510407	-0.537005	-0.815271	0.276994
-0.596584	-0.151278	-1.345336	-0.742077	0.431207	-0.222817	-0.213598	0.195305	-0.090822	0.181802	-0.520549	-0.083042	0.048225	1.301952	-0.558545	0.182467	-0.455178	-0.449863	-0.491223	0.071262	-0.087014	-0.734761	0.013772	-1.146466	-0.237670	-0.184263	-0.293367	-0.769330	0.082308	-0.651273	-0.433035	-0.782701	-0.123240	-0.596206	0.051563	-1.184879	0.591866	-1.486329	-0.018362	0.562680	-0.192507	-0.040104	0.284693	-0.026126	-0.288992	0.043659	-1.183381	-0.387779	-1.006166	-0.461192	-0.224671	-0.278209	-0.089194	0.245494	0.276118
-0.563796	-0.666772	-1.104779	-0.956158	0.063922	0.187447	0.178604	0.334858	0.034035	0.415123	-1.425301	-0.237930	-0.189925	0.104300	-0.140735	-0.578499	-0.433232	-0.650805	-0.460785	-0.182218	-0.708391	-1.057883	-0.437428	-1.801215	0.228479	-0.647030	0.837039	-0.744850	-0.748911	-1.256477	-1.155137	-0.823292	-0.162561	0.598444	0.321844	-0.792771	0.281731	-0.615479	-0.341118	-0.074721	0.369832	0.251058	0.242683	-0.406264	0.389996	0.057186	-1.922441	-0.047404	-0.723171	-0.197721	-0.041277	1.128233	0.231996	1.405043	0.377201
0.006522	-0.840213	-0.100304	-0.656805	0.311050	1.096524	0.455309	0.894776	0.120863	0.372991	-0.700863	-0.059566	0.337645	-0.332304	0.494359	-0.517026	-0.482964	-0.494748	-0.087690	0.102276	-0.809626	-0.590616	-0.022005	-0.874492	0.325491	-0.389587	1.191719	-0.540136	-1.164823	-1.174845	-1.238523	-0.218091	0.787942	1.300204	0.588526	-0.040056	-0.118358	0.226648	0.086795	-0.101628	1.264699	-0.009354	0.014318	-0.374650	0.396314	-0.044066	-1.408375	0.558476	0.459480	0.808037	0.641935	1.554978	-0.038730	1.570740	0.787029
0.611189	-0.261888	1.078807	-0.109531	0.914313	1.818526	0.379616	1.257378	0.091092	0.055288	0.578906	0.276638	1.254407	0.081425	0.808216	-0.087761	-0.526566	0.003962	0.489159	0.705258	-0.319456	0.089139	0.436319	0.893768	0.004464	0.366556	0.791906	-0.086323	-0.733278	-0.380407	-0.812192	0.381990	1.924993	1.119252	0.310733	0.717268	-0.500574	0.371997	0.597310	0.044330	1.954563	-0.338001	-0.174504	-0.032244	0.012912	-0.215196	-0.111956	0.780168	1.780986	1.991097	1.392049	0.837084	-0.535429	0.700042	1.300015
0.837005	0.765107	1.628525	0.373648	1.386297	1.725982	0.064496	1.020459	0.043756	-0.154504	1.110790	0.646339	1.744489	0.767882	0.896086	0.139436	-0.403507	0.338864	0.716134	1.073732	0.451946	0.303260	0.199274	1.879891	-0.301410	0.860102	0.143245	0.611042	0.238509	0.698826	-0.356125	0.435195	2.258917	0.566655	-0.354613	1.192406	-0.551918	0.139952	0.477637	0.018014	1.804683	-0.127161	-0.116429	0.290568	-0.018135	-0.237951	0.950457	0.515417	2.105780	2.414644	1.461118	-0.289212	-0.439479	-0.214312	1.232069
0.670562	1.285828	1.285753	0.705292	1.445063	0.872007	-0.266028	0.355109	0.049082	0.012626	0.864529	1.022540	1.158827	1.080996	1.174039	0.151595	-0.251392	-0.179170	0.029930	0.856747	1.092817	-0.058146	-0.597139	1.329917	-0.265454	0.515097	-0.469709	1.258793	0.823534	1.392265	-0.223969	0.196123	1.490758	0.290167	-0.670936	1.226978	-0.105801	0.168103	-0.208517	-0.046892	0.741091	0.432747	0.013254	0.329583	0.447886	-0.011625	1.272069	0.146163	0.989597	1.625748	0.561053	-0.971244	0.346674	-0.411784	0.233015
0.236235	0.754236	0.514702	0.868581	1.003266	-0.057786	-0.475466	-0.296890	0.056450	0.355730	0.629107	1.190720	-0.389903	0.699746	1.480684	0.181915	-0.360834	-1.498673	-1.284978	0.237948	1.244757	-0.567532	-1.329456	0.044074	-0.075872	-0.423048	-0.981881	1.358488	0.406122	1.179649	-0.336482	0.310418	0.047994	0.270058	-0.301346	0.820975	0.450058	0.394412	-0.795727	-0.026627	-0.427700	0.615723	-0.073835	0.108444	0.813605	0.308098	1.031367	-0.237151	-0.724197	0.108625	-0.647828	-0.909465	1.001535	-0.135212	-1.022531
-0.403356	-0.167536	-0.058166	0.756758	0.088034	-0.440021	-0.420176	-0.610088	0.103719	0.513067	0.692771	0.795465	-1.869899	-0.233418	1.127399	0.205177	-0.593809	-2.396200	-1.976354	-0.246203	0.752421	-0.695177	-1.492503	-0.708476	-0.107400	-0.978968	-1.217798	0.627433	-0.569300	0.143347	-0.293928	0.860555	-1.366725	0.086798	0.247074	0.169853	0.480152	0.292931	-0.755418	-0.078433	-0.683874	0.215198	-0.247202	-0.039380	0.621133	0.513216	0.505145	-0.826720	-1.586221	-1.183685	-1.123716	-0.424872	0.905657	-0.014726	-1.525997
-1.058932	-0.377167	-0.249435	0.350514	-1.061530	-0.414727	-0.004054	-0.558817	0.357779	0.426238	0.571002	-0.153774	-2.139537	-1.162901	-0.122835	0.008966	-0.384314	-1.547974	-1.092903	-0.269456	-0.086562	-0.240662	-0.963378	-0.609697	-0.363670	-0.425912	-1.015433	-0.651460	-1.090872	-0.975746	0.155796	1.119003	-2.222887	-0.293057	0.278066	-0.485823	-0.109779	-0.212921	-0.204679	-0.333552	-0.022843	-0.211288	-0.133056	0.191328	0.120057	0.530044	-0.235119	-1.390440	-1.019320	-1.706877	-0.619735	0.019871	0.353437	-0.242629	-1.211880
-1.247981	0.212834	-0.295673	-0.045671	-1.976847	-0.710002	0.542327	-0.354940	0.796087	0.315421	-0.009562	-1.025462	-1.127873	-1.401148	-1.516701	-0.350008	0.499897	0.878816	0.764938	-0.044577	-0.571388	0.520006	-0.083972	-0.335150	-0.427667	0.765517	-0.523209	-1.692988	-0.722677	-1.312198	0.860319	0.412701	-2.362477	-0.456935	-0.213799	-1.032056	-0.636070	-0.577464	0.241929	-0.674918	0.328501	-0.181568	0.223631	0.674247	-0.167492	0.401938	-0.993546	-1.330667	0.089188	-1.612933	0.017795	0.312531	-0.049382	-0.621344	-0.839090
-0.548161	0.627310	-0.396757	-0.006734	-2.217061	-1.590364	0.751317	-0.207432	1.044996	0.307730	-0.475237	-1.106000	0.057941	-0.674280	-1.949412	-0.425688	1.529415	3.156139	1.976868	-0.024918	-0.262018	1.087316	0.540260	-0.378773	0.053962	1.305885	-0.038492	-1.690998	0.115110	-0.595960	1.500127	-0.916125	-1.914275	-0.212697	-0.534113	-1.359384	-0.405489	-0.276347	0.143896	-0.905216	-0.636145	0.132735	0.367078	0.959327	-0.098333	0.248035	-1.247159	-0.599593	0.489778	-1.268203	-0.034059	0.649721	-0.114974	-0.955820	-0.626581
0.754791	0.309848	-0.488379	0.478500	-1.681789	-2.267052	0.473342	-0.192232	0.734773	0.276493	-0.208388	-0.422642	0.362100	0.423273	-1.113928	0.084008	1.969272	3.708906	1.675088	-0.376814	0.397742	1.134386	0.594122	-0.373829	0.891144	0.621081	0.314883	-0.479746	0.889737	0.566842	1.839368	-1.737681	-1.124666	0.088262	-0.189765	-1.226086	0.369117	0.587450	-0.264883	-0.937135	-2.229574	0.326079	0.170191	0.826326	0.075037	0.225423	-0.647910	0.055312	-0.004932	-0.808309	-0.515556	1.066917	0.032781	-1.085181	0.049234
1.634416	-0.067954	-0.439294	0.873674	-0.675584	-1.782466	0.111562	-0.321552	-0.023196	0.076944	0.399864	0.230401	-0.117139	0.793438	0.096689	0.782264	1.659650	2.613054	0.560970	-0.843869	0.499042	0.685987	0.353613	0.199087	1.404213	-0.372455	0.514375	1.132026	1.450035	1.192836	1.698607	-1.400529	-0.281102	0.021876	0.421561	-0.541394	0.738232	1.285442	-0.373653	-0.773746	-2.680499	0.355017	0.080253	0.532726	0.137598	0.381444	0.394798	0.037036	-0.528477	-0.249407	-0.587398	1.226312	0.269200	-0.861411	1.307815
1.303817	0.310745	-0.267292	0.684167	0.282304	-0.347589	0.101875	-0.514834	-0.643500	-0.180238	0.435409	0.228791	-0.437642	0.051810	0.498530	0.890833	1.046145	1.217698	-0.089933	-1.027803	-0.158855	0.064468	0.267732	1.059010	1.074177	-0.430076	0.477312	1.900140	1.715415	0.862984	1.042226	-0.446025	0.357039	-0.332101	0.510994	0.308120	0.214716	1.132203	0.027924	-0.447904	-1.311111	0.440328	0.399800	0.418627	0.144155	0.547708	1.020992	-0.333161	-0.366463	0.263281	-0.108881	0.815776	0.409479	-0.379796	2.090405
0.179921	1.073258	-0.062967	0.077088	0.705271	0.727454	0.335674	-0.485358	-0.611545	-0.233666	-0.100035	-0.155304	-0.061951	-0.787478	-0.059601	0.209207	0.573912	0.557233	0.143422	-0.699673	-0.694497	-0.284058	0.366378	1.385998	0.149541	0.395818	0.253254	1.306128	1.413508	0.138921	0.225619	0.167174	0.657162	-0.470121	-0.010266	0.751678	-0.520200	0.260359	0.481714	-0.057031	0.514265	0.588580	0.708241	0.449220	0.244028	0.492402	0.868824	-0.312082	0.281164	0.530774	0.247375	0.046872	0.255869	-0.019740	1.498321
-0.511270	1.098458	0.173424	-0.284599	0.376166	0.550179	0.353319	0.008000	-0.004537	-0.036103	-0.183337	-0.206847	0.504343	-0.408917	-0.555411	-0.565464	0.285123	0.469838	0.575503	0.040635	-0.241011	-0.111660	0.287636	0.896125	-0.570467	0.898003	0.132678	0.087225	0.455272	-0.130552	-0.200200	0.239384	0.586786	-0.099717	-0.417202	0.643811	-0.440606	-0.465050	0.446912	0.220052	0.991271	0.524277	0.383628	0.324133	0.409792	0.179059	0.387146	0.253679	0.694849	0.478343	0.114539	-0.473551	-0.072303	-0.057481	0.109309
-0.168886	0.116390	0.461431	-0.011772	-0.421729	-0.327888	0.020821	0.664151	0.583052	0.162910	0.662455	0.244046	0.431171	1.003067	-0.136438	-0.674450	-0.005599	0.209504	0.392121	0.766467	0.862321	0.343052	-0.183161	0.134740	-0.612627	0.380996	0.227180	-0.650040	-0.698472	0.165369	-0.102423	0.311898	0.120043	0.462862	-0.289348	0.298217	0.471497	-0.483344	-0.045858	0.237511	-0.021023	0.111185	-0.466488	-0.044913	0.436195	-0.190954	0.090961	0.738704	0.437536	0.135768	-0.042980	-0.405303	-0.229580	-0.383234	-0.793663
0.508892	-0.854060	0.646361	0.550678	-0.952379	-0.676420	-0.296987	0.761751	0.654090	0.164737	1.456949	0.655244	-0.305604	1.749901	0.747159	-0.204015	-0.371029	-0.474474	-0.382934	0.978042	1.404483	0.527557	-0.817408	-0.338234	-0.286028	-0.503647	0.174779	-0.686287	-1.366111	0.362719	0.095724	0.637253	-0.631732	0.685812	-0.200265	-0.054273	1.142703	-0.207221	-0.502792	0.010501	-1.020840	-0.375932	-1.014500	-0.363787	0.225982	-0.377578	-0.120677	0.506635	-0.272830	-0.386753	0.241268	-0.005913	-0.228249	-0.688377	-0.813802
0.487660	-0.851217	0.471603	0.691716	-0.626830	-0.119112	-0.291963	0.079424	0.303112	0.081187	0.986931	0.570138	-0.864853	0.763796	0.988332	0.117520	-0.724572	-1.125201	-1.015369	0.528497	0.761636	0.153323	-1.207803	-0.562365	-0.155528	-0.777670	-0.322130	-0.651988	-1.288496	-0.001372	-0.005170	0.730841	-1.175668	0.536971	-0.804334	-0.485219	0.735514	-0.344780	-0.613678	-0.315076	-0.760670	-0.547015	-0.718736	-0.306429	-0.015663	-0.297584	-0.627597	-0.343264	-0.779901	-0.790068	0.635870	0.290145	-0.460996	-0.730142	-0.525375
-0.270508	-0.196826	-0.051458	0.149613	0.324953	0.517795	-0.147340	-0.586921	0.047341	0.131602	-0.464385	0.209369	-0.620976	-0.835340	0.381239	-0.093711	-0.975949	-1.271809	-1.027615	-0.183112	-0.375652	-0.492422	-1.180894	-0.799171	-0.288069	-0.410189	-0.860118	-0.857561	-0.806646	-0.557073	-0.349667	0.121415	-0.865518	0.483538	-1.582972	-0.970843	-0.337159	-0.829047	-0.548799	-0.589929	0.438226	-0.384877	-0.002509	0.074595	-0.009713	-0.061814	-1.337126	-1.049880	-0.584752	-0.687335	0.475850	0.388393	-0.890397	-0.359726	-0.363361
-0.796780	0.050479	-0.470775	-0.497247	1.033818	0.430659	-0.201681	-0.265803	0.197545	0.326303	-1.279112	0.101000	0.108713	-1.018144	-0.107913	-0.400128	-1.056556	-0.957568	-0.685979	-0.498734	-0.826824	-0.853854	-0.876361	-0.974258	-0.261445	-0.131370	-0.755691	-0.822844	-0.466232	-0.628004	-0.649929	-0.857486	0.322348	0.705626	-1.245426	-1.148381	-0.961100	-0.912022	-0.572827	-0.706440	1.298900	-0.246860	0.291174	0.383192	0.192946	0.121661	-1.659753	-0.974318	0.144889	-0.035191	-0.210651	0.429736	-0.771295	0.403286	-0.218411
-0.372440	-0.420092	-0.305005	-0.418657	0.971771	-0.006759	-0.347893	0.926147	0.505495	0.499372	-0.428774	0.359046	0.632036	0.574871	0.286159	-0.137595	-0.828398	-0.472800	-0.389054	-0.026492	-0.211410	-0.630301	-0.498284	-0.849533	0.178193	-0.262750	-0.037637	-0.213366	-0.523602	-0.139921	-0.753312	-1.381206	1.424405	0.742966	0.504254	-0.752652	-0.619891	-0.249586	-0.572872	-0.576798	1.085612	-0.332028	-0.037439	0.330289	0.234303	0.121708	-1.240452	-0.289365	0.721601	0.666851	-0.586275	0.380046	0.308780	1.180597	0.015253
0.524880	-0.777170	0.329243	0.384083	0.481438	0.249058	-0.111656	1.790833	0.496022	0.544783	1.215936	0.573180	0.768930	2.100208	1.066103	0.669224	-0.196319	0.094761	-0.029437	0.986703	0.708131	-0.033506	-0.120244	-0.527421	0.699959	-0.272577	0.510669	0.352314	-0.765865	0.242763	-0.725963	-1.097856	1.324219	0.199292	2.198727	-0.115417	0.158538	0.565140	-0.190719	-0.194643	0.276437	-0.349375	-0.343789	0.070476	-0.054083	0.016713	-0.460422	0.182354	0.657609	0.820913	-0.028222	0.066286	1.486815	1.397919	0.168186
0.724573	-0.217322	0.713194	0.831287	0.178545	1.349247	0.595122	1.386834	0.060382	0.461837	1.812317	0.359150	0.751515	1.698143	1.116879	1.185461	0.574119	0.703411	0.572057	1.706935	0.844683	0.351401	0.211886	-0.379174	0.669139	0.378005	0.368091	0.026557	-0.758078	-0.127390	-0.780786	-0.447344	0.027833	-0.601299	2.069556	0.113347	0.508287	0.640176	0.575797	0.259171	-0.100224	0.074403	-0.057211	-0.011688	-0.370008	-0.000412	-0.048575	-0.117613	0.123138	0.357324	0.965382	-0.415953	1.382704	0.850458	0.145643
-0.207909	0.891175	0.356231	-0.004542	0.196292	2.113858	1.123534	0.074410	-0.418467	0.258121	0.701560	-0.147833	0.573259	-0.349013	0.118648	0.682828	0.865922	0.959721	0.952306	1.343899	-0.094166	0.077457	0.327681	-0.461715	-0.167145	1.286167	-0.098585	-0.947493	-0.308357	-1.055757	-1.060687	-0.007884	-1.166471	-1.055396	0.115806	-0.219082	0.075417	-0.272017	1.140454	0.488724	0.384872	0.757030	0.517665	0.182657	-0.294471	0.113889	-0.243684	-0.812647	-0.317471	-0.188715	1.193595	-0.672054	-0.180610	0.001987	0.141599
-1.262782	1.380907	-0.304496	-1.511866	0.317761	1.496703	0.796287	-0.904670	-0.533171	-0.027050	-0.759025	-0.406397	0.070703	-2.013711	-1.020048	-0.495702	0.323850	0.418813	0.451523	0.027172	-1.232300	-0.610632	0.107063	-0.355879	-1.218896	1.406581	-0.166163	-1.288137	0.304101	-1.524300	-1.310820	0.138227	-0.943130	-1.055232	-1.749276	-0.520398	-0.780209	-1.477506	0.917152	0.350401	1.143735	1.014488	0.601558	0.337379	0.178185	0.177915	-0.548288	-0.975118	-0.255763	-0.230613	0.145067	-0.517529	-1.711712	-0.405873	0.350409
-1.015139	0.671970	-0.373922	-1.971507	0.474070	0.026321	-0.187761	-0.760544	-0.304433	-0.265725	-0.857890	-0.075017	-0.434133	-1.814361	-1.126810	-1.156006	-0.612197	-0.605990	-0.655655	-1.047163	-1.345988	-0.903613	-0.221422	0.196898	-1.424613	0.361779	0.361423	-0.240286	0.599694	-0.755352	-1.025439	0.177599	0.641803	-0.866538	-1.800867	-0.230083	-1.351665	-1.886711	0.071049	0.008374	1.301912	0.415381	-0.027499	0.156788	0.572054	0.027230	-0.441608	-0.169866	0.259646	0.282407	-1.261500	-0.288052	-1.612229	-0.083195	0.604585
0.638945	-0.548416	0.331430	-0.602356	0.654739	-0.801630	-0.915191	0.095338	-0.060227	-0.333987	0.276894	0.548536	-0.224516	-0.268051	-0.012143	-0.547800	-1.078314	-1.032636	-1.158338	-0.707422	-0.166828	-0.355870	-0.226644	0.727067	-0.375427	-0.884130	0.943376	1.352877	0.401995	0.723906	-0.204166	0.007020	2.147436	-0.491137	-0.414144	0.369829	-1.120389	-0.975112	-0.567126	-0.219855	0.732228	-0.672257	-0.747115	-0.224804	0.396557	-0.243433	-0.104812	1.038070	0.793885	0.859362	-1.548804	-0.412467	0.000937	0.466837	0.461765
2.190539	-1.068148	0.974151	1.340687	0.619081	-0.350006	-0.789190	0.686359	0.064187	-0.196039	0.892719	0.825104	0.891366	0.969295	1.333294	0.803100	-0.692891	-0.205051	-0.282462	0.891597	1.256220	0.493510	0.220352	0.527783	1.015018	-0.993093	0.894728	1.939247	0.073420	1.470776	0.416373	-0.594067	2.185071	0.270295	0.579596	0.531719	-0.155775	0.703937	-0.389688	-0.118811	0.181522	-1.324061	-0.788702	-0.360685	-0.271191	-0.321417	-0.070369	1.686481	0.914108	1.031145	-0.226805	-0.765763	1.470339	0.489298	-0.211532
2.156258	-0.347929	0.694775	1.947440	0.213152	0.569876	-0.079169	0.659971	0.296066	0.144693	0.046461	0.505987	2.147843	0.979440	1.766627	1.724284	0.147156	1.158384	1.340753	2.291414	1.624149	0.734788	0.816879	-0.262054	1.351183	0.205265	0.148883	1.022657	0.220196	0.768842	0.310548	-1.252763	0.831212	1.177023	0.286250	0.201480	0.879609	2.051231	0.372603	0.325838	0.361160	-0.816039	0.049348	0.051782	-0.693405	0.059871	-0.273432	1.408244	0.600244	0.792102	1.668821	-0.734806	1.624287	-0.034889	-0.810702
0.642986	1.058008	-0.410883	0.799889	-0.237243	0.875280	0.542359	0.489310	0.794398	0.603553	-1.141583	-0.043039	2.517026	0.256390	1.063170	1.623974	0.836494	1.684484	2.328333	2.141312	0.686756	0.193352	1.245434	-0.564151	0.288143	1.484098	-0.622118	-0.375306	1.054541	-0.522494	-0.029670	-1.078582	-0.542591	1.548240	-0.256629	0.223761	1.222141	2.412549	0.995853	0.934382	1.101466	0.694684	1.303645	0.848822	-0.198958	0.824516	-0.021468	0.687085	0.183236	0.396038	2.534832	-0.035387	1.035030	-0.272225	-0.509700
-0.971160	2.065711	-1.478251	-0.752237	-0.344043	0.349953	0.670144	0.514753	1.232183	0.871780	-1.152703	-0.381330	1.671835	-0.257326	-0.116689	0.871690	1.117462	0.953011	1.956755	0.482958	-0.630031	-0.400929	1.446609	0.304366	-1.106901	1.578627	-0.753985	-0.952208	2.031300	-1.024881	0.250254	0.205938	-0.840352	1.073807	0.233211	1.068139	0.677920	1.897178	1.037325	1.353081	1.524655	2.103935	2.162882	1.460821	0.895465	1.456587	0.950887	0.177044	-0.107424	-0.055283	1.664924	0.779251	0.862945	0.262497	0.654843
-1.561235	1.960178	-1.746257	-1.297854	-0.261102	-0.494944	0.322233	0.358080	1.064540	0.583522	-0.145705	-0.466553	0.198681	-0.254513	-1.053574	0.151718	1.022764	-0.116950	0.737732	-1.379619	-1.221634	-0.326977	1.389387	1.572379	-1.545764	0.485856	-0.357187	-0.403683	2.294093	-0.354152	1.171950	1.644006	-0.320294	0.246428	1.355990	1.871579	-0.138528	0.947475	0.614374	1.210494	0.978247	2.202065	1.961928	1.339005	1.407333	1.346160	1.954059	-0.019529	-0.276444	-0.511081	-0.104072	0.910752	1.075851	0.804760	1.619635
-1.134595	0.895935	-1.092411	-0.802168	-0.372815	-1.117714	-0.237616	-0.367554	0.193541	-0.219538	0.445416	-0.474324	-0.990781	-0.046028	-1.443174	-0.259535	0.597840	-0.585675	-0.292125	-2.169642	-0.785945	0.299572	0.899777	1.860708	-0.782070	-0.714939	-0.102497	0.569923	1.567643	0.727725	1.868224	2.042352	0.058210	-0.198984	1.582037	1.430591	-0.326630	0.004010	0.047285	0.436894	-0.300122	0.853639	0.719490	0.458497	0.601114	0.413399	2.211293	-0.249539	-0.264727	-0.636802	-1.192686	0.316278	0.709588	0.300161	1.474356
-0.482760	-0.343788	-0.003572	-0.226109	-0.611540	-1.229599	-0.655896	-1.242503	-0.862976	-1.014529	-0.109110	-0.482738	-1.391496	0.081198	-1.267317	-0.568768	-0.070291	-0.600895	-0.613000	-1.724245	0.045760	0.708378	-0.011114	0.957044	0.317537	-1.086392	-0.327877	1.101426	0.420281	1.290977	1.587028	1.352748	-0.065318	-0.046533	0.405873	-0.044180	0.409858	-0.520923	-0.509736	-0.577791	-1.436286	-0.791430	-0.751275	-0.616060	-0.862289	-0.692263	1.817437	-0.617177	0.068880	-0.099632	-0.892726	-0.248243	-0.383333	-0.973792	0.429565
-0.378910	-1.084790	0.766434	-0.178133	-0.679195	-0.816661	-0.689293	-1.527916	-1.522314	-1.369513	-1.135193	-0.591621	-1.169472	0.078232	-0.735237	-1.028770	-0.682353	-0.775387	-0.445910	-0.866513	0.374190	0.398851	-0.860452	0.079816	0.695101	-0.653876	-0.689186	0.802620	-0.449277	0.991098	0.430045	0.561583	-0.299446	0.298025	-0.964755	-0.980541	1.375584	-0.464629	-1.029423	-1.276772	-1.781886	-1.490759	-1.512102	-1.287654	-1.649449	-1.217718	1.395384	-0.747487	0.567664	0.732770	-0.103234	-0.222543	-1.178241	-1.593850	-0.656806
-1.022201	-1.297764	0.730543	-0.402782	-0.777891	-0.282124	-0.474373	-1.245369	-1.675509	-1.410142	-1.674144	-1.056468	-0.873103	-0.117957	-0.385980	-1.585977	-0.885680	-1.010364	-0.174954	-0.434187	-0.148445	-0.266441	-1.117985	0.200403	0.079315	-0.149114	-0.677857	-0.092570	-0.915978	0.135801	-0.792147	0.335749	-0.394211	0.288993	-1.191325	-0.474465	1.490453	-0.215806	-1.431005	-1.443956	-1.495397	-1.173748	-1.379327	-1.504279	-1.299714	-1.118794	1.120372	-0.403878	0.777549	0.878901	-0.168028	0.133170	-1.059506	-0.866004	-1.270830
-1.894125	-1.420220	0.105583	-0.487601	-1.382610	-0.342598	-0.469704	-1.102420	-1.575461	-1.507281	-1.510634	-1.875027	-0.971572	-0.595012	-0.711882	-1.973312	-0.683077	-0.744354	-0.006830	-0.663865	-1.059093	-0.527859	-0.883493	0.714601	-0.746889	-0.209742	-0.136254	-0.907926	-1.238381	-0.571240	-1.243148	0.350420	-0.575755	-0.210326	-0.330167	0.452569	0.373982	-0.383177	-1.610713	-1.329789	-1.269266	-0.776020	-1.001745	-1.615210	-0.618466	-1.038120	0.614875	-0.000878	0.495756	-0.141453	-1.143089	0.300721	-0.703793	0.315452	-1.383255
-2.085885	-1.714906	-0.362469	-0.489771	-2.189463	-1.308332	-0.870482	-1.293540	-1.341391	-1.617858	-0.946895	-2.351795	-1.546284	-1.128467	-1.438473	-2.019507	-0.467522	-0.160128	-0.233086	-1.359029	-1.583839	-0.206987	-0.739966	0.296567	-0.659745	-0.843127	0.766597	-0.960718	-1.462083	-0.474523	-0.731820	0.064379	-0.857596	-0.760952	0.580180	0.235901	-1.186619	-0.980856	-1.518710	-1.174577	-1.511286	-0.953403	-1.008985	-1.719418	-0.480793	-1.391071	-0.299008	-0.058111	0.012153	-1.531674	-1.783694	0.269459	-0.845554	0.812369	-1.045298
-1.038819	-1.918552	-0.154728	-0.564418	-2.014676	-2.408024	-1.157769	-1.047612	-0.823266	-1.234138	-0.175687	-1.599832	-2.181337	-1.177356	-1.578789	-1.735267	-0.489079	-0.170266	-1.173885	-2.130662	-1.339408	0.097412	-0.828762	-1.200763	0.632018	-1.479684	1.693703	-0.097026	-1.369427	0.438005	0.139452	-0.366525	-0.669883	-0.830594	0.891203	-1.002936	-1.911680	-1.271868	-1.044997	-0.723344	-1.851937	-1.323642	-1.253740	-1.482582	-0.712294	-1.707725	-1.214501	-0.279656	-0.343903	-1.930030	-1.261212	0.335033	-1.033225	0.695293	-0.425523
0.809865	-1.592447	0.481652	-0.421688	-0.247131	-2.246771	-0.610192	0.193846	-0.050411	-0.124242	0.668112	0.285581	-2.170155	-0.508550	-0.548879	-1.179211	-0.482557	-0.982141	-2.424922	-2.336915	-0.550847	-0.108129	-0.529473	-2.339330	2.112784	-1.484205	2.135225	1.087859	-0.940585	1.305122	0.545915	-0.351616	0.299771	-0.523465	0.752791	-1.483217	-1.221868	-0.684431	-0.030614	0.473320	-1.553196	-1.091261	-1.078145	-0.757538	-0.522348	-1.203153	-1.572116	0.246701	-0.637315	-0.913267	-0.200861	0.419852	-0.474238	0.721646	-0.052757
2.167798	-0.769560	0.809313	0.249308	1.922798	-0.310930	0.622112	1.561769	0.408278	1.043909	1.077139	1.873871	-1.165974	0.295728	0.974202	-0.462860	-0.104840	-1.536908	-2.712052	-1.388888	0.236569	-0.507363	0.559145	-1.792338	2.344500	-0.746058	1.615220	1.590423	-0.556193	1.050543	0.195195	0.184096	1.208466	-0.541391	0.444666	-0.147820	0.212564	0.328167	1.283243	2.144904	-0.450386	-0.177789	-0.262915	-0.114703	0.213214	0.032179	-1.222897	1.741330	-1.125425	0.433164	0.274936	0.155649	0.401681	0.898528	-0.418516
1.917989	-0.088734	0.350196	0.959368	2.374370	2.091154	1.352307	1.464434	-0.070097	1.154865	0.398336	1.657488	0.243936	0.318878	1.632570	0.105586	0.387391	-0.912929	-1.245130	0.395409	0.512190	-0.483250	1.655670	-0.052302	0.930053	0.154772	0.276581	0.745983	-0.612543	-0.481260	-0.516442	0.576477	0.739896	-1.191864	-0.056187	1.749598	1.110036	0.680119	1.974691	3.031523	0.671684	0.573214	0.560876	-0.350551	0.667107	0.845476	-0.539879	3.065837	-1.745664	0.609681	-0.044518	-0.376641	0.292906	0.507877	-1.236462
0.214021	-0.145931	-0.661528	0.725819	0.390253	2.840288	0.642148	-0.373235	-1.222045	-0.101129	-1.219500	-0.271601	0.930428	-0.587178	0.812927	0.168127	0.323063	0.308673	0.980117	1.633104	0.060182	-0.066030	1.484414	1.019944	-0.992343	0.449756	-0.887547	-1.061784	-0.996632	-2.127192	-0.998066	0.245294	-1.116877	-1.778416	-0.747613	2.040570	0.772761	-0.084901	1.189287	2.058324	0.869091	0.379324	0.603948	-1.410098	0.177879	0.315862	-0.120112	2.820227	-1.992130	-0.645503	-0.480678	-0.557814	-1.028210	-0.484821	-1.535895
-1.484657	-0.779426	-1.471856	-0.559542	-2.220237	1.190180	-0.924124	-2.231402	-1.855283	-1.628332	-2.472302	-2.092360	0.417168	-1.507308	-0.693716	-0.218138	-0.418256	0.766864	1.968969	1.206788	-0.802871	0.128430	0.004701	0.330610	-1.837083	-0.068713	-0.868517	-2.415670	-1.094840	-2.419411	-0.969430	-0.548758	-2.585555	-1.407553	-1.271650	0.306926	-0.364236	-1.167127	-0.619935	-0.152714	0.121424	-0.513147	-0.128023	-2.160060	-0.795062	-1.022793	-0.304988	1.037077	-1.435732	-1.987513	-0.542478	-0.153267	-2.056662	-1.009730	-0.788174
-1.687930	-1.192688	-1.413902	-1.614468	-2.804119	-1.307652	-1.694394	-2.269769	-1.103400	-1.907804	-2.086315	-2.026520	-0.549541	-1.537119	-1.511793	-0.468440	-1.006494	0.116367	0.909328	-0.344335	-1.259616	-0.123928	-1.186674	-1.206008	-1.127639	-0.811431	0.151574	-1.999704	-0.485429	-1.104108	-0.549272	-0.969491	-1.992522	-0.201902	-1.196657	-1.554271	-1.323230	-1.297389	-1.695515	-1.490852	-0.676018	-1.072043	-0.812006	-1.556401	-1.188186	-1.678579	-0.806752	-0.659355	-0.394892	-1.918213	-0.395249	0.105708	-1.344699	-0.345307	0.285444
-0.299969	-0.801645	-0.443302	-1.111701	-0.709070	-2.368809	-0.732463	-0.689602	0.517455	-0.589817	-0.355460	-0.136503	-0.842510	-0.849081	-1.056236	-0.074961	-0.529054	-0.586644	-0.938998	-1.299820	-0.603828	-0.255182	-0.608810	-1.798424	0.165579	-0.922526	0.825605	-0.000126	0.434812	0.542273	-0.051994	-0.508907	0.133402	0.806668	-0.535961	-1.536558	-1.528542	-0.084629	-0.723135	-0.529326	-0.781989	-0.620215	-0.714610	0.101100	-0.591271	-0.875391	-0.868832	-0.798911	0.161487	-0.446276	-0.261352	-0.592867	0.585307	0.660731	0.461772
1.332660	0.213805	0.812179	0.684925	1.971555	-1.334891	1.183016	0.663155	1.696776	1.149770	1.078813	1.838743	-0.138090	-0.277780	0.033134	0.783069	0.901391	-0.286644	-1.667860	-0.663085	0.976279	0.301754	1.327781	-0.835626	0.812111	-0.055941	0.167566	1.871585	0.807288	1.073126	0.253290	0.517445	1.568410	0.996879	0.198380	0.258313	-1.055674	1.564423	1.584247	1.772642	-0.327494	0.509096	0.105874	1.438915	0.396013	0.674708	-0.032653	0.344344	-0.291577	1.037533	0.109462	-1.788421	1.795177	0.575159	-0.385488
1.838462	1.210566	1.542145	2.101414	2.720716	0.364448	2.441415	0.684237	1.790860	1.877620	1.132710	2.332847	0.956360	-0.112725	0.781483	1.462734	2.171907	0.824058	-0.667988	0.832939	2.362958	1.252427	2.788682	0.595517	0.563078	1.294227	-1.220308	2.066443	0.382583	0.371893	0.292082	1.277361	1.049497	0.856246	0.506368	1.934150	-0.206070	2.379819	3.097676	3.036968	0.111454	1.444191	1.020520	1.541333	0.980854	1.725893	1.218832	1.251315	-0.983972	1.444336	0.971621	-1.936363	1.253950	-0.656507	-0.922566
1.103837	1.703255	1.380348	1.861163	1.289145	1.017313	2.174863	0.147584	1.248323	1.271508	0.379464	1.345212	1.673920	0.082357	0.929439	1.579516	2.246558	1.627012	0.971956	1.714498	2.461321	1.676543	2.525071	1.148668	0.057167	2.164661	-1.805214	0.794967	-0.089049	-0.442613	0.154509	1.094636	-0.280612	1.117841	0.390546	1.952321	0.770204	1.916386	2.476221	2.023273	0.316504	1.611908	1.481360	0.868013	0.940908	1.792145	1.802178	0.978309	-0.615082	1.032157	1.799605	-0.278672	-0.062754	-1.556551	0.011250
0.089243	1.610441	0.648868	0.380257	-0.348509	0.422218	0.824190	0.277589	0.725876	0.178521	-0.020237	0.043635	1.656441	0.512507	0.908468	1.261733	1.071343	1.327977	1.719126	1.371090	1.229349	1.054861	0.941150	0.684823	-0.175990	1.906297	-0.874244	-0.332330	0.200636	-0.419566	-0.043400	-0.032280	-0.440202	1.623837	0.263849	0.530527	1.553191	0.760732	0.452022	-0.247003	0.533044	1.035478	1.344791	0.520402	0.541253	1.291709	1.155051	-0.051044	0.964258	0.652224	1.582069	1.911954	-0.563220	-1.069313	1.730755
-0.294647	1.136166	0.051114	-0.794717	-0.439705	-0.281052	-0.505144	1.058144	0.400636	-0.358795	0.187610	-0.550423	0.988664	0.720865	1.015733	0.825572	-0.466259	0.184495	1.054375	0.442829	-0.277457	-0.093509	-0.644133	0.094523	-0.147940	0.733947	0.723005	-0.182460	1.012108	0.354466	-0.151162	-1.326295	0.939833	1.570552	0.419629	-0.916137	1.774510	-0.159275	-1.090815	-1.840981	0.894981	0.132936	0.809682	0.910686	0.126997	0.811270	-0.114030	-0.948679	2.381488	0.522300	0.146817	2.541736	0.058056	0.103155	2.326140
0.139053	0.610067	0.094870	-0.596012	0.815461	-0.152140	-0.964899	1.584216	0.265474	0.056461	0.504497	-0.221054	0.105889	0.394241	1.052759	0.526661	-1.299988	-0.899737	-0.220713	-0.128371	-0.869196	-0.645863	-1.259830	0.009771	0.067606	-0.513289	1.564834	0.743225	1.280937	1.261398	0.120812	-1.707804	2.363689	0.751169	0.722193	-1.263939	1.379156	-0.261859	-1.024090	-1.845927	1.064410	-0.551570	0.241049	1.447266	-0.008895	0.593586	-0.851933	-1.378234	2.303969	0.217940	-1.283915	1.065433	0.771683	0.592356	0.981899
1.001610	0.309001	0.704412	0.625878	2.008359	0.608813	-0.483982	1.513253	0.487819	1.033209	0.791598	0.710183	-0.388539	0.076891	0.809062	0.551980	-1.028682	-1.335059	-0.969950	-0.055360	-0.217276	-0.003431	-0.879845	0.145020	0.635630	-1.198846	1.075545	1.139692	0.425001	1.940270	0.962220	-0.716537	2.419764	-0.064892	0.831472	-0.575981	0.770983	0.367675	0.127424	-0.855408	0.636208	-0.638425	-0.080467	1.403047	0.289809	0.545650	-0.566977	-1.493394	0.910009	-0.398984	-1.365525	-0.919889	0.717315	0.181399	-0.981937
1.700530	0.238694	1.324969	1.623257	2.258085	1.191051	0.312584	1.324806	1.071687	1.787022	1.335246	1.753650	-0.190993	0.553207	0.488117	0.890409	-0.192873	-1.287792	-0.868243	0.321033	0.999047	1.205134	-0.257572	-0.078476	1.468544	-1.345883	-0.124901	0.510468	-0.933280	2.254253	1.953871	0.908191	1.250119	-0.185605	0.595681	0.188608	0.412145	0.969013	0.985173	-0.014611	-0.200677	-0.201557	-0.162308	0.770519	0.813950	0.437668	0.145847	-1.433709	-0.526599	-0.825484	-0.196866	-1.580286	0.124968	-0.190456	-1.685096
1.753170	0.149419	1.429166	1.548018	1.769437	1.236816	0.752174	1.338256	1.521816	1.766659	1.926256	2.350343	0.364588	1.666635	0.430916	1.197816	0.330679	-1.169282	-0.460844	0.693852	1.776413	1.706503	-0.215162	-0.648567	1.864945	-1.216157	-1.003669	-0.446010	-1.688913	1.928242	2.154071	1.798115	-0.007748	0.083363	0.146173	0.224158	0.381126	0.677955	0.810857	0.102676	-0.700056	0.307138	-0.160043	0.172955	1.077257	0.171826	0.364269	-1.249215	-1.110872	-0.592258	0.938241	-0.807313	-0.278478	0.083379	-0.792064
1.140226	-0.113221	0.955213	0.683549	1.129758	1.087322	0.748116	1.272456	1.300025	1.102387	1.806011	2.086655	0.663374	2.271480	0.654583	1.102748	0.236427	-0.971598	-0.268872	1.076815	1.596309	0.960008	-0.794355	-1.001950	1.192434	-0.790581	-1.035234	-0.912675	-1.439287	0.809487	1.078913	1.277099	-0.581645	-0.016891	-0.305458	-0.353576	0.437656	-0.468927	0.120344	-0.170135	-0.414063	0.525763	-0.078843	0.099332	0.850837	-0.035108	-0.168065	-1.006015	-0.955260	0.055559	1.190109	0.073366	-0.250112	0.587474	0.393667
0.385205	-0.383496	0.260161	-0.055417	0.654367	1.064555	0.615683	0.849970	0.492953	0.400757	0.805782	1.089190	0.488210	1.549079	0.881869	0.673628	-0.088784	-0.458805	-0.260875	1.420527	0.715271	-0.257933	-1.188869	-0.834011	-0.188487	-0.040887	-0.498919	-0.892703	-0.735269	-0.597179	-0.578600	-0.033129	-0.518887	-0.559706	-0.653747	-0.833637	0.376181	-1.354677	-0.172357	-0.168793	0.194589	0.426159	0.115879	0.375433	0.387730	0.062979	-0.922151	-0.680300	-0.628379	0.386413	0.805893	0.117158	-0.155202	0.669282	0.586229
0.028663	-0.438081	-0.285420	-0.163074	0.361691	0.932073	0.351963	0.227896	-0.299097	0.033847	-0.194743	0.031537	0.140875	0.065732	0.899731	0.315204	-0.324207	0.144715	-0.266424	1.351855	-0.168309	-0.824999	-0.807952	-0.495091	-1.221180	0.559764	-0.118756	-0.880350	-0.294538	-1.375686	-1.603137	-1.020841	-0.224861	-0.879513	-0.891134	-0.876709	0.156963	-1.094036	0.028266	0.230911	0.322627	0.074719	0.140941	0.411532	-0.034842	0.225391	-1.299459	-0.203925	-0.482553	0.032447	0.267546	-0.306935	-0.382299	0.229496	-0.244238
0.075455	-0.328793	-0.562096	0.110794	0.196821	0.395155	-0.357652	-0.297236	-0.636571	-0.163666	-0.386945	-0.442097	-0.004740	-0.817701	0.746812	0.235321	-0.631164	0.256131	-0.366252	0.681247	-0.506194	-0.558756	-0.152436	-0.408916	-1.402876	0.418132	-0.391396	-0.994856	-0.215705	-1.128467	-1.535023	-1.227326	-0.000238	-0.572598	-0.982212	-0.782269	-0.173431	-0.198154	0.013710	0.444372	-0.058868	-0.477387	-0.362824	-0.055065	-0.436889	-0.087338	-1.185801	0.194978	-0.477638	-0.529050	-0.328290	-0.281242	-0.881359	-0.383783	-1.135909
0.184115	-0.238858	-0.641146	0.324192	0.154970	-0.120022	-1.262545	-0.564380	-0.539656	-0.386511	-0.068442	-0.267875	0.212389	-0.525632	0.618738	0.324041	-1.061479	-0.121176	-0.502207	-0.028811	-0.300482	-0.172497	-0.096510	-0.393363	-1.214764	-0.267906	-1.093345	-0.914007	-0.025770	-0.393606	-0.923905	-0.957351	0.085233	-0.022074	-0.810420	-0.750062	-0.485062	0.251074	-0.528952	0.011917	-0.133333	-0.887417	-1.084790	-0.563825	-0.759465	-0.801666	-0.781979	0.061374	-0.346214	-0.471305	-0.790985	0.508286	-1.190972	-0.709801	-1.184963
0.178179	-0.151650	-0.670816	0.327084	0.221201	0.175802	-1.388707	-0.517904	-0.274351	-0.440575	-0.099612	0.052031	0.753344	0.098309	0.595138	0.471069	-1.062124	-0.148047	-0.158425	0.025474	-0.060872	-0.178710	-0.513774	0.040336	-1.203702	-0.562406	-1.475255	-0.601512	0.589393	-0.068247	-0.463735	-0.582917	0.084913	0.163866	-0.348204	-0.454207	-0.591983	0.208454	-0.924224	-0.664291	0.530362	-0.574462	-1.107365	-0.465061	-0.645828	-1.048713	-0.227203	-0.596023	0.039189	0.352782	-0.629800	1.475744	-0.880420	-0.352182	-0.350814
-0.008807	0.062168	-0.826833	0.072461	0.187909	1.168506	-0.314225	-0.333314	-0.137535	-0.169341	-0.724760	-0.071047	1.288036	-0.083530	0.372024	0.584130	-0.156824	0.741994	0.971215	0.739450	-0.319939	-0.399317	-0.439505	0.787040	-1.216709	0.035213	-1.076402	-0.562042	1.249660	-0.588084	-0.383086	-0.256160	-0.092675	-0.209871	0.101001	0.251687	-0.500734	0.412026	-0.493542	-0.829647	1.175990	0.498653	-0.105359	0.158720	-0.051624	-0.361425	0.356062	-1.070549	0.333438	1.056169	0.101297	1.658539	-0.101778	0.574406	0.527776
-0.599340	0.349081	-1.115543	-0.563886	-0.279027	1.603070	0.956001	-0.450247	-0.278900	0.081141	-1.341727	-0.734735	1.230546	-1.006428	-0.538351	0.377119	1.157695	1.940141	2.230978	1.057616	-1.017401	-0.526010	0.349952	1.045164	-0.819709	0.943435	-0.227134	-1.048882	1.267653	-1.584642	-0.590929	-0.181858	-0.730000	-0.969753	0.080727	0.726187	-0.546678	0.744518	0.349842	-0.454789	0.809508	1.470095	1.009407	0.479370	0.378138	0.461244	0.651044	-0.822439	0.019205	0.674862	0.439599	0.545126	0.439472	1.166793	0.638834
-1.566915	0.577684	-1.138249	-1.370553	-1.138636	0.607470	1.169859	-0.968640	-0.445813	-0.074684	-1.182641	-1.318629	0.346675	-1.476313	-2.031694	-0.327045	1.867042	2.413661	2.548872	0.373469	-1.373119	-0.536029	0.864705	0.388489	0.005190	1.327758	0.435603	-1.357087	0.586462	-2.111661	-0.811566	-0.507546	-1.761655	-1.774593	-0.350416	0.352776	-1.026518	0.216478	0.640693	-0.227750	-0.330638	1.522378	1.177515	0.034558	0.156312	0.394010	0.397093	-0.235906	-0.712714	-0.542662	-0.245294	-1.266413	0.383280	0.622059	0.264936
-2.151546	0.828046	-0.351885	-1.558038	-1.759451	-1.037253	0.521278	-1.224228	-0.158597	-0.418520	0.000265	-1.071584	-0.758608	-0.779860	-3.055080	-1.088960	1.696979	2.042578	1.703876	-0.586398	-0.638118	-0.377532	0.405534	-0.385204	0.906417	1.169852	0.724106	-0.483280	-0.015937	-1.374343	-0.542270	-0.791496	-2.339905	-2.043989	-0.377084	-0.293126	-1.723308	-1.180887	0.238717	-0.463835	-0.961183	0.884317	0.531914	-0.580354	-0.196796	-0.289202	-0.079467	0.007418	-0.763662	-1.169728	-1.092305	-2.287301	0.346636	-0.544954	0.550138
-1.569272	1.209712	1.184515	-0.558666	-1.655733	-1.839854	0.246242	-0.636608	0.521617	-0.507121	1.619587	-0.167252	-1.276922	0.313976	-2.593574	-1.250969	1.255647	1.554657	0.535974	-0.797018	0.877021	0.165901	-0.323698	-0.008041	1.540270	1.065732	0.849261	1.471453	0.089046	0.397378	0.512804	-0.212679	-1.557845	-1.197218	0.646923	0.025739	-2.041133	-1.967126	-0.104615	-0.664783	-0.447539	0.335497	0.023763	-0.565488	0.102334	-0.426708	0.026918	0.013532	0.657176	-0.160819	-0.705628	-1.492833	1.062865	-0.974993	1.889264
-0.283570	1.461522	2.503196	0.935556	-1.258387	-1.518813	0.656151	0.207141	0.738109	-0.474443	2.469188	0.175242	-1.261032	0.587055	-1.032846	-0.967753	0.908467	1.260332	-0.129441	-0.438364	1.773144	0.903135	-0.328953	1.612279	1.618620	1.200924	0.855294	3.079616	0.551726	1.889549	1.792809	1.295469	0.271382	0.569335	2.074554	1.385268	-1.638582	-1.216484	-0.040383	-0.404629	0.407817	0.004475	0.008716	-0.093681	0.755986	0.218268	1.028949	0.425209	2.768288	1.825260	0.859528	0.452511	2.028059	-0.315660	3.096200
0.221696	1.164447	2.486280	1.347702	-1.344850	-1.153876	0.625953	0.175252	-0.133181	-0.810570	1.662556	-0.866676	-1.462008	0.029990	0.055419	-1.205598	0.259078	0.613364	-0.301602	-0.634951	0.912141	0.958121	0.066109	3.012172	0.946071	1.063044	0.605370	3.076142	0.671569	1.910818	2.176695	2.562757	1.660284	2.042340	2.354863	2.240811	-0.752011	-0.068416	-0.176345	-0.083795	0.585567	-0.600563	-0.041241	0.001694	0.684474	0.554742	2.068045	1.193380	3.749407	2.996749	1.914809	1.781158	1.865662	0.261067	2.798723
-0.696229	0.403120	0.956885	-0.022363	-1.794950	-1.453720	-0.640501	-0.682117	-1.429928	-1.402752	-0.349172	-2.389871	-2.076905	-0.219177	-0.256292	-2.362538	-0.934767	-0.730317	-0.472824	-1.791727	-1.235516	-0.349806	-0.313123	2.763001	-0.220327	0.214267	0.265631	1.759550	0.561895	0.661238	1.219860	2.325754	1.569769	2.064529	0.807967	1.277054	0.113570	-0.203743	-1.037570	-0.325140	0.212444	-1.442200	-0.485953	-0.446546	-0.287181	-0.167192	1.860874	1.431709	2.654625	2.308946	1.166882	1.608090	0.300707	-0.194433	1.234019
-1.842685	-0.214182	-1.148083	-1.953290	-1.665776	-1.775211	-2.220282	-0.973190	-1.800678	-1.474181	-1.965344	-2.591787	-2.355181	0.470216	-1.115646	-3.408519	-1.964263	-2.026796	-0.866995	-2.933104	-2.919748	-2.410985	-1.629565	1.091644	-1.111764	-1.048256	0.282504	0.512462	0.941054	-0.540720	-0.231807	0.658994	0.509688	0.820856	-1.366728	-0.843543	0.642760	-1.399477	-2.099663	-0.955109	0.090740	-1.666553	-0.946376	-0.659323	-0.961680	-1.166444	0.215615	0.704463	0.400192	0.458871	-0.665620	0.861228	-1.051489	-0.926540	-0.143430
-1.631612	-0.386274	-2.657826	-2.479127	-0.611286	-1.243748	-2.550250	0.100936	-0.859098	-0.665407	-1.944697	-0.974275	-1.732894	1.350169	-1.002874	-2.963732	-1.915114	-2.171350	-1.286500	-2.923491	-2.856726	-3.587735	-2.633341	-0.520144	-1.173747	-1.987528	0.721630	0.094203	1.736664	-0.772249	-0.940101	-1.128981	-0.306154	-0.336070	-2.229129	-2.221556	0.848882	-1.724515	-2.369703	-1.168335	0.270161	-0.788626	-1.004688	-0.107418	-0.422475	-1.225841	-1.545871	-0.285791	-1.296135	-1.054296	-1.705223	0.893153	-0.577165	-0.531481	-0.594570
-0.107100	-0.582610	-3.011693	-1.019116	0.542454	-0.156456	-1.458177	1.462060	0.322247	0.363305	-0.592538	0.998371	-0.738113	1.326984	0.362253	-1.000722	-0.952834	-1.108694	-1.485459	-1.781572	-1.357001	-2.764460	-2.330345	-1.093308	-0.734360	-2.186768	0.994829	-0.035100	1.759903	-0.312608	-0.559436	-1.907260	-0.426320	-0.409403	-1.153318	-1.931959	0.927832	-0.151030	-1.633759	-0.660422	-0.063738	0.412469	-0.872432	0.649695	0.555653	-0.408964	-1.913770	-0.708891	-1.618038	-1.476647	-1.141192	1.611862	1.107758	0.873367	-0.716907
1.226795	-1.284631	-2.288081	1.080050	0.957778	0.411611	-0.320753	1.496692	0.564267	0.757799	0.746583	1.727816	-0.235299	0.336214	1.811132	1.088837	-0.198241	0.024215	-1.419460	-0.407874	0.339081	-0.467140	-1.220942	-0.937408	-0.546069	-1.833481	0.518670	-0.558800	0.293339	0.132078	0.231678	-1.665301	-0.286512	0.212470	0.539253	-0.821492	1.031148	2.009934	-0.634551	-0.048016	-1.199081	0.717260	-0.928459	0.747064	0.509997	0.141709	-0.765341	-0.668838	-1.091072	-1.186662	-0.090155	1.639371	1.770132	1.536777	-1.138579
1.447275	-1.995380	-0.841414	2.134566	0.837651	0.126728	-0.195063	0.202026	-0.017796	0.542135	1.152186	1.289650	-0.151610	-0.700324	2.301915	2.081407	-0.245013	0.253716	-1.142117	0.580329	1.390059	1.667215	-0.364649	-0.782312	-0.715460	-1.310245	-0.517915	-1.100141	-1.595007	0.435009	0.667593	-1.104658	-0.222809	0.426810	1.073092	-0.135515	1.085567	2.737818	-0.060411	0.050900	-2.139887	-0.032002	-0.932395	0.246232	-0.607820	-0.051546	0.592332	-0.665933	-0.655773	-0.910207	-0.081918	0.231926	0.420175	0.377259	-1.583157
1.199358	-1.634741	0.794840	1.802499	0.821096	-0.200934	-0.513052	-0.864736	-0.334185	0.428334	0.776729	0.869869	0.345264	-0.994567	1.983709	2.032754	-0.398645	-0.163731	-0.657953	1.224273	1.726191	2.422173	0.147437	-0.826203	-0.565618	-0.702201	-1.306594	-0.806492	-2.157788	0.855642	0.592192	-0.705926	-0.079896	-0.144829	0.128066	-0.064926	0.837853	1.708667	0.212595	-0.085073	-1.751942	-0.762924	-0.270272	0.000272	-1.247266	-0.162814	0.852305	-0.542501	-0.710702	-0.976596	-1.076854	-1.641314	-1.434249	-1.426276	-1.601667
1.368478	-0.097537	1.914460	0.979313	0.883717	0.139948	-0.053957	-0.682515	0.196251	0.730329	0.249099	0.944481	1.422234	-0.589964	1.472504	1.683228	0.227981	-0.310144	-0.012309	1.620839	1.534408	1.913916	0.950626	-0.891116	0.304512	0.128563	-1.286462	0.133901	-1.211320	1.223148	0.275230	-0.389261	0.166376	-0.777278	-0.995900	0.000436	0.206598	0.327466	0.679807	0.239340	-0.333630	-0.541320	0.985232	0.366326	-0.365192	0.535696	-0.031665	0.141209	-1.005959	-1.226720	-1.530608	-2.418741	-1.870723	-1.851516	-1.396280
1.590022	1.187833	1.986259	0.443841	0.540533	0.716309	1.227886	0.065518	0.960344	0.975856	-0.065260	0.879290	2.041847	-0.075004	0.784091	1.320825	1.296608	0.090368	0.541641	1.545432	0.956571	1.092144	1.930917	-0.974946	1.296284	1.026553	-0.611822	0.441046	-0.361363	0.959262	-0.070018	0.091419	0.074906	-0.701965	-1.024085	0.289886	-0.444593	-0.303445	1.303272	0.972620	0.605925	0.328964	1.784680	0.665201	1.079673	1.387504	-1.014367	0.910712	-1.118440	-1.304577	-0.481768	-1.717975	-0.979556	-0.568346	-1.303146
0.858147	0.833380	1.074424	0.117557	-0.148482	0.608752	2.040476	0.194709	1.015403	0.672714	-0.167237	0.207100	1.247495	0.052609	-0.369973	0.701529	1.582352	0.436559	0.655361	0.866494	0.234307	0.577143	2.056282	-1.182205	1.522411	1.408219	0.217583	-0.511316	-0.767574	-0.064545	-0.414087	0.641754	-0.591958	-0.130333	-0.087234	0.352399	-0.616700	-0.468313	1.478171	1.255415	0.208447	0.818111	1.253979	0.178457	1.335824	1.179152	-1.193546	0.655132	-0.896852	-1.017827	1.039196	-0.561562	-0.280233	0.850296	-1.075994
-0.728633	-0.698209	-0.194488	-0.372694	-0.543687	-0.212574	1.438213	-0.361042	0.261966	0.027680	-0.189535	-0.571628	-0.439376	-0.271740	-1.598672	-0.170384	0.650587	0.236996	0.251783	-0.024572	-0.297410	0.191390	0.947178	-1.356563	0.950910	0.906965	0.850271	-1.626914	-1.582181	-1.170664	-0.742791	0.803317	-1.290394	0.081350	0.712533	-0.135141	-0.289521	-0.787689	0.926368	0.649044	-0.695605	0.482428	-0.122853	-0.772006	0.108379	-0.089031	-0.693945	-0.647250	-0.555053	-0.547644	1.263619	-0.016136	-0.356593	1.099471	-0.411504
-1.749458	-1.585810	-1.046611	-0.884610	-0.375443	-0.796011	0.068434	-0.716695	-0.513535	-0.347028	-0.221946	-0.738868	-1.480900	-0.701299	-1.942405	-0.763657	-0.497701	-0.218551	-0.303008	-0.510848	-0.473300	-0.380521	-0.284141	-1.202812	0.351800	0.010395	1.095194	-1.447074	-1.314648	-1.549177	-0.927028	0.311844	-1.279428	-0.389755	0.713241	-0.770092	0.060580	-1.067427	0.195844	-0.141395	-0.792464	-0.129387	-0.960241	-1.198097	-1.142722	-1.065374	-0.293365	-1.493408	-0.372358	-0.247786	0.054721	-0.104315	-0.389025	0.518720	0.242096
-1.196637	-0.891594	-0.986566	-0.853772	-0.049942	-0.488756	-0.609918	-0.367323	-0.595582	-0.195239	-0.222627	-0.333003	-1.063290	-0.739621	-1.055880	-0.649504	-0.703505	-0.358400	-0.489637	-0.375682	-0.371743	-0.817307	-0.386114	-0.676472	0.205071	-0.321106	0.817941	-0.186280	-0.102540	-1.037348	-0.765920	-0.360779	-0.559194	-0.850387	0.253420	-0.828120	0.154044	-0.776512	-0.004812	-0.179127	-0.020103	-0.306294	-0.577657	-0.694678	-1.061376	-0.734746	-0.346906	-0.774399	-0.296406	-0.191652	-0.856788	-0.159505	0.075258	0.098708	0.195459
0.220168	0.452899	-0.106117	-0.093035	0.094419	0.256579	-0.053806	0.328053	-0.044635	0.174790	-0.095439	0.029283	0.139773	-0.149206	0.260663	-0.084619	-0.039937	-0.100224	-0.117577	0.065448	-0.124924	-0.467131	0.409594	0.032083	0.209321	0.245227	0.155350	0.526381	0.486930	-0.118764	-0.190682	-0.349262	0.257766	-0.385227	-0.013233	-0.082487	0.261778	-0.062678	0.296597	0.415558	0.592260	-0.014484	0.313445	0.156537	0.111859	0.393563	-0.377167	0.638010	0.022492	-0.087356	-0.205408	0.192390	0.296874	0.057582	-0.370172
0.986710	1.053955	0.902002	0.820424	0.209388	0.559066	0.839470	0.827405	0.547809	0.339633	0.090816	0.028157	0.953765	0.762685	0.942598	0.272108	0.496033	0.164320	0.473871	0.370358	0.194369	0.601963	0.834423	0.730297	-0.000306	0.977669	-0.377677	-0.026570	-0.201895	0.650233	0.551229	0.494170	0.832964	1.017148	0.104551	0.897754	0.626121	0.433203	0.461830	0.640132	0.528432	0.235673	0.639952	0.612078	1.076395	1.045051	0.150428	1.059999	0.711631	0.285074	1.137472	0.724845	-0.233627	-0.014473	-0.548102
0.655823	0.680959	1.275402	1.112689	0.423786	0.195157	0.922040	0.953688	0.750418	0.207601	0.125433	-0.039116	0.956391	1.330794	0.765271	0.141470	0.339101	0.135103	0.708777	0.319305	0.496957	1.390650	0.346941	1.153037	-0.187230	0.919533	-0.379536	-0.633448	-0.963492	1.067801	1.034044	1.188744	1.284853	2.294692	0.349715	1.271225	0.874455	0.552050	0.147202	0.025140	0.317788	0.107487	0.244800	0.560764	1.018902	0.692554	0.937648	0.266520	1.360531	0.753475	1.484591	1.006698	-0.689291	-0.200108	0.046391
0.184625	0.072437	0.876917	0.646381	0.488448	-0.271477	0.139475	0.727972	0.581772	-0.001302	-0.027500	0.206179	0.580803	1.114354	0.360019	-0.083107	-0.123035	-0.112903	0.342026	-0.038595	0.619720	1.130993	-0.296980	0.956207	0.022364	-0.007381	-0.092750	-0.017907	-0.543402	1.229761	1.051213	0.804660	1.557914	2.350440	0.479026	0.808435	0.451098	0.754586	-0.304254	-0.677485	0.416651	-0.228127	-0.173432	0.350808	0.274126	-0.061906	1.166042	-0.351937	1.403281	0.983934	0.641066	0.763784	-0.110306	-0.179421	0.773113
0.433757	-0.244598	0.253244	0.019486	0.223580	-0.252722	-0.557531	0.175688	0.251258	-0.086943	-0.163700	0.625448	0.373275	0.290210	0.351047	0.096573	-0.278370	-0.304903	-0.239722	-0.414889	0.444064	0.295077	-0.223780	0.230176	0.353275	-0.926734	-0.084691	1.199448	0.570724	1.203984	0.762291	-0.194549	1.275955	1.209891	0.441489	0.209363	-0.472547	1.246684	-0.415009	-0.495234	0.485020	-0.399935	-0.104326	0.190664	-0.328135	-0.393320	0.660167	0.214409	0.744330	0.863037	-0.098681	0.033723	0.972920	0.081349	0.827739
1.014446	-0.282595	0.008756	-0.145190	-0.137816	0.214953	-0.447150	-0.468123	-0.100352	-0.038251	-0.158871	0.694278	0.479132	-0.567382	0.739439	0.569618	-0.011663	-0.215543	-0.382654	-0.378106	0.089765	-0.040631	0.474338	-0.261488	0.148438	-0.941283	-0.407676	1.446390	0.981684	0.872434	0.392471	-0.468272	0.405960	-0.041614	0.227969	0.323541	-0.966942	1.529431	-0.156014	0.453676	0.177350	-0.225008	0.265911	0.057130	-0.341657	-0.099135	0.190751	1.333311	-0.118866	0.534240	0.037465	-0.728260	1.170106	0.200634	0.185639
0.993800	-0.063463	0.236993	0.124637	-0.334460	0.596722	0.205915	-0.690651	-0.330931	0.126969	-0.099661	0.216163	0.725648	-1.025992	1.071923	0.709767	0.428445	0.189942	0.104341	0.257795	-0.119763	0.326229	1.093074	0.057330	-0.607570	-0.001449	-0.485620	0.586579	0.440929	0.131838	-0.048562	0.350283	-0.457505	-0.525639	-0.138816	1.070308	-0.406465	1.117924	0.206050	1.144631	-0.056387	0.252248	0.576793	0.032597	0.117857	0.487540	0.352311	1.747705	-0.575327	0.191824	0.375078	-0.893491	0.268148	0.027176	-0.499295
0.253976	0.499697	0.490548	0.221936	-0.415826	0.536613	0.646488	-0.198096	-0.254255	0.464246	-0.051316	-0.329114	0.903509	-1.026983	0.967157	0.201284	0.837034	0.663033	0.693106	1.027345	-0.036629	0.452986	1.284473	0.653387	-1.085757	1.066671	0.039648	0.063107	0.079858	-0.823670	-0.623515	1.078703	-0.765285	-0.493893	-0.440064	1.473396	0.665714	0.310530	0.549769	1.031960	0.421336	0.855749	0.830785	0.302031	0.672466	0.998639	0.641023	1.236364	-0.475656	-0.030956	0.031423	-0.359576	-0.396597	-0.062356	-0.671865
-0.445942	1.123152	0.212284	-0.348213	-0.443190	0.273995	0.494156	0.587949	0.073781	0.849455	0.015254	-0.349645	0.876256	-0.688386	0.396198	-0.510426	1.017144	0.753206	0.735971	1.095458	0.038512	-0.403979	1.233135	0.499659	-0.655794	1.287816	0.756282	0.648406	0.658377	-1.530286	-1.153521	0.605718	-0.609749	-0.730604	-0.398543	0.879621	1.050707	-0.227369	0.873967	0.672184	1.378994	1.245107	1.114049	0.708264	0.874650	1.153296	0.213815	0.703734	-0.241247	-0.047862	-0.771780	0.154923	0.160188	0.235002	-0.292671
-0.574256	1.143213	-0.672088	-1.377666	-0.249435	0.289354	-0.061570	0.838770	0.192394	0.806375	0.000693	0.065050	0.585382	-0.145498	-0.397570	-0.784434	0.658452	0.224880	0.256107	0.207045	-0.297271	-1.647666	1.084991	-0.380289	0.232247	0.429022	1.044602	1.308023	1.504797	-1.604137	-1.243481	-0.516767	-0.353914	-1.281047	-0.109085	-0.179217	0.289966	-0.402654	1.005217	0.783203	1.883556	1.013960	1.124732	0.663709	0.371539	0.672671	-0.690326	0.838278	-0.328386	0.170535	-1.047737	-0.102551	1.138034	0.580136	0.393436
-0.397456	0.325940	-1.519308	-2.077276	0.148930	0.644137	-0.607288	0.196343	-0.298248	-0.044398	-0.328333	0.194599	0.143786	0.321125	-1.092128	-0.587052	-0.273966	-0.531441	-0.041432	-0.829145	-0.938753	-1.956936	0.730844	-0.714537	0.525398	-0.679900	0.852034	0.797199	1.542147	-1.074434	-0.712732	-0.753730	-0.009498	-1.314229	-0.056088	-0.577771	-0.773469	-0.613830	0.729687	1.196209	1.467807	0.136671	0.496813	-0.176368	-0.688137	-0.432907	-0.832075	1.305503	-0.573589	0.550063	-0.257959	-0.923856	1.023947	0.403450	1.124541
-0.399745	-0.631954	-1.520328	-1.844374	0.225710	0.880028	-0.778098	-0.847978	-1.113716	-1.337400	-0.998770	-0.428014	-0.111455	0.272899	-1.437160	-0.437950	-1.129713	-0.727582	0.409386	-0.950013	-1.302520	-0.894421	0.229623	0.323770	-0.214962	-0.854143	0.542874	-0.560585	0.722074	-0.400215	0.062031	0.352499	0.555283	-0.359011	-0.520381	0.098309	-1.031891	-0.838842	0.216983	1.175607	0.636670	-0.761373	-0.469152	-1.291425	-1.492803	-1.508534	0.339634	1.415648	-0.310267	0.919619	1.138541	-1.311116	-0.379069	-0.260078	1.545156
-0.626010	-0.829697	-0.610108	-0.914859	-0.453558	0.579962	-0.412680	-1.488266	-1.447334	-2.103945	-1.683970	-1.403866	0.120092	-0.444187	-1.378013	-0.666117	-1.061720	-0.005805	1.346164	-0.102400	-1.064254	0.516202	-0.020246	1.787467	-1.316318	0.197748	0.270283	-1.439515	-0.096608	-0.133467	0.387109	1.497248	0.987703	0.831664	-1.193437	1.061107	-0.432258	-0.578847	-0.072296	0.488892	0.108651	-0.919343	-0.932349	-1.705312	-1.271186	-1.671739	1.676809	1.075896	0.686018	1.078734	2.099703	-0.664382	-1.734956	-0.742623	1.251113
-0.828742	-0.293630	0.332457	-0.175072	-1.402292	-0.151456	0.234438	-1.324421	-0.895501	-1.764825	-1.995331	-1.871525	0.672395	-1.283576	-1.096947	-1.056125	-0.073604	1.059168	1.904358	0.632547	-0.594986	0.915584	0.169535	1.956632	-1.686916	1.398896	0.012281	-1.283083	-0.341855	-0.461158	-0.076740	1.175214	0.661840	1.092656	-1.553045	1.153466	0.114370	0.105061	-0.040405	-0.351346	-0.049571	-0.302380	-0.547968	-1.086017	-0.249317	-0.811557	1.542609	0.696058	1.622342	0.863492	1.771120	0.495456	-1.853471	-0.564012	0.285725
-0.951490	0.029653	0.363845	-0.280448	-1.554484	-0.838634	0.524472	-0.560724	-0.012101	-0.812012	-1.782670	-1.414592	0.857094	-1.345482	-0.863869	-1.251242	0.775288	1.452183	1.442927	0.270207	-0.459325	0.033619	0.326627	0.481021	-0.876422	1.334280	0.055288	-0.691389	-0.239065	-1.001221	-0.936225	-0.542077	-0.349538	0.311546	-1.401853	0.069973	0.015110	0.262735	-0.185669	-0.853247	-0.286832	0.294714	0.023198	-0.178807	0.464288	0.121396	-0.174787	0.446491	1.452312	0.228948	0.144348	1.095465	-0.894027	0.028864	-0.581348
-1.141752	-0.502281	-0.495040	-0.995398	-0.597102	-1.116103	0.015659	0.221808	0.272510	-0.277345	-1.118353	-0.446362	0.058501	-0.315099	-0.815237	-1.190708	0.466484	0.703108	0.092630	-0.972812	-0.664446	-1.177574	-0.195026	-1.134324	0.516771	-0.172538	0.745001	-0.293205	-0.237809	-1.092066	-1.420710	-2.127973	-1.062567	-0.442236	-0.849575	-1.318501	-0.295637	-0.726470	-0.903813	-1.081794	-0.804023	0.136311	-0.058835	0.014881	0.120846	0.111641	-1.818011	0.072547	0.201125	-0.603353	-1.720152	0.667578	0.163297	0.405699	-0.490594
-1.359734	-1.367061	-1.253053	-1.419587	0.529617	-0.915041	-0.908210	0.432255	-0.291012	-0.572586	-0.179983	0.251464	-1.473968	1.041249	-0.877414	-0.978145	-0.824404	-0.660261	-1.340628	-1.926306	-0.687089	-1.598803	-1.287389	-1.311122	1.393227	-1.716624	1.615802	-0.077653	-0.424928	-0.404633	-1.081617	-2.249608	-0.699886	-0.317926	0.009821	-1.823526	-0.093906	-2.043402	-1.733214	-1.260771	-1.259150	-0.623879	-0.734014	-0.664015	-0.828961	-0.752708	-1.816078	-0.577876	-0.854059	-1.096623	-2.316977	-0.146589	0.596076	0.209774	0.530554
-1.250776	-1.524932	-0.988727	-0.834824	0.788079	-0.315030	-1.271642	-0.080079	-1.010289	-1.091318	0.736866	0.255879	-2.556416	1.471966	-0.813863	-0.518876	-1.893861	-1.579774	-1.907116	-1.632315	-0.193882	-0.854444	-1.966528	-0.150925	1.124929	-1.746881	1.443324	0.055787	-0.631922	0.676949	-0.134299	-0.961034	0.332052	0.286124	1.097728	-1.064765	0.562957	-2.130278	-1.682790	-1.202323	-1.258130	-1.192403	-1.192159	-1.453179	-1.362738	-1.394694	-0.338566	-1.186244	-0.541283	-0.741798	-1.033367	-0.254667	0.266083	-0.375914	1.475190
-0.545764	-0.769782	0.212308	0.635687	0.302236	0.468874	-0.611856	-0.814310	-1.094815	-1.047592	1.208230	-0.218559	-2.136796	0.431724	-0.350856	0.391217	-1.823980	-1.388997	-1.219401	-0.175204	0.547186	0.642403	-1.423150	0.898507	0.063502	-0.284936	-0.331631	-0.172878	-0.835965	1.357232	0.772633	0.590751	0.977434	0.413240	2.066220	0.205286	0.906217	-0.501588	-0.453753	-0.595488	-0.918956	-1.155720	-1.054378	-1.626992	-1.131065	-1.071990	1.119421	-1.316794	0.862346	0.325902	1.011407	0.684201	-0.572874	-0.839978	1.329691
0.483951	-0.061597	1.390759	2.106739	0.014638	0.952374	0.327333	-1.099088	-0.569345	-0.464520	0.897761	-0.633844	-0.520914	-1.281022	0.502396	1.555402	-0.945311	-0.400423	0.079837	1.448642	1.040601	2.093803	-0.107461	0.768487	-0.869791	1.029999	-2.570921	-0.924646	-1.221955	1.187172	1.057862	1.256426	0.783930	-0.101993	2.297811	0.795102	0.498154	1.499301	0.919443	0.177981	-0.764251	-0.957779	-0.916796	-1.261759	-0.720629	-0.292889	1.407708	-1.070811	1.903078	1.153577	1.836586	1.750058	-1.407660	-0.783698	0.022329
1.151839	-0.359106	1.669003	2.663189	0.373173	0.657402	0.415344	-0.831051	-0.114586	0.010334	-0.040789	-0.596436	0.833257	-2.151639	1.203309	2.266065	-0.319465	0.385161	0.734853	2.164320	1.132270	2.717853	0.615862	-0.305803	-1.020512	0.716598	-3.393015	-1.691370	-1.847971	0.487249	0.625921	0.697100	0.186903	-0.502381	1.422367	0.143575	-0.205730	2.012099	1.059007	0.151829	-1.066342	-1.147349	-1.377198	-0.879024	-0.672447	-0.093668	0.589911	-1.126055	1.496637	0.749383	0.613867	1.625331	-1.686270	-0.254268	-1.579716
1.051839	-1.332466	1.008162	2.117098	0.938307	-0.252813	-0.324565	-0.396251	-0.012518	0.207896	-0.802229	-0.024159	0.960765	-1.343611	1.123482	2.013530	-0.332157	0.241475	0.089130	1.677490	1.065715	2.179912	0.110628	-1.455256	-0.379230	-0.906697	-2.128708	-1.707787	-2.352743	-0.030032	-0.051484	-0.459235	-0.263862	-0.212091	-0.123204	-1.141468	-0.445724	0.714528	-0.044027	-0.856724	-1.458469	-1.356752	-1.833673	-0.519816	-0.608176	-0.512995	-0.581579	-1.870791	-0.069148	-0.823795	-1.361537	0.046728	-1.192034	0.397973	-2.441695
0.539040	-1.579409	0.126166	1.085196	1.234027	-0.936135	-0.509815	0.165585	0.380054	0.808597	-0.498582	0.943914	0.423103	0.523638	0.425838	1.158215	-0.165558	-0.603485	-1.212973	0.634998	1.079274	0.884981	-0.604072	-2.183589	0.679260	-2.082857	0.068830	-0.785570	-2.137593	0.007564	-0.340772	-1.061480	-0.427868	0.474641	-1.206514	-1.796021	-0.019282	-0.744892	-0.763446	-1.491402	-1.322914	-0.538994	-0.943850	0.397481	0.327426	-0.343805	-1.475047	-2.650311	-1.665215	-2.347036	-2.033668	-1.764840	-0.116436	1.021637	-2.131476
0.338774	-0.229999	-0.208855	0.317080	1.366920	-0.778608	0.895447	1.306928	1.722207	2.261032	0.848259	1.967363	0.320227	2.038410	0.044529	0.530825	1.063108	-1.294720	-1.971839	-0.106136	1.099217	-0.321859	-0.098038	-2.447112	1.711988	-1.581436	1.572324	0.526364	-0.976035	0.365980	-0.054355	-0.351511	-0.355204	0.914382	-0.913005	-1.091304	0.628088	-0.626330	0.282965	-0.325082	-0.536968	1.584261	1.519128	2.113116	2.213418	1.263571	-1.782551	-2.375069	-2.479871	-2.643830	-0.849694	-2.286064	1.209730	1.769668	-1.049678
0.692555	1.908934	0.154036	0.029708	1.541004	-0.118893	3.022533	2.923718	3.401364	3.730522	2.109987	2.486837	0.702840	2.349243	0.462480	0.430014	2.905386	-1.244356	-1.691849	-0.321909	0.853009	-0.874626	1.473074	-2.168389	2.273556	-0.013483	1.843757	1.490437	0.580972	0.613230	0.423154	1.210982	-0.091179	0.872945	0.529155	0.424286	1.004157	0.867920	2.359057	2.002616	0.303115	3.733217	3.865886	3.759760	3.913531	3.371421	-1.404649	-0.991534	-2.447653	-1.775427	0.713527	-1.226309	2.396593	2.538495	-0.026077
1.092963	3.089404	0.654872	-0.045508	1.420892	0.244119	3.838767	3.776083	3.791084	3.771242	2.195785	2.024629	0.673705	1.743334	0.972677	0.424864	3.836149	-0.563343	-0.806636	-0.402152	0.231088	-0.816996	2.355285	-1.236770	2.067231	0.979109	1.521484	1.698718	1.601255	0.624683	0.688243	2.178701	0.146702	0.519711	1.827422	1.441506	1.048705	1.944808	3.257460	3.073245	0.489626	4.200383	4.127680	4.035268	4.111986	4.059525	-0.513962	0.199020	-1.852152	-0.855637	0.955616	0.270435	2.889741	2.680575	0.376818
0.932603	2.437463	0.595802	-0.136908	0.523957	0.046906	2.404254	2.742690	2.125084	2.045362	1.237808	0.719630	-0.098418	1.007360	0.662220	0.143518	2.943279	0.230422	0.085365	-0.624376	-0.500113	-0.487936	1.364273	0.023157	1.288034	0.595115	1.307834	1.214490	1.658357	0.614588	0.806410	1.534725	0.022131	-0.013886	1.789233	1.164529	1.001875	1.477075	1.864118	1.501164	-0.041831	2.656787	2.261610	2.646921	2.621873	2.598377	0.400378	0.069010	-0.960876	-0.750514	-0.156252	0.901279	2.258981	1.708804	0.221138
0.236822	0.771017	-0.073458	-0.186847	-0.824981	-0.346932	-0.145997	0.442267	-0.321442	-0.163102	0.299079	-0.574147	-0.843750	0.511782	-0.250478	-0.227638	0.923484	0.638915	0.695018	-0.807475	-0.863766	-0.164672	-0.621209	0.858037	0.621464	-0.430252	1.142366	0.467930	1.172213	0.788533	1.064754	-0.144744	-0.475535	-0.712590	0.467341	0.007470	0.924151	0.211782	-0.537334	-1.250608	-0.702974	0.424140	0.118220	0.684107	0.456099	0.231841	0.866471	-0.902479	-0.069017	-1.196344	-1.242486	0.470264	0.775836	0.064925	-0.101465
-0.398700	-0.367785	-0.567303	-0.080465	-1.496606	-0.675730	-1.938412	-1.204833	-1.456049	-1.313651	0.100458	-0.963428	-0.892424	0.066676	-0.731868	-0.373013	-0.750790	0.426726	0.856077	-0.740738	-0.591139	-0.025254	-1.779356	0.807907	0.621432	-0.884009	0.486274	-0.025675	0.796141	1.103823	1.426050	-1.273214	-0.934199	-1.400375	-0.885942	-0.928041	0.514830	-0.454953	-1.791115	-2.471678	-0.929676	-0.999919	-0.733260	-0.569926	-1.221786	-1.303671	0.847986	-1.253163	0.482211	-1.253235	-1.301564	-0.174480	-0.590068	-1.267848	-0.356188
-0.502109	-0.180476	-0.071153	0.139343	-0.822971	-1.013215	-2.129020	-1.129535	-0.628229	-1.096800	0.465567	-0.343707	-0.631930	-0.496619	-0.396749	-0.319182	-1.256733	-0.148177	0.494029	-0.574294	0.081897	-0.105821	-1.454340	0.228856	1.103770	-0.314468	-0.805945	-0.043477	0.694393	1.339355	1.531650	-1.011742	-1.021990	-1.692014	-1.035000	-0.909806	-0.483864	-0.222999	-1.200133	-1.221601	-0.627795	-1.249366	-0.489603	-0.837081	-1.904258	-1.475351	0.673469	-0.360938	0.587408	-0.425054	-0.602043	-0.235187	-0.985986	-1.794332	-0.503052
-0.171156	0.905150	1.214411	0.374442	0.472088	-1.229462	-1.184113	-0.186595	0.802311	-0.393516	0.850557	0.524746	-0.767462	-0.936143	0.089852	-0.215604	-0.825710	-0.330928	-0.044956	-0.544231	0.567126	-0.156563	-0.584920	-0.105656	1.301556	0.881434	-2.109438	0.208263	0.586655	1.271604	1.184424	-0.104499	-0.815077	-1.334965	0.034411	-0.132117	-1.779669	0.094423	0.064210	0.870281	0.019099	-0.923427	-0.296871	-0.692114	-1.683336	-0.953914	0.558104	0.942929	0.531286	0.844832	0.172751	0.271216	-0.456198	-1.784467	-0.411568
0.170754	1.783541	2.103674	0.619332	1.043726	-0.870595	-0.052589	0.124420	1.126126	-0.151880	0.882322	0.788989	-1.183280	-0.929355	0.135556	-0.027365	-0.177764	0.443166	-0.151818	-0.561049	0.479548	0.163424	-0.332882	0.172017	0.626447	2.023039	-2.598743	0.376090	0.251884	0.788177	0.546257	0.130637	-0.499571	-0.502689	1.086830	0.554415	-2.612271	-0.137366	0.506729	1.625718	0.767069	-0.687648	-0.672591	-0.645535	-0.961405	-0.512060	0.383102	1.550429	0.637279	1.706224	0.869241	0.797613	0.112527	-1.693078	0.092399
0.276238	1.484875	1.695743	0.876967	0.477073	0.057138	0.469918	-0.561976	0.066196	-0.608894	0.415488	0.307195	-1.176596	-0.573576	0.035073	0.216363	0.048448	1.700287	0.243756	-0.361441	0.082068	0.792521	-0.884319	0.746283	-0.762143	2.409010	-2.114759	0.302127	-0.307105	-0.004492	-0.127466	-0.685641	-0.069173	0.344676	0.844954	0.407040	-2.406515	-0.699082	-0.253504	0.522232	1.152092	-0.841245	-1.247392	-0.778736	-0.360217	-0.434123	-0.005255	1.310459	0.843211	1.725862	1.503977	0.984394	-0.184622	-1.718570	0.812216
0.229153	-0.150815	0.425478	1.024204	-0.409008	0.663881	0.013686	-1.375232	-1.231745	-1.355739	-0.390987	-0.319549	-0.559859	-0.284985	0.335120	0.190916	-0.416405	2.193679	0.409943	0.054158	0.056753	1.234481	-1.569155	1.060510	-2.079326	1.500143	-1.294047	0.042374	-1.020443	-0.709549	-0.675857	-1.715566	0.455745	0.881124	-0.702843	-0.513024	-1.292568	-1.022644	-1.454618	-1.165101	0.566712	-1.365890	-1.632709	-1.033273	-0.418939	-0.704280	-0.473370	0.907743	0.845645	1.157407	1.571752	0.896749	-1.371875	-1.851080	1.151766
0.226982	-2.184905	-0.425176	0.911442	-0.775097	0.133425	-1.068664	-1.513743	-1.622350	-1.790705	-0.949616	-0.440636	0.063054	-0.268885	0.914765	-0.274158	-1.275850	1.304947	-0.271220	0.396645	0.706706	1.163866	-1.701405	0.849669	-2.567722	-0.468129	-0.785961	-0.269496	-1.685217	-0.838823	-0.954159	-1.936705	0.783335	1.130759	-2.214949	-1.320266	-0.004544	-0.839186	-2.118800	-1.911156	-0.979059	-1.936016	-1.862999	-1.350446	-1.020836	-1.179452	-0.732510	0.892230	0.600320	0.579701	0.553482	0.732187	-2.426896	-1.944474	0.764529
0.374299	-3.157157	-0.195401	0.580276	-0.699037	-1.037093	-1.780718	-1.095063	-1.041468	-1.556589	-0.664745	0.000817	0.095837	-0.368388	1.194845	-0.721762	-1.804675	-0.148619	-1.389893	0.455725	1.467198	0.779030	-1.172664	0.286607	-2.124835	-2.183558	-0.549025	-0.408449	-1.799484	-0.281828	-0.885712	-1.164252	0.661270	1.254333	-2.290790	-1.151331	0.650919	-0.256482	-1.889094	-1.343265	-2.325050	-2.014920	-2.003484	-1.505252	-1.377788	-1.526286	-0.703283	1.129727	0.389362	0.394533	-0.992197	0.581610	-2.181161	-1.698267	0.043804
0.651517	-2.387180	0.463161	0.251297	-0.666698	-1.365037	-1.396915	-0.715296	-0.272597	-0.796306	0.318584	0.513199	-0.383020	-0.455552	0.996660	-0.526022	-1.538999	-0.872420	-1.937758	0.288315	1.420099	0.384791	-0.451454	-0.197671	-1.360750	-2.307236	-0.141977	-0.098630	-0.920951	0.446350	-0.680450	-0.065172	0.315687	1.236673	-0.859912	-0.108934	0.308358	0.417674	-1.173879	-0.302166	-2.016874	-1.341156	-1.854688	-1.201300	-0.902276	-1.370916	-0.580520	1.115719	0.340854	0.580520	-1.665860	0.487366	-0.570817	-0.892383	-0.317895
0.930381	-0.685255	0.443125	0.055940	-0.638858	-0.130887	-0.355519	-0.611000	0.032551	-0.009079	1.108528	0.651758	-0.789126	-0.670887	0.700639	0.244821	-0.834076	-0.613520	-1.509977	0.073418	0.334835	-0.047436	-0.104387	-0.221748	-0.996961	-1.038574	0.453940	0.638613	0.646172	0.609595	-0.684992	0.605829	0.256077	0.907522	0.777060	0.827372	-0.716179	0.806482	-0.603933	0.215099	0.063784	-0.314929	-1.248970	-0.470490	0.088162	-0.679219	-0.535360	0.630208	0.183378	0.795283	-0.852794	0.493714	1.151338	0.259964	-0.132038
1.011820	0.529423	-0.493351	-0.119361	-0.159116	1.657827	0.190184	-0.492926	-0.050869	0.462282	1.010306	0.470925	-0.590711	-1.086464	0.620745	0.881862	-0.427886	-0.242334	-0.622998	-0.016158	-0.982970	-0.616652	-0.210506	0.259142	-1.175877	-0.032321	0.720440	1.278188	1.896852	-0.007247	-0.847154	0.673816	0.636947	0.218275	1.276640	0.933827	-1.581582	0.716592	-0.352913	0.075005	2.327461	0.407975	-0.342199	0.293075	0.819106	0.173312	-0.473920	0.017292	-0.301261	0.743026	0.443969	0.487635	1.705880	1.220358	0.228161
0.768655	0.741190	-1.477406	-0.448021	0.764902	2.419434	-0.186578	-0.044064	-0.017527	0.736741	0.243877	0.349321	0.317029	-1.326189	0.618277	0.953787	-0.453138	-0.412727	0.147017	0.193583	-1.497497	-1.071657	-0.239468	0.916495	-1.410252	-0.379162	0.359684	1.258120	2.144939	-0.858948	-0.655853	0.552939	1.047599	-0.648454	0.506693	0.547713	-1.506568	0.386025	-0.056890	-0.039891	3.079728	0.699138	0.583069	0.813935	0.999754	0.791832	-0.136479	-0.179517	-0.795385	0.512344	0.812458	0.126555	1.166828	1.647245	0.447761
0.268583	0.612777	-1.590847	-0.891282	1.410887	1.826297	-0.656513	0.613258	0.314516	1.045665	-0.451385	0.428134	1.519222	-0.853431	0.378776	0.698099	-0.285873	-0.737727	0.826685	0.756417	-0.989773	-1.076758	0.345738	1.352574	-1.198548	-1.205804	-0.256124	0.636187	1.741074	-1.249432	0.090333	0.700245	0.964926	-1.447081	-0.563125	0.505449	-0.429211	0.241501	0.568660	0.382865	2.235504	0.982968	1.374814	1.152715	0.913486	1.074292	0.594143	0.167400	-0.787550	0.468779	0.082810	-0.810380	0.673128	1.586000	0.512966
-0.309647	0.813716	-0.902713	-1.208682	1.134592	0.967609	-0.337744	0.955971	0.478430	1.202911	-0.702041	0.379677	2.265237	0.300431	-0.191694	0.390676	0.462628	-0.535714	1.609322	1.351678	-0.173422	-0.794527	1.350777	1.423309	-0.532146	-0.915860	-0.610339	0.009288	1.464065	-1.088193	0.750677	1.085724	0.251039	-2.030020	-1.046773	0.969622	0.919244	0.320528	1.218760	1.002738	1.054217	1.411824	1.865974	1.275474	0.688759	1.057623	1.477998	0.617457	-0.357955	0.725320	-0.745236	-1.944969	0.806706	1.117932	0.336711
-0.829926	1.106897	-0.255492	-1.208558	0.144400	0.744343	0.390846	0.559512	-0.090517	0.744363	-0.737239	-0.147819	1.957677	1.346550	-0.893606	-0.162856	1.210900	0.067732	2.152267	1.356542	0.164134	-0.759382	1.918901	1.223533	0.277934	0.515212	-0.667078	-0.189530	1.433116	-0.838901	0.560782	1.246013	-0.785180	-2.322184	-0.972762	1.229179	1.701439	0.200868	1.311430	1.116106	0.403539	1.440803	1.710844	0.786924	0.040872	0.654318	2.014244	0.705301	-0.181578	0.871746	-0.975018	-2.430096	0.853233	0.175001	-0.321714
-1.159684	0.865971	-0.136407	-0.878094	-0.738623	0.725425	0.386532	-0.373473	-1.213651	-0.325117	-0.843734	-0.951859	0.669016	1.497229	-1.369675	-1.147837	1.092683	0.301926	1.805125	0.455934	-0.027274	-1.084534	1.476991	0.855200	1.047483	1.401610	-0.645624	-0.030735	1.071220	-0.754671	-0.216317	0.893254	-1.632932	-2.228908	-0.915516	0.715732	1.711416	-0.353172	0.749959	0.630373	-0.081016	0.566640	0.745019	-0.467180	-1.039711	-0.189169	1.830557	0.515936	-0.567913	0.459728	-0.903589	-1.778406	-0.001077	-1.082422	-1.285452
-1.066692	0.139849	-0.110502	-0.277318	-0.991088	-0.010367	-0.525227	-1.018715	-1.932103	-1.225666	-0.892931	-1.381405	-0.791815	0.843936	-1.304629	-2.080767	0.215930	-0.078776	0.561076	-0.790541	-0.138598	-1.168323	0.468816	0.362224	1.712828	0.673598	-0.449068	0.227619	0.098344	-0.525846	-0.424887	0.358836	-1.861550	-1.624495	-1.084767	-0.169966	1.393390	-0.925956	0.143854	0.183858	-0.975431	-0.729222	-0.514224	-1.717278	-1.783151	-1.088366	1.043713	0.479786	-0.879102	-0.297111	-0.913312	-0.429926	-1.269106	-1.985168	-1.702519
-0.422734	-0.286704	0.426366	0.501435	-0.821596	-1.269176	-1.055771	-0.667799	-1.512275	-1.154517	-0.580483	-1.101441	-1.408972	0.271020	-0.697390	-2.143904	-0.311343	-0.336126	-0.594818	-1.246718	0.303670	-0.451458	-0.092407	-0.119918	1.981543	-0.544460	0.187971	0.402282	-0.918723	0.078863	0.479731	0.264434	-1.347125	-0.446467	-1.099614	-0.525907	1.254261	-0.894213	0.176597	0.281578	-1.828457	-1.265240	-1.115753	-1.792386	-1.352125	-1.322128	0.207226	0.625728	-0.295776	-0.607824	-0.589943	0.713920	-1.666161	-1.855073	-0.843558
0.401832	0.068907	1.174649	1.136207	-0.684610	-1.688811	-0.118855	0.432124	-0.366035	-0.286973	-0.029486	-0.564183	-0.755034	0.461040	0.013203	-1.195318	0.197285	0.229974	-0.606856	-0.334242	0.989942	0.703446	0.202653	-0.355589	1.410733	-0.414772	1.034590	0.243181	-1.235198	0.521316	1.466525	0.739164	-0.349804	1.124526	-0.671457	-0.094518	1.370191	-0.248248	0.850000	0.658924	-1.562460	-0.531231	-0.653116	-0.516489	-0.012508	-0.626696	-0.179432	0.426756	0.977592	-0.034191	0.611633	1.170408	-0.878958	-0.794327	0.880287
0.627734	0.669122	1.086972	1.039001	-0.637067	-0.471736	1.520703	1.175951	0.309000	0.306480	0.126327	-0.523338	0.538387	1.162519	0.269101	-0.075348	1.007727	1.124742	0.416916	1.153570	1.019414	1.186632	0.675460	-0.309345	0.050575	1.038616	1.409609	-0.512817	-0.862255	-0.034567	0.933675	1.121636	0.666222	2.514445	-0.157101	0.350560	1.378605	0.285356	1.450182	0.670008	-0.007839	0.576900	0.203579	0.868972	0.919645	0.276163	-0.169424	-0.422902	1.713465	0.849790	2.122932	1.040355	-0.048996	0.346276	2.079037
-0.135087	0.582120	-0.269751	-0.102518	-0.390951	1.385843	2.034225	0.787409	-0.145490	-0.096404	-0.546873	-1.137285	1.200341	1.558275	-0.085681	0.264664	0.865514	1.090387	1.202332	1.673128	-0.170840	0.283596	0.385530	-0.335611	-1.234062	1.870872	1.135635	-1.604312	-0.481596	-1.493794	-1.321388	0.608737	1.343475	2.923656	-0.103929	-0.135955	0.860267	0.008263	1.253858	0.066307	1.575036	0.761660	0.453614	1.069890	0.570254	0.374307	-0.333484	-1.466454	1.031272	0.969670	2.519869	0.523217	-0.218675	0.935193	1.752719
-1.251370	-0.296474	-1.914355	-1.663111	0.145751	2.128354	0.893119	-0.188759	-1.083479	-0.925483	-1.574443	-1.743991	0.537101	1.220390	-0.672018	-0.217733	-0.282619	-0.240229	0.728833	0.557963	-2.029605	-1.433402	-0.698026	-0.807805	-1.435691	0.829797	0.966847	-2.111457	-0.510611	-2.544913	-3.514281	-0.756915	1.574659	1.960003	-0.364336	-1.494119	-0.150886	-0.957345	0.262285	-0.791174	1.816355	-0.059415	-0.009146	0.281403	-0.362439	-0.326134	-1.085955	-2.058616	-0.511313	-0.092617	1.264420	-0.233932	-0.909746	1.244282	0.336816
-1.546361	-1.008450	-2.395593	-2.312476	0.686009	1.281958	-0.349467	-0.398760	-1.225525	-0.890134	-1.823411	-1.549026	-0.729536	0.504802	-0.901186	-0.636308	-1.060212	-1.652969	-0.568126	-1.149859	-3.167102	-2.455985	-1.542143	-1.537010	-0.422417	-0.923028	1.567340	-1.389338	-0.651348	-1.973008	-3.561231	-1.873850	1.410846	0.253322	-0.097826	-2.464990	-0.956865	-1.656405	-0.708234	-1.275912	0.772582	-0.592927	-0.246636	-0.101018	-0.360490	-0.595628	-2.022464	-2.108679	-1.516657	-1.618490	-0.408171	-0.808746	-0.789853	1.902233	-0.826893
-0.542975	-0.646889	-1.356593	-1.272303	0.951720	0.058627	0.010482	0.747796	0.001089	0.525191	-0.635380	-0.406201	-1.170306	0.044377	-0.376820	-0.154369	-0.334758	-1.703758	-1.340871	-1.766833	-2.572194	-1.715310	-1.103485	-1.811474	0.918762	-1.283557	2.351344	0.007356	-0.482732	-0.085080	-1.291807	-1.572262	0.960364	-0.835299	1.164500	-1.750078	-0.741948	-1.115816	-0.714573	-0.894833	-0.234810	0.224471	0.522506	0.728740	1.091107	0.574463	-2.154952	-1.798941	-1.328387	-2.433020	-0.844044	-0.591876	0.534274	2.814304	-0.984613
0.951636	0.517088	0.220181	0.695640	0.985683	-0.311061	1.661423	2.262048	1.853284	2.347884	1.298390	1.086195	-0.308927	0.046697	0.760362	1.031370	1.310843	-0.475183	-0.969110	-0.827382	-0.593749	0.281815	0.509549	-1.173352	1.586665	0.162557	2.013988	0.878329	-0.128317	1.541149	1.302081	0.076093	0.376631	-0.520491	2.715461	0.504966	0.413006	0.605474	0.321930	0.324725	-0.214765	1.812670	1.831848	1.951161	2.765927	2.518842	-1.013961	-0.968084	-0.612532	-1.949453	0.059136	0.449329	1.958131	3.017053	-0.651868
1.625554	1.268563	1.207204	1.866204	0.926499	-0.005037	2.634648	2.536916	2.927058	3.016060	2.396554	2.101548	0.789790	0.142431	1.680052	1.755018	2.178636	0.545721	-0.195324	0.420530	1.329439	1.795860	1.996659	-0.045461	1.358959	1.733963	0.271098	0.819243	-0.021624	1.744153	2.119632	1.592533	-0.209348	0.434262	3.221849	2.535429	1.292320	2.150263	1.303900	1.570842	0.439950	2.514493	2.383718	2.084454	2.933878	3.369289	0.609848	0.516321	-0.310885	-0.605871	0.799241	1.377754	2.158380	1.774516	-0.734883
0.980742	0.813640	1.314070	1.269761	0.666574	-0.001245	1.675496	1.092856	2.420669	1.954388	1.761418	2.158160	0.851031	-0.159412	1.418186	1.128961	1.397681	0.351444	0.006903	0.506521	1.921617	1.574735	2.110119	0.610924	0.786909	1.761024	-1.502934	0.543222	-0.191371	0.923716	1.050696	1.514168	-0.767351	0.508527	2.107110	2.616727	0.787828	2.081279	1.011089	1.745640	0.620948	1.506376	1.537929	0.728106	1.237113	2.128105	1.338777	1.976016	-0.480492	0.533271	0.210247	1.107979	1.086175	-0.355800	-1.287799
-0.196131	-0.288894	0.892168	-0.302231	0.021308	-0.555218	-0.333929	-0.825184	0.864753	0.153236	0.218513	1.377014	-0.038459	-0.911975	0.005374	-0.289299	-0.137249	-0.381737	-0.284813	-0.541997	1.097795	0.210987	0.959819	0.337234	0.493720	0.433322	-1.690023	0.711690	-0.150833	0.382849	-0.144427	0.021952	-1.218216	-0.682325	0.259636	0.954468	-0.671952	0.583210	-0.378904	0.671877	-0.036206	-0.236516	0.080477	-0.952185	-0.851843	-0.089911	0.705691	2.340319	-0.468475	0.642969	-1.078862	-0.304250	-0.025261	-1.833236	-1.467659
-0.661737	-0.752421	0.324173	-1.159097	-0.787539	-0.985012	-1.508263	-1.555983	-0.380683	-0.877747	-0.567400	0.355612	-0.667942	-1.660192	-1.239751	-0.954328	-0.887504	-0.326604	-0.247799	-1.329238	-0.113502	-0.525971	-0.128235	-0.256934	0.551952	-0.682482	-0.222691	1.068185	0.427957	0.766723	0.093360	-1.168748	-1.242954	-1.777825	-0.763591	-0.476740	-1.515067	-0.564221	-1.299795	-0.490626	-0.708816	-1.063299	-0.672834	-1.473454	-1.533277	-1.241674	-0.281869	1.461344	0.091797	-0.141040	-1.466724	-1.478611	-0.090846	-1.637653	-0.655323
0.023014	-0.080916	-0.120442	-0.500795	-1.154337	-0.845061	-1.080574	-0.820488	-0.416054	-0.627130	-0.022113	-0.253416	-0.334837	-1.966912	-1.071401	-0.103244	-0.407669	0.676064	0.367832	-0.876450	-0.589743	0.257850	-0.152942	-0.214344	0.485572	-0.546509	1.348497	0.994524	1.156002	1.451763	1.480571	-0.774492	-0.562316	-1.305845	-0.281623	-0.207193	-1.026043	-0.091176	-0.688039	-0.551646	-0.469036	-0.471415	-0.321610	-0.558389	-0.516802	-0.597163	-0.329765	0.342480	0.879903	-0.829783	-0.352323	-1.099709	0.622751	-0.308521	0.721752
1.049608	0.820613	-0.237068	0.809614	-0.788670	-0.552824	0.009325	0.103072	0.431589	0.099455	0.765490	-0.216324	0.393950	-1.890434	0.151846	1.341035	0.364012	1.495003	0.892119	0.217641	-0.143750	1.620039	0.451346	0.491031	-0.108474	0.352087	1.539052	0.409037	1.265683	1.469513	2.415010	0.497815	0.494202	0.455692	0.862159	1.021882	-0.329119	1.211840	0.601697	0.197497	0.512293	0.515555	0.360039	0.700609	0.823700	0.631313	0.537475	-0.166482	1.371643	-0.630588	1.202597	0.521938	0.963880	0.740146	1.656206
1.162343	0.733098	-0.106701	1.238581	-0.178642	-0.595924	0.422741	0.003267	1.099525	0.260931	0.546257	0.114226	0.658369	-1.770524	0.815570	1.899012	0.387960	1.310396	0.785899	0.657745	0.381108	2.041224	0.497349	0.806337	-0.953047	0.794765	0.414125	-0.288004	0.512812	0.699919	1.857830	0.820664	1.046386	1.758325	1.284157	1.279423	-0.884023	1.586068	0.836725	0.366787	1.185127	0.668900	0.471315	1.056822	1.026302	0.845579	0.994886	-0.307618	1.359896	0.117771	1.750670	1.586175	0.431067	0.807744	1.656020
-0.070283	-0.409948	-0.170625	0.188638	-0.075386	-0.707686	-0.190002	-0.936279	0.842461	-0.349469	-0.573718	0.135580	0.418288	-1.651294	-0.033236	1.162080	-0.359931	0.570256	0.412568	0.090549	0.085544	1.151073	-0.415245	0.005982	-1.308141	0.235001	-0.736046	-0.816959	-0.449864	-0.134704	0.326567	-0.446160	0.569589	1.383610	0.534867	-0.099885	-2.445092	0.501636	-0.440615	-0.690672	0.927516	-0.154785	-0.093714	0.273338	-0.040814	-0.240950	0.167792	-0.701994	0.970563	0.389442	0.958884	0.745816	-0.266958	0.419006	1.101145
-1.753355	-1.489708	-0.710708	-1.443763	-0.587827	-0.309598	-1.143980	-1.662524	-0.263585	-1.164630	-1.522226	-0.415963	0.203685	-1.198647	-1.558155	-0.080766	-1.134397	0.092634	0.409814	-0.625027	-0.923750	-0.199768	-1.441659	-1.120477	-0.903775	-0.751926	-0.966075	-1.120648	-0.734905	-0.515674	-0.948525	-1.910133	-0.435325	-0.109011	-0.627643	-1.723764	-3.207973	-0.919286	-1.935735	-2.007173	0.210678	-1.112191	-0.784589	-0.893254	-1.359959	-1.594966	-1.080546	-1.214658	0.438430	-0.085937	-0.299880	-1.255958	-0.346804	0.263860	0.580533
-2.476490	-1.555159	-1.350923	-2.224895	-1.067355	0.541223	-1.624621	-1.636344	-1.582093	-1.613121	-1.707100	-1.198167	0.192585	-0.225630	-2.124071	-0.975128	-1.376671	-0.102333	0.732700	-0.627165	-1.608760	-1.166033	-1.532594	-1.044196	-0.362566	-1.216532	-0.551797	-1.068748	-0.152061	-0.711248	-1.381050	-1.803641	-0.955958	-1.179967	-1.280972	-1.865688	-1.921865	-1.451403	-2.197217	-2.157924	-0.130573	-1.407037	-1.090691	-1.588094	-1.980811	-2.128675	-1.076446	-1.108582	-0.011543	-0.327821	-1.006036	-2.287759	-0.080595	0.199645	0.245134
-1.701380	-0.796015	-1.431968	-1.603500	-0.932125	1.150521	-1.400234	-1.201593	-2.418491	-1.568669	-1.440560	-1.615129	0.096120	0.902272	-1.153569	-1.306872	-1.139089	-0.491675	0.807006	-0.006957	-1.208540	-1.567038	-0.610068	0.560476	-0.394453	-0.831717	-0.298911	-0.559992	0.663914	-1.129321	-1.257467	-0.059259	-0.585065	-0.994288	-1.240503	-0.436784	0.655649	-1.022276	-1.143986	-0.918746	0.081033	-0.994167	-0.941334	-1.559728	-1.778471	-1.665440	0.562827	-0.172810	-0.220369	0.524285	-0.884941	-1.242831	-0.256272	-0.290112	-0.052545
-0.302879	-0.086337	-0.847297	-0.352963	-0.357537	1.039584	-0.824712	-0.814864	-2.363221	-1.204783	-1.104043	-1.387289	-0.184742	1.487707	0.298955	-1.205178	-0.755135	-0.980349	0.418052	0.518052	-0.150800	-1.464183	0.394485	2.160158	-0.807242	-0.145754	-0.427061	0.083261	0.959055	-1.472557	-0.965271	1.610509	0.112250	-0.105569	-0.876549	1.041856	2.486029	-0.363263	0.081612	0.505737	0.311579	-0.414164	-0.611864	-1.111218	-1.193708	-0.834909	2.239987	0.817257	-0.181820	1.732437	-0.403693	0.648203	-0.840473	-1.007737	-0.301010
0.398345	0.028119	-0.123570	0.367167	0.028050	0.372592	-0.363725	-0.496238	-1.413652	-0.702543	-0.607490	-0.692607	-0.341626	1.094412	0.802505	-0.733162	-0.422540	-0.885094	-0.067533	0.469366	0.502969	-0.787505	0.532852	1.939199	-0.773806	0.078736	-0.496977	0.276760	0.495162	-1.020075	-0.527387	1.542557	0.338740	0.405996	-0.483249	1.130920	2.142560	-0.014785	0.405532	0.797679	0.049590	-0.171387	-0.401483	-0.624211	-0.616862	-0.315068	2.034853	0.917564	-0.031485	1.649589	-0.144314	1.269265	-0.956067	-1.110806	-0.311513
0.105077	-0.331221	0.373768	0.280774	-0.008134	-0.471833	-0.144863	-0.113706	0.079340	-0.153173	0.160616	0.168663	-0.203242	-0.055573	0.138361	0.018553	-0.145474	-0.020830	-0.361791	-0.045711	0.403885	0.370156	-0.216771	-0.157082	-0.027343	-0.292790	-0.245123	-0.104034	-0.448894	0.305843	0.098098	-0.207587	-0.039288	0.222376	-0.107205	-0.138958	-0.005702	0.030826	-0.192945	-0.113128	-0.673811	-0.301208	-0.370017	-0.230013	-0.135514	-0.221715	-0.131590	0.082353	0.116490	-0.068668	-0.234028	0.163605	-0.258053	-0.350838	-0.060919
