X1	X2	X3	X4	X5	X6	X7	X8	X9	X10	X11	X12	X13	X14	X15	X16	X17	X18	X19	X20	X21	X22	X23	X24	X25	X26	X27	X28	X29	X30	X31	X32	X33	X34	X35	X36	X37	X38	X39	X40	X41	X42	X43	X44	X45	X46	X47	X48	X49	X50	X51	X52	X53	X54	X55
0.113192	0.046542	-0.059718	-0.177473	0.060459	0.013726	0.063004	0.301163	0.165339	0.226911	0.127420	0.121990	-0.093870	-0.105797	-0.156991	-0.064292	0.032868	-0.025677	0.069312	-0.040729	-0.042607	-0.071997	0.064100	0.077664	0.106646	0.027161	0.095140	0.140376	0.163513	0.082532	0.037004	-0.003214	0.146367	-0.500224	0.126280	0.157804	0.060581	0.059539	0.135229	0.265076	0.151185	0.094081	0.139106	0.079231	0.058343	0.003148	0.043266	-0.011885	0.133063	0.088316	0.021158	-0.088469	-0.097053	0.289499	0.204425
-1.263889	-2.137932	-1.986596	-0.574030	-1.694520	-1.939443	-2.145373	-1.010702	-0.923802	-1.330240	-0.834269	-0.616695	-0.176818	-1.877687	-1.374687	-0.629464	-2.092756	-0.630353	-1.448671	-1.027519	-0.778317	0.193919	-0.674855	-1.064350	-0.631692	-2.794937	-0.111588	-1.092780	-1.170319	0.269986	-0.306876	-1.150501	-2.459304	-1.724481	-0.531478	-1.075029	-1.366525	-0.351011	-1.469738	0.048429	-1.763620	-2.079526	-1.840657	-1.977402	-2.026511	-0.596891	-0.955307	-0.526327	0.054256	-0.676383	-2.103188	-0.625989	-0.349366	-0.731822	1.161116
-0.972178	-2.546867	-2.526964	-0.618673	-1.435276	-2.178150	-2.728473	-0.846183	-1.040197	-1.787634	-0.622206	-0.612759	-0.167850	-1.737751	-1.772401	-0.582728	-2.622040	-0.405515	-1.627536	-1.223319	-1.078326	0.322090	-0.991910	-1.695874	-0.224175	-3.182072	0.442196	-0.772725	-1.197305	0.647033	-0.303013	-1.570158	-2.187400	-1.787107	-1.175266	-1.546854	-1.179419	-0.591102	-1.581518	-0.034012	-1.873171	-2.872387	-2.781380	-2.549517	-2.977692	-1.468565	-1.617206	-0.886868	0.647444	-0.625136	-2.795049	-0.944643	-0.381293	-0.432702	1.672525
0.888497	-0.910511	-1.568440	-0.010396	0.647539	-0.495955	-1.463520	0.549378	-0.173538	-0.829369	0.574937	0.136717	-0.056826	0.145278	-1.191571	0.193142	-1.224069	0.807538	-0.330819	-0.298998	-0.721792	0.727264	-0.683443	-1.116327	0.724308	-1.088584	1.374043	0.778695	-0.030728	1.229319	0.388290	-0.663902	0.428374	-0.911829	-1.636444	-0.713979	0.331179	-0.503406	-0.196356	0.401451	-0.015703	-1.859771	-2.303339	-1.275954	-2.375686	-1.989703	-1.226099	-0.833788	1.498686	0.149895	-1.775506	-0.606571	-0.384381	0.647310	1.613245
2.589268	1.291787	-0.282900	1.060395	2.407568	1.595116	0.315666	1.499653	0.743971	0.719098	1.416695	0.931748	0.086157	1.768731	-0.213438	1.092406	0.793357	2.074939	1.199485	1.155074	0.063929	1.634166	0.007109	0.653599	0.694179	1.253888	1.614753	1.885902	1.061078	1.738449	1.538726	1.178694	2.250505	-0.233261	-1.663016	1.004302	1.298430	-0.160592	1.230206	1.343882	2.139173	0.053165	-0.967897	0.647440	-0.858945	-1.417795	0.342231	-0.263481	1.594948	0.858894	-0.068689	0.595755	-0.561809	0.886492	1.230637
2.584238	2.178524	0.129514	1.740159	2.070992	2.249800	1.013548	0.747307	0.765715	1.415261	0.887205	1.048194	0.152354	1.561397	0.425946	1.216369	1.572877	1.987020	1.496747	1.893535	0.640570	2.188859	0.419640	2.191294	-0.554867	1.731088	0.758354	1.597566	1.158777	1.711179	2.072855	2.306322	1.325696	-0.187430	-1.204578	2.046098	0.388152	0.080832	1.240841	1.844466	2.657616	1.296167	0.139364	1.426564	0.334235	-0.169583	1.735192	0.475905	0.692860	0.957572	0.954044	2.063210	-0.636921	-0.221090	0.855321
0.998585	1.197158	-0.385855	1.258423	-0.027799	1.044140	0.308324	-1.284003	-0.178238	0.455547	-0.677976	0.327726	0.032822	0.039598	0.477953	0.299845	0.533064	0.229996	0.366449	1.216027	0.464236	1.253902	0.032993	1.900416	-1.572045	0.389459	-0.514446	0.597835	0.550855	0.935128	1.039804	1.373316	-1.131397	-0.054675	-0.542936	1.133323	-1.762353	-0.062701	-0.235467	0.939890	1.228662	0.988688	0.325478	0.443453	0.411905	0.521902	1.321777	0.812934	-0.336993	0.571160	0.724382	2.648776	-0.278588	-1.549954	0.590416
-0.660811	-0.538500	-0.906068	-0.116533	-2.061729	-0.687472	-0.662636	-2.988728	-1.229942	-1.435369	-2.027356	-0.737352	-0.271890	-1.022668	0.207197	-0.848621	-0.981468	-1.681561	-0.874139	-0.175880	-0.336522	-0.831201	-0.851645	-0.038487	-1.075048	-0.968248	-1.274174	0.072169	0.080430	-0.131688	-1.034153	-0.847618	-2.575346	0.733052	-0.015437	-1.065024	-3.260667	-0.491665	-1.873166	-0.835767	-0.629761	-0.280574	-0.132742	-1.121631	-0.368247	0.211907	-0.674205	0.557194	-0.572343	0.060943	-0.223496	1.676300	0.166834	-1.943555	0.369459
-1.065394	-1.568964	-0.706837	-1.184189	-2.639481	-1.306895	-0.660987	-3.067825	-1.411373	-2.558856	-2.206814	-1.343465	-0.511797	-0.757201	-0.069687	-1.103901	-1.174357	-1.854116	-0.820263	-0.896062	-0.985595	-2.137712	-1.250084	-1.712473	0.496519	-0.934731	-1.204185	0.287352	0.052284	-0.596630	-2.340597	-2.068604	-2.005981	1.526327	0.320205	-2.414479	-2.880387	-0.877477	-2.246913	-1.674000	-1.292665	-1.125476	-0.393630	-1.697142	-1.144376	-0.229546	-2.166342	0.105651	-0.019122	-0.415372	-0.926351	-0.318417	-0.000599	-1.479548	0.195673
-0.231350	-1.453117	0.013677	-1.037939	-1.840207	-0.540813	0.294643	-1.538042	-0.560835	-1.879019	-1.229357	-0.925423	-0.329325	0.017398	-0.235931	-0.293731	0.152299	-0.215619	0.430787	-0.428453	-0.778710	-1.302525	-0.619190	-1.678993	1.618184	0.108400	-0.622773	0.587432	0.080624	-0.062252	-1.702491	-1.142809	-0.506893	1.327891	0.611645	-1.729872	-1.132571	-0.984296	-1.166240	-0.652442	-0.685688	-0.795251	-0.025747	-1.027449	-1.300161	0.075583	-1.665987	-0.086140	0.592315	-0.755483	-0.841666	-1.917981	-0.711968	-0.887356	0.096238
0.743585	-0.794866	0.566489	-0.070488	-0.660669	0.383657	1.058299	0.469416	0.502964	-0.048086	0.257034	0.369952	0.253653	0.165791	-0.224623	0.508139	1.379589	1.273155	1.324811	0.361309	0.227445	0.696928	0.363054	-0.503775	1.473877	0.724119	-0.008905	0.437264	-0.177877	0.772346	0.024718	0.558940	0.480233	0.349211	0.890290	-0.123267	0.450145	-0.762829	0.225256	0.939859	-0.052574	0.166003	0.542574	-0.121316	-0.800894	0.778727	-0.028695	-0.095494	0.647622	-0.665712	-0.150310	-2.034144	-0.945513	-0.368765	-0.060172
0.892525	-0.340614	0.602728	0.427823	0.044748	0.166477	0.700495	1.734651	0.788563	1.317819	1.647953	1.686297	0.624338	-0.311219	0.041543	0.154871	0.969804	0.828240	0.551486	0.323832	1.281297	1.573333	0.572776	0.256544	0.704439	0.142951	0.328883	0.043956	-0.528089	0.786301	0.892868	0.889387	0.621436	-0.162958	0.988213	0.506139	0.861178	-0.348238	0.664430	1.126600	-0.341051	0.645481	0.599451	0.156913	0.002242	0.856116	0.795400	-0.343650	0.124133	0.055895	0.518865	-0.936423	-0.032618	0.424504	-0.381020
0.216821	-0.339799	0.349332	-0.268274	0.075713	-1.140617	-0.490115	1.807291	0.087072	1.279246	2.597976	2.071093	0.182969	-0.642133	0.417354	-1.205776	-0.766362	-1.117892	-1.443055	-0.638725	1.652025	0.397332	-0.088968	0.097991	0.412295	-1.038895	0.296339	-0.074897	-0.566751	-0.234574	0.093615	-0.404881	0.458320	0.299325	0.729137	-0.132592	0.361582	-0.110656	0.040630	-0.231263	-1.188427	0.172142	0.026509	-0.121547	0.618605	0.069823	0.255735	-0.838849	-0.512118	1.017846	0.602872	0.031044	1.241596	1.441698	-0.636401
-0.581843	-0.563770	0.196614	-1.408538	-0.207585	-2.197588	-1.363601	1.049049	-0.904428	0.325884	2.790394	1.264848	-0.809386	-0.592640	0.509209	-2.182501	-2.073200	-2.442022	-2.838734	-1.506680	1.253603	-1.373995	-0.527557	-0.052660	0.749604	-1.710995	-0.046721	0.124465	-0.281194	-1.271468	-1.185682	-1.443800	0.374681	0.735852	0.096832	-0.558703	-0.128107	-0.434534	-0.608969	-1.280149	-1.524051	-0.686186	-0.595056	-0.438720	0.663318	-0.717127	-0.317715	-0.943582	-0.708392	1.342338	0.041736	-0.059521	1.398325	1.886254	-0.514364
-0.943119	-0.627428	0.268358	-1.552105	-0.261381	-1.850337	-1.135273	0.103627	-1.319661	-0.386772	1.952906	-0.027865	-1.303220	-0.637471	0.135087	-1.617479	-1.750208	-1.736556	-2.365429	-1.303005	0.619581	-1.676649	0.112797	0.606931	0.810174	-1.436613	-0.525469	0.113308	-0.096228	-1.243186	-1.263628	-0.640460	0.228090	0.057465	-0.675156	0.332186	-0.069541	-1.149270	-0.327882	-0.593104	-0.895649	-1.048186	-0.721679	-0.506437	0.213171	-0.691516	0.333253	-0.130107	-0.296098	0.503735	-0.668586	-0.694532	0.086571	1.136777	-0.209374
-0.874200	-0.336876	0.392283	-0.266955	0.156433	-0.412918	-0.164055	-0.577064	-0.895953	-0.275168	0.324644	-0.736821	-0.610976	-0.940712	-0.344806	0.131211	-0.389690	0.197124	-0.646004	-0.150688	0.310177	-0.195663	1.305600	1.534479	-0.060371	-0.724898	-0.886508	-0.467545	-0.336948	-0.252047	0.025870	1.294115	-0.177186	-1.323017	-1.084678	1.745764	0.312420	-1.426976	0.685600	1.061839	0.044252	-0.681325	-0.456368	-0.332762	-0.153878	-0.056070	1.695488	1.184389	0.288049	-0.980260	-0.948205	-0.703062	-1.384581	-0.283059	-0.294409
-0.661280	0.094252	0.359505	1.265650	0.707564	0.706827	0.490010	-0.874238	-0.111348	0.235457	-1.160968	-0.448314	0.669778	-0.946018	-0.417905	1.500403	0.467468	1.356750	0.576623	0.884995	0.356563	1.401815	1.741587	1.564315	-1.240930	-0.325839	-0.904477	-1.176482	-0.801362	0.598104	1.196344	2.228175	-0.658445	-1.942506	-0.696883	2.015710	0.462104	-0.716562	1.311958	1.790883	0.373109	-0.145608	-0.305138	-0.053121	-0.011794	0.364442	2.144854	1.871867	0.385806	-1.877801	-0.712979	0.143869	-1.571704	-1.154729	-0.826170
-0.382038	0.258415	0.155170	1.582464	0.811867	0.653839	0.237248	-0.875797	0.324467	0.346039	-1.542105	0.215120	1.230295	-0.209098	-0.027472	1.333940	0.159267	0.780624	0.443245	0.971881	0.343273	1.433743	0.865506	0.487757	-1.507473	-0.376646	-0.551432	-1.154312	-0.922935	0.518296	0.932670	1.192928	-0.793573	-1.059681	0.223063	0.707755	0.142182	0.380419	0.790163	0.900031	0.016814	-0.013331	-0.448408	0.124727	0.302313	0.169689	0.980494	1.276464	-0.123264	-1.383268	-0.358344	0.897526	-0.543130	-0.976203	-1.036425
0.156969	0.141623	-0.039350	0.640630	0.356804	0.095880	-0.377815	-0.642301	0.180170	-0.143866	-0.750943	0.376865	0.586537	0.892284	0.467677	0.108018	-0.406642	-0.506463	-0.153983	0.403013	0.017221	0.041393	-0.469203	-0.611032	-0.584702	-0.265145	-0.065068	-0.140458	-0.302319	-0.118403	-0.343421	-0.519540	-0.339466	0.628110	0.685392	-0.853869	-0.328456	0.770471	-0.329166	-0.426803	-0.178135	-0.115365	-0.446389	0.100028	0.166655	-0.225951	-0.702914	0.006845	-0.594125	0.086205	-0.128789	0.837532	0.427196	-0.437113	-0.307236
0.972995	0.277572	-0.077354	-0.266853	-0.141949	0.265987	-0.278087	-0.143279	-0.030190	-0.577719	0.275683	-0.078012	-0.382153	1.566460	0.801726	-0.650669	0.020502	-0.826209	0.113431	0.147945	-0.400232	-1.127514	-0.920252	-0.639579	0.480941	0.571366	0.250893	1.130464	0.870852	-0.328949	-1.028639	-0.974362	0.510233	1.943427	0.041344	-1.131033	-0.449489	0.320799	-0.717801	-0.671773	0.476731	0.212453	0.203467	0.085862	-0.298002	-0.140733	-1.271753	-0.677887	-0.401801	1.289718	0.222000	0.441413	0.540822	-0.342760	0.851593
1.534893	0.960366	-0.092342	-0.276695	-0.234984	1.213008	0.839157	0.504440	0.365709	-0.275490	0.507180	-0.550754	-0.691585	1.404858	0.914060	-0.218021	1.326515	0.141353	1.157964	0.543951	-0.622214	-0.938506	-0.142503	0.217639	0.645238	1.730411	0.353034	1.638248	1.798943	0.262713	-0.317647	0.132446	1.189014	2.282336	-1.085439	-0.069847	-0.106389	-0.112338	0.105032	0.248597	1.544437	1.101445	1.243922	0.327261	-0.320055	0.580132	-0.403067	-0.287692	0.165647	1.338954	0.888904	0.517184	0.239578	-0.553768	1.305930
1.110578	1.503183	-0.418397	-0.024601	-0.133010	1.572370	1.963913	0.892736	1.270244	0.486041	-0.175354	-0.671705	-0.576216	0.579448	0.646251	0.450594	1.974684	1.045140	1.487955	0.771466	-0.759115	-0.069009	0.801317	0.750039	0.102505	2.047424	0.486392	1.017350	1.588842	0.974787	0.834319	1.240471	1.150398	1.640864	-1.454191	0.937059	0.353435	-0.127205	0.989093	0.975748	1.813558	1.699527	1.662945	0.590700	0.263683	1.302437	0.631902	0.364281	0.214880	0.429321	1.384840	0.863144	0.279115	-0.356328	0.681802
-0.378890	0.903839	-1.135279	-0.568668	-0.314638	0.341923	1.815608	0.701148	1.742894	0.694703	-0.954905	-0.752772	-0.936156	-0.445732	-0.180063	0.072470	0.870540	0.605847	0.163776	-0.093411	-1.085494	-0.001753	0.674687	0.210830	-0.199245	0.957464	0.784155	-0.270124	0.106233	0.860672	0.967704	0.891740	0.383055	0.295011	-0.732551	0.694523	0.604323	-0.256300	0.491013	0.364473	0.670472	1.112523	0.804763	0.356238	0.573183	1.184059	0.571386	0.255232	-0.510327	-0.516675	0.988798	0.567342	0.661889	0.433691	-0.235154
-2.012707	-0.670458	-1.717087	-1.677654	-0.719420	-1.574714	0.401073	0.182175	1.083108	-0.098955	-1.052198	-1.166920	-1.704062	-1.149705	-1.241051	-1.086523	-1.077153	-0.759477	-1.782768	-1.693015	-1.464610	-0.990602	-0.405754	-0.733343	0.034811	-0.614135	0.950950	-1.453997	-1.615943	-0.208448	-0.029466	-0.520515	-0.484789	-1.104447	0.190808	-0.436527	0.670256	-0.685464	-1.126165	-1.105893	-1.085658	-0.333753	-0.655364	-0.374927	-0.050033	0.126111	-0.300586	-0.463941	-1.163310	-0.743623	-0.124355	-0.410197	0.813896	1.188920	-0.535744
-2.589878	-1.745321	-1.341099	-1.883911	-0.758830	-2.207570	-0.880248	-0.088257	-0.270607	-1.112415	-0.539986	-1.611495	-1.626422	-1.141973	-1.679899	-1.430287	-1.830092	-1.463038	-2.365478	-2.493650	-1.328494	-1.637610	-1.051094	-0.810259	0.147626	-1.166009	0.542338	-1.966370	-2.159034	-1.399417	-0.889625	-1.301499	-0.805510	-1.599025	0.470914	-1.055753	0.648415	-0.581547	-1.969404	-1.806458	-2.024016	-1.277921	-1.285972	-0.924370	-0.949127	-0.965180	-0.629050	-0.639225	-0.828763	-0.191848	-0.799720	-0.832234	0.425667	1.200978	-0.210670
-1.713119	-1.293885	0.237365	-0.341877	-0.190478	-0.851631	-0.916747	-0.023448	-1.275666	-1.281948	-0.033140	-1.323894	0.033897	-0.467469	-0.931830	-0.202550	-0.663010	-0.728218	-0.930278	-1.437169	-0.323386	-0.691076	-0.311197	0.216582	-0.332963	-0.386905	-0.446290	-1.640305	-1.143573	-1.797967	-0.733962	-0.575354	-0.641479	-0.732558	0.288891	-0.508489	0.357039	0.514134	-0.881592	-0.838893	-1.606757	-0.924384	-0.549457	-0.830198	-0.988871	-1.097899	0.127301	0.305968	0.300588	0.604620	-0.347905	0.116185	-0.290302	0.352833	0.041693
-0.072955	-0.088043	2.141468	1.881379	0.431913	1.030801	-0.244257	-0.176688	-1.501111	-0.594267	0.216205	-0.032367	2.191301	0.318406	0.560653	1.312997	0.893438	0.493240	1.071219	0.762472	1.162984	1.231800	1.088043	1.184734	-0.870058	0.469347	-1.429693	-0.709617	0.341170	-1.248492	-0.171764	0.693447	-0.575399	0.780511	0.303477	0.330356	-0.420889	1.447059	0.941366	0.881669	-0.631403	-0.015312	0.528350	-0.483646	-0.152590	-0.329235	0.943730	1.477849	1.126973	0.974914	0.388543	1.335205	-0.982405	-0.892098	-0.240724
1.314558	0.344161	3.001976	2.825855	0.487686	1.512441	-0.183283	-0.832053	-1.313846	0.010400	0.499537	1.526423	2.920987	0.648371	1.706385	1.307715	0.949146	0.773225	1.729654	2.267506	2.247496	2.263824	1.562310	1.017175	-0.630392	0.191943	-1.734922	0.358183	0.964103	-0.291089	-0.248035	1.051668	-0.722952	1.650054	0.620851	0.347631	-1.396187	0.727567	1.371515	1.700504	-0.084040	0.170147	0.605180	-0.493483	0.447449	0.305403	0.698909	1.580007	0.901793	0.636555	0.098325	0.987590	-1.421665	-1.865059	-0.793850
1.978861	-0.234146	2.309810	1.809523	0.191370	0.388558	-0.896296	-1.362974	-0.988041	-0.034615	0.929818	2.205672	1.559160	0.513243	1.800683	-0.276555	-0.399044	-0.066892	0.710286	2.012543	2.340053	1.469499	0.491135	0.103827	0.277461	-0.817803	-1.215915	1.149347	0.568677	0.474261	-0.858440	0.423472	-0.426311	1.305071	0.781723	-0.219256	-1.831701	-1.265457	0.003477	1.131253	0.047873	-0.519573	-0.373861	-0.737898	0.134091	0.031062	-0.189127	0.546508	-0.056758	-0.030026	-1.072714	-0.904228	-1.462837	-2.062354	-1.036812
2.025394	-0.604932	0.910577	0.077630	0.290253	-0.816869	-1.181663	-0.997337	-0.340928	-0.282140	1.046666	1.536722	-0.677064	0.327833	1.061062	-1.760102	-1.371497	-0.956942	-0.684338	0.651884	1.609167	-0.226622	-1.228472	-0.343119	0.799076	-1.111880	-0.353466	1.449328	0.022984	0.727463	-0.974850	-0.066539	0.686710	0.319094	0.516564	-0.219701	-1.321615	-2.478948	-1.501765	0.137821	0.441270	-1.004747	-1.225972	-0.586480	-0.465960	-0.824332	-0.397069	-0.502769	-0.939738	-0.332864	-1.541213	-2.122314	-1.072646	-1.455202	-0.792231
1.565219	0.054099	-0.052057	-0.807976	0.936173	-0.827586	-0.352994	0.010639	0.559431	-0.135355	0.472357	0.124467	-2.093630	0.312332	0.239824	-1.889288	-0.960760	-1.081891	-1.191560	-0.423325	0.642725	-1.387395	-2.354094	-0.051830	0.235754	-0.175564	0.243780	1.167296	-0.093669	0.343831	-0.270352	0.054658	1.789362	-0.380386	0.009610	0.535404	-0.307486	-1.690526	-1.686077	-0.457823	1.188024	-0.484084	-1.029048	0.068309	-0.382931	-1.369107	0.243470	-0.866958	-1.394752	-0.062036	-0.429555	-1.009373	-0.399888	-0.533906	-0.481881
0.559555	1.068560	-0.378974	-0.681445	1.383059	0.050051	0.631922	0.598010	1.021619	0.226378	-0.346288	-0.982696	-2.031612	0.318315	-0.065071	-1.085962	-0.052090	-0.719375	-0.759243	-0.599089	-0.179660	-1.648692	-2.441586	-0.000807	-0.832224	0.895585	0.395686	0.362070	-0.036095	-0.558608	0.352278	-0.072149	1.683141	-0.362647	-0.527809	0.819608	0.415744	0.127395	-0.889595	-1.006873	1.534203	0.574962	-0.057219	0.625451	0.418848	-1.174713	0.386228	-1.030800	-1.581319	0.219765	1.165869	1.293389	0.379797	0.148820	-0.562445
-0.705326	1.379840	-0.655221	-0.492769	0.941470	0.713564	0.584145	0.295110	0.592598	0.281841	-0.541427	-1.174438	-0.966963	0.246038	0.229286	-0.309521	0.218884	-0.456393	-0.046436	-0.288649	-0.822633	-1.546756	-1.675488	-0.792235	-1.191067	0.962042	0.351016	-0.537866	-0.091555	-1.391820	0.102988	-1.064311	0.386935	0.223979	-1.066233	-0.181977	0.590533	1.286263	-0.170129	-1.952215	0.998347	1.216292	0.867380	0.730466	1.191946	-0.426107	-0.759449	-1.494204	-1.476817	-0.072069	1.631151	2.234851	1.196815	0.519310	-0.834455
-1.472869	1.002308	-1.155716	-0.759926	-0.190051	0.746922	-0.073714	-0.192601	-0.119105	0.159823	0.046752	-0.597263	0.266313	0.262790	0.704572	0.374784	0.190807	-0.234808	0.562608	-0.041878	-1.277781	-1.343461	-0.223193	-1.507722	-0.389099	0.373270	0.317936	-0.837330	0.047606	-1.330289	-0.515014	-1.924015	-0.794458	0.966243	-1.422599	-1.425678	0.623702	1.391319	0.406401	-2.478896	0.146617	1.247049	1.412431	0.815602	1.473583	0.655200	-1.956490	-1.620232	-0.710414	-0.665581	0.921488	1.029854	1.868469	0.869381	-0.542061
-1.267097	0.685084	-1.498985	-1.015938	-1.265739	0.559392	0.075123	-0.029758	-0.116534	0.483911	0.593639	0.150468	1.013531	0.465739	0.720601	1.337719	0.854335	0.312644	1.006793	0.023125	-1.420698	-0.779583	1.627752	-0.875429	0.810465	0.253996	0.226304	-0.275488	0.636508	-0.123538	-0.401951	-1.215043	-0.889310	1.379643	-1.134565	-1.268811	0.852406	1.245983	1.416701	-1.388379	-0.207726	1.171795	1.688041	1.305654	1.389072	1.901979	-1.452238	-0.504430	0.669018	-0.730787	0.326039	-0.580091	1.959046	1.225255	0.644150
-0.603187	0.558171	-1.362848	-0.781820	-1.822846	0.387308	1.176128	0.607592	0.610011	1.221742	0.330514	0.523572	0.991379	0.592381	-0.061152	2.121585	1.909814	0.947208	1.049969	-0.056820	-1.210250	0.128652	2.981492	0.777403	1.325501	0.700641	0.004420	0.449654	1.057464	1.406067	0.592065	0.701407	-0.371065	1.084933	-0.016988	0.189433	1.017084	1.319393	2.485503	0.814505	-0.197940	1.141546	1.510098	1.715830	1.008425	2.678056	0.484467	1.327779	1.709439	-0.075152	0.444156	-0.756713	1.228248	1.183615	1.893103
-0.476172	0.016645	-0.965735	-0.355643	-1.868203	-0.032010	1.623636	0.843447	0.998335	1.399897	-0.482262	0.372910	0.448225	0.317271	-1.225380	1.769186	1.894515	0.959734	0.446871	-0.339640	-0.801990	0.775744	2.789066	1.627148	0.802343	0.669123	-0.167170	0.282767	0.373506	1.959274	1.413992	1.732766	-0.350574	0.103775	1.314561	1.077301	0.679998	1.205700	2.302874	1.957442	-0.621040	0.702669	0.464011	1.171666	0.122941	2.035910	1.641797	2.097764	1.398115	0.447017	0.454438	0.235638	0.123475	0.531334	1.866414
-1.070435	-0.989026	-0.610405	-0.225102	-1.474577	-0.648405	0.295730	0.324705	0.348968	0.395068	-0.925982	-0.006724	0.053708	-0.214372	-1.793840	0.438430	0.371930	0.278669	-0.372055	-0.661649	-0.351857	0.721633	1.073637	0.618488	-0.257177	-0.279104	-0.064441	-0.884773	-1.258889	1.016930	1.161665	0.663269	-1.017693	-1.014429	1.856304	0.244313	-0.009738	0.606674	0.552464	0.823436	-1.501813	-0.231326	-1.109275	-0.199092	-1.047485	-0.010883	0.653363	0.892906	-0.034711	0.014486	-0.345493	0.776002	-0.541148	-0.265209	0.271611
-1.387403	-1.391302	-0.181448	-0.188185	-0.625719	-0.697359	-1.598512	-0.299883	-0.664342	-0.893243	-0.542304	-0.102783	0.283274	-0.380583	-1.114917	-0.358412	-1.072517	-0.197399	-0.418344	-0.480559	0.165143	0.330113	-0.760184	-1.078045	-1.056807	-1.066826	0.247980	-1.809400	-2.307394	-0.519389	0.259467	-1.188198	-1.360213	-1.504741	1.256887	-1.139548	-0.326234	0.092134	-1.129068	-1.170830	-1.694143	-0.793264	-1.822322	-0.999105	-1.480347	-1.803283	-1.197402	-1.090756	-1.115721	-0.997206	-1.175602	0.160630	-0.390506	-0.467343	-1.534327
-0.462323	-0.295148	0.502190	0.306532	0.489495	0.330237	-1.811689	-0.180539	-0.798416	-0.815025	0.251072	0.408947	0.889224	0.230533	0.365939	0.369188	-0.695836	0.242571	0.670968	0.470026	0.786497	0.284931	-1.268151	-1.452093	-1.020912	-0.487440	0.463272	-1.156494	-1.396130	-1.100775	-0.052637	-1.599189	-0.481275	-0.993711	0.234089	-1.132469	0.162252	0.396358	-0.921560	-1.689515	-0.353697	-0.109640	-0.589920	-0.072365	-0.331460	-1.483776	-1.574828	-1.879111	-0.669224	-1.386858	-0.693423	-0.705293	0.275228	0.136658	-1.844938
1.272528	1.587366	1.069342	1.133459	1.354433	1.694607	0.081361	0.700829	0.200455	1.007688	0.717462	1.295358	1.210993	1.209977	1.371742	1.699859	1.107069	1.065969	1.919171	1.512491	1.256218	0.702892	-0.451176	-0.124384	-0.098112	1.063101	0.371065	0.862045	1.028881	-0.084759	0.729660	-0.189925	1.147703	0.071234	-0.204134	0.391924	0.996396	1.251909	0.842416	-0.302607	1.656164	1.400089	1.826551	1.965627	1.778022	0.777621	0.025797	-0.890433	0.877917	-0.604630	1.081371	-0.727203	0.949992	1.027977	-0.445376
2.284009	2.481537	0.874493	1.485247	1.516034	2.046566	2.046762	1.476231	1.287155	2.939776	0.459137	1.815429	1.005628	1.648313	1.005893	1.968543	2.197749	1.159826	1.983444	1.570079	1.119860	1.109409	0.432978	1.279816	1.085685	1.966561	0.055329	2.466379	2.927096	1.547185	1.739473	1.316072	2.075290	0.696814	0.183693	1.610177	1.327429	1.540667	1.969549	1.266800	2.492536	2.251641	3.237502	3.171171	3.033661	2.686776	1.793746	0.674817	2.009012	0.580199	2.521470	0.043373	1.303809	1.494873	1.172113
1.641370	1.514819	-0.025259	0.971671	1.012118	1.010168	2.012470	1.344937	1.370858	2.984918	-0.361421	1.349750	0.674793	1.127944	-0.310904	0.861451	1.269521	0.343861	0.749854	0.486262	0.275789	1.148266	0.396225	1.164920	1.552815	1.333319	-0.208502	2.122630	2.658901	2.175274	1.792657	1.360177	1.471228	0.305257	0.805383	1.103447	0.882805	0.755055	1.059396	1.424109	1.399531	1.500438	2.264738	2.309921	2.258577	2.298992	1.880155	1.332460	1.787800	1.048975	2.162440	0.685771	1.154256	1.226874	1.491471
0.035319	-0.389303	-0.666155	0.139219	0.292310	-0.424029	0.199313	0.438093	0.509035	0.960332	-1.137802	0.073695	0.574956	0.148183	-1.286164	-0.415773	-0.722253	-0.422219	-0.540950	-0.698852	-0.714448	0.876320	-0.354705	-0.317485	0.870590	-0.078650	-0.168427	0.174517	0.572462	1.194577	0.757363	0.156252	0.030492	-0.617004	1.111014	-0.529218	0.188940	-0.212502	-0.895022	0.310768	-0.516645	-0.263406	-0.180098	0.129480	0.185011	0.129809	0.371960	0.693297	0.668082	0.626567	0.261182	0.510533	0.471687	0.456923	0.545416
-1.093642	-1.689966	-0.292845	-0.322626	-0.217665	-1.162641	-1.426697	-0.373948	-0.332170	-1.363415	-1.228219	-1.129025	0.453803	-0.587580	-1.178590	-0.826486	-1.887634	-0.374092	-0.834706	-1.029353	-1.094753	0.404802	-0.977917	-1.763516	-0.247210	-0.965715	0.270544	-1.577608	-1.498872	-0.470393	-0.424352	-1.082014	-0.843790	-1.137372	1.140859	-1.671097	-0.103214	-0.222112	-1.887649	-0.887384	-1.676401	-1.654325	-1.963344	-1.563843	-1.394071	-1.618997	-1.211801	-0.531774	-0.286381	0.070704	-1.586687	-0.396793	-0.419236	-0.247726	-0.400135
-1.125492	-1.833056	0.620755	-0.414646	-0.393702	-1.161485	-1.513598	-0.448225	-0.451011	-2.200337	-0.562656	-1.518533	-0.144328	-1.040779	-0.572548	-0.562500	-1.528972	0.147699	-0.432439	-0.736711	-0.679480	-0.240794	-0.979186	-2.135281	-0.565313	-0.921532	0.999843	-1.788232	-2.127888	-1.421818	-0.885518	-1.634639	-0.525539	-1.074273	1.093312	-1.587508	0.146408	0.468825	-1.279546	-1.374850	-1.664538	-1.920904	-1.995454	-1.812845	-1.572324	-1.577821	-1.730808	-1.359857	-0.511563	-0.033225	-2.072127	-1.417559	-0.915343	-0.319278	-0.426616
-0.668734	-1.412505	0.888963	-0.574440	-0.355514	-1.091205	-0.468441	0.054002	0.005710	-1.392833	0.141695	-1.192450	-1.170881	-1.684251	-0.603568	-0.376651	-0.498273	0.388360	-0.342389	-0.709920	-0.024155	-0.791438	-0.445676	-1.486069	0.299010	-0.490793	1.698694	-0.775253	-1.478493	-1.132963	-0.619671	-1.514685	0.350363	-1.106443	0.814388	-0.806610	0.605640	0.436439	-0.199430	-1.136970	-1.192500	-1.420720	-1.016747	-1.156819	-1.063981	-0.382349	-1.245467	-1.251934	-0.165394	0.107579	-1.180963	-1.895295	-0.690902	0.399597	0.208808
-0.619261	-1.112504	0.040809	-0.952590	-0.274306	-1.278071	0.526904	0.543337	0.560143	-0.089592	0.030005	-0.862017	-2.120911	-2.607136	-1.600073	-0.550056	0.160526	0.254611	-0.868366	-1.244050	0.139022	-0.769257	0.285683	-0.456197	1.352349	-0.221443	1.940849	0.099411	-0.746545	-0.255731	-0.155547	-0.855327	0.719190	-1.641471	0.151248	-0.069502	0.875774	-0.940044	0.140111	-0.493212	-0.888743	-0.888975	-0.316965	-0.553709	-1.003193	0.509467	-0.422197	-0.395192	0.273365	0.031866	0.169746	-1.557195	-0.126114	1.386372	0.725618
-1.166196	-0.996540	-1.149011	-1.267257	-0.233119	-1.398069	0.858779	0.692873	1.027894	0.683601	-0.919502	-0.988487	-2.585529	-3.140475	-2.715410	-0.801474	0.279234	0.220027	-1.323104	-1.779542	-0.403905	-0.147197	0.827965	0.386774	1.312352	-0.147365	1.504167	-0.090591	-0.774333	0.181020	0.141957	0.178875	0.181312	-2.143962	-0.464103	0.385852	0.778758	-2.434248	-0.214219	0.193294	-0.715486	-0.614180	-0.286206	-0.256621	-1.470650	0.468331	0.227000	0.482695	0.339874	-0.269829	1.063600	-0.739379	0.039655	1.753581	0.752924
-1.698741	-0.800197	-1.556571	-1.183409	-0.177206	-1.070512	0.645892	0.614493	1.370464	0.759229	-1.732978	-1.260602	-2.383981	-2.512361	-2.823902	-0.793252	0.272042	0.429503	-1.022269	-1.695327	-1.121802	0.385955	0.818507	0.713080	0.111138	-0.062776	0.671142	-1.059320	-1.337726	-0.216052	0.250509	1.024620	-0.671587	-1.888191	-0.384921	0.554954	0.459064	-2.348013	-0.434541	0.531888	-0.471282	-0.413878	-0.416493	0.001802	-1.570526	-0.080248	0.473911	0.715871	-0.135330	-0.470114	1.109567	-0.178608	-0.444163	1.096547	0.397158
-1.473242	-0.432087	-0.842723	-0.617471	0.046685	-0.355802	0.172937	0.523956	1.305179	0.451763	-1.422649	-1.028227	-1.394520	-0.768749	-1.588027	-0.425211	0.319796	0.464475	-0.114632	-0.945008	-1.219106	0.188740	0.174501	0.416948	-1.020035	0.138099	0.090150	-1.754123	-1.575461	-0.914895	0.222767	0.963704	-0.871504	-0.964570	0.291185	0.347686	0.303732	-0.534883	-0.146922	0.261528	-0.231933	-0.123579	-0.262467	0.234947	-0.746347	-0.554409	0.256440	0.245588	-0.771409	-0.439887	0.459268	-0.316160	-0.975737	-0.003175	-0.183095
-0.362036	0.062792	0.373680	0.210363	0.560683	0.402281	-0.334572	0.454740	0.582671	0.024526	-0.096530	-0.199571	0.189148	1.079220	0.310383	0.146243	0.216894	0.065654	0.684334	0.055202	-0.488220	-0.484617	-0.701877	-0.244666	-1.054824	0.440971	0.154524	-1.393788	-0.890404	-1.114137	0.075123	-0.002742	-0.034799	-0.108760	0.684010	-0.136972	0.581704	1.471437	0.267497	-0.460510	-0.045266	0.182898	0.069656	0.201120	0.503375	-0.788236	-0.229948	-0.453687	-0.907745	-0.299041	-0.344053	-0.710223	-0.742139	-0.553703	-0.803109
0.969502	0.738402	1.251947	0.927192	1.277719	0.987497	-0.576450	0.310484	-0.434617	-0.344571	1.107771	0.534950	1.546700	1.925633	1.805364	0.585247	-0.087038	-0.323846	0.932967	0.889019	0.410577	-0.725395	-1.159005	-0.653642	-0.396430	0.747553	0.536305	-0.144690	0.527272	-0.616846	-0.040775	-0.877777	1.221170	0.298253	0.222792	-0.372896	1.057907	2.200138	0.394475	-1.030479	0.370768	0.398519	0.311805	0.001923	1.322865	-0.788800	-0.492230	-0.903629	-0.388586	-0.064548	-0.635773	-0.395925	0.302938	-0.266217	-1.020792
1.662108	1.588474	1.458364	1.309684	1.812506	1.424125	-0.290244	0.067702	-0.988250	-0.453048	1.248240	0.505182	1.815120	1.617868	2.293084	0.650395	-0.161772	-0.025012	0.855302	1.433461	0.728183	-0.029505	-0.813651	-0.315671	-0.255604	0.876958	0.511397	1.078303	1.863869	0.046829	0.158509	-0.633261	1.853560	0.605099	-0.686923	0.112943	1.131193	1.619884	0.330985	-0.835382	1.208812	0.555629	0.500034	0.082694	1.475698	-0.432647	-0.121615	-0.949022	0.129389	0.333772	-0.082357	0.916360	1.283894	0.138471	-0.440549
1.452018	2.240536	1.210976	1.430113	1.680415	1.770799	0.404460	-0.170276	-0.839298	-0.256297	0.504869	-0.130112	1.091368	0.998476	1.977031	0.508878	0.413809	0.980662	0.931097	1.780858	0.491825	1.096725	0.108809	0.568730	-1.046020	0.717270	-0.197368	1.418571	2.295120	0.296901	0.706229	0.611996	1.401091	1.150680	-1.318650	1.079962	0.495488	0.738918	0.389323	0.136345	2.043431	0.732086	0.823308	0.543567	1.345731	0.300210	0.719950	-0.703496	-0.092268	0.638949	0.977360	2.195247	1.306061	-0.156169	0.585395
0.800361	2.164241	0.840819	1.431337	0.770612	1.942110	0.987833	-0.336279	-0.579660	-0.030669	-0.250905	-0.612941	0.372216	0.840210	1.467229	0.574646	1.300874	1.883058	1.241790	1.948754	0.268201	1.654737	0.877815	1.233469	-1.939855	0.389209	-1.065966	0.744977	1.595791	0.086822	1.161316	1.670530	0.349752	1.514394	-1.488391	1.742886	-0.451871	0.314651	0.552097	1.154964	2.153199	0.918377	1.163028	0.896721	1.271701	0.988102	1.375282	-0.407512	-0.960180	0.285521	1.715105	2.073197	0.368972	-1.070196	0.985206
0.316781	1.304622	0.535875	1.315505	-0.364820	1.779538	0.982840	-0.539642	-0.823939	-0.057565	-0.510249	-0.472045	0.382684	1.015177	1.119239	0.921603	1.515109	1.853766	1.376571	1.808463	0.312983	1.211281	0.842771	1.184440	-2.033440	0.105681	-1.388047	-0.326596	0.334676	-0.203775	1.050828	1.603003	-0.475994	0.948761	-1.413392	1.646830	-1.026539	0.278137	0.497499	1.408023	1.400142	1.017972	1.088795	0.701671	1.261610	1.032870	1.365903	-0.245796	-1.590175	-0.861027	1.468381	0.496165	-0.752611	-1.777333	0.074093
0.236923	0.293812	0.449094	1.104751	-0.896830	1.254508	0.392512	-0.899004	-1.359475	-0.179847	-0.423281	0.091197	0.871043	0.945741	0.854619	1.089282	0.553871	0.892548	0.990092	1.365282	0.441625	0.348278	0.148099	0.752281	-1.384522	-0.096168	-1.102146	-0.956497	-0.532210	-0.220138	0.500926	0.718767	-0.697358	-0.434629	-1.105878	1.100215	-1.025916	0.191841	0.116767	0.867734	0.459462	0.902670	0.409953	0.133352	1.224826	0.352292	0.907024	-0.077026	-1.241286	-1.957943	0.329827	-1.060503	-1.388087	-1.722166	-1.501821
0.429459	-0.157312	0.720844	0.983077	-0.535960	0.554825	-0.277555	-1.206640	-1.383611	0.031457	-0.246080	0.604070	1.167616	0.556540	0.541199	0.670418	-0.796434	-0.232044	0.260794	0.902795	0.571258	0.002181	-0.238224	0.632487	-0.618522	-0.286668	-0.752762	-0.692225	-0.413324	0.132643	0.123859	0.109378	-0.474287	-1.378851	-0.408986	0.670122	-0.876004	-0.128880	-0.233179	0.355816	0.040605	0.503036	-0.445103	-0.299920	1.102819	-0.396153	0.636851	0.530980	-0.066053	-1.756052	-0.844805	-1.219658	-1.471098	-1.174082	-2.247936
0.663925	0.010754	1.219878	1.005502	0.134572	-0.022601	-0.400242	-0.977572	-0.520319	0.619579	0.034953	0.806248	1.019443	0.285355	0.273275	-0.068120	-1.168505	-0.774779	-0.318090	0.648258	0.802277	0.428290	0.469101	0.979038	0.039361	-0.329372	-0.671058	0.260381	0.464520	0.723305	0.220019	0.354915	-0.054417	-0.755197	0.517135	0.518157	-0.965046	-0.493892	-0.103004	0.619691	0.125719	-0.034068	-0.777045	-0.382030	0.771948	-0.430966	0.854712	1.695805	1.101362	0.110725	-1.096808	-0.164923	-1.213798	-0.688545	-1.314623
0.761017	0.254937	1.475020	0.829579	0.285596	-0.267752	0.251407	-0.054565	0.639512	1.036076	0.442315	0.708170	0.617549	0.234278	0.160375	-0.435270	-0.162835	-0.614915	-0.462699	0.437152	0.960171	0.970183	1.835124	1.209488	0.839613	0.083630	-0.537510	1.265025	1.327780	1.282180	0.405344	0.949841	0.444367	1.019620	1.190014	0.392507	-1.078544	-0.630295	0.512327	1.422342	0.183569	-0.339964	-0.324666	-0.279209	0.141891	0.366302	1.162505	2.725462	1.596537	2.495219	-0.243490	0.807919	-0.672060	-0.309855	0.615340
0.633861	0.150714	1.125707	0.082326	-0.235281	-0.214215	1.205795	0.947130	1.119804	0.753174	0.711353	0.408858	0.090650	-0.102891	0.072918	-0.199805	1.119997	-0.177161	-0.285022	-0.032361	0.634706	0.854256	2.494953	0.776169	1.774677	0.930223	0.066659	1.772579	1.566222	1.507406	0.203809	1.025341	0.837267	2.227292	1.317118	0.103576	-0.747251	-0.509930	1.107010	1.744103	-0.039377	-0.196720	0.464250	-0.150880	-0.569964	1.320710	0.966870	2.629630	1.448974	3.592742	0.818819	0.858832	0.114428	0.343491	2.004441
0.346879	-0.150810	0.390935	-1.008480	-0.744477	-0.127366	1.563774	1.110713	0.592299	-0.095331	0.511327	-0.000157	-0.606104	-0.984854	-0.148644	0.054147	1.262695	0.015004	-0.069905	-0.651672	-0.118235	0.032815	1.623859	-0.071112	2.274462	1.591837	0.920496	1.695836	1.209052	1.242646	-0.277574	0.406830	0.844821	1.649684	1.057775	-0.198154	-0.032316	-0.393904	1.132619	0.976688	-0.237649	0.076282	0.867683	-0.002813	-0.931133	1.550069	0.266982	1.287746	1.104233	2.585344	0.871679	0.307356	0.783196	1.245762	1.972897
0.085061	-0.233814	-0.128199	-1.658869	-0.534666	-0.262498	0.791140	0.195272	-0.324077	-0.873965	-0.119088	-0.416800	-1.285213	-1.697874	-0.330711	-0.357401	0.074374	-0.323002	-0.027130	-0.894816	-0.576477	-0.868620	-0.092966	-0.515112	1.776556	1.374513	1.268847	1.336804	0.795496	0.602196	-0.583464	-0.255693	0.430891	-0.042096	0.751760	-0.232185	0.388850	-0.501445	0.506877	-0.266027	-0.055237	-0.105489	0.551324	0.055127	-0.797883	0.698388	-0.280768	-0.173698	0.819006	0.435093	-0.361528	-0.029932	0.876844	1.649906	1.019527
-0.076871	-0.001764	-0.143038	-1.370915	0.230376	-0.606311	-0.655871	-1.082607	-0.826792	-1.169631	-0.741492	-0.720256	-1.423358	-1.234916	-0.092716	-1.342490	-1.269145	-1.136317	-0.233399	-0.495026	-0.228412	-1.323135	-1.180543	-0.143315	0.362829	0.290470	0.628567	0.975348	0.797061	-0.126022	-0.639595	-0.352969	-0.100307	-0.919898	0.566317	0.013541	-0.007958	-0.660959	-0.343585	-0.818943	0.369101	-0.800143	-0.179494	-0.253472	-0.518078	-0.747528	-0.178859	-0.495242	0.438728	-1.068010	-1.777907	0.259638	0.465357	0.896223	0.240942
-0.306126	0.212204	0.006241	-0.568589	0.599564	-0.926237	-1.644107	-1.811744	-0.810666	-1.159572	-0.915267	-0.789068	-0.783717	0.325782	0.629896	-2.156949	-1.591161	-2.070250	-0.663861	0.082835	0.437625	-1.402086	-0.988224	0.544533	-1.252581	-0.921246	-0.664119	0.607942	1.112896	-0.682956	-0.797276	-0.041320	-0.495985	0.116775	0.420494	0.203669	-0.983778	-0.469217	-0.930615	-0.393673	0.529423	-1.309716	-0.735124	-0.960546	-0.467987	-1.816192	0.260739	0.283793	-0.285675	-1.040923	-1.966969	0.939078	0.194402	-0.638301	0.089939
-0.685991	0.092100	-0.174997	-0.149736	-0.043567	-1.050568	-1.465210	-1.718099	-0.781066	-1.208557	-0.511324	-0.506512	0.068067	1.641698	1.388107	-2.280988	-0.961493	-2.602654	-1.174458	0.140618	0.505956	-1.430323	-0.312442	0.736860	-2.199729	-1.591647	-1.682776	0.178719	1.173262	-0.885267	-1.121623	0.053846	-0.768216	2.047043	0.114117	0.052843	-1.799966	0.123877	-1.137200	0.103863	0.191637	-1.011631	-0.826066	-1.586223	-0.566227	-1.888729	0.337671	0.861461	-1.222531	-0.164393	-0.760262	1.409278	0.500772	-1.724796	0.143705
-0.834148	-0.244326	-0.688114	-0.418254	-1.079279	-0.962847	-0.558610	-1.184671	-0.992275	-1.272484	0.281130	0.157658	0.293717	1.547293	1.612965	-1.813056	-0.387955	-2.292389	-1.463444	-0.331635	-0.103978	-1.357414	-0.306652	0.261968	-1.960376	-1.666203	-1.668863	-0.082546	0.610914	-0.604303	-1.132339	-0.301788	-0.904250	2.764591	-0.473956	-0.279154	-1.940153	0.560522	-1.149436	-0.156674	-0.247906	-0.198078	-0.664485	-1.573231	-0.467183	-1.268689	-0.112235	0.272174	-1.755644	0.332721	0.554487	1.153902	0.973441	-1.511566	-0.081565
-0.283846	-0.376690	-1.060442	-0.748402	-1.266769	-0.655790	0.022940	-0.721554	-1.051276	-0.936132	1.033366	0.943997	-0.200039	0.316472	1.110790	-1.045725	-0.421167	-1.103017	-1.187906	-0.608121	-0.510580	-0.820732	-1.047253	-0.284187	-0.735918	-1.371846	-0.733877	0.099430	-0.279588	0.035176	-0.558233	-0.665601	-0.768981	1.417277	-1.202799	-0.384351	-1.501010	0.210951	-1.064338	-0.847113	-0.204809	0.293862	-0.561217	-0.919622	-0.108350	-0.772587	-0.583510	-0.909320	-1.328666	0.030808	0.726404	0.152712	0.766539	-0.447418	-0.520429
0.635363	-0.105740	-0.983163	-0.473548	-0.340461	-0.138480	-0.186997	-0.573716	-0.545366	-0.066188	1.228372	1.303301	-0.673201	-0.827687	0.190368	-0.119523	-0.509253	0.401529	-0.306801	-0.252097	-0.150695	0.103401	-1.547847	-0.317455	0.593693	-0.743789	0.139764	0.448519	-0.895769	0.472424	0.022319	-0.546317	-0.522124	-0.613016	-1.687187	-0.206557	-0.972406	-0.820697	-0.794115	-1.121527	0.289215	0.192867	-0.430268	-0.120866	0.231013	-0.712494	-0.686952	-1.338843	-0.193288	-0.500077	-0.027476	-1.016769	-0.338134	0.189416	-0.843835
0.841721	0.258939	-0.685537	0.177422	0.517598	0.358066	-0.624999	-0.658118	0.232873	0.832603	0.677806	0.905944	-0.523337	-1.153162	-0.588387	0.775958	0.065402	1.295951	0.667144	0.192642	0.362923	0.626019	-1.114869	0.092263	1.178741	0.164948	0.029735	0.254187	-1.025382	0.126204	-0.184352	-0.082356	-0.673058	-1.319198	-1.574131	-0.172996	-0.687695	-1.601755	-0.364180	-0.917346	0.460580	0.085830	0.086720	0.443355	0.396284	-0.573616	-0.628056	-0.626193	0.638341	-0.617471	-0.428744	-1.612560	-1.496270	-0.264559	-0.969796
-0.154909	0.189096	-0.538900	0.422049	0.151364	0.464617	-0.476947	-0.723242	0.525106	1.123118	-0.162676	0.148735	0.066022	-0.919056	-0.867079	1.295657	1.033678	1.015833	0.981342	-0.065644	0.105660	0.140963	-0.173350	0.463681	1.007468	0.871858	-0.899209	-0.645400	-0.975862	-0.827108	-1.008545	0.156510	-1.318661	-0.395726	-0.793002	-0.555361	-0.487424	-1.288179	-0.002833	-0.846799	-0.315472	0.498459	0.953644	0.714140	0.538753	0.121628	-0.677976	0.323653	0.497130	-0.341189	0.189927	-1.335377	-1.664335	-1.094746	-1.001509
-1.398963	-0.512570	-0.502860	0.048088	-1.079174	0.124991	0.349704	-0.663797	-0.011051	0.739570	-0.636744	-0.231196	0.559338	-0.639102	-0.833001	1.287431	1.443010	-0.036487	0.403908	-0.871202	-0.782153	-0.803421	0.461234	0.560371	0.748633	0.781844	-1.569398	-1.420402	-1.059770	-1.432864	-1.334499	-0.021292	-1.731022	0.560367	0.425194	-0.942588	-0.020490	-0.130078	0.195074	-0.936230	-1.624291	1.086472	1.475037	0.580385	0.698370	0.971212	-0.557704	0.687768	-0.076395	-0.145195	1.109769	-0.447484	-0.879655	-1.151493	-0.867567
-1.604448	-1.456374	-0.260403	-0.364755	-1.831340	-0.269668	1.189413	-0.698614	-0.931090	0.118259	-0.705300	-0.142946	0.702843	-0.455259	-0.988135	0.941469	0.941728	-0.820401	-0.445305	-1.237481	-1.212823	-1.012382	0.641351	0.550256	0.723800	-0.044236	-1.305820	-1.228304	-1.185715	-1.022410	-0.501591	-0.148843	-1.259213	0.186740	1.600747	-0.685395	0.581905	0.710240	0.396925	-0.440015	-2.308310	1.058954	0.987116	-0.150180	0.531782	1.122835	0.172610	0.714169	-0.037499	-0.293926	1.212321	0.621606	-0.303961	-0.366262	-0.386966
-0.836997	-1.940282	0.164630	-0.431620	-1.508295	-0.406383	1.401297	-1.021448	-1.472091	-0.433632	-0.890051	-0.266308	0.466907	-0.331882	-1.417380	0.401803	0.166867	-0.766807	-0.758647	-0.717141	-0.638400	-0.198137	0.755559	0.585082	0.491471	-0.811386	-0.587896	-0.330384	-1.024041	-0.042922	0.741135	0.224544	-0.357959	-0.954280	2.116023	0.209665	0.616434	0.486574	0.631109	0.812808	-1.701456	0.225250	-0.273929	-1.154199	-0.235862	0.401232	1.235889	0.991325	0.667136	-0.586025	0.327984	1.527928	-0.723479	0.229939	0.334918
-0.311393	-1.554076	0.264329	-0.569564	-0.800548	-0.492410	0.987996	-1.243960	-1.154852	-0.885986	-1.271593	-0.925552	-0.217564	-0.332623	-1.543556	-0.418315	-0.194600	-0.356962	-0.479727	-0.079855	0.179111	0.562279	0.868276	0.506324	-0.258716	-0.834186	-0.204198	0.291336	-0.458500	0.551992	1.099527	0.829550	-0.032839	-1.266705	1.641183	0.965881	-0.265075	-0.285164	0.574852	1.763145	-0.358555	-0.721694	-1.295210	-1.497196	-1.259163	-0.432792	1.667258	1.332141	0.959619	-0.670313	-0.660211	1.878579	-1.368646	0.073161	0.889545
-0.583448	-0.591643	-0.339890	-1.218635	-0.529752	-0.855216	0.459708	-0.581357	-0.010505	-1.028257	-1.114342	-1.341264	-1.184425	-0.403153	-0.927532	-1.372006	-0.174572	-0.364403	-0.284912	-0.272250	0.181597	0.236680	0.626290	0.090501	-0.874697	-0.249499	-0.068176	0.250860	0.213868	0.529641	0.344324	0.924537	-0.344593	-0.261881	0.600388	0.880992	-1.208934	-0.588884	0.065896	1.417660	0.560395	-0.967430	-1.315285	-0.675008	-1.805179	-0.603009	0.888481	1.015149	0.212533	-0.414027	-0.847458	1.295021	-0.797670	-0.042139	1.010668
-0.822191	0.204924	-1.305559	-1.884918	-0.564523	-1.247774	0.235157	1.097113	1.418478	-0.431151	0.095051	-0.554738	-1.720340	-0.231623	-0.024933	-1.798291	-0.148647	-0.765800	-0.590150	-1.088518	-0.581843	-0.770179	-0.002952	-0.547869	-0.426697	0.243763	0.540386	0.111796	0.544915	0.479362	-0.461813	0.189912	-0.246083	0.914892	-0.119545	0.067632	-0.842336	-0.191830	-0.422390	0.216835	0.504935	-0.383663	-0.509164	0.544082	-1.500838	-0.154598	-0.534792	-0.077034	-0.688501	0.063855	-0.180517	-0.042383	1.143783	0.861154	0.803884
-0.197391	0.380820	-1.780358	-1.622256	-0.210781	-1.035390	0.245481	2.675374	2.237805	0.825298	1.657599	1.124646	-1.149646	0.298142	0.357990	-1.188043	-0.169650	-0.840714	-0.947063	-1.410726	-1.016918	-1.155018	-0.482814	-0.971650	0.902025	0.186645	1.632238	0.393515	0.370924	0.723236	-0.388673	-0.839006	0.811837	1.075929	-0.151829	-0.730130	0.957519	0.298933	-0.267194	-0.589209	-0.037958	0.448773	0.372138	0.926255	-0.610453	0.286276	-1.413228	-1.152954	-0.498428	0.542612	0.636145	-1.189416	2.863057	2.319161	0.468273
0.738896	0.149611	-1.247876	-0.422195	0.608241	-0.173990	0.097626	2.735470	1.747940	1.795221	2.283012	2.196098	0.157596	0.697961	0.175936	-0.022771	-0.058286	-0.277133	-0.693773	-0.688155	-0.365180	-0.427438	-0.410876	-0.863725	1.733396	-0.271710	2.030843	0.744478	-0.083729	0.719758	0.220657	-1.275138	1.764191	0.412706	-0.051240	-0.895564	2.462101	0.404837	0.403371	-0.567237	-0.299052	0.823191	0.779434	0.327559	0.367757	0.335640	-1.093477	-1.436463	0.506020	0.773734	0.892727	-1.277701	2.697541	2.711127	0.030654
0.743860	-0.017489	-0.098975	0.544540	1.048086	0.488169	-0.417268	1.144705	0.141814	1.560810	1.582090	1.628450	0.905475	0.342977	0.102963	0.552368	0.106423	0.352512	0.055491	0.357850	0.895200	0.515294	-0.071254	-0.354125	1.030315	-0.699369	0.648840	0.410046	-0.542337	-0.134250	0.345261	-0.723018	1.091243	-0.025315	-0.437368	-0.410857	1.827206	0.178787	0.751939	-0.325474	-0.159844	0.484298	0.674866	-0.149386	1.096194	0.178251	0.020733	-1.012604	0.653986	0.539129	0.469582	-0.534215	0.658061	1.201535	-0.506343
-0.337657	0.002620	0.722833	0.371806	0.379695	0.241002	-1.007548	-0.633663	-1.447928	0.407757	0.480760	0.082826	0.370671	-0.611039	0.407268	0.056734	0.039691	0.414600	0.501387	0.697243	1.676382	0.635762	0.026690	0.147866	-0.627080	-0.826929	-1.920157	-0.695625	-0.965333	-1.444253	-0.300030	0.377173	-1.081200	0.176135	-1.005933	0.284033	-0.656488	-0.249165	0.294948	-0.258595	-0.134653	-0.177340	0.316110	0.359900	1.383629	0.175030	0.979791	-0.562356	-0.913682	-0.162014	-0.189190	-0.027647	-1.663292	-1.125689	-0.950754
-1.260572	-0.022358	0.664928	-0.395209	-0.955796	-0.487907	-1.100941	-0.978874	-1.840804	-0.349649	0.111120	-0.816046	-0.591444	-1.152495	0.517239	-0.684907	-0.216599	0.099109	0.214495	0.250292	1.517213	0.082522	-0.098822	0.364267	-1.618445	-0.612420	-3.561677	-1.742805	-1.395754	-2.024922	-0.910646	1.147915	-2.751093	0.398847	-0.828929	0.697785	-2.600684	-0.821764	-0.456627	0.013045	-0.550961	-0.436282	-0.013656	1.377276	1.116892	0.409897	1.141494	-0.502001	-2.840530	-0.950745	-0.521115	-0.327780	-2.593544	-2.324049	-1.083193
-0.995274	-0.196035	0.082766	-0.538609	-1.691940	-0.669863	-0.420118	0.298937	-0.800247	0.137602	0.608282	-0.314761	-0.596281	-0.539701	-0.066638	-0.552936	-0.212631	0.083764	-0.330458	-0.226813	0.882116	-0.149916	-0.020543	0.312511	-1.036275	-0.081400	-2.679255	-1.884276	-1.658873	-1.222607	-0.647983	1.004244	-2.194437	0.019782	0.396400	0.573496	-2.029836	-1.153345	-0.680647	0.658710	-1.075888	0.097322	-0.115049	1.762202	0.434464	0.676120	0.561494	-0.645757	-2.947303	-1.224321	-0.240480	-0.851151	-1.634265	-1.522005	-0.965399
-0.029636	-0.292618	-0.249230	0.125743	-1.126569	-0.098922	0.633409	1.936049	0.898280	1.245086	1.123968	0.697919	0.373734	0.660995	-0.946698	0.418748	0.244098	0.488564	-0.469178	-0.334844	0.319021	0.307796	0.300580	0.130337	0.441329	0.657426	0.094755	-1.178532	-1.458900	0.248021	0.295531	0.090923	0.091076	-0.722360	1.795867	-0.010100	0.513677	-0.674491	-0.301028	0.894641	-1.176098	1.014944	0.066973	1.141791	-0.201294	0.751238	-0.264296	-0.618615	-0.816204	-0.618581	0.503682	-0.776724	0.380631	0.414409	-0.869506
0.394641	-0.124958	-0.048112	0.518171	0.161322	0.313440	1.213117	2.630079	2.282888	1.640012	0.856471	0.861664	0.864251	1.058818	-1.328413	1.083606	0.605704	0.656804	-0.250567	-0.537524	-0.247596	0.636707	0.314663	-0.145553	1.480306	1.271485	2.543343	-0.436508	-0.807945	1.001579	0.879992	-0.936272	2.031159	-1.162899	2.182477	-0.704402	2.712159	0.487695	0.031642	-0.051188	-0.810708	1.434189	0.386783	0.239031	-0.390304	0.589495	-0.945846	-0.327762	1.643061	0.617647	1.172653	-0.238434	1.994949	1.944998	-0.884828
-0.039620	0.128656	0.258740	-0.091738	1.105512	-0.117241	0.782111	2.241749	2.920371	0.924121	-0.096602	-0.032803	-0.029327	0.072274	-1.064415	0.742052	0.178495	0.140807	-0.206788	-1.241069	-1.103840	-0.013296	-0.296938	-0.600811	1.548339	1.362607	3.148108	-0.270760	-0.155097	0.447423	0.394912	-1.555617	2.306461	-1.161149	1.270348	-1.148989	3.048954	1.329193	-0.038363	-1.591979	-0.388205	0.914392	0.576929	-0.096412	-0.230943	0.317151	-1.497161	0.023220	2.387014	1.709953	1.180645	-0.113728	2.185642	2.248668	-0.807900
-0.449824	0.205370	0.224436	-0.917461	1.331554	-0.717928	-0.266896	1.582603	2.907272	0.124447	-0.919992	-0.951697	-1.261620	-1.253808	-0.725660	0.125304	-0.801159	-0.468505	-0.346013	-1.815048	-1.902212	-1.193078	-0.944219	-1.246643	1.126403	0.933839	2.342060	-0.534515	0.072796	-0.639878	-0.685898	-1.750713	1.483603	-1.158428	-0.154156	-1.225721	2.114350	1.160849	-0.017239	-2.203724	-0.088016	-0.007493	0.503848	0.250224	-0.118735	0.144844	-2.057215	0.186586	1.487497	1.868598	0.477651	-0.694572	1.140180	1.612939	-0.518209
-0.091633	0.239618	-0.030032	-0.676944	1.231472	-0.234135	-0.871127	1.280760	2.409195	0.360965	-1.002941	-1.012854	-1.134053	-1.381673	-0.680561	0.368946	-1.170295	-0.134614	0.049751	-1.140462	-1.807465	-1.534831	-0.729423	-1.791210	0.695277	0.509230	1.477822	-0.672627	-0.022319	-1.044250	-1.131720	-1.706536	0.860167	-1.377801	-1.168633	-0.986625	1.378937	0.573916	0.698548	-1.238316	0.424945	-0.342916	0.347273	0.817514	-0.110493	0.256637	-2.359486	0.003827	0.676558	0.835192	-0.270496	-1.139316	0.045015	0.826442	-0.242483
0.692273	0.628205	-0.146926	0.583744	1.125389	1.415855	-0.398378	1.155598	1.443770	1.321031	-0.513452	-0.472879	0.404031	-0.062264	-0.573205	1.360976	-0.245246	1.263792	1.337362	0.849771	-0.639398	-0.452483	0.317600	-1.729517	0.123246	0.532159	1.153714	-0.357721	0.059184	-0.388416	-0.257682	-1.333935	0.862013	-1.445510	-1.572905	-0.398942	1.361173	0.590064	1.774775	0.323026	1.397579	0.253621	0.399019	1.182147	0.158010	0.637867	-1.791012	-0.590322	0.909876	-0.890747	-0.403401	-0.565050	-0.101858	0.410070	-0.196711
1.124714	1.368533	-0.168374	1.489786	0.907558	2.799889	0.585427	0.734389	0.138517	1.541727	-0.045329	-0.170760	1.631632	1.418966	0.059171	1.871396	1.135594	2.622185	2.640638	2.730935	0.615773	1.099936	1.091895	-0.882541	-0.734097	0.774512	1.009911	0.311717	0.573307	0.684996	1.332698	-0.399540	0.987310	-0.964813	-1.697054	0.554694	1.478966	1.121450	2.107691	1.142912	2.333163	1.046704	0.633957	1.184189	0.763761	0.977989	-0.240641	-1.467449	1.219110	-2.284824	-0.115425	0.690596	0.553666	0.326781	-0.082781
1.088389	1.853892	-0.381612	1.206602	0.569477	2.601282	0.967972	0.050045	-0.988267	0.253389	0.033633	-0.399155	1.261528	1.772132	0.959957	1.328977	1.532663	2.833448	2.643798	3.030923	0.853995	1.835300	0.727790	0.182547	-1.367203	0.685461	0.761411	1.021774	1.193967	1.431686	2.415917	0.887561	0.889509	-0.132922	-1.571212	1.471798	1.269369	1.107552	1.150608	1.013956	2.354176	1.009349	0.640180	0.823541	1.097240	0.925106	1.364769	-2.155273	0.322754	-2.440794	-0.148955	1.409873	1.088174	0.240194	0.663236
1.080904	1.531245	-0.605537	0.519866	0.502556	1.129715	0.469480	-0.422681	-1.281662	-1.559816	-0.274951	-0.678924	-0.051280	1.051262	1.359074	0.596944	0.713923	1.944567	1.216547	1.832652	0.163476	1.601438	-0.330452	0.593857	-1.127560	0.237668	0.653272	1.462188	1.396029	1.697660	2.381165	1.775876	0.816909	0.461389	-0.783465	1.623046	0.954104	0.203263	-0.325355	0.677683	1.290556	-0.012139	0.129399	0.264004	0.582583	0.527080	1.839162	-2.020391	-1.330422	-1.271927	-0.624272	0.971136	0.918774	-0.048989	1.969558
1.313685	0.582866	-0.217843	0.627408	0.937632	-0.168383	-0.124896	-0.503895	-0.610747	-2.286799	-0.788039	-0.483352	-0.754971	0.312303	0.980266	0.582762	-0.148771	0.809435	-0.298159	0.545647	-0.372245	1.149215	-0.965061	0.147289	-0.246809	-0.050599	0.820331	1.434023	1.052243	1.617904	1.571731	1.659635	0.968055	0.493079	0.582576	0.748988	0.762676	-0.579670	-1.118804	0.563789	0.061291	-1.127031	-0.601772	-0.166383	-0.417285	0.192106	1.025320	-0.883565	-1.996170	0.366863	-0.788845	-0.024775	0.232276	-0.445792	2.825099
1.418322	-0.247427	0.879103	1.464139	1.465097	-0.390817	-0.231296	-0.512144	0.378570	-1.549603	-1.155753	0.149880	-0.303761	0.310939	0.439452	0.890119	-0.163791	-0.021321	-0.610843	0.235780	-0.072898	0.845109	-0.802132	-0.462961	0.262791	0.035954	0.862311	0.951870	0.532450	1.111820	0.616568	0.712134	1.039716	0.156993	1.375068	-0.472047	0.455739	-0.303709	-0.968924	0.349243	-0.278993	-1.432823	-0.959256	-0.263177	-0.925559	0.057555	-0.098616	0.570515	-0.956129	1.410732	-0.214492	-0.621531	-0.520784	-0.758482	2.294003
1.114981	-0.413019	1.822012	1.942729	1.553153	0.117225	-0.306515	-0.640132	0.855339	-0.445768	-0.963773	0.731447	0.556402	0.868562	0.437824	0.621594	0.180536	-0.554044	0.128822	0.658553	0.629132	0.402983	-0.452207	-0.544987	-0.145877	0.106607	0.440299	0.301902	0.273499	0.135612	-0.121112	-0.303364	0.740426	-0.138567	0.529281	-1.078499	-0.095056	0.570494	-0.592200	-0.240893	0.309436	-0.979573	-0.775533	-0.199576	-0.564525	-0.269239	-0.606866	1.287664	0.516307	1.496861	0.380916	-0.516807	-1.063407	-0.895121	0.739091
0.693564	-0.006285	1.746726	1.556346	1.286445	0.563476	-0.912927	-0.609163	0.586921	-0.066614	-0.239917	0.822207	0.982308	1.310798	0.848630	-0.060384	0.011026	-0.760452	0.769042	0.964618	0.930180	-0.189173	-0.449164	-0.211224	-0.876647	-0.095755	-0.093030	-0.112231	0.359911	-0.790394	-0.452617	-0.739662	0.343602	-0.178580	-1.257442	-0.823119	-0.412761	0.915891	-0.524199	-0.800444	0.923929	-0.514510	-0.468179	-0.257131	0.046564	-0.973386	-0.487317	0.877497	0.821831	1.073675	0.116397	-0.060866	-1.207975	-0.823591	-0.420154
0.531635	0.464589	0.864017	0.885181	1.073655	0.600433	-1.471418	-0.215032	0.020718	-0.341306	0.343019	0.387580	0.815316	1.162135	0.949790	-0.197121	-0.501127	-0.445850	0.622609	0.802055	0.634024	-0.346507	-0.559122	-0.008322	-1.009138	-0.216304	-0.124263	-0.100474	0.518481	-0.890010	-0.237345	-0.500681	0.284684	-0.068043	-1.930872	-0.241251	-0.069454	0.512734	-0.521741	-0.753834	0.835865	-0.439297	-0.390305	-0.336400	0.227397	-1.354914	-0.216114	-0.010823	-0.019552	0.686056	-0.637235	0.344110	-0.800065	-0.493436	-0.276638
0.432788	0.577462	0.103441	0.472048	0.786630	0.327401	-0.838590	0.195492	-0.291213	-0.479292	0.218213	-0.178508	0.323723	0.443617	0.429173	0.361049	-0.442970	0.212899	0.052930	0.396071	0.157405	0.202738	-0.291773	-0.052110	-0.436796	0.083731	0.307647	0.130649	0.447068	-0.073560	0.390118	0.046750	0.413867	-0.033623	-0.565137	0.135817	0.475620	0.164006	-0.201566	-0.190297	0.212601	-0.367142	-0.319023	-0.048053	0.101950	-0.560270	0.035968	-0.435690	-0.636395	0.412209	-0.617447	0.559617	0.053057	0.065577	0.592751
-0.119546	0.292734	-0.099113	0.069570	-0.136837	-0.055644	0.886829	0.161920	-0.205062	-0.080986	-0.306685	-0.358172	-0.152083	-0.423641	-0.255575	0.683308	0.378466	0.593646	-0.246328	-0.036662	-0.105155	0.818049	0.359956	0.019875	0.150173	0.459048	0.468635	0.181201	0.100563	0.816891	0.914553	0.392533	0.116544	-0.124207	1.325279	0.256593	0.312286	0.395784	0.271613	0.225564	-0.306041	0.203416	0.145357	0.595888	0.213077	1.025287	0.374578	-0.117094	-0.153626	0.051323	0.555144	0.604263	0.895702	0.611293	0.872550
-1.101600	-0.124699	-0.121294	-0.600422	-1.620614	-0.308351	1.996687	-0.274151	-0.046664	0.518188	-0.521241	-0.016144	-0.237514	-0.929140	-0.547405	0.222809	1.036503	0.339355	-0.078992	-0.413131	-0.089404	0.696784	0.947305	0.341343	0.196799	0.306109	-0.136093	-0.137587	-0.327492	0.882313	0.813675	0.198591	-0.816288	-0.151510	1.633060	0.248278	-0.700516	0.712667	0.437676	0.097146	-0.436035	1.050478	0.845138	0.897079	0.599485	1.846122	0.630053	0.463911	0.830057	-0.437675	1.655967	0.469176	1.190678	0.767995	-0.068227
-1.761647	-0.406726	-0.316358	-1.057782	-2.611185	-0.205241	1.093018	-0.741525	-0.296160	0.773806	-0.348121	0.378276	0.224267	-0.835392	-0.397189	-0.422204	0.671266	-0.267711	0.229376	-0.496542	0.112233	-0.174003	1.079098	0.553887	-0.154425	-0.360479	-1.101309	-0.597843	-0.593421	0.057385	0.009767	-0.453772	-1.777277	0.069640	0.262752	0.066561	-1.674905	0.336361	0.172189	-0.304571	-0.427153	1.360641	1.119700	0.221125	0.742187	0.958704	0.401469	0.739791	1.112774	-0.880534	1.248986	0.090667	0.696165	0.302694	-1.633383
-1.453064	-0.484950	-0.401767	-0.683904	-2.191706	0.178613	-1.073207	-1.078410	-1.075630	0.497531	-0.297449	0.243045	0.804455	-0.333276	-0.037020	-0.590311	-0.421801	-0.838283	0.310433	-0.059151	0.397210	-1.186827	0.722814	0.395927	-0.375152	-0.866954	-1.591366	-0.741750	-0.492882	-0.984730	-1.079044	-1.049355	-1.920569	0.518062	-0.969948	-0.309319	-1.750607	-0.687154	-0.223550	-0.504499	-0.542183	0.712808	0.671655	-1.072534	0.404160	-0.755416	-0.245277	0.628001	0.322714	-1.072815	-0.523372	-0.456675	-0.295643	-0.634387	-2.610405
-0.406100	-0.421228	0.088440	0.256962	-0.702512	0.428585	-2.289963	-1.330256	-1.850598	-0.037190	-0.504561	-0.380654	0.812494	0.152107	0.430236	-0.549314	-1.163970	-1.341653	0.061457	0.594349	0.597021	-1.856032	0.185181	0.210356	-0.179016	-0.682605	-1.312533	-0.327159	0.074195	-1.565962	-1.823815	-1.007039	-1.024226	0.987846	-0.769063	-0.559906	-1.013239	-1.450115	-0.398314	-0.346971	-0.652952	-0.309605	0.048269	-1.852842	0.068027	-1.577440	-0.561114	0.487454	-0.736250	-0.856283	-1.937524	-0.780513	-1.088460	-1.516766	-2.208205
0.514092	-0.257231	1.027327	0.828475	0.586064	0.230931	-1.351409	-1.369805	-1.865163	-0.373937	-0.507446	-0.828321	0.130225	0.308857	0.878462	-0.826432	-0.941481	-1.766900	-0.400083	0.734889	0.512816	-1.970478	-0.066827	0.566833	0.199332	-0.018065	-0.762992	0.346070	0.884191	-1.447865	-1.726414	-0.187743	0.273618	1.158565	0.276646	-0.229386	-0.201238	-1.233746	-0.211948	0.063925	-0.478583	-0.712109	-0.026520	-1.474198	0.293083	-0.876150	0.090757	0.681557	-1.050011	-0.213043	-1.535898	-0.472258	-1.166737	-1.735154	-0.745786
0.679340	-0.031575	1.690746	0.529484	0.772557	-0.280253	0.658505	-0.930996	-1.035918	-0.274380	-0.065851	-0.593489	-0.624664	0.144603	0.937316	-1.206727	-0.228091	-1.770801	-0.895346	0.081222	0.162025	-1.347503	0.240647	1.474223	0.276361	0.409202	-0.516107	0.644600	1.335935	-0.752366	-0.714207	0.953289	1.056959	0.716408	0.893484	0.721133	0.164193	-0.346685	0.233482	0.624655	-0.059203	-0.237979	0.364716	-0.489362	0.896110	0.346688	1.411057	1.211473	-0.468771	0.541258	0.234945	0.264883	-0.686949	-1.032483	0.559918
0.192265	0.131981	1.549886	-0.195961	0.108819	-0.703431	1.695833	-0.092307	-0.158276	0.077325	0.405823	0.145349	-0.820694	-0.063423	0.414312	-1.100062	0.055368	-1.113667	-1.231251	-0.715712	-0.085799	-0.014513	0.839045	2.208749	-0.132336	0.123304	-0.530795	0.282178	0.964497	0.214789	0.707549	1.718706	0.944740	-0.272198	0.826787	1.705096	0.088862	0.279174	0.606882	1.163616	0.240000	0.352347	0.417605	0.082441	1.119352	0.720316	2.395677	1.688071	0.295375	0.865908	1.499622	0.645508	-0.189666	0.203231	0.683741
-0.375573	0.098749	0.851909	-0.515075	-0.422122	-0.756462	0.991731	0.538296	0.012613	0.268244	0.437652	0.821362	-0.359469	-0.040461	-0.211464	-0.524362	-0.340964	-0.195012	-1.181137	-0.762689	0.178871	1.402495	1.055530	1.968502	-0.658672	-0.594045	-0.378187	-0.287213	0.055591	1.012895	1.652656	1.653764	0.316029	-1.079612	0.768826	1.908448	-0.233059	0.202163	0.471171	1.285817	0.186910	0.247181	-0.269251	-0.085698	0.563785	-0.042037	2.288249	1.635708	0.569700	0.535590	1.064972	0.267855	0.103825	1.110496	-0.211801
-0.585867	-0.102110	0.233713	-0.104114	-0.205459	-0.456978	-0.353037	0.326743	-0.368573	0.038385	0.075477	0.994003	0.447398	0.178906	-0.228188	-0.093818	-0.723884	0.281096	-0.616901	-0.013987	0.829497	1.932897	0.480527	0.633475	-0.756297	-0.947127	0.002610	-0.362827	-0.537069	1.199627	1.423318	0.788590	-0.255679	-0.824408	1.027360	0.948773	-0.689349	-0.129822	-0.352964	0.624468	-0.061457	-0.445398	-1.053839	-0.481825	-0.333209	-1.022967	1.150291	0.907690	0.317825	-0.041164	-0.325362	-0.265561	0.385708	1.037509	-0.966396
-0.487399	-0.258568	-0.110455	0.464669	0.356653	-0.084446	-0.810537	-0.704729	-0.612560	-0.543155	-0.380576	0.470020	1.098293	0.253087	0.349246	-0.193351	-0.402994	0.104369	0.219659	0.603039	1.054633	1.126801	-0.538537	-1.045759	-0.305827	-0.460533	0.123849	0.145808	-0.284277	0.651213	0.084350	-0.363810	-0.618291	0.494663	1.044006	-0.675334	-1.134861	-0.094157	-1.431888	-0.646816	-0.219279	-0.946074	-1.035315	-0.540950	-0.800337	-1.204871	-0.301629	-0.094947	-0.124575	-0.259891	-1.087144	-0.094001	0.714194	0.184029	-0.633621
-0.450915	-0.166178	-0.552146	0.258729	0.395572	0.013954	-0.040962	-1.773831	-0.516609	-1.165440	-0.796755	-0.720558	1.013136	-0.063771	0.702672	-0.605820	0.324338	-0.256665	0.713622	0.219984	0.064941	-0.415715	-1.164018	-1.907571	0.266038	0.465473	-0.369438	0.580967	0.493292	-0.263754	-1.481447	-0.990809	-0.932657	1.747306	0.342248	-1.728547	-1.272397	0.360701	-1.847976	-1.677902	-0.205773	-0.832836	-0.239855	-0.194001	-0.521529	-0.498626	-1.171208	-0.635647	-0.490724	-0.019597	-0.737278	0.753180	0.804872	-0.565058	0.596997
-0.699218	0.164840	-1.271818	-0.929217	-0.245565	-0.262098	1.035921	-1.960639	-0.513692	-1.432202	-1.049242	-2.160870	-0.035935	-0.595123	0.236145	-0.870725	0.523876	-0.222444	0.405965	-1.001567	-1.921258	-1.487693	-0.827029	-1.195414	0.458220	0.977350	-1.099834	0.296183	1.030581	-0.982224	-2.219975	-0.464876	-1.141871	1.764226	-0.627558	-1.135641	-0.877425	0.848725	-0.927231	-1.514099	-0.110721	-0.429097	0.420719	0.293728	0.130745	0.310785	-0.903597	-0.244462	-0.588113	0.213861	-0.154677	1.377521	0.456059	-0.569398	1.675203
-1.052319	0.467156	-1.742243	-2.128083	-0.731774	-0.632963	1.460596	-0.988513	-0.787576	-1.069735	-0.799960	-3.035244	-1.435440	-0.951944	-0.685122	-0.725847	-0.045042	0.321494	-0.424098	-2.068844	-3.554281	-1.313619	0.253392	0.740502	0.158112	0.728602	-1.318598	-0.633670	0.849337	-1.252873	-1.753569	1.018945	-0.950033	0.577951	-0.961527	0.905663	-0.136364	1.098289	0.983306	-0.003062	-0.003903	-0.165898	0.356583	0.644832	0.502920	0.471337	0.266703	0.763155	-0.245475	0.043156	-0.051079	1.080753	-0.170980	-0.069381	1.738289
-1.167828	0.383002	-1.291047	-2.141918	-0.369394	-0.765101	1.159183	0.539450	-0.766271	-0.198429	0.111395	-2.637302	-2.095602	-0.978593	-1.247426	-0.275373	-0.450050	0.948123	-0.930927	-2.209864	-3.434522	-0.208979	1.219166	2.471208	-0.345503	0.193772	-0.793964	-1.528664	0.033913	-1.240252	-0.604353	2.331604	-0.372424	-0.650940	-0.339425	2.753866	0.409394	1.056175	2.518317	1.791063	0.027511	0.008295	-0.022098	0.653154	0.229473	-0.034578	1.354828	1.451995	0.393843	-0.345648	0.016533	0.048821	-0.798395	0.242669	0.827864
-0.943133	-0.221841	-0.050170	-0.946179	0.353832	-0.687265	0.654406	1.656719	0.132377	0.658155	1.199665	-0.994178	-1.543457	-0.796266	-1.149430	0.083883	0.224876	1.044447	-0.615883	-1.528291	-1.395596	0.772170	1.267349	2.519970	-0.631205	-0.042612	-0.049216	-1.756757	-0.971851	-1.132996	0.407096	2.247074	0.107449	-0.874287	0.725825	2.642631	0.387837	0.642485	2.350361	2.275033	-0.206327	0.336976	-0.047603	0.253815	-0.489571	-0.654545	1.371934	1.107842	0.730284	-0.398595	0.746587	-0.973754	-1.234049	0.124768	-0.319501
-0.553075	-1.009930	1.028791	0.256392	0.387502	-0.656578	0.245071	1.824812	1.496303	1.067047	1.694122	1.089974	-0.390522	-0.483955	-0.735792	0.000943	1.541533	0.328918	0.088237	-0.641228	1.294443	0.852413	0.364589	0.708248	-0.412366	-0.008141	0.323997	-1.167840	-1.645033	-0.849758	0.866566	0.593047	0.163604	-0.118093	1.488130	0.423892	-0.000356	-0.179097	0.495307	0.781463	-0.739344	0.696287	0.232265	-0.310290	-1.058698	-0.913848	0.206552	-0.056934	0.251633	0.154270	1.810544	-1.338119	-1.239462	-0.014415	-1.027657
-0.151008	-1.320910	1.187485	0.470702	-0.399577	-0.640391	-0.175227	1.263416	2.159522	1.163610	1.348930	2.600163	0.407856	-0.013629	-0.371813	-0.420130	2.108105	-0.816834	0.356998	0.056515	2.987168	0.169038	-0.659962	-1.502134	0.239469	-0.090697	0.301147	-0.060636	-1.615326	-0.241507	0.879073	-1.453139	0.088348	0.753848	1.555726	-2.097741	-0.255720	-1.085128	-1.487338	-1.547216	-1.131613	0.741678	0.278461	-0.569483	-0.962282	-0.744644	-1.199556	-1.098618	-0.795151	0.964127	2.163266	-0.832278	-0.600968	0.195701	-1.155796
0.263609	-0.766482	0.599367	-0.028667	-1.035773	-0.283140	-0.601856	0.565707	1.537098	1.378305	0.558798	2.906570	0.439753	0.448716	-0.102972	-0.679964	1.286325	-1.574570	-0.015886	0.580784	2.928520	-0.578370	-0.868716	-2.266256	0.852776	-0.299466	0.251669	1.057103	-0.904382	0.577410	0.747413	-2.346355	0.303674	0.985460	1.036111	-2.817388	-0.203379	-1.527269	-1.895404	-2.634647	-0.787683	0.508499	0.011006	-0.265489	-0.184195	-0.278731	-1.609456	-1.266128	-1.557726	1.391153	1.445645	0.227043	0.424210	0.514823	-0.923879
0.654365	0.274782	-0.039894	-0.313036	-0.855910	0.470713	-0.684674	0.087368	0.325208	1.694340	-0.283928	1.999751	-0.120100	0.483641	0.074674	-0.475067	-0.045201	-1.410022	-0.430054	0.984581	1.642848	-0.922304	-0.166477	-1.139180	0.942709	-0.220647	0.411327	1.714730	0.019751	1.265001	0.730954	-1.583803	0.650859	0.510670	0.353535	-1.407277	-0.100965	-1.329235	-0.619343	-1.555231	0.231601	0.426191	-0.041824	0.337887	0.778880	0.415943	-0.617525	-0.696108	-1.444087	1.110110	0.403281	1.078589	1.056888	0.435686	-0.495367
0.824046	0.903378	-0.351616	-0.054309	-0.423244	1.043741	-0.235577	-0.256558	-0.398034	1.526357	-1.122530	0.417544	-0.893886	-0.126715	0.010544	-0.044327	-0.638098	-0.578633	-0.293939	1.128995	0.256185	-0.880570	0.620637	0.505009	0.540488	0.261880	0.728605	1.685796	0.583590	1.530604	0.940683	-0.157177	0.569198	-0.255012	-0.130810	0.410155	-0.128122	-0.901184	0.752229	0.411450	1.009812	0.632707	0.394441	0.664321	1.316696	1.243068	0.862176	-0.153956	-0.652654	0.351407	-0.168780	1.002780	0.721686	-0.067730	0.121279
0.595461	0.558438	-0.416285	0.307808	-0.611187	0.823262	0.304475	-0.699074	-0.469545	0.504056	-1.826440	-1.010630	-1.391262	-1.024779	-0.337546	0.237039	-0.334244	0.188400	0.250403	0.910982	-0.468753	-0.573079	0.743316	1.008600	0.131791	0.579295	0.998230	1.060427	0.580336	1.266183	1.208758	0.507842	-0.101321	-0.922370	-0.450415	0.804463	-0.123517	-0.702329	0.758187	1.202787	0.709172	0.638499	0.796254	0.322179	1.145065	1.838693	1.423465	-0.119663	0.164906	-0.392672	-0.320098	0.035050	-0.315477	-0.484611	0.845714
0.043023	-0.389876	-0.302771	0.440088	-1.212471	-0.029141	0.282086	-1.234247	-0.596704	-0.872313	-1.871761	-1.564036	-1.068079	-1.542688	-0.645751	0.394405	0.028775	0.473701	0.546323	0.511052	-0.505189	0.018738	0.436732	0.253734	-0.017583	0.077566	0.917440	0.156327	0.274560	0.559688	1.144006	0.073893	-0.853547	-1.294792	-0.901804	-0.140805	0.015344	-0.665459	-0.254716	0.357170	-0.390849	-0.041172	0.452378	-0.555786	0.439677	1.685736	0.670292	-0.257500	0.580766	-0.761368	-0.510265	-0.892673	-1.229040	-0.478860	1.384825
-0.506252	-0.974887	0.081556	0.558087	-1.130434	-0.657006	-0.304937	-1.516154	-1.140846	-1.619879	-0.819871	-1.043878	0.165270	-1.295993	-0.471907	0.698169	-0.087034	0.498569	0.219946	0.239350	-0.214041	0.789736	0.515750	-0.381922	-0.175526	-1.059791	0.252234	-0.596020	0.059867	-0.217074	0.568296	-0.454541	-1.077996	-1.209854	-1.498739	-0.720747	0.022187	-0.349560	-0.668713	-0.585425	-1.097000	-1.077599	-0.567845	-1.342686	-0.344237	0.631304	-0.327389	0.082392	0.670784	-0.632474	-0.723271	-0.812297	-1.396193	-0.297655	1.391730
-0.682088	-0.589685	0.585943	0.833531	0.059691	-0.436889	-0.700978	-1.144981	-1.536609	-1.276163	0.934739	0.073213	1.498961	-0.452022	0.222305	1.067667	-0.294899	0.640822	-0.390312	0.173493	0.091091	1.304778	1.084470	0.110657	-0.570437	-1.725285	-0.735767	-0.784142	0.075098	-0.487381	-0.147089	-0.097592	-0.665251	-0.566000	-1.727729	0.113934	-0.329873	0.387517	0.286027	-0.202448	-0.607382	-1.496825	-1.353547	-1.358014	-0.781627	-0.784140	-0.353565	0.884359	0.744116	-0.096417	-0.522990	0.197200	-0.750284	-0.277216	0.759953
-0.339914	0.405868	0.634404	0.810635	1.340405	0.354847	-0.301536	-0.136856	-1.155087	-0.354263	2.185872	0.931550	1.734412	0.463654	0.895245	0.985317	-0.058362	0.849319	-0.589831	0.063594	0.174172	1.142773	1.124486	1.063863	-0.794515	-0.936453	-1.224354	-0.291915	0.155239	0.018720	-0.439391	0.824975	-0.021273	0.365542	-1.054016	1.380079	-0.725203	1.066551	1.499569	0.948713	0.599608	-0.756396	-1.097221	-0.491913	-0.745680	-1.692827	0.443026	1.259960	0.908867	0.465284	0.099166	0.982967	0.356090	-0.227429	-0.214907
0.278660	1.075187	-0.206977	-0.118317	1.383713	0.899284	0.584574	0.899491	-0.272048	0.240980	1.891877	0.911577	0.494548	0.924286	0.857045	0.170365	0.422306	0.775532	-0.038844	-0.355006	-0.215471	0.414145	-0.230646	1.093204	-0.200871	1.013298	-0.621360	0.471253	0.103371	0.815774	-0.246243	1.203560	0.348397	0.918738	0.376626	1.402548	-0.599939	1.059816	1.360128	1.171964	1.327894	0.561143	0.073104	0.622184	-0.445531	-1.623860	0.851540	0.459794	0.943313	0.458080	0.458332	0.541529	1.346334	0.325356	-0.955473
0.689287	0.912337	-1.537167	-1.699368	0.148350	0.762300	1.154193	1.231508	0.316133	0.175470	0.187870	0.120380	-1.231120	0.715875	-0.040214	-0.824493	0.554153	0.427513	0.930078	-0.968157	-1.094061	-0.253129	-2.236628	0.031993	1.118886	2.671996	0.608889	0.852096	-0.030357	1.047734	-0.057794	0.722120	0.245327	0.637786	1.719843	0.111397	0.089730	0.340796	-0.179848	-0.012814	1.002773	1.366354	1.314087	1.265777	-0.126232	-0.763695	0.287748	-1.039119	0.610606	-0.391808	0.053335	-0.822623	1.644650	1.337086	-0.977295
0.598448	0.379004	-2.297825	-2.709566	-1.088008	0.321302	1.145585	0.750360	0.429844	-0.019150	-1.615221	-0.682195	-1.964749	0.113786	-1.116792	-0.961041	0.363434	0.340852	1.683992	-1.261544	-1.913124	-0.312343	-2.977405	-0.803325	2.136773	2.862757	1.321197	0.637887	0.030475	0.466722	-0.187038	0.247620	-0.096333	-0.125603	2.169317	-0.811171	0.741590	-0.366383	-1.429744	-1.202020	0.230715	1.319806	1.987885	1.445133	0.269366	0.434511	-0.488861	-1.852685	0.068889	-1.527658	-0.563630	-1.747741	1.118249	2.056038	-0.294338
0.213233	0.323829	-1.797269	-2.153493	-1.238516	0.228090	1.070199	0.120396	0.671986	0.373100	-2.137587	-0.737752	-1.164040	-0.284930	-1.410564	0.190866	0.560055	0.869410	1.885177	-0.803163	-1.844042	0.185449	-1.499117	-0.393552	1.917186	1.838631	0.975678	0.304230	0.442433	-0.200096	-0.265326	0.459025	-0.241618	-0.502318	1.683563	-0.171933	0.838552	-0.265467	-0.906427	-0.989329	-0.026871	1.159139	2.126708	1.757735	0.947867	1.621608	-0.545877	-1.221658	-0.150926	-1.910077	-0.278555	-1.237378	0.356015	1.810305	0.495172
0.018129	0.894684	-0.452154	-0.444293	-0.548158	0.554077	1.351790	0.058859	1.390183	1.379372	-1.117428	0.024694	0.305241	-0.142484	-0.697082	1.779488	1.431471	1.526675	1.627302	0.189258	-0.644457	0.711914	0.906981	0.596322	0.720595	0.778724	0.178455	0.397458	0.913395	-0.070521	0.272709	0.770439	0.018759	-0.112820	0.985113	1.121430	0.498806	0.657533	0.934413	0.197578	0.372253	1.611047	1.983633	2.379055	1.702850	2.449715	-0.062515	0.080547	0.297504	-1.090083	1.142919	0.292002	0.146022	0.785618	0.657137
0.223419	1.238885	0.614620	0.903340	-0.085202	0.651325	1.617854	0.578346	2.023895	2.270385	0.489220	0.950836	1.082521	0.151241	0.109696	2.317065	2.159750	1.425862	1.066468	0.870547	0.900593	0.818918	1.977113	0.681933	-0.188618	0.311579	-0.211108	0.804332	0.839294	0.829956	1.299486	0.188576	0.446329	0.422728	0.794605	1.229226	0.127374	1.459874	2.186051	0.750716	0.645239	2.261483	1.469103	2.543872	1.804534	2.443181	0.036391	0.606300	1.058441	0.230601	2.507821	1.427952	0.495412	-0.205842	0.029738
0.549780	0.453266	0.687935	0.835259	-0.380753	-0.050591	1.154206	1.090799	1.819761	2.318563	1.549666	1.330996	0.623193	-0.135024	-0.108277	1.137928	1.674760	0.386719	0.176241	0.552343	1.670632	0.487020	0.887446	-0.554470	0.098359	-0.019363	-0.125574	0.878405	-0.078470	1.549919	1.886937	-1.153267	0.609869	0.225787	1.008549	-0.283550	-0.156284	1.026536	1.551925	0.026520	0.110453	1.926735	0.341152	1.395076	0.766863	1.361618	-0.607273	-0.179784	1.284677	0.937796	2.404385	1.143841	0.505084	-0.633038	-0.740094
0.599783	-1.246464	0.115643	-0.163367	-0.864279	-1.225678	-0.090163	1.147619	0.858035	1.456275	1.752935	1.040946	-0.376985	-1.039794	-1.247117	-0.873214	0.018387	-0.759405	-0.982455	-0.494372	1.334718	-0.021748	-0.991650	-2.005215	1.132465	-0.773349	-0.129113	0.246623	-1.360811	1.221745	1.219675	-2.026926	0.378105	-0.674443	0.785847	-1.975663	-0.400998	-0.775834	-0.370060	-0.930433	-0.955599	0.162976	-1.154016	-0.759765	-0.887745	-0.323001	-1.378495	-1.412584	0.485068	0.711134	0.789161	-0.274767	-0.462636	-0.678317	-0.860704
0.300210	-2.510839	-0.109913	-0.677080	-0.605893	-1.818461	-1.281660	0.842914	-0.055559	0.194149	1.513635	0.468719	-0.764820	-1.544285	-1.832276	-2.115711	-1.547201	-1.130655	-1.914620	-1.183914	0.575117	-0.487512	-1.726795	-2.367584	1.569857	-1.590311	-0.495899	-0.757630	-2.054570	-0.104764	-0.479477	-1.618671	0.095386	-1.253382	-0.345778	-2.296368	-0.373891	-2.661291	-1.838744	-0.882437	-1.606006	-1.949132	-2.174979	-2.435054	-1.941564	-1.600403	-1.504542	-1.818070	-0.919203	0.229577	-0.945587	-1.570287	-1.748896	-0.776337	-0.334148
-0.120117	-2.102864	0.626524	0.064631	0.601256	-1.088637	-1.531093	0.499189	-0.379764	-0.873248	1.142259	-0.040377	-0.072541	-0.620222	-0.619330	-1.773962	-1.823845	-0.787869	-1.925939	-0.696926	0.194418	-0.842286	-0.797375	-1.434375	0.559521	-1.547697	-0.895501	-1.499135	-1.593903	-1.613726	-2.038191	-0.409049	0.211548	-0.677626	-1.655373	-1.178410	0.253686	-2.857697	-1.712787	0.048100	-1.196690	-2.742683	-1.972947	-2.376282	-1.595420	-1.731988	-0.830907	-0.939055	-1.996831	0.189203	-1.442049	-1.641496	-1.991866	-0.986844	0.000395
-0.443196	-0.136115	1.915449	1.404710	1.980643	0.579710	-0.766584	0.214320	-0.306361	-1.385653	0.497009	-0.447627	1.081742	1.434407	1.811777	-0.432437	-0.826113	-0.514619	-0.856171	0.638366	0.269310	-1.070505	0.699445	0.012436	-1.390966	-0.381550	-0.933608	-1.641811	-0.307300	-2.459213	-2.353032	0.576260	0.760401	0.694724	-1.905270	0.276100	1.241510	-0.810334	-0.349802	0.724010	0.050656	-1.602404	-0.633695	-0.830619	-0.153332	-0.874059	0.236012	0.600662	-2.183288	0.471545	-0.639166	-0.393759	-0.732680	-0.983821	-0.476477
-0.570002	1.927681	2.625408	2.039651	2.507388	1.949148	0.245721	-0.124292	-0.249881	-1.295197	-0.500118	-0.770856	1.631104	3.062928	3.450068	0.657445	0.353136	-0.769528	0.513385	1.650050	0.297971	-1.124538	1.418180	1.143209	-2.856265	1.023702	-0.576186	-1.238668	0.933933	-2.283089	-1.340179	0.893151	1.274397	1.685785	-0.884136	1.136962	1.771241	1.972202	0.945336	0.516302	1.296648	0.413300	0.878220	0.703378	1.287297	0.094583	1.159107	1.758339	-1.624443	0.509428	0.415962	1.282406	0.978533	-0.546131	-1.264840
-0.411167	2.509995	1.910600	1.400908	1.839115	1.990847	0.594134	-0.495760	-0.295500	-0.882145	-1.366663	-0.839144	1.062497	2.947751	2.902724	0.748215	0.583508	-1.192536	0.998255	1.484439	-0.046863	-0.937893	0.966352	1.625269	-2.750302	1.447075	0.055689	-0.468264	1.461022	-1.278325	0.040190	0.764712	1.248169	1.473822	0.218880	1.262538	1.329060	3.091404	1.107320	-0.050676	1.721869	1.525409	1.410434	0.906100	1.653506	0.340405	1.496397	1.870618	-0.755557	0.227136	0.683622	2.226811	1.721382	0.147516	-1.227695
0.056108	1.254980	0.080578	0.173699	0.567688	0.730311	-0.076721	-0.639710	-0.332870	-0.600330	-1.397961	-0.457130	-0.121903	1.267034	0.785373	0.090968	-0.402507	-1.184308	0.120540	0.383779	-0.530970	-0.479754	-0.036564	1.511724	-1.261033	0.472549	0.895968	0.424325	1.191726	-0.025407	0.656316	0.426452	0.635651	0.243870	0.188214	0.913364	0.305891	1.613474	0.114911	-0.123633	1.055998	0.814056	0.521788	-0.233367	0.608114	-0.243739	1.045761	1.062048	0.175759	0.193214	-0.059094	1.855336	1.167486	0.727685	0.019676
0.544034	-0.710936	-1.515809	-0.465872	-0.368286	-0.847961	-1.330686	-0.383584	-0.394017	-0.664290	-0.487169	0.247469	-0.868692	-0.595892	-1.034866	-0.521365	-1.855721	-0.681349	-1.343928	-0.670039	-0.668500	0.168121	-0.619766	1.038541	0.320620	-1.207985	1.651173	0.980569	0.459057	0.773671	0.153546	-0.089967	-0.179229	-1.097081	-0.798399	0.351129	-0.510769	-0.842572	-1.044928	0.469830	-0.250497	-1.011253	-1.115933	-1.563851	-1.163433	-1.004092	0.090653	0.152470	1.050709	0.755995	-1.222824	0.556042	0.193451	0.952094	1.495848
0.498454	-1.833827	-1.701442	-0.056192	-0.509247	-1.691129	-2.251337	0.040978	-0.524328	-0.789403	0.588360	0.753203	-0.562445	-1.423769	-1.345100	-0.567557	-2.618318	-0.152032	-2.081136	-0.963086	-0.295006	0.730181	-0.193446	0.544363	0.715701	-2.460248	1.643142	0.674439	-0.353290	0.673812	-0.869372	-0.588301	-0.841839	-1.631759	-1.458863	-0.118337	-0.790048	-1.731699	-1.217337	1.181644	-1.332835	-2.317335	-2.247384	-1.884544	-2.358363	-1.166300	-0.655185	0.015069	1.550575	1.334549	-1.956012	-0.672551	-0.266607	0.732771	1.798392
-0.356311	-1.492911	-0.705814	0.686615	-0.164663	-1.505337	-2.106339	0.190517	-0.495276	-0.531058	0.859269	0.518641	0.381828	-1.106379	-0.532777	-0.179921	-2.069971	0.036962	-1.518858	-0.621702	0.182671	0.797393	0.925592	0.245216	-0.248200	-2.575725	0.464326	-0.540977	-0.986139	-0.193991	-1.526867	-0.661668	-1.276542	-1.079175	-0.988258	-0.170290	-0.721033	-0.323933	-0.167152	1.392097	-1.544733	-2.031672	-2.093941	-0.950483	-2.077031	-0.570989	-0.695863	0.671884	1.225227	0.887825	-1.793906	-1.039503	-0.132748	0.075675	0.547119
-1.515970	-0.324619	0.042396	0.646876	0.069224	-0.754158	-0.918081	-0.063082	-0.037963	0.100421	0.178447	-0.448516	0.980415	-0.341808	0.220907	0.188901	-0.637994	0.012040	-0.243346	-0.234554	0.151516	0.172650	1.593804	-0.014232	-1.531068	-1.624878	-1.223895	-1.891405	-1.236818	-1.153382	-1.393847	-0.232878	-1.449231	-0.036564	0.024222	0.197524	-0.451678	1.592288	1.118517	0.880688	-0.885637	-0.486269	-0.905589	0.465025	-0.603420	0.225632	-0.318178	1.079996	0.065323	-0.859836	-0.963186	-0.494590	0.094129	-0.748900	-1.226037
-1.947013	0.689451	-0.392398	-0.378007	0.004378	0.026723	0.548673	-0.358527	0.618261	0.554078	-0.566911	-1.370496	0.785295	0.270442	0.340010	0.389685	0.665036	0.172212	0.828005	-0.069659	-0.483222	-0.704866	0.861276	-0.526171	-1.853899	-0.208268	-2.045824	-2.233907	-0.903104	-1.404046	-0.620767	0.212836	-1.141829	0.519060	0.401382	0.557568	0.088873	1.940192	1.437717	-0.121254	0.153088	1.078410	0.467955	1.390573	0.916897	0.596548	-0.206252	0.231441	-1.120446	-2.819103	-0.077286	0.400044	0.177573	-1.115459	-2.043826
-1.015220	1.181876	-1.215046	-1.267047	-0.013689	0.716073	1.414827	-0.285162	0.786215	0.349662	-0.387762	-1.256225	0.391399	0.650536	0.259246	0.765630	1.220662	0.759580	1.371864	0.164008	-1.006680	-0.857670	-0.842060	-1.161456	-0.838848	1.015289	-1.310674	-1.065115	0.027512	-0.572793	0.426395	0.211911	-0.221123	0.213505	-0.166185	0.497827	0.792825	0.799281	0.697842	-1.066909	1.044812	1.670899	1.330795	1.498077	1.566000	0.501843	-0.518483	-1.481347	-1.214554	-3.351917	0.456532	0.948610	0.375124	-0.528727	-1.280007
0.811217	1.351099	-0.856273	-0.760307	0.364592	1.372677	1.339981	0.129949	0.113962	-0.357698	0.715276	0.083125	0.658760	0.935158	0.584204	1.592782	1.192720	1.614867	1.603786	0.752730	-0.603432	0.291046	-1.927956	-1.374489	0.732949	1.638251	0.203956	0.876337	1.120596	0.915573	1.337281	-0.103781	0.947738	-0.328117	-0.848412	0.054399	1.208321	0.004350	-0.069609	-1.391021	1.477848	1.200747	1.443878	1.151168	1.298119	0.373601	-0.739077	-2.477960	0.083032	-1.824549	0.633892	0.740099	0.842673	0.683877	0.367054
2.254481	1.277265	0.858054	0.914019	1.011725	1.745472	0.592212	0.505758	-0.816658	-0.932762	1.749080	1.621269	1.500732	1.081914	1.187556	2.361731	0.950444	2.158999	1.609767	1.367271	0.561589	1.937295	-1.441808	-0.963709	1.711621	1.544278	1.098650	2.130308	1.634368	1.940219	1.549074	-0.294070	1.636082	-0.278035	-0.846887	-0.435755	1.006939	0.503840	-0.085571	-0.955155	1.339641	0.217368	0.915001	0.760862	0.598271	0.393312	-0.542202	-1.808614	1.685493	0.643406	0.519290	-0.120973	1.143681	1.462112	1.541005
2.307867	0.721059	2.185851	2.014446	1.454000	1.343637	-0.363185	0.583799	-0.972124	-0.915780	1.788508	1.980359	1.809507	0.899427	1.351601	1.993031	0.465283	1.717783	1.156631	1.283495	1.305180	2.322848	-0.263526	-0.500004	1.584820	0.845989	0.796860	1.782953	1.132043	1.465896	0.576658	-0.258766	1.407815	0.363321	-0.369783	-0.761896	0.420905	1.089435	0.229399	-0.216964	0.707906	-0.713303	0.069395	0.329876	-0.152285	0.185277	-0.348875	-0.309351	1.987182	2.128921	0.022598	-1.073738	0.640419	1.030951	1.405361
1.106818	-0.319568	1.583552	1.264718	1.374777	0.136661	-1.146976	0.438717	-0.042180	-0.424644	0.866344	0.836685	0.832982	0.371728	0.714912	0.167633	-0.383249	0.252832	0.218166	0.299962	0.776952	0.673305	0.077848	-0.611124	0.759660	-0.105364	-0.087242	0.278848	-0.027972	-0.376053	-1.262864	-0.248797	0.544188	0.865852	-0.140709	-0.927185	-0.022280	0.274948	0.031046	0.214418	-0.100268	-1.294063	-0.653182	-0.266383	-0.783207	-0.536861	-0.660764	0.492123	0.546617	1.734735	-0.788512	-1.524836	-0.628686	-0.266878	0.298639
-0.226613	-1.190712	-0.180316	-0.452265	0.874421	-1.028361	-1.424746	0.243122	1.053816	0.062666	-0.193330	-0.666630	-0.665578	-0.186441	-0.191428	-1.772697	-1.138059	-1.208721	-0.638150	-0.780494	-0.385772	-1.522049	-0.511381	-1.030010	0.009661	-0.752576	-0.631121	-1.013101	-0.919392	-2.042622	-2.590550	-0.338514	-0.234500	0.776118	-0.292407	-0.911727	-0.107347	-1.329600	-0.604006	0.183162	-0.629033	-1.373925	-0.893478	-0.778411	-1.055074	-1.246779	-1.135316	0.251031	-1.244608	0.388535	-1.366602	-1.315263	-1.694594	-1.285560	-0.681136
-0.630454	-1.091858	-0.915154	-1.073248	0.265155	-1.101218	-0.955006	0.036785	1.085146	0.200825	-0.644875	-1.088409	-1.167316	-0.389529	-0.516348	-1.951535	-1.004144	-1.368867	-0.704078	-0.887496	-0.754422	-1.920237	-0.705765	-0.872652	-0.217703	-0.646998	-0.475862	-1.032646	-0.837151	-1.880003	-2.016770	-0.284630	-0.411939	0.350461	-0.283253	-0.607261	-0.048121	-1.661097	-0.769646	-0.001367	-0.583569	-0.870703	-0.562144	-0.719542	-0.685072	-1.020068	-0.885803	-0.088826	-1.538425	-0.316626	-1.063802	-0.725128	-1.516901	-1.159175	-0.699623
-0.069370	-0.026568	0.079812	-0.010277	-0.280796	-0.025153	0.113295	-0.203036	-0.076043	0.027381	-0.467648	-0.244811	-0.318911	-0.202633	-0.102160	-0.173232	0.095627	-0.131251	0.037585	0.081698	0.059718	-0.128264	0.128651	0.108202	-0.019150	0.114955	0.138699	0.089440	0.091393	0.111815	0.333908	0.027844	-0.057858	-0.050689	0.161977	-0.040216	-0.050086	-0.119327	-0.127293	-0.094243	-0.077333	0.066707	0.137839	-0.044762	0.245858	0.250688	0.275076	0.089480	-0.109810	0.054603	0.087344	-0.054600	-0.128443	-0.041100	0.142486
