X1	X2	X3	X4	X5	X6	X7	X8	X9	X10	X11	X12	X13	X14	X15	X16	X17	X18	X19	X20	X21	X22	X23	X24	X25	X26	X27	X28	X29	X30	X31	X32	X33	X34	X35	X36	X37	X38	X39	X40	X41	X42	X43	X44	X45	X46	X47	X48	X49	X50	X51	X52	X53	X54	X55
0.005456	-0.084916	-0.128639	-0.098319	-0.048341	-0.038899	-0.100238	0.030305	-0.013306	0.026981	-0.001040	-0.021358	-0.057383	-0.033792	0.043067	-0.038245	-0.066258	-0.261004	-0.107038	0.052915	0.026447	-0.091865	-0.097881	-0.127845	0.222167	-0.184509	-0.044507	0.002389	-0.141317	0.015866	-0.051622	0.043291	0.006233	0.001133	-0.003441	-0.099097	-0.058019	-0.152308	-0.184509	-0.086866	0.029556	-0.125634	-0.071064	-0.100842	-0.025273	0.011734	-0.062470	-0.124751	-0.151183	-0.154178	-0.213710	-0.179662	-0.052395	-0.093697	-0.150295
-0.328379	-0.098107	-0.571622	1.134055	0.119266	0.160430	-1.113380	-0.192960	-0.481365	-0.892633	-0.629776	-0.607371	-1.133900	-0.525062	-0.127152	-0.446195	-1.716023	-1.079157	-0.697062	-0.324408	-0.686315	-0.059310	-1.247947	-0.662762	0.204670	-0.303670	-0.211569	0.321816	-1.181060	-0.940000	-0.900861	-0.445985	0.045712	-1.366044	0.830555	-0.536346	-1.715349	-0.923867	-0.724753	-0.185459	0.054960	-0.376122	-1.192863	-0.138108	-0.782370	-1.450075	-0.872449	-1.286253	-0.289549	-0.953209	-0.337906	-0.759438	-0.993232	-1.052513	-0.907078
-0.755336	0.358023	-0.578951	1.265124	0.239496	0.121657	-1.335615	-0.165293	-0.662575	-1.484149	-0.474453	-1.177542	-1.746579	0.142193	0.636655	-0.516947	-2.024546	-0.763944	-0.700122	-0.488495	-1.239559	-0.151816	-1.772785	-0.920538	-0.358303	-0.266634	-0.070691	0.422797	-1.488181	-1.512618	-1.157023	-1.022940	0.261336	-1.158454	0.752403	-0.519255	-2.103870	-0.079200	-0.807908	-0.358839	0.896761	-0.049180	-1.394866	0.168282	-0.954147	-1.951131	-1.352281	-2.035715	-0.273884	-1.536218	-0.247932	-1.155206	-0.673367	-0.301828	-0.768233
-1.001811	0.828708	-0.332667	0.209092	0.348460	-0.285984	-0.884758	0.164813	-0.511697	-1.583105	0.100450	-1.552265	-1.851849	1.382755	1.445461	-0.590823	-1.148520	0.116163	-0.588984	-0.693281	-1.458155	-0.517430	-1.538559	-0.900663	-0.824248	-0.082013	0.507044	0.495028	-0.781991	-1.297332	-0.971368	-1.396119	0.674427	0.040813	-0.229444	-0.204516	-1.280974	1.452197	-0.445308	-0.658686	2.079861	0.531199	-0.782928	0.560494	-0.695851	-1.482547	-1.309124	-2.204091	0.024563	-1.669248	0.009670	-1.353430	0.732169	1.636127	0.183060
-0.669033	0.442944	-0.184239	-1.043533	0.466436	-0.903936	-0.486628	0.678495	-0.241635	-1.309538	0.196678	-1.439873	-1.681027	1.455454	0.747317	-1.107514	-0.371007	0.109857	-1.124919	-1.223921	-1.196237	-1.001816	-0.851499	-0.776207	-0.077448	0.110104	1.312839	0.915940	0.591134	-0.115488	-0.820615	-1.151161	1.064929	0.378970	-1.058225	-0.116458	-0.475560	1.434305	-0.017841	-0.948590	2.321209	0.527951	-0.295025	0.401092	-0.680050	-0.852103	-0.751075	-1.772299	0.692937	-1.317083	0.223056	-1.357934	1.886715	2.608965	0.997301
0.141603	-0.806965	-0.005611	-1.400019	0.512959	-1.236634	-0.497383	1.170628	-0.121351	-1.023564	-0.238412	-0.768965	-1.311978	-0.301036	-1.196756	-1.695641	-0.487205	-1.019197	-1.922871	-1.719262	-0.496707	-1.068941	-0.085659	-0.602926	1.691561	0.204109	1.806817	1.607193	1.755775	1.565881	-0.719761	-0.301976	1.132472	-0.710172	-0.639112	-0.415195	-0.642417	-0.459324	0.176283	-0.905144	1.193211	-0.283406	-0.594710	-0.520797	-1.276569	-0.760320	0.112237	-0.805015	1.632940	-0.843039	0.245048	-1.035723	1.765622	1.441559	0.869489
0.722676	-1.783536	0.529880	-0.654634	0.454387	-0.780837	-0.583486	1.336499	-0.230023	-1.028005	-0.403701	0.054604	-0.652602	-2.458977	-2.304581	-1.514843	-1.004381	-1.916125	-1.689995	-1.405148	0.304821	-0.413796	0.495179	-0.303260	2.684594	0.250486	1.419156	1.926847	1.800681	2.674024	-0.375384	0.614440	0.847883	-1.893265	0.911018	-0.693483	-1.384220	-2.063768	0.143213	-0.383601	-0.202281	-1.150746	-1.336758	-1.597474	-2.143368	-1.162800	0.896916	0.313530	2.427257	-0.700277	0.070164	-0.332341	0.517967	-0.759065	-0.115766
0.518659	-1.404530	1.319702	0.546840	0.439201	0.435120	-0.325229	0.899523	-0.372888	-1.230899	0.039825	0.423283	0.140265	-3.083421	-1.317676	-0.461690	-0.944606	-1.401605	-0.001588	-0.062740	0.792344	0.543723	0.696681	0.070224	1.452851	0.391024	0.033989	1.473803	0.624440	2.410173	0.129644	1.000968	0.538921	-1.843494	2.317303	-0.545319	-1.526379	-1.502380	0.034924	0.289057	-0.471050	-1.187554	-1.558157	-1.973188	-2.569974	-1.448803	1.172992	0.875681	2.568661	-0.803758	-0.164586	0.425797	-0.977121	-2.066164	-1.231123
-0.184160	0.017963	1.863504	1.488003	0.571935	1.660039	0.146256	-0.054952	-0.296266	-1.205716	0.359822	0.101691	0.542153	-1.941428	0.542679	0.564907	-0.115972	0.052353	1.827814	1.452611	0.793385	1.109173	0.441190	0.271943	-1.187474	0.592195	-1.718200	0.687071	-0.796727	1.097791	0.393703	0.698003	0.449857	-0.805646	2.534194	-0.112039	-0.683584	0.521861	-0.077906	0.580224	0.414784	-0.428655	-0.783470	-1.487768	-2.165974	-1.153132	0.775665	0.503018	1.884306	-0.542827	-0.235626	0.661304	-1.972135	-1.883654	-1.875010
-0.616071	0.908411	1.702199	1.825233	0.601825	1.960759	0.261272	-1.026219	-0.036174	-0.709356	-0.247905	-0.624464	0.210991	-0.580424	1.120664	0.795186	0.638695	0.940742	2.074414	1.800122	0.359071	1.081066	-0.095986	0.160917	-2.841062	0.493899	-2.744013	0.167575	-1.443647	-0.208152	0.381703	0.068663	0.300597	0.057315	1.692275	0.097957	0.203041	1.758489	-0.244740	0.315083	1.074798	0.127734	0.319109	-0.860893	-1.274808	-0.509866	0.054571	-0.277051	0.610474	0.306254	-0.071299	0.088220	-2.198343	-1.162837	-1.920957
-0.440379	0.134296	0.702668	1.477346	0.177728	1.132243	-0.244383	-1.532340	0.082866	-0.026266	-1.462292	-1.298242	-0.458646	-0.317126	-0.052527	0.556575	0.476369	0.522460	0.582463	0.426566	-0.431589	0.795226	-0.537037	-0.096520	-2.183638	-0.209020	-2.300592	-0.286291	-1.411672	-0.916741	0.532721	-0.345416	-0.390842	0.198464	0.584125	-0.135766	0.172780	1.140304	-0.479698	-0.139257	0.402829	-0.323239	0.592804	-0.763412	-0.629422	-0.201701	-0.355694	-0.498666	-0.866593	1.020084	0.075032	-0.881907	-1.703697	-0.865650	-1.443302
0.012883	-1.511505	-0.686332	0.620772	-0.473072	0.012293	-0.820984	-1.434488	-0.071590	0.402626	-2.067898	-1.526634	-0.605500	-0.822013	-1.406869	0.749760	-0.340803	-0.377656	-0.991969	-1.600979	-1.304726	0.625095	-0.572721	-0.227635	-0.355225	-1.138637	-0.673841	-1.207309	-1.467830	-1.241876	1.093640	-0.262943	-1.444825	0.037860	-0.253883	-0.430827	-0.397835	-0.182881	-0.578767	-0.251694	-1.015609	-1.270251	-0.208423	-0.857020	-0.467049	-0.448234	-0.132816	0.152758	-2.122014	0.749871	-0.077233	-1.361399	-0.670313	-0.909010	-0.469539
0.331243	-2.018132	-1.370924	-0.157849	-0.545180	-0.326299	-0.583703	-0.769765	-0.154571	0.588543	-1.346509	-0.982421	0.204444	-0.952343	-1.444237	1.552418	-0.666474	-0.390178	-0.985305	-2.279448	-1.551575	0.730098	-0.164765	-0.126053	0.578591	-1.333698	1.013054	-2.161171	-1.630483	-1.370375	1.739155	0.190185	-1.835544	0.099019	-0.692769	-0.224228	-0.421853	-0.436897	-0.189564	0.189626	-1.519379	-1.292707	-0.973905	-0.187079	-0.187406	-0.578769	0.449380	1.048221	-2.646679	-0.275312	-0.352467	-0.772281	0.556684	-0.668540	0.816072
0.464843	-0.569499	-0.429106	-0.194112	0.266523	0.263570	0.595894	0.370554	0.172572	0.904466	0.055021	0.339526	1.481253	-0.374564	-0.435803	2.091116	0.128226	0.819363	0.494047	-0.653701	-0.554182	1.091838	0.503772	0.161864	0.067016	-0.331654	1.778880	-1.908211	-1.038183	-0.961267	2.015023	0.697593	-0.744412	0.376884	-0.743234	0.541752	0.197911	0.690960	0.763913	0.957286	-0.380887	0.202685	-0.511685	1.356507	0.782800	0.134574	0.878123	1.503912	-2.063534	-0.909927	-0.225949	0.501366	1.434508	0.034532	1.877178
0.564802	1.263211	1.640517	0.534393	1.009112	0.859877	1.720555	1.554397	0.609609	1.369569	0.779146	1.724354	2.257284	0.247580	0.275982	1.515023	1.287000	2.173645	1.791004	1.891515	1.224762	1.472978	1.179908	0.557105	-0.593489	1.029840	1.585451	-0.158900	0.569802	0.178414	1.858402	1.052294	1.297220	0.589100	-0.557606	1.293315	0.423370	1.834379	1.738972	1.633404	1.231249	1.994072	0.893112	2.482720	1.925276	1.342920	0.926040	1.570999	-0.577990	-0.513098	0.444589	1.353517	1.472386	0.744457	2.178302
0.695861	1.305484	2.998040	1.295111	0.453501	0.587555	1.686670	1.969720	0.504429	1.431429	0.136540	2.044822	1.955301	0.360977	0.071886	0.090315	1.518335	2.342846	1.550246	2.837718	2.267513	1.466218	1.599529	0.900879	-0.175767	1.387895	1.157299	1.673442	2.027822	1.397599	1.464217	1.258796	2.689543	0.583246	-0.429561	1.449276	-0.300526	1.617325	1.923805	1.901705	1.612498	2.264792	1.663738	1.889505	1.959387	1.828145	0.770123	1.634320	0.921687	0.254081	1.058650	1.006597	0.670404	0.918429	1.724133
0.842219	-0.532614	2.351334	1.396186	-1.165403	-0.340837	0.597558	1.152038	-0.171596	0.711191	-1.315757	0.885001	0.825446	0.106025	-0.473504	-1.030589	0.584877	1.146703	0.055261	1.239189	1.488280	0.890702	1.525438	0.909904	0.924896	0.521848	1.100541	2.062286	2.007808	1.743548	0.893699	1.402271	2.324040	0.310719	-0.427533	1.053839	-1.199728	0.187907	1.108713	1.658978	0.587750	0.750388	0.804785	-0.032875	0.440475	0.993525	0.701645	1.561587	1.468203	0.318986	0.945565	-0.169829	-0.329406	0.428875	1.023980
0.994116	-2.116390	0.489000	0.859729	-2.080715	-0.910019	-0.302316	-0.306684	-0.592685	-0.324497	-2.458369	-0.787046	-0.335908	-0.175922	-0.668835	-1.038337	-0.386707	-0.284954	-1.270377	-1.214907	-0.475574	0.074168	0.913692	0.403389	1.333160	-0.241817	1.320477	1.170802	0.748365	1.079577	0.142963	1.448494	0.693881	-0.242359	-0.234338	0.645164	-1.307969	-1.029424	0.046592	1.000585	-0.306814	-0.855891	-0.828978	-1.476775	-1.391283	-0.303771	0.798306	0.844868	0.872608	-0.393418	0.278195	-0.995591	-0.679448	-0.347392	0.535962
1.034943	-1.705648	-0.684193	0.097253	-1.023709	-0.503143	-0.126792	-1.176996	-0.117446	-0.814450	-2.613210	-1.484970	-0.843257	-0.351238	-0.525611	-0.271681	-0.334490	-0.753855	-1.413910	-2.180033	-1.876757	-0.542165	0.059912	-0.401522	0.493667	0.334127	1.308987	0.396743	-0.160172	0.175848	-0.570145	1.194199	-0.687448	-0.867917	0.254746	0.558648	-0.720918	-0.918719	-0.294611	0.174878	0.214117	-0.882274	-1.533321	-1.230052	-1.827934	-0.774884	0.840533	-0.424693	-0.072976	-0.856889	-0.058961	-0.677665	-0.033360	-0.740000	0.375210
0.655590	0.069184	-0.501381	-0.800844	1.116965	0.413570	0.568100	-0.865614	0.751499	-0.535641	-1.824429	-0.794339	-0.638775	-0.236158	-0.342350	0.201008	0.394005	-0.257959	-0.640580	-1.299103	-1.731337	-1.019507	-0.574477	-0.989597	-0.631932	1.705534	0.873137	0.449025	0.302217	-0.341979	-1.008411	0.455716	-0.872433	-1.135665	0.362904	0.553603	-0.184530	0.231637	0.218800	-0.542301	1.532703	0.378406	-0.774654	0.109421	-0.613432	-0.244005	0.505968	-1.348256	-0.378359	-0.249317	0.430507	0.400546	1.162531	-0.178594	0.540899
-0.331266	1.317155	-0.152262	-1.993557	2.171144	0.790953	0.557831	-0.038589	0.911576	-0.112826	-0.461732	0.260636	-0.283385	0.454242	-0.041091	-0.294303	0.573898	0.176992	0.050299	-0.301963	-0.685446	-1.751690	-0.761271	-1.040722	-0.692752	2.117166	0.400329	0.684344	1.493393	-0.636591	-1.332306	-0.658896	-0.302516	-0.786963	-0.703347	0.191380	0.047377	1.209398	0.818854	-1.027997	1.867696	1.229126	0.380513	1.134468	0.864722	0.352526	-0.311549	-1.286020	0.161686	1.028441	1.213637	1.144433	2.086470	1.305251	1.034457
-1.536506	1.351905	-0.787967	-3.143769	1.099413	0.044655	-0.374969	0.231216	0.127565	-0.110614	1.062543	0.579234	-0.343187	1.473641	0.615779	-1.317939	-0.173382	-0.136112	0.053339	-0.625641	0.051095	-2.585932	-0.624173	-0.706075	0.495233	0.849339	0.305739	0.359229	2.122940	-1.036695	-1.820799	-1.650130	-0.077020	-0.019114	-2.486877	-0.522945	0.287714	1.201431	0.822174	-1.310908	0.500026	0.846935	0.857221	1.344072	1.331815	0.398567	-1.284957	-0.686228	0.843827	1.862950	1.365830	0.931259	2.176524	2.815082	1.522002
-2.148016	1.184192	-1.854053	-3.315163	-0.917228	-1.371011	-1.060693	-0.240570	-0.549459	-0.260272	2.197091	0.288601	-0.679874	1.817711	1.373635	-1.702730	-0.797931	-0.712560	-0.357643	-1.658496	0.144125	-2.599748	-0.312351	-0.271022	1.714025	-0.754902	0.357990	-0.296524	1.783155	-1.275178	-2.160942	-1.865540	-0.668437	0.670678	-3.258628	-1.008822	0.610321	0.458333	0.405960	-1.340951	-1.282363	0.233735	0.888995	1.373108	0.995268	0.362843	-1.745891	-0.403261	0.869774	1.699196	0.654729	0.199517	1.368421	3.089936	1.234884
-1.767647	1.692693	-1.981274	-2.023882	-1.898681	-2.361314	-0.405084	-0.653864	-0.132453	0.062598	2.360472	0.272332	-0.557977	0.786419	1.574253	-0.794086	-0.207312	-0.633818	-0.528452	-1.705519	0.116095	-1.222531	0.222655	0.275604	1.649967	-0.871066	-0.124367	-0.677962	1.037067	-0.878700	-1.649444	-1.041447	-1.535283	0.855356	-1.906228	-0.720190	0.665695	-0.235066	0.216374	-0.932190	-1.722236	0.646861	1.326838	1.756742	0.848094	0.853157	-1.168967	-0.467023	0.162630	0.949002	-0.237634	-0.175445	0.008515	1.669651	-0.248508
-0.919608	2.253630	-1.012439	-0.125452	-1.230314	-2.225467	1.156256	-0.383253	0.889840	0.742645	1.519808	0.690724	0.290687	-0.875838	0.974346	0.647410	1.213991	0.169334	-0.227926	-0.272310	0.223281	0.668641	0.918896	1.026840	0.300506	0.587514	-1.288957	-0.862409	0.395776	-0.074298	-0.364270	0.253747	-1.852051	0.493470	0.558582	0.121482	0.333138	-0.470395	0.402548	-0.120204	-0.732862	1.747664	2.134555	2.100405	1.109548	1.443899	0.226787	-0.111478	-0.622322	0.243297	-0.530833	0.053886	-1.211329	-0.420920	-2.127553
-0.449443	1.659283	-0.175188	0.900890	-0.089773	-1.326796	2.065110	0.218699	1.069338	0.856088	0.444760	0.671985	0.987666	-1.604045	0.080912	1.061105	1.974466	0.817087	0.133716	1.254686	0.043167	1.423267	1.287391	1.608057	-1.038202	1.887317	-2.264425	-1.365862	-0.143988	0.321926	0.497863	0.900132	-1.372871	-0.009199	2.052168	0.604697	-0.009639	-0.478992	0.414658	0.571507	0.040361	2.002490	2.314502	1.661490	1.016543	1.091062	1.416024	0.961522	-0.763345	-0.246963	-0.178358	0.308450	-1.498842	-1.512596	-2.847049
-0.521063	-0.132708	-0.261104	0.592860	0.140911	-0.630675	1.396366	0.389015	-0.121278	-0.095945	-0.026072	-0.375394	0.432592	-0.896879	-0.512785	-0.177372	1.242067	0.646214	0.062940	1.294374	-0.684874	0.496007	0.812144	1.319255	-1.151062	1.551593	-2.002222	-2.067193	-0.630603	-0.019446	0.019085	0.268357	-0.555068	-0.178502	1.810003	0.103237	-0.054847	-0.659501	-0.184092	0.534896	-0.659014	0.710991	1.310660	0.355232	0.062532	-0.385470	1.390182	1.903802	-0.097029	-0.605267	0.186793	0.066706	-0.636352	-0.991203	-1.765126
-0.538522	-1.841022	-0.569474	-0.049975	-0.598199	-0.597205	-0.205525	-0.020548	-1.569442	-1.360089	0.096244	-1.741279	-1.169010	0.073374	-0.792073	-1.914093	-0.268245	-0.000214	-0.386771	-0.056868	-1.367902	-0.861495	-0.321585	0.028380	-0.100828	-0.069001	-0.540509	-2.099814	-0.858801	-0.456746	-1.082520	-1.019860	0.009373	0.005002	1.011532	-0.977183	0.023319	-1.089673	-1.069786	-0.228107	-2.081298	-1.124780	-0.186570	-1.161945	-1.218687	-1.871988	0.167485	1.641717	0.894901	-0.730353	-0.007118	-0.417742	0.571098	0.087515	-0.010476
-0.044710	-2.359694	-0.057764	0.085475	-1.287949	-0.743577	-1.409993	-0.447828	-1.927262	-1.772755	0.136777	-2.151204	-2.318251	0.061671	-1.056814	-2.451788	-1.273648	-0.341874	-0.669731	-1.216561	-1.138418	-1.027040	-1.257321	-1.381069	0.988801	-1.512024	0.887668	-0.978094	-0.732726	-0.159727	-1.154914	-1.672862	0.168742	0.134872	0.981067	-1.644263	-0.006862	-1.489256	-1.558117	-1.041937	-2.421465	-2.111339	-1.111740	-2.238606	-1.920426	-2.225671	-1.171675	0.220098	1.515277	-0.464115	-0.699512	-0.548967	0.934783	0.280216	0.752989
0.688038	-1.834551	1.123091	0.909514	-1.162290	-0.352152	-1.596035	-0.402010	-1.178868	-1.135556	-0.190718	-1.233074	-1.911377	-0.624629	-1.293481	-1.401710	-1.323525	-0.120313	-0.377324	-0.971786	0.074219	0.231471	-1.353780	-1.752804	1.098866	-1.923716	1.103118	0.624483	-0.513493	0.886141	0.389075	-1.143560	0.230470	-0.016447	1.537216	-1.391874	0.077424	-1.460607	-1.397085	-1.243868	-1.096299	-1.993076	-1.213166	-2.684117	-1.750951	-1.510074	-1.553639	-1.164886	1.416128	0.057038	-1.295894	-0.225877	0.121394	-0.588219	0.224913
1.100755	-1.112693	1.844129	1.474835	-0.363583	0.621249	-1.121898	0.028264	-0.362011	-0.253847	-0.386758	0.186761	-0.429942	-0.687066	-1.209431	0.097731	-0.919604	0.307040	0.308573	0.286626	1.402324	1.671136	-0.806301	-0.805820	0.100039	-1.595802	0.151339	1.503989	-0.468872	1.818739	2.299511	-0.169349	0.510234	-0.174168	1.544213	-0.593475	0.636009	-0.796413	-0.878292	-0.776337	0.550378	-1.490046	-0.992238	-2.518006	-1.062470	-0.653855	-0.894357	-1.467633	0.808017	0.501998	-1.262722	0.156041	-1.004780	-1.390502	-0.374485
1.048572	-0.634020	1.459258	1.262567	0.497192	1.504545	-0.577229	0.457962	-0.132280	0.221471	0.044022	1.106847	0.776643	0.317232	-0.735060	0.837172	-0.584859	0.543526	0.807752	1.234534	1.942202	1.996325	-0.274053	0.595279	-1.345273	-1.185274	-0.880834	1.151333	-0.532263	1.750692	2.849448	0.219813	0.969629	0.021219	0.565717	0.072141	1.447700	0.221614	-0.355734	-0.074912	0.908659	-1.120197	-0.817026	-1.721242	-0.245455	-0.228334	0.021212	-0.803854	0.150009	0.717942	-0.649642	0.330280	-1.392408	-1.191368	-0.010928
0.808971	-0.221586	0.504652	0.682719	0.927225	1.667713	-0.212420	0.664105	-0.202685	0.417737	0.827041	1.259644	1.022144	1.415525	-0.080195	0.719987	-0.301742	0.507797	0.776248	1.184825	1.592065	1.104455	-0.102087	1.310243	-2.304784	-1.006605	-1.067910	0.162727	-0.491365	0.650207	1.657444	-0.104711	1.290657	0.468917	-0.661884	0.305089	1.768141	0.891420	0.020477	0.443749	-0.044190	-0.765637	-0.581914	-0.476694	0.525652	0.002766	0.427712	-0.043570	-0.263592	0.806321	-0.006653	0.361192	-0.918161	-0.310279	0.899922
0.613868	0.347150	-0.048593	0.431669	0.728354	1.177056	0.014271	0.609829	-0.068345	0.685689	1.251061	1.038452	0.791367	1.534938	0.644418	0.478828	0.154317	0.368235	0.535899	0.727213	0.999832	0.026146	-0.082815	0.996330	-2.145104	-0.974685	-0.491169	-0.458627	-0.309786	-0.579664	-0.043502	-0.426351	1.201784	0.691590	-1.227739	0.297960	1.251618	0.767709	0.203095	0.684007	-0.914315	-0.203605	-0.128198	0.638746	1.114068	0.455860	0.210597	0.283902	-0.372767	0.882972	0.239690	0.350177	-0.342901	0.241337	1.202042
0.480352	0.988146	0.127693	0.724759	0.051409	0.678830	0.239578	0.254251	0.310473	0.981605	1.019088	0.912766	0.904759	0.759091	1.445090	0.663384	0.726020	0.357621	0.728866	0.851013	0.823136	-0.170695	0.134531	0.311234	-1.030624	-0.753199	0.047739	-0.249957	-0.099379	-0.964953	-0.812050	-0.158664	0.686956	0.441026	-0.936831	0.411314	0.449782	0.242940	0.216156	0.792588	-0.665546	0.474846	0.417056	1.068532	1.367263	1.088752	-0.164150	0.340433	-0.237917	0.898134	0.210065	0.351250	-0.352985	-0.018904	0.498064
0.408511	1.447813	0.492691	1.183032	-0.566876	0.687412	0.611253	-0.394671	0.674134	1.063984	0.417869	1.032914	1.513017	-0.018420	2.045342	1.158841	1.108274	0.557442	1.438850	1.675804	1.063749	0.572452	0.598650	0.125800	0.056711	0.036157	-0.080288	0.376918	0.049674	-0.471800	-0.428370	0.615797	-0.065334	0.026505	-0.168076	0.823100	0.097317	0.074969	0.229073	0.926111	0.254241	1.013712	0.794828	0.836294	1.282615	1.506403	-0.119456	0.403613	-0.085365	0.701239	0.286724	0.536404	-0.889809	-0.734294	-0.542374
0.426978	1.504587	0.310639	1.257179	-0.533751	1.048542	1.144400	-1.090174	0.894836	0.938952	-0.217357	1.171364	2.005164	-0.267608	1.890693	1.515062	1.118168	0.735344	1.888959	2.286253	1.085440	1.267846	1.033293	0.636076	0.142083	1.367848	-0.803797	0.580483	0.046324	-0.028980	0.140410	1.453073	-0.840107	-0.101318	0.668328	1.361576	0.175184	0.321567	0.403653	1.080602	0.654480	1.231797	0.883389	0.442904	1.037993	1.469813	0.565598	0.435996	-0.300306	0.261377	0.567329	1.058499	-1.370941	-1.378658	-1.153313
0.400085	1.057729	-0.539503	0.707354	0.176316	1.142248	1.562633	-1.414952	1.007462	0.782752	-0.783197	0.929770	1.745695	-0.194500	0.813950	1.467123	0.863820	0.524543	1.316406	1.834444	0.321294	0.922245	1.130899	1.247624	-0.682791	2.520585	-1.509112	-0.096794	-0.244561	-0.405090	0.007677	1.959710	-1.477238	0.040192	1.324450	1.598048	0.106872	0.254574	0.613198	1.065876	0.114731	1.055569	0.721352	0.225544	0.811383	1.111401	1.510328	0.347576	-1.042998	-0.216470	0.755750	1.637075	-1.289658	-1.724456	-1.240038
0.049830	0.224837	-1.405898	-0.243263	0.860257	0.576293	1.435609	-1.106102	1.018912	0.617111	-1.127376	0.150099	0.725184	-0.123086	-0.520221	1.070787	0.554492	-0.113970	-0.000666	0.537990	-1.015151	-0.372670	0.793148	1.194590	-1.230528	2.552643	-1.538449	-1.226022	-0.825438	-1.227686	-0.661687	1.840127	-1.805468	0.047738	1.648445	1.192043	-0.256631	-0.472721	0.513714	0.656782	-0.591735	0.530335	0.374333	0.072319	0.643758	0.697420	1.892488	0.254971	-1.897792	-0.516157	0.457321	1.563635	-0.506445	-1.621650	-1.151188
-0.682432	-0.617652	-1.546828	-1.169838	0.794516	-0.390918	0.590081	-0.287905	0.874327	0.344091	-0.911698	-0.792053	-0.504376	-0.016281	-1.152404	0.492418	0.235952	-0.734986	-0.968962	-0.627415	-2.004893	-1.497115	0.133480	0.222782	-0.491608	1.244022	-0.658333	-1.823620	-1.397984	-1.421769	-0.983820	0.938058	-1.631271	-0.186221	1.561189	0.245439	-0.398403	-1.114313	-0.013838	-0.153094	-0.545180	-0.129164	-0.110155	-0.195039	0.465043	0.328712	1.070282	0.177137	-2.173226	-0.738449	-0.510918	0.427278	0.764357	-0.857022	-1.077114
-1.427512	-1.027161	-0.952133	-1.787929	0.073322	-1.098541	-0.656842	0.587094	0.514763	-0.017180	-0.016894	-1.233713	-1.369087	0.260261	-0.814172	-0.130336	-0.229329	-0.878673	-0.907724	-1.045463	-1.862289	-1.481560	-0.646891	-1.172847	1.183308	-0.591129	0.707025	-1.278202	-1.538900	-0.579884	-0.433485	-0.484739	-0.921392	-0.231082	1.060856	-0.715387	-0.019672	-0.744380	-0.642885	-1.040817	0.199529	-0.639149	-0.626554	-0.472591	0.186300	-0.072543	-0.728907	-0.214441	-1.583775	-1.155688	-1.859201	-1.184543	1.973437	0.424615	-0.882160
-1.674758	-0.818323	-0.319742	-1.965372	-0.498195	-1.086852	-1.723778	1.014053	-0.101168	-0.366549	1.089430	-0.871095	-1.661310	0.533004	-0.168397	-0.609843	-0.922268	-0.646316	-0.214914	-0.941926	-0.650446	-0.492637	-1.336818	-2.087832	2.423496	-1.878928	1.685949	0.083044	-1.086782	0.509479	0.603056	-1.688594	0.027461	0.211320	0.227701	-1.207208	0.334615	0.423174	-0.953236	-1.579478	0.774331	-0.882588	-0.992853	-0.613426	-0.216919	-0.558316	-2.383183	-1.134902	-0.487937	-1.651574	-2.744871	-2.036896	2.368465	1.466539	-0.400747
-1.199877	-0.192816	-0.161553	-1.530331	-0.373269	-0.474717	-2.194643	0.761325	-0.881681	-0.697397	1.643730	-0.072370	-1.500017	0.475218	0.007562	-0.700610	-1.645798	-0.594604	0.229131	-0.796598	0.839961	0.449080	-1.737647	-1.945682	2.284343	-2.244908	1.617685	1.386705	-0.280104	0.894156	1.305840	-2.001818	0.729424	0.664769	-0.696727	-1.247304	-0.034551	1.157337	-0.912364	-1.623791	0.613408	-0.976471	-1.084074	-0.750318	-0.644178	-1.014067	-2.778502	-2.127779	0.519489	-1.597171	-2.284215	-1.491307	1.483307	1.490431	0.285954
-0.150898	0.438495	-0.180756	-0.384626	0.152772	0.184738	-2.017115	0.055235	-1.453930	-1.002920	1.286185	0.542325	-1.071062	0.117556	-0.283817	-0.333943	-1.992333	-0.967583	0.012039	-0.676725	1.796003	0.619179	-1.720868	-1.027227	1.096446	-2.049601	0.658422	2.029100	0.508707	0.672106	1.287142	-1.477446	0.901159	0.370865	-1.306355	-1.239531	-0.903694	0.643203	-0.853680	-1.414537	0.056383	-1.058039	-0.961458	-1.030785	-0.900125	-1.220063	-1.839323	-2.380732	1.097423	-0.540491	-0.456009	-0.205773	-0.312752	0.531059	0.902774
1.124177	0.715132	0.214430	1.079602	0.469006	0.419778	-1.385803	-0.562321	-1.375168	-1.085787	0.397772	0.715386	-0.489978	-0.035892	-0.357097	0.204035	-1.676312	-1.280416	-0.593530	-0.382362	1.896791	0.245427	-1.323732	-0.166234	-0.065667	-1.678726	-0.308596	1.976470	1.065160	0.732080	0.874275	-0.823348	0.702974	-0.599886	-1.346769	-1.386697	-1.280408	-0.604067	-1.018976	-1.248111	-0.216636	-1.097686	-0.812901	-1.180485	-0.859617	-1.038112	-0.548891	-1.622822	1.231599	1.088254	1.625518	0.585054	-1.879685	-0.530119	1.207352
2.182234	0.489855	0.949954	1.982970	0.495552	0.277729	-0.561477	-0.680023	-0.671850	-0.738548	-0.266512	0.632707	0.105433	0.457489	0.229828	0.467914	-0.814425	-0.971972	-1.111299	0.010745	1.308689	-0.026169	-0.779421	0.111837	-0.425928	-1.185156	-0.476864	1.453808	1.305679	1.386410	0.547655	-0.629316	0.564387	-1.238663	-1.084745	-1.411007	-0.674630	-1.393812	-1.296011	-1.128538	-0.023549	-0.997043	-0.749090	-0.755182	-0.604723	-0.543834	0.075480	-0.446346	0.981197	2.193598	2.577237	0.312546	-2.164609	-0.801615	1.085054
2.581450	-0.038716	1.271654	1.743678	0.699142	0.262365	0.202243	-0.380759	0.028576	-0.133122	-0.230565	0.549843	0.465193	1.397395	1.105344	0.250218	0.141785	-0.317240	-1.275370	0.180872	0.463753	-0.054182	-0.402057	-0.019136	0.044389	-0.623665	0.135548	0.710458	1.153522	1.823791	0.277117	-0.822088	0.782881	-0.811670	-1.095940	-1.006137	0.247696	-1.153147	-1.429659	-0.862721	0.288765	-0.759789	-0.675267	0.174718	-0.309562	0.038505	-0.125222	0.303520	0.345065	1.998810	1.922317	-0.569416	-1.138988	-0.202799	0.528131
2.144453	-0.319355	0.758174	0.790336	1.317807	0.751214	0.686137	-0.112058	0.147770	0.227041	0.374427	0.539911	0.386115	2.036864	1.546142	-0.248786	0.758116	-0.197999	-1.025679	0.133864	-0.122117	-0.274678	-0.373757	-0.133192	0.867346	-0.288319	0.772669	0.115434	0.668202	1.185615	-0.340357	-0.938264	1.275355	0.199667	-1.527431	-0.378578	0.481337	-0.345743	-1.332337	-0.431496	0.433420	-0.438153	-0.403316	0.979938	0.006118	0.523976	-0.561597	0.308571	-0.540199	0.750994	0.414625	-1.258414	0.156774	0.535401	-0.278678
1.142874	0.105883	-0.106355	0.114719	1.850031	1.410543	0.762185	-0.185274	-0.204739	0.054222	0.978289	0.519311	-0.037191	1.794685	1.286675	-0.626154	0.891078	-0.872520	-0.423029	0.283558	-0.111820	-0.914298	-0.602264	-0.074483	1.440518	-0.350710	0.763164	0.031724	0.198832	-0.202969	-1.277990	-0.748423	1.625046	0.711230	-1.821520	-0.052520	-0.166018	0.221039	-1.106119	-0.077940	0.411611	-0.015622	0.077299	1.193664	0.456052	0.822126	-0.631130	-0.035036	-1.194037	-0.565218	-0.678965	-1.337725	0.623752	0.679110	-0.867573
0.078438	0.937664	-0.683713	0.046599	1.480301	1.310783	0.433992	-0.482644	-0.505992	-0.387050	1.007501	0.333648	-0.455931	0.814147	0.639055	-0.637452	0.645360	-1.489597	0.243814	0.715590	0.323781	-1.537544	-0.793667	0.072177	1.290846	-0.526738	0.168249	0.290191	0.105480	-1.138445	-1.777823	-0.443035	1.346872	0.389019	-1.426500	-0.191389	-0.972757	0.176326	-0.856754	0.004964	0.168251	0.464433	0.475290	0.941258	0.954555	0.813792	-0.227712	-0.070641	-1.050570	-1.138984	-0.609322	-0.889343	0.153320	0.273069	-0.743234
-0.720366	1.196954	-1.121229	-0.125701	-0.009180	-0.117842	-0.175552	-0.671896	-0.563490	-0.587917	0.320154	-0.111700	-0.610984	-0.202184	-0.042633	-0.405251	0.168809	-1.190907	0.476123	0.793607	0.546154	-1.578486	-0.688870	0.208814	0.328489	-0.431836	-0.422895	0.126298	0.292176	-0.964309	-1.203999	-0.269804	0.274788	-0.036565	-0.582779	-0.408255	-1.157453	-0.317349	-0.577776	-0.079927	-0.525362	0.716047	0.430179	0.538020	1.089014	0.362826	0.294322	0.465290	-0.074268	-0.907792	0.333547	-0.179308	-0.454248	0.005923	0.109011
-1.188843	0.340206	-1.932299	-1.055020	-1.817828	-2.171221	-0.815597	-0.566309	-0.562964	-0.296719	-0.607598	-0.631210	-0.520659	-0.664016	-0.652230	-0.270444	-0.402724	-0.294937	0.050546	-0.006917	0.060912	-1.043455	-0.244502	0.207460	-0.950140	-0.106699	-0.590566	-0.885340	0.294590	-0.251776	-0.052069	-0.179759	-1.148178	0.153988	-0.041191	-0.287079	-0.587356	-0.847043	-0.181377	-0.074404	-1.552608	0.445613	-0.074412	0.051880	0.561297	-0.381644	0.497200	1.141050	1.026189	-0.330497	1.184597	0.592669	-0.520167	0.311479	1.076877
-1.297377	-0.857916	-2.755680	-2.215397	-2.658552	-3.191631	-1.067115	-0.145603	-0.414443	0.396835	-1.000278	-0.743628	-0.261595	-0.579426	-1.044325	-0.345527	-0.808018	0.197146	-0.492798	-1.093377	-0.897033	-0.402461	0.403924	-0.062030	-1.711389	0.192057	-0.404229	-2.010006	-0.077204	0.001962	0.380460	0.102880	-2.040158	0.728810	-0.063974	0.194555	0.297540	-0.898580	0.425753	0.174972	-2.075867	-0.109102	-0.549716	-0.428839	-0.263953	-0.807765	0.276530	1.213085	1.398510	0.154907	1.213822	1.275329	-0.100140	0.861691	1.417061
-0.993938	-0.991946	-2.366095	-2.413337	-1.799601	-2.118420	-0.480212	0.638294	0.379769	1.305987	-0.505639	-0.123253	0.279960	-0.412916	-0.854969	-0.227219	-0.637611	0.076434	-0.227616	-1.196889	-1.564197	0.030068	1.120143	-0.397466	-1.524026	0.613838	-0.155341	-2.028629	-0.472353	-0.524112	-0.521381	0.759856	-1.755954	0.946484	-0.115401	0.869965	1.009157	-0.079162	1.273339	0.689182	-1.164023	-0.121082	-0.346314	-0.432214	-0.510348	-0.253663	0.028906	0.424087	0.808559	0.308883	0.489197	1.629053	0.444516	1.074876	0.886114
-0.474782	0.336388	-0.328029	-1.349111	0.284134	0.324787	0.982598	1.743435	1.869732	2.199345	0.389268	0.870118	1.216846	-0.514850	0.061464	0.624897	0.330449	0.187335	1.051555	0.092262	-1.470992	0.293814	1.834284	-0.174126	-0.807253	1.580236	-0.057379	-0.770244	-0.535428	-1.349655	-1.906667	1.662199	-0.485460	0.627520	0.331146	1.688712	1.335935	1.355351	2.227423	1.432065	1.052291	1.003175	0.722343	0.436733	0.332998	1.253942	0.347024	-0.591558	-0.274673	-0.014419	-0.385400	1.404156	1.004930	0.844959	-0.113867
-0.261017	1.933085	1.963382	-0.083499	2.252824	2.264749	2.571819	2.666355	3.026336	2.610038	0.837925	1.311935	2.226796	-0.747382	1.139684	2.040535	1.677406	1.075543	2.347638	1.693070	-0.897557	0.475731	2.380714	0.982869	-0.324760	2.878355	-0.220095	0.547477	-0.426903	-1.879782	-2.434132	2.367315	0.894444	0.312705	1.011401	2.515737	1.293391	2.348405	2.905395	2.197600	3.136448	2.701530	2.038122	1.702650	1.736070	2.740680	1.380884	-0.836990	-1.144751	-0.752482	-0.837053	0.725985	1.557820	0.513111	-0.891560
-0.699719	2.256009	2.582262	0.279835	2.965952	2.519716	3.064888	2.594712	2.534352	1.945674	0.523645	0.563910	2.555106	-0.724048	1.381878	2.839328	2.372602	2.001197	2.415199	2.174622	-0.433820	0.533226	2.363608	2.408861	-0.296192	3.398298	-0.604484	0.722311	-0.542110	-1.926151	-1.778454	2.333733	1.606002	0.401701	1.161693	2.807443	0.997114	1.919324	2.805795	2.489659	3.573203	3.464370	2.531588	2.214175	2.457619	2.924472	2.465554	0.012812	-1.247548	-1.436628	-0.580236	0.239897	1.781864	0.335279	-0.929476
-1.423867	1.004968	1.255033	-0.080707	2.264886	1.533473	1.798777	1.288181	0.335514	0.133511	-0.118464	-0.997984	1.670641	-0.373182	0.302763	1.816977	1.581090	1.790014	1.117492	1.263737	-0.276386	0.448742	1.429135	2.684643	-0.259206	2.242549	-0.860998	-0.067845	-0.870732	-1.613394	-0.788785	1.336122	1.533430	0.605313	0.473632	1.940243	0.644767	0.315212	1.737407	1.827459	2.221799	2.286164	1.596974	1.371774	1.651142	1.324808	2.550929	1.162659	-0.392748	-1.469832	0.299574	0.460636	1.325467	0.329978	-0.170808
-1.606132	-0.735283	-0.345621	-0.132771	0.785303	0.453449	-0.488460	-0.383919	-1.959870	-1.885383	-0.554749	-2.234524	-0.071999	-0.103579	-1.426642	-0.768181	-0.340905	0.435846	-0.444293	-0.036430	-0.174861	0.323236	-0.166582	1.046115	0.201427	-0.042821	-0.497432	-0.631303	-0.937055	-1.039985	-0.250653	-0.202289	1.010839	0.499034	-0.478229	0.035494	0.471084	-1.009169	0.201801	0.351060	0.354438	-0.104476	-0.163413	-0.110453	-0.273502	-1.104377	1.198656	1.437738	1.017670	-0.730169	1.206346	0.919971	0.444777	0.555501	0.939007
-0.878089	-1.727720	-0.601109	0.494080	-0.758313	-0.235129	-2.060654	-1.195667	-2.509815	-2.680197	-0.763864	-2.289077	-1.561938	-0.314564	-2.420997	-3.032563	-1.831397	-0.702426	-1.137203	-0.670741	0.022662	0.212762	-1.416385	-1.568426	0.840655	-1.778820	0.495392	-0.286210	-0.416031	-0.220914	0.014878	-1.381655	0.284117	0.291601	-0.837782	-1.789351	0.582435	-0.815100	-0.818910	-1.024558	-0.698708	-1.779035	-1.245492	-0.930937	-1.905661	-2.563573	-0.829851	0.520757	1.988127	0.257230	1.236242	0.437781	-0.053651	1.100737	1.667591
0.205397	-1.654454	0.247905	1.024186	-1.915544	-0.765408	-1.720745	-0.857420	-1.061546	-1.644102	-1.034464	-1.333773	-1.835600	-0.833684	-1.830812	-3.215472	-1.498128	-0.450706	-0.846947	-0.529491	0.103315	0.035752	-1.330615	-3.190684	0.993176	-1.816021	1.334610	0.402651	0.384361	0.678421	0.601202	-1.497244	-0.584105	0.547702	-0.405588	-2.292676	0.848790	0.569913	-0.684109	-1.319359	-0.695353	-1.559219	-0.651799	-0.585245	-2.082110	-1.959852	-2.125820	-0.672736	1.574182	0.814679	0.022728	-1.384436	0.261840	1.673129	1.434441
0.814487	-1.043200	0.712797	0.725273	-2.353539	-1.123304	0.022563	-0.228403	0.855584	0.277673	-1.311800	-0.245145	-0.875682	-1.001189	-0.155726	-1.492844	0.375967	0.831743	-0.242338	-0.164397	-0.113917	-0.198597	0.017834	-2.664273	0.355065	-0.625594	1.152536	0.475769	0.818666	1.276746	1.438290	-0.626300	-1.353161	1.211486	0.187078	-1.257923	1.021471	1.576554	0.262576	-0.425222	-0.290986	-0.214021	0.930813	0.210883	-0.950015	-0.002178	-1.876698	-0.927534	-0.135338	0.740518	-1.543784	-3.199526	0.838878	1.589491	0.273940
0.801236	-0.501407	0.165208	0.029558	-1.849867	-0.772564	1.477071	-0.199057	1.561887	1.416905	-1.106493	0.318725	0.447118	-0.386339	1.293104	0.303295	1.968415	1.761627	0.174222	0.100195	-0.407378	-0.234735	1.396736	-0.689169	-0.599384	0.425975	0.065039	-0.201537	0.642271	1.274206	1.735321	0.446983	-1.507637	1.483308	0.282869	0.344795	0.941644	1.130589	0.992386	0.774133	-0.069719	0.561382	1.708127	0.481162	0.270356	1.440595	-0.548818	0.058601	-1.793813	0.465938	-1.900381	-3.019097	0.774159	0.538219	-1.044763
0.691483	-0.234853	-0.448532	-0.093785	-0.665844	0.389149	1.451119	-0.734963	0.817741	1.001473	-0.253279	0.343861	1.112596	0.626792	1.643564	0.675917	1.759657	1.530713	0.402987	0.316819	-0.467939	0.063975	1.550176	1.002129	-1.069010	0.612679	-0.813921	-0.898140	0.265686	0.725609	1.006136	0.899609	-0.815001	0.858158	-0.043411	1.303620	0.596218	-0.235839	0.780758	1.263200	-0.066106	0.145446	0.747625	0.097382	0.567666	1.192847	0.640975	1.445218	-1.942276	0.577467	-0.489774	-0.468435	-0.067922	-0.817165	-1.505509
0.766760	-0.179117	-0.173680	0.370968	0.298669	1.311311	0.293237	-1.203942	-0.306130	-0.188410	0.527997	0.108032	0.658566	1.104984	0.988334	-0.205966	0.119101	0.600086	0.440273	0.289324	-0.409389	0.317050	0.419397	1.325429	-0.735664	0.317628	-0.606578	-1.028464	0.204740	-0.023960	-0.192851	0.512442	0.118344	-0.215802	-0.240218	1.149896	0.044266	-1.201571	-0.146029	0.789849	-0.158231	-0.522518	-0.923456	-0.281901	0.044953	-0.157070	0.845630	2.108606	-0.528088	1.136056	1.372031	2.447707	-0.926627	-1.401401	-0.720693
0.636181	-0.276204	0.517094	0.405083	0.139381	0.695747	-0.671169	-1.260135	-0.814648	-0.800835	0.331137	-0.192719	-0.555422	0.525630	-0.108612	-1.080475	-1.122144	-0.091261	-0.010230	-0.502195	-0.571614	0.024137	-0.851487	0.619150	0.025739	0.149236	0.331770	-0.738436	0.484911	-0.532008	-0.749338	-0.232271	0.267587	-1.038259	-0.103094	0.302850	-0.579625	-1.235930	-0.940445	-0.104577	-0.509173	-0.423708	-1.501601	-0.204379	-0.458891	-1.089782	0.215315	1.629541	0.959563	1.563261	1.750726	3.234484	-1.141306	-0.944943	0.571981
-0.003658	-0.422967	0.557263	-0.471610	-1.072648	-1.315549	-0.525929	-1.016974	-0.660229	-0.359805	-0.676853	-0.352931	-1.589044	-0.593876	-1.099295	-1.009555	-0.638781	-0.149105	-0.971127	-1.945595	-0.843541	-0.642004	-1.136693	-0.052790	0.664178	0.147591	0.883134	-0.389960	0.779886	-0.398987	-0.123240	-0.636102	-0.613413	-1.543823	0.055624	-0.506131	-1.011626	-0.904756	-1.031465	-0.782554	-1.254024	0.229080	-0.448565	0.043609	-0.387324	-0.803964	-0.442220	0.496384	1.070893	1.337262	0.196360	1.466417	-0.883293	-0.322320	1.087976
-0.618221	-0.306150	0.006469	-1.299676	-2.130802	-2.889942	0.423723	-0.611580	-0.360462	0.397305	-1.252841	-0.101387	-1.634057	-1.177441	-1.428780	-0.089139	1.004646	0.178767	-1.653161	-2.779606	-0.647505	-0.927548	-0.486946	-0.093970	0.871603	0.035862	0.455541	0.045602	0.934838	0.436503	1.133754	-0.454499	-1.520676	-1.964953	0.048434	-0.863782	-1.008970	-0.752705	-0.643700	-1.077880	-1.889472	0.529302	1.070657	-0.022979	0.102503	0.163045	-0.542988	-0.507035	-0.071098	0.672641	-1.763946	-0.883018	-0.699266	-0.492156	0.313026
-0.444935	0.338656	-0.078202	-0.929489	-1.822519	-2.351333	1.068771	-0.138152	-0.257056	0.505483	-0.620665	0.489328	-0.775749	-0.704918	-0.707551	0.882937	2.007596	0.553289	-1.092047	-1.807933	0.181304	-0.535506	0.035068	0.206256	0.501077	-0.179961	-0.485545	0.679477	0.999472	1.344529	1.933724	-0.120505	-1.310403	-2.007391	0.119536	-0.847052	-0.661711	-0.548707	-0.423917	-1.185352	-1.535137	0.241306	1.660017	-0.385005	0.538752	0.754844	-0.250289	-0.976706	-1.083321	0.246578	-2.276629	-1.654792	-0.691809	-1.300550	-0.847928
0.319491	1.194747	0.619640	0.300938	-0.273682	-0.103045	0.694238	0.071504	-0.340677	-0.137499	0.423475	0.772869	0.041224	0.279474	0.647018	1.159159	1.311942	0.837802	0.527473	0.386043	0.889890	-0.098260	-0.314785	0.289392	-0.441078	-0.219401	-1.075188	1.130991	0.878409	1.330418	1.644197	-0.190276	-0.104967	-1.185542	0.364480	-0.681092	-0.386267	0.050794	-0.609165	-1.158840	-0.070245	0.003029	1.094346	-0.606508	0.634822	0.507732	-0.103819	-0.969486	-0.997174	0.324342	-1.009230	-0.650983	-0.563101	-1.636606	-1.020846
0.690920	1.429215	1.150243	0.951840	1.082412	1.700833	-0.208907	-0.252684	-0.441848	-0.732502	0.470498	0.246232	0.056931	0.792695	1.386490	0.601298	-0.236800	0.955780	1.649039	1.668323	0.659088	-0.257353	-0.997883	0.116094	-1.460957	0.045288	-0.877769	0.901889	0.473767	0.197949	0.603436	-0.562046	0.915782	0.083069	0.315584	-0.321297	-0.422915	0.634460	-0.692979	-0.722722	1.392712	0.289693	0.172207	-0.392263	0.414763	-0.143367	-0.225634	-0.642886	-0.171805	0.520589	0.719975	0.597348	-0.266524	-0.792635	0.056708
0.367341	0.612193	0.821610	0.445642	1.049931	1.449159	-0.454257	-0.597604	-0.281854	-0.486253	-0.614332	-0.506186	-0.375104	0.416218	0.684977	-0.236160	-0.858841	0.806628	0.906236	0.693563	-0.180991	-0.619993	-0.798441	0.198500	-1.672557	0.442386	-0.026694	0.293804	0.197529	-0.826808	-0.227656	-0.475791	1.087970	0.565097	-0.404052	0.469900	-0.490346	0.505972	-0.031548	0.319568	1.614365	0.776043	-0.356378	0.193435	0.124447	-0.410961	-0.115943	-0.063732	0.469993	0.466952	1.386698	0.803656	-0.112342	0.597643	1.239792
0.231141	-0.593296	0.283422	-0.224890	-0.003615	-0.285081	0.426175	0.051148	0.414288	0.565820	-1.417328	-0.227422	-0.230224	-0.408677	-0.721752	-0.545786	0.114358	0.416630	-1.201489	-1.418522	-0.391512	-0.206060	0.647342	0.893303	-0.715030	0.707888	1.055936	0.264347	0.690228	-0.297365	-0.154344	0.543910	0.966824	-0.336291	-1.284770	1.574564	-0.223286	-0.171276	1.257766	1.583574	0.627220	0.895342	-0.387346	0.873435	0.056246	0.068326	0.666452	0.638152	0.575516	0.292981	0.681996	0.162880	-0.223960	1.190349	1.349684
0.944676	-1.055712	0.440221	-0.035145	-0.641224	-1.563670	1.499968	1.739043	1.455402	1.583248	-0.811181	1.305336	0.787095	-1.001552	-1.268458	0.024882	1.475465	-0.025737	-2.661860	-2.319757	0.529291	1.087896	2.233648	1.804482	0.626778	0.683873	1.826705	1.093328	1.733280	1.554998	0.610362	1.899820	1.202858	-1.769959	-1.344040	2.273459	0.134869	-0.455885	2.196900	2.234400	-0.386149	0.594454	-0.233971	1.240562	0.226184	0.845535	1.784950	1.158541	0.434361	0.224539	-0.379200	-0.332666	-0.311992	0.413015	0.460062
1.706758	-0.505500	0.980217	0.588004	-0.078612	-1.265831	1.437473	2.923520	1.976417	1.661950	0.486307	2.521435	1.681501	-1.191067	-0.472973	1.009878	1.554562	-0.388927	-2.112288	-1.204916	1.470173	2.057605	2.496235	2.024931	1.184768	0.397917	1.772220	1.750757	2.040761	2.777883	1.191552	2.371659	1.376782	-2.396108	-0.296337	1.851839	-0.146535	0.031157	1.899529	1.759646	-0.526155	0.208688	-0.215429	0.848360	0.186637	0.992633	2.316490	1.228636	0.301413	0.069739	-0.630179	-0.249594	-0.111952	-0.936356	-0.465230
1.148937	0.147306	0.846635	0.483300	0.982091	-0.080755	0.086151	2.088159	1.211102	0.613290	0.792284	1.682079	1.310777	-1.350499	0.501201	1.584891	0.121706	-0.696145	-0.253182	0.336236	0.965357	1.580013	1.203609	1.067629	0.706170	0.080752	0.774283	1.083161	0.699194	1.895785	0.983333	1.431728	0.608671	-1.848419	1.114475	0.459791	-1.358230	0.549578	0.562202	0.530720	-0.069181	-0.138535	-0.484218	-0.377666	-0.545809	-0.001637	1.715333	0.903981	0.115371	-0.496988	0.021069	0.007146	0.232679	-1.636003	-0.882869
-0.795166	0.003649	-0.144708	-0.463235	1.361678	0.618459	-1.304766	-0.228581	-0.430887	-0.836080	-0.296260	-0.890507	-0.119483	-1.747679	0.422278	1.443977	-1.435864	-0.902661	1.158590	0.457023	-0.900173	0.115788	-0.426955	-0.474009	-0.006931	0.020264	-0.633206	-0.663478	-1.522715	-0.326767	0.287343	-0.092669	-0.966289	-0.963048	1.973310	-0.895145	-2.783411	0.365498	-0.682578	-0.558086	0.136743	-0.569949	-0.947244	-1.747955	-1.717880	-1.546316	0.444364	0.503602	-0.202995	-1.300770	0.594251	0.021951	0.374733	-1.350850	-1.118519
-2.640538	-0.680327	-1.037560	-1.112086	0.849847	0.397743	-1.506760	-1.841102	-1.551532	-1.628381	-1.305417	-2.922706	-1.152204	-2.027441	-0.470616	1.035557	-1.744228	-0.785550	1.317886	-0.629906	-2.410052	-0.716099	-1.108864	-1.383192	-0.181359	0.248035	-1.573721	-2.024402	-2.917103	-1.807809	-0.059042	-0.863299	-2.107788	-0.693710	2.026917	-1.352859	-3.255728	-0.162273	-0.949589	-0.981204	-0.197608	-0.973182	-1.255544	-2.191957	-2.299727	-2.327681	-0.488970	0.211287	-0.555819	-1.747484	0.230361	-0.074268	0.198305	-0.777075	-1.573207
-3.024515	-0.945300	-1.109523	-0.685442	0.238068	-0.062590	-0.665455	-1.492145	-1.329310	-1.339565	-0.779147	-2.701064	-0.744334	-1.488153	-0.979840	0.849972	-0.888225	-0.294782	0.862198	-1.139557	-2.129141	-0.064781	-0.782732	-1.059990	0.152560	0.413547	-1.531663	-1.962070	-2.756548	-1.523940	0.352484	-0.459366	-1.989925	-1.037214	1.609496	-1.037879	-2.295414	-0.167396	-0.477897	-0.956512	-0.569954	-0.992264	-1.116314	-1.351976	-1.581551	-1.621809	-0.569705	-0.108284	-0.793691	-1.566745	-0.806553	0.007367	-0.077810	-0.618769	-1.982840
-2.079113	-0.533638	-0.737830	0.189030	0.089777	-0.111037	-0.014539	-0.257534	-0.512826	-0.601382	0.869295	-0.895482	0.524779	0.082585	-0.580767	0.756133	-0.104025	0.110897	0.599920	-0.167241	-0.444771	1.195510	-0.368722	-0.175614	0.537501	0.105003	-0.749394	-0.883458	-1.872477	-0.334376	1.052845	0.254239	-1.176613	-1.083499	1.123213	-0.741112	-0.642057	0.414510	-0.226827	-0.956943	-0.477965	-0.675361	-0.742141	-0.169972	-0.178373	-0.175610	-0.209139	-0.562849	-0.764899	-1.112053	-1.450141	0.189740	-0.172458	-0.793601	-1.707579
-0.921440	-0.248770	-0.605944	0.435289	0.044396	0.119349	-0.419040	0.050857	-0.430603	-0.405669	1.943206	0.473193	1.145935	1.919027	0.090056	0.272369	-0.305711	-0.184925	0.487440	1.241959	1.059931	1.644143	-0.521757	0.072954	0.796635	-0.701451	0.087826	0.078901	-1.316047	0.473034	1.236425	0.202220	-0.689615	-0.110116	0.789220	-0.928914	0.422307	0.724671	-0.756161	-1.116425	-0.092673	-0.702974	-0.738371	-0.012541	0.491232	0.503198	-0.176402	-0.895817	-0.259703	-0.803748	-1.045837	0.189095	-0.042241	-0.775641	-0.568087
-0.213035	-0.731968	-0.680042	-0.009975	-0.449744	0.183607	-1.512789	-0.760737	-1.287420	-0.980439	1.546186	0.420857	0.385031	2.798536	0.273997	-0.714295	-1.215181	-1.186188	0.085712	1.621053	1.429349	0.942892	-1.023026	-0.721975	1.053219	-1.584265	0.519915	0.401842	-1.098189	0.672710	0.596211	-0.690466	-0.571776	1.408995	0.613848	-1.327435	0.350845	0.110964	-1.699521	-1.256684	0.050992	-1.552617	-1.316592	-1.121664	-0.201958	-0.209925	-0.767645	-0.800557	0.766586	-0.602957	-0.032572	-0.022748	0.086123	-0.405395	0.822149
0.342215	-1.392900	-0.479496	-0.255355	-1.122534	0.084869	-2.257742	-1.256230	-1.992152	-1.565641	0.456249	-0.194171	-0.971546	2.210582	0.037073	-1.768932	-1.884796	-2.089553	-0.525881	0.925704	1.121473	-0.082632	-1.309066	-1.775828	1.274353	-2.051481	0.637595	0.507032	-0.557162	0.819854	-0.455528	-1.520180	0.006944	2.103432	0.340559	-1.415472	-0.144906	-1.035312	-2.256833	-1.261009	-0.156669	-2.609313	-1.820526	-2.249948	-1.373141	-1.384974	-1.569668	-0.502838	1.850760	-0.257355	0.636244	-0.202474	-0.018816	-0.017064	1.584911
1.201054	-1.084739	0.040537	0.260424	-1.088441	0.190277	-2.038612	-0.452021	-1.623179	-1.358226	-0.037585	-0.076545	-1.552636	0.948508	-0.020483	-2.337449	-1.752420	-2.017656	-0.796208	0.334679	1.097296	-0.574634	-1.169466	-1.989874	1.194938	-1.915438	0.789813	0.969644	0.507514	1.119355	-1.232146	-1.505676	1.343632	1.239139	-0.336081	-1.019517	0.010579	-1.658175	-1.970407	-1.149589	-0.263307	-2.601551	-1.381745	-2.059464	-1.645831	-1.638180	-1.911252	-0.655566	2.230880	0.199428	0.557621	-0.185554	-0.281863	0.147506	1.398458
2.132849	0.296398	0.459226	1.083971	-0.050824	0.549004	-1.075520	0.889271	-0.519388	-0.448084	0.349449	0.884166	-0.889712	0.312574	0.323986	-2.153522	-1.032052	-0.889664	-0.493764	0.570060	1.565863	-0.377438	-0.801128	-1.081668	0.714427	-1.332142	1.054704	1.712324	1.535183	1.214926	-1.288574	-0.819105	2.513837	-0.254644	-1.231589	-0.372427	0.911026	-1.108970	-1.016191	-0.900807	0.054983	-1.076701	-0.029439	-0.648252	-0.641037	-0.657312	-1.482925	-1.493148	1.596513	0.510218	0.155215	-0.046913	-0.333854	0.287173	0.748042
2.376142	1.460817	0.546059	1.368980	1.147220	0.714112	-0.004676	1.273565	0.297681	0.367241	0.752621	1.615709	0.156969	0.671580	0.608460	-1.347981	-0.278396	0.474029	-0.011648	1.050745	1.822739	0.096014	-0.454181	0.197310	0.068941	-0.585128	1.082082	2.017565	1.843244	0.863287	-0.659823	-0.232753	2.342076	-0.732817	-1.582957	0.174502	1.485874	0.164496	0.040835	-0.474353	0.503696	0.875588	1.181618	0.637631	0.748395	0.611505	-0.572965	-2.321276	0.437848	0.610694	-0.032925	0.020290	0.060112	0.675422	0.323946
1.521768	1.227347	0.417024	0.817784	1.477852	0.400376	0.703573	0.316151	0.422655	0.581911	0.307315	1.212949	0.456926	1.070517	0.291252	-0.369886	0.171455	1.065902	0.194555	0.836022	1.180504	0.236340	-0.196223	0.899457	-0.510195	0.125531	0.508007	1.247928	1.231416	0.213554	0.130584	-0.119487	0.811821	0.237802	-0.899303	0.422156	0.803284	0.999632	0.692135	0.026937	0.606392	1.703202	1.320310	0.801555	1.417978	1.160952	0.257335	-2.134149	-0.517377	0.651795	0.002784	-0.133343	0.615442	1.176082	0.278657
0.081106	0.028040	0.153807	-0.099535	0.991224	0.044714	1.002540	-0.864852	0.404085	0.544095	-0.754088	-0.016044	-0.059410	0.481582	-0.486862	0.313831	0.365844	0.586022	0.195723	-0.013816	-0.149915	-0.372026	0.095925	0.860163	-1.069445	0.750272	-0.515641	-0.409191	0.099143	-0.583434	0.338360	-0.091786	-0.780560	1.449416	0.233420	0.485260	-0.636553	0.738040	0.844227	0.457023	0.381639	1.121548	0.674608	0.226060	1.188894	0.996439	0.714672	-0.744969	-1.025403	0.655670	0.006462	-0.440423	0.767572	1.358147	0.249821
-0.879520	-0.572062	-0.212989	-0.656768	0.663516	0.333997	1.155092	-1.017371	0.868392	0.935627	-1.222886	-0.876840	-0.366290	-0.771599	-0.898013	0.646922	0.561814	-0.271098	0.390565	-0.458808	-1.191218	-1.427742	0.592477	0.750213	-1.616487	1.280481	-1.329687	-1.905087	-0.786570	-1.531520	-0.398034	0.319409	-1.124799	1.705168	0.676593	0.707406	-1.262566	0.010644	0.828885	0.852626	0.191334	0.363166	0.409374	0.011121	0.863591	0.920572	0.947039	0.913582	-1.302071	0.488815	0.059537	-0.518456	0.370780	1.035272	0.000527
-0.688008	0.169498	-0.392429	-0.502176	1.003468	1.178146	1.368458	-0.124770	1.682396	1.838745	-0.233242	-0.512369	0.332311	-1.293939	-0.318986	0.983826	0.916958	-0.544629	0.798769	0.151038	-1.164458	-1.846195	1.250114	1.101619	-1.675446	1.542885	-1.383983	-2.212756	-0.841587	-2.391613	-1.600437	0.929498	-0.236565	1.252116	0.096225	1.203400	-0.172136	-0.056096	0.959070	1.288663	0.017540	0.523274	1.104552	0.592897	1.188330	1.415243	1.161237	1.714911	-1.472628	0.245790	0.454543	0.010314	-0.069887	0.478191	-0.296619
0.329791	1.266958	-0.045254	0.129499	1.360304	1.585629	1.498985	0.780314	2.145396	2.519172	1.568705	0.797249	1.571686	-0.379676	0.824312	1.470110	1.267333	-0.116361	0.889365	1.184294	-0.200932	-0.782834	1.670167	1.484027	-0.637691	1.225286	-0.804246	-1.358649	-0.261800	-2.550542	-2.324260	1.103929	0.613980	1.055372	-0.636333	1.483836	1.825013	0.581886	1.067156	1.508628	-0.582946	1.118528	1.983743	1.348899	1.891311	1.994425	1.193498	1.418242	-1.328905	0.345973	1.033669	0.948642	-0.063646	0.049427	-0.429035
1.181831	1.390284	0.593947	0.746185	0.907522	0.857511	1.235746	0.900662	1.804724	2.198633	2.493526	1.999569	2.198698	0.998058	1.394958	1.655817	1.251466	0.158828	0.324890	1.543874	0.927179	1.148631	1.395669	1.021555	1.197688	0.317971	-0.288405	-0.424668	0.104867	-1.666365	-2.123051	0.572744	0.319407	1.183223	-0.536905	0.876106	3.149233	0.713744	0.689004	1.057333	-1.633059	0.869786	1.901940	1.537712	2.000364	1.809118	0.676986	0.708514	-0.639897	1.010560	1.195428	1.565661	0.147227	-0.206901	-0.463023
1.130658	0.658576	0.757144	1.059659	-0.135136	-0.385943	0.605330	0.389239	0.872666	0.931410	1.649337	2.274643	1.745586	1.311620	0.856582	1.074408	0.736136	-0.372706	-0.395774	1.072199	1.584652	2.185496	0.446965	-0.276113	2.342160	-0.578437	-0.441297	-0.372413	-0.258409	-0.300256	-1.447750	-0.236075	-0.851939	0.804430	0.323710	-0.521364	3.130637	-0.441393	-0.227502	-0.035451	-2.325066	-0.339517	0.839564	1.246926	1.125647	0.744331	-0.324680	0.307991	0.417710	1.770274	0.725338	1.430349	-0.155229	-0.497230	-0.559543
0.301683	0.351881	0.043631	1.051996	-0.792735	-0.844710	0.046856	-0.153388	-0.058751	-0.432400	0.041899	1.615494	0.804956	0.303736	-0.039013	0.052887	0.029353	-1.167162	-0.456387	0.588683	1.619612	1.268548	-0.570893	-1.243692	1.496861	-0.756295	-1.179212	-0.976516	-0.863033	0.486264	-0.946076	-0.699266	-1.584211	-0.269322	0.941697	-1.631693	2.366843	-1.972934	-1.047654	-0.981148	-1.871672	-1.154972	-0.126703	1.133851	0.029768	-0.396929	-1.125948	0.286441	1.202754	1.757233	0.167090	0.905040	-1.173535	-0.872444	-0.676962
-0.546743	1.008081	-0.975242	0.713109	-0.656809	-0.150634	-0.155273	-0.391169	-0.479635	-1.108427	-0.517363	0.593390	0.108791	-0.752705	-0.136180	-0.500635	-0.436953	-1.069282	0.213653	0.609602	1.138957	-0.704007	-0.995869	-0.973450	-0.782184	-0.257845	-1.729348	-1.124418	-0.820574	0.264113	-0.616131	-0.623923	-0.978563	-0.909112	0.523820	-1.461615	1.674752	-2.215184	-1.059756	-0.946592	-0.508968	-0.575914	-0.301389	1.436293	-0.326317	-0.825282	-1.128011	0.261631	1.088730	0.563682	0.083081	0.514251	-2.104207	-1.023508	-0.604889
-0.803750	1.661588	-1.334454	-0.027450	-0.354635	0.640957	-0.250748	-0.251142	-0.182076	-0.996290	0.498173	-0.210171	-0.267127	-0.568418	0.743065	-0.171484	-0.533507	0.204380	0.855608	0.698975	0.293642	-1.848979	-0.678679	-0.089075	-2.394655	0.122275	-1.309315	-0.174834	0.000256	-0.295497	0.004454	-0.284986	0.479365	0.025067	-0.636211	-0.222905	1.275720	-0.627947	-0.227749	0.023740	0.789064	0.705528	-0.154596	1.665549	0.038084	-0.540661	-0.594651	0.022164	0.098012	-1.281408	0.261373	0.122544	-1.833722	-0.562220	-0.243064
-0.586601	1.245697	-0.812215	-1.071624	-0.646668	0.345563	-0.582878	0.285908	0.625918	-0.478329	1.713702	-0.573809	-0.646440	0.727791	1.619551	0.434547	-0.414922	1.595508	0.903233	0.306901	-0.695366	-1.421474	-0.036591	-0.024565	-1.971965	-0.170631	-0.009247	1.169382	0.768404	-0.287665	0.902665	-0.024437	1.408383	2.115083	-1.430423	0.869318	1.026231	1.650393	0.765459	0.987873	1.448075	1.288623	-0.345130	1.326477	0.312924	-0.045008	-0.389577	-0.289278	-1.029716	-2.719209	-0.001562	-0.779543	-0.160227	0.478532	0.207669
-0.556212	0.080244	-0.228423	-2.052925	-1.471464	-0.891343	-0.970784	0.891231	1.235959	0.011926	1.449037	-0.706677	-1.128153	1.767099	1.502568	0.387465	-0.197654	1.872304	0.653868	-0.327097	-1.560857	-0.563877	0.306061	-1.148137	-0.420037	-0.744063	1.034941	1.514076	0.675597	0.262263	1.324221	-0.008720	0.872661	3.640281	-1.078215	0.838567	0.877844	2.904391	1.098549	0.988587	1.679171	0.849915	-0.558608	0.575696	0.061697	0.336564	-0.906956	-0.532261	-1.524097	-2.977432	-0.952653	-2.057009	1.771853	1.477721	0.362969
-1.104525	-0.581508	-0.423540	-2.530632	-2.049720	-1.723195	-0.889604	0.738891	0.795036	0.078614	-0.323520	-1.030716	-1.516358	1.419811	0.440265	-0.519573	0.129940	1.031957	0.741420	-0.539639	-2.110541	-0.785921	-0.055696	-2.223683	0.268023	-0.764319	0.665395	0.320469	-0.145098	0.435355	0.705056	-0.296506	-0.724249	3.363284	0.053099	-0.197489	0.809098	2.272101	0.422930	-0.100521	1.762083	0.295422	0.030935	-0.049273	-0.314899	0.526375	-1.567988	-0.779852	-1.265287	-2.033393	-1.989788	-2.725053	2.427787	1.665595	0.046872
-1.775114	-0.158931	-1.079012	-2.202394	-1.736957	-1.110278	-0.240627	-0.635157	-0.801055	-0.531405	-1.895850	-1.695016	-1.648594	0.006274	-0.588060	-1.542640	0.506984	0.289907	1.260278	-0.168216	-2.189233	-2.015201	-0.980945	-1.942660	-0.524927	-0.023033	-0.949892	-1.349135	-0.809171	-0.338263	-0.420297	-0.875085	-1.972578	1.698319	0.869129	-1.301648	0.624692	0.393772	-0.850122	-1.477326	1.465227	0.355948	1.353521	-0.332058	-0.289943	0.386655	-1.559036	-1.017037	-0.694321	-0.487891	-2.216670	-1.986133	1.374042	0.822967	-0.421810
-1.683850	0.664101	-0.986432	-1.048742	-0.676984	0.520817	0.382512	-2.385889	-2.434484	-1.519150	-1.704507	-2.245943	-1.510675	-0.996147	-0.633314	-1.750156	0.714194	0.666918	1.654813	0.320259	-1.612430	-2.630127	-1.777941	-0.532896	-1.420368	0.743640	-2.245100	-1.833453	-0.628914	-1.427269	-0.888495	-1.525223	-1.748850	0.062348	0.711077	-1.615403	0.176732	-1.113257	-1.762579	-2.060379	0.483666	0.695339	2.197984	-0.515538	0.072364	-0.177991	-0.863161	-0.895639	-0.202012	0.882189	-1.245714	-0.213951	-0.261463	-0.409525	-0.472085
-0.576637	0.893513	0.306925	0.464600	0.308119	1.687760	0.332411	-2.957877	-2.659081	-2.006808	-0.063238	-2.030107	-1.129262	-0.467777	0.356243	-0.987111	0.560907	1.759502	1.318175	0.432528	-0.446561	-1.519984	-1.758342	0.565294	-0.967449	0.660433	-1.784594	-0.631151	0.261393	-1.693016	-0.307815	-1.835771	-0.298391	-0.575543	-0.141701	-1.012625	-0.325061	-1.083721	-1.562687	-1.404900	-0.773930	0.550437	1.570370	-0.781074	0.306507	-0.865015	-0.262969	-0.170684	0.193358	1.572668	0.503097	1.306666	-0.907034	-0.930496	0.127609
0.742772	0.298820	1.573564	1.413157	0.486650	1.323709	-0.336364	-1.781200	-1.238503	-1.376055	1.209126	-1.031018	-0.586932	1.179832	1.448821	-0.067225	0.100934	2.117347	0.138202	0.021854	0.665324	0.399134	-0.951288	0.431968	0.489370	-0.268152	0.245652	1.058782	1.131110	-0.847590	0.428681	-1.555231	1.033781	-0.336798	-1.056843	-0.066822	-0.512970	0.098044	-0.439109	-0.136388	-1.304363	-0.181588	-0.116996	-0.886973	0.199628	-1.119267	-0.327593	0.679543	0.624734	1.566151	2.081240	1.522807	-0.059249	-0.053792	1.036762
1.222626	-0.606722	1.200322	1.088127	-0.052953	-0.248679	-0.900588	0.148927	0.512011	-0.024775	0.827697	-0.004470	-0.083530	2.379878	1.517125	0.110386	-0.356356	0.891137	-1.413890	-0.777977	0.906963	1.280305	-0.060994	-0.347245	1.360942	-1.110494	2.258160	1.648176	1.325755	0.293464	0.312711	-0.850864	1.227080	0.009390	-1.676374	0.566576	-0.373741	0.990988	0.651734	0.664742	-0.650148	-0.832327	-1.509693	-0.524880	0.007666	-0.726212	-0.662941	0.764786	1.028100	1.157894	2.537097	0.452440	1.353108	1.736049	1.709900
0.695328	-1.310717	-0.753218	-0.166719	-0.500524	-1.746226	-0.758190	1.520939	1.115481	1.078961	-0.655139	0.418576	0.247245	1.898746	0.248207	-0.384757	-0.483642	-1.128375	-2.577933	-1.600918	0.251776	0.723627	0.418914	-0.469670	0.853448	-1.053454	2.867201	0.781596	0.710035	0.890876	-0.392824	-0.027435	0.576656	-0.244643	-1.824689	0.783598	-0.341180	0.651115	1.009066	0.641647	0.361806	-0.835082	-1.767313	0.079508	0.033369	-0.046541	-0.349679	-0.059476	1.095484	0.571173	1.477598	-0.902921	1.954054	2.901330	1.819542
0.006263	-1.693853	-2.446065	-1.099472	-0.242307	-2.164278	-0.080789	1.995312	0.429795	1.477667	-1.739295	0.466904	0.552595	-0.043612	-1.599005	-0.636592	-0.272122	-2.365911	-2.777517	-1.890021	-0.315699	0.213459	0.726092	0.583125	-0.189098	-0.324852	2.087192	-0.514895	-0.327164	0.968800	-0.478264	0.878803	0.117967	-1.261046	-1.308500	0.980880	-0.771199	-0.582396	0.814861	0.478952	0.487602	-0.395589	-1.246336	0.251501	0.179421	0.411214	0.925197	-0.782473	0.625675	-0.146983	-0.503455	-1.365234	1.173991	2.150684	1.355508
0.028029	-1.784715	-2.342274	-0.818443	0.413974	-1.554734	0.423283	2.000902	-0.478733	1.453484	-1.741809	0.761398	1.030315	-1.984345	-2.909461	-0.150353	-0.095664	-2.208880	-2.010756	-1.306022	0.092244	0.947993	1.186745	1.963251	-0.455728	0.151086	1.025635	-1.055022	-1.108185	1.069057	0.486956	1.882065	0.313548	-2.399872	-0.246691	1.323478	-1.421381	-1.727112	0.596142	0.819056	-0.390114	-0.141087	-0.789788	-0.283746	0.111012	0.505209	2.341538	-0.453988	-0.045667	-0.833279	-2.007222	-0.535164	-0.322375	-0.099921	0.626164
0.736697	-1.515328	-0.882320	0.229876	0.625444	-0.733996	0.337834	1.784836	-0.745763	1.274711	-1.220207	1.342491	1.462999	-2.506499	-3.092168	0.432892	-0.289685	-1.498820	-0.877658	-0.234185	1.121697	2.083442	1.436239	2.314299	0.334490	-0.091523	0.635065	-0.564867	-1.059832	1.382828	1.386922	2.516811	0.683444	-2.570617	0.655254	1.336264	-1.609938	-2.153862	0.410865	1.238340	-1.128990	-0.288118	-0.725170	-0.898410	-0.198451	0.454538	2.690506	0.472597	-0.179166	-1.090173	-1.922252	0.819297	-1.321125	-1.909504	0.203664
1.367906	-0.895531	0.251775	0.832183	0.106819	-0.381304	-0.057912	1.219525	-0.545759	0.794529	-0.890652	1.599003	1.326900	-1.486539	-2.321772	0.252115	-0.679085	-1.234564	-0.146421	0.423130	1.577972	1.911874	0.884455	1.200326	1.273232	-0.579832	0.875883	0.325559	-0.206185	1.541890	0.967306	2.101474	0.648048	-1.413963	0.658825	0.575186	-0.972090	-1.909142	-0.016103	0.869052	-0.849598	-0.452615	-0.762179	-0.759557	-0.384862	0.427168	1.658901	0.684745	0.516449	-0.707083	-0.571600	1.451465	-1.219730	-1.843547	0.476622
1.345552	-0.203241	0.204681	0.480418	-0.468537	-0.448755	-0.219162	0.403848	-0.437575	0.023244	-0.746250	1.160646	0.556554	-0.132617	-1.168643	-0.489911	-0.710427	-1.274478	-0.123992	0.218018	0.958668	0.349462	-0.166617	-0.329239	1.361573	-0.603405	1.040693	0.827584	0.727271	1.184493	-0.388796	0.758543	0.283548	-0.036246	-0.124370	-0.458759	0.015976	-1.365997	-0.534686	-0.146372	-0.014189	-0.254830	-0.575681	0.077985	-0.217278	0.352227	0.223883	-0.127186	1.306214	-0.032774	0.560058	0.913835	-0.501733	-0.521583	1.073966
0.828747	0.250767	-0.210727	-0.100734	-0.352560	-0.398914	0.069613	-0.126434	-0.399010	-0.422185	-0.364575	0.446483	-0.129379	0.310896	-0.138667	-0.745404	-0.098018	-0.729544	-0.376657	-0.267659	0.087772	-0.801494	-0.613793	-0.764997	0.614973	-0.069628	0.717455	0.691440	1.011452	0.491450	-1.009048	-0.358420	0.076257	0.154450	-0.744726	-0.673537	0.443715	-0.742667	-0.549361	-0.634643	0.352457	0.218972	-0.115140	0.693879	0.125123	0.205876	-0.370295	-0.748994	1.143937	0.390193	0.501625	0.033045	0.001349	0.332079	1.092321
0.347603	0.483212	0.228928	-0.017828	0.292281	0.085543	0.604015	-0.090084	-0.066649	-0.021440	0.326871	0.096324	-0.042857	-0.163869	0.542630	-0.038032	0.811427	0.634451	-0.152460	-0.141252	-0.043450	-0.279395	-0.008521	0.184069	-0.018839	0.524117	0.184377	0.311244	0.747335	0.019626	-0.061523	-0.357055	0.208437	-0.699742	-0.511056	0.152670	-0.056435	-0.011703	0.072787	-0.058755	0.051915	0.655288	0.532625	0.457739	0.416371	0.219226	0.063542	-0.130697	0.002068	0.515310	-0.122574	-0.061450	0.088898	0.043012	0.203439
0.152277	0.769143	1.488751	0.589386	0.696000	0.754850	1.029404	-0.044804	0.315106	0.699647	0.887580	0.110278	0.527210	-0.552235	0.904752	0.936635	1.376571	1.962607	0.820001	0.616048	0.359039	0.859489	0.694853	1.197688	0.066971	0.783664	-0.180525	0.173169	0.662476	-0.001532	1.353196	0.206344	0.343819	-1.107591	0.160948	0.830878	-0.935287	0.733740	0.572984	0.560703	-0.196843	0.914463	1.189393	-0.249621	0.652210	0.527190	0.567479	1.086246	-0.959132	0.782905	-0.026293	0.772350	0.106230	-0.527212	-0.753935
0.050037	1.189659	2.282210	0.817621	0.557802	1.132429	1.067599	-0.726419	0.023203	0.620863	0.897294	-0.083878	0.631805	-0.234744	1.077820	1.256851	1.246432	2.289931	1.940820	1.091424	0.239923	0.664678	0.346014	0.904134	0.288771	0.813818	-0.498802	0.271126	1.019412	0.004312	1.582560	0.076494	0.074963	-0.391149	0.358891	0.206495	-1.466315	1.090281	0.199487	0.020942	0.141963	0.991718	1.478699	-0.660169	0.750691	0.762505	0.267751	1.383212	-0.753405	1.349576	1.013673	1.587184	0.118537	-0.504213	-0.745189
-0.264981	1.367382	1.717261	0.293493	0.265681	1.017422	0.632700	-1.814070	-0.884217	-0.474582	0.450697	-0.747106	-0.128769	0.281228	1.107230	0.836390	0.553414	1.484426	2.193409	0.596165	-0.746723	-0.944320	-0.825576	-0.407925	-0.185544	0.877290	-1.055266	0.254709	1.165390	-0.405021	0.441964	-0.890882	-0.562609	0.370382	0.022660	-1.206598	-1.595909	0.813407	-0.733093	-1.261980	0.741046	0.762381	1.004766	-0.633196	0.349485	0.353640	-0.579048	0.385180	0.250944	1.677471	1.884335	1.440407	-0.212292	-0.144536	0.017672
-0.834009	0.792890	0.482080	-0.335932	0.145352	0.597418	-0.127444	-2.043964	-1.253624	-1.503148	-0.025133	-1.386634	-1.132572	0.190437	0.863462	0.298799	-0.335952	0.137649	1.084713	-0.500502	-1.684179	-1.921775	-1.463276	-1.145106	-0.966482	0.882080	-1.627769	0.069727	0.417239	-0.887286	-0.647857	-1.433526	-1.062715	-0.006362	0.097422	-1.775093	-1.701638	0.280945	-1.186336	-1.699427	0.918161	0.038994	-0.205460	-0.698594	-0.734361	-0.741705	-0.953045	-0.627494	0.819736	1.189917	1.573659	0.392063	-0.906261	-0.212863	0.191568
-1.302877	-0.488967	0.028385	-0.311439	0.147879	0.242901	-0.901006	-0.916523	-0.352101	-1.480192	-0.384907	-1.371627	-1.508152	-0.428541	0.180228	0.133669	-1.091135	-1.038930	-0.760387	-1.207684	-1.584595	-0.843183	-0.834179	-0.459730	-0.830831	0.510017	-1.678265	0.056623	-0.929676	-0.633748	-0.423846	-0.605080	-0.929609	-1.120060	1.101299	-0.905731	-1.710971	0.051643	-0.762206	-0.702930	0.504435	-1.052773	-1.534285	-1.188544	-1.989193	-1.821465	-0.339253	-0.318788	0.329202	0.159163	0.428620	-0.575447	-1.448746	-0.853670	-0.923649
-1.172599	-1.626254	0.770591	0.271937	0.300121	0.245173	-1.342609	0.341486	0.853614	-0.774162	-0.907375	-0.761243	-1.045540	-0.709506	-0.824049	0.262657	-1.468744	-1.550810	-1.975049	-0.918468	-0.632069	1.054441	0.244205	0.666348	0.416813	-0.142681	-1.158849	0.331337	-1.821095	0.435381	0.757781	0.864952	-0.203497	-1.666305	2.124490	0.134204	-1.107881	0.049440	-0.239153	0.443899	-0.019867	-1.896550	-2.143947	-1.693715	-2.502079	-2.048332	0.652064	1.040326	-0.581571	-0.471975	-0.276111	-0.553428	-1.480065	-1.491968	-2.234530
-0.347497	-1.665255	1.602670	0.671517	0.737684	0.559885	-1.205627	0.240937	0.752274	-0.471257	-1.665013	-0.238907	-0.272735	-0.202249	-1.594763	0.276364	-1.308602	-1.251186	-1.615668	0.096503	0.135243	1.392685	0.443099	0.724565	1.458755	-0.454243	-0.602833	0.499938	-1.562167	1.307344	1.396748	1.426247	0.528378	-1.180619	1.876372	-0.065625	0.056915	-0.285448	-0.519234	0.246921	-0.138062	-1.797582	-1.604108	-1.540900	-1.846962	-1.236061	0.999057	1.836914	-0.843912	-0.237687	0.114065	0.338128	-1.166953	-1.543411	-2.052120
0.561049	-0.558432	1.313830	0.419847	1.113904	0.759204	-0.496324	-0.897886	-0.695585	-0.812662	-2.027365	-0.258289	0.147352	0.475966	-1.494701	-0.081606	-0.618328	-0.404438	-0.048811	0.993322	0.104201	-0.265961	-0.421863	-0.374430	1.163425	-0.048879	-0.344278	0.236705	-0.468818	1.027777	0.615036	0.590396	0.701872	-0.282379	0.450538	-1.110927	0.851457	-0.947811	-1.319029	-0.998339	0.192930	-0.659788	-0.260070	-0.612599	-0.518599	-0.017110	0.406498	0.992588	-0.210481	0.217897	0.808231	1.008845	-0.681919	-0.916249	-0.293606
0.700057	0.746767	0.050692	-0.244084	0.714111	0.454408	0.459462	-1.268802	-1.637124	-0.915516	-1.216295	-0.531441	0.038587	0.401551	-0.422519	-0.565737	0.385721	0.537982	1.417108	1.086201	-0.387298	-1.872581	-1.109524	-1.234545	-0.043080	0.650200	-0.145358	-0.208948	0.544701	-0.122888	-0.813171	-0.566254	0.305790	0.425572	-0.686678	-1.275503	0.620383	-1.035801	-1.318079	-1.469105	0.623065	0.843534	1.018373	0.527870	0.589699	0.769934	-0.426594	-0.681490	0.496074	-0.075392	0.498245	0.551101	0.129170	0.016588	1.194333
-0.124503	1.255401	-0.949780	-0.751761	-0.442165	-0.179608	1.213309	-0.009929	-0.565438	-0.092735	0.589197	-0.491857	-0.162785	-0.511494	0.975081	-0.557362	1.368859	1.284789	1.763379	0.398198	-0.710027	-1.501912	-0.391094	-0.760511	-0.924933	0.978354	0.250622	-0.398422	0.820996	-0.992232	-1.344329	-0.739441	-0.211620	0.809078	-0.514142	0.221040	-0.047536	0.118752	0.248317	-0.054017	0.767025	1.822459	1.531372	1.245459	0.999499	0.844033	-0.599317	-1.287274	0.366174	-1.134989	-0.969397	-0.710898	1.212039	0.729531	0.775742
-1.094955	0.792235	-0.831024	-0.742618	-1.208468	-0.516322	1.520622	1.626992	1.720181	1.143478	2.077643	-0.035175	0.077360	-1.410902	1.780716	0.211158	1.982053	1.666227	0.978448	-0.444586	-0.642641	0.360271	1.393300	0.549732	-0.869759	0.870584	0.673017	-0.282224	0.438976	-0.903460	-0.475101	0.164621	-0.427242	0.713197	0.358159	2.121149	-0.108098	1.790553	2.388114	2.143734	0.480241	1.836394	1.237859	1.367462	0.864829	0.605369	0.058098	-0.089533	-0.530718	-1.838280	-2.227992	-1.571719	1.910673	0.925914	-1.000974
-1.080505	0.009527	0.083427	-0.245030	-0.595264	-0.180700	1.444241	1.940005	3.001904	1.731911	2.084140	0.470741	0.718773	-1.438327	1.563262	1.089445	1.972424	1.443766	-0.257389	-0.825348	-0.278986	1.622190	2.514039	1.317142	-0.134560	0.738531	0.869110	-0.028550	0.067763	-0.231498	0.669201	1.057918	-0.213126	-0.040837	0.567937	2.596383	0.524522	2.404118	3.165244	2.909473	0.009197	1.114143	0.634752	1.154388	0.602044	0.563959	0.831661	1.414559	-1.232718	-1.122161	-1.925697	-1.312182	1.621836	0.736846	-2.043009
0.186352	-0.243998	0.885442	0.399872	0.867310	0.527450	1.182397	0.857888	2.228390	1.345167	0.927152	0.771011	1.141627	-0.551586	0.758214	1.107558	1.408145	0.649209	-1.152482	-0.610779	0.297138	1.166926	1.778279	0.945891	0.699254	0.714210	0.893450	0.379775	0.350083	0.290672	0.758487	0.936488	0.273107	-1.015258	-0.340928	1.374520	1.018382	1.329714	1.852484	1.448277	-0.157708	0.337284	0.284909	0.946651	0.532897	0.796201	0.883719	1.242698	-1.023138	0.741374	-0.353092	-0.364018	0.648825	0.499044	-1.144232
1.643649	0.309309	1.042274	0.694474	1.623154	0.945805	0.915652	-0.257636	0.551251	0.623712	0.036177	0.932253	0.914733	0.483888	0.246949	0.243921	0.804526	0.012325	-1.146737	-0.139659	0.868664	-0.060844	0.035303	0.195132	1.021796	0.544509	0.878748	0.860913	1.203545	0.388054	-0.059734	-0.032924	0.625589	-1.305000	-1.452839	-0.044290	0.889225	-0.288744	-0.094796	-0.612272	0.153960	0.154449	0.444270	0.882098	0.752659	1.005446	0.203581	-0.425276	-0.264694	2.230335	0.843414	0.403010	-0.033574	0.350558	0.682933
1.844185	1.004167	0.635999	0.329004	0.882062	0.658507	0.804161	-0.384043	-0.241157	0.330586	0.190610	0.970005	0.370574	0.749194	0.395338	-0.430364	0.749804	0.330474	-0.282045	0.119251	0.936166	-0.492111	-0.707141	0.101978	0.510509	0.229865	0.745771	0.865467	1.733530	0.250773	-0.450221	-0.687845	0.406354	-0.653324	-1.521305	-0.182660	0.508920	-0.798723	-0.613247	-1.043391	0.459524	0.626789	0.937607	0.841234	1.068737	0.974827	-0.308169	-1.325510	0.073151	2.035513	0.497875	0.581221	0.151725	0.176105	1.419008
0.523067	0.845488	0.018512	-0.403193	-0.534505	-0.153903	0.919299	0.268031	0.284052	0.622700	0.673070	0.707037	0.184902	-0.033381	0.630654	-0.130291	1.225224	1.253931	0.634896	-0.003722	0.245931	0.189020	0.334429	0.686314	-0.363295	0.198754	0.414563	0.009002	1.130427	0.093230	0.210066	-0.143956	-0.342379	0.153039	-0.287730	0.819167	0.312510	0.093077	0.603253	0.423603	0.158732	1.114255	1.271423	0.618243	1.097013	0.789455	0.101743	-0.149452	-0.391893	0.400140	-0.872485	0.274863	0.806885	-0.086294	0.320492
-1.024135	-0.233525	-0.472194	-0.745060	-1.226411	-0.824366	1.042516	0.858971	1.057110	1.043536	0.486871	0.165465	0.492983	-1.134410	0.272071	0.645334	1.479563	1.456436	0.751831	-0.198763	-0.635625	0.958447	1.780203	1.048856	-0.666500	0.581131	0.036779	-1.077144	-0.299372	-0.039617	0.981354	1.120990	-0.934717	0.309073	1.198092	1.562469	0.165280	1.098716	1.837492	1.890544	-0.603161	0.927869	1.003959	0.180441	0.632147	0.588449	1.015085	1.612547	-1.008577	-1.146503	-1.754991	-0.222507	1.048765	-0.299640	-1.309966
-1.396205	-1.084032	-0.623366	-0.338963	-0.769826	-0.778543	0.722782	0.799810	0.954732	0.978855	-0.168979	-0.276761	0.718434	-1.395388	-0.416910	0.887155	0.844324	0.406459	0.178573	-0.088384	-0.817247	0.896986	1.812594	0.640021	-0.236287	0.758304	-0.225533	-1.313631	-1.327297	-0.169129	0.780794	1.653906	-0.764783	-0.040150	1.573951	1.092364	-0.183459	0.977099	1.498402	1.657264	-1.022373	0.109881	0.192666	-0.258031	-0.068397	0.286386	1.254302	1.752874	-0.923110	-1.394954	-1.275890	-0.507801	0.447826	-0.327373	-1.687598
-0.659129	-0.771297	-0.457281	0.222227	-0.006491	-0.181834	-0.188459	0.125841	-0.000101	0.242423	-0.318332	-0.358847	0.335006	-0.440238	-0.575938	0.393200	-0.391259	-0.755226	-0.210824	0.181342	-0.199559	0.200755	0.367113	-0.065705	0.066690	0.118301	-0.409219	-0.605265	-1.158801	-0.261786	-0.017915	0.674040	-0.103173	-0.138574	0.586915	-0.105814	-0.477511	-0.016302	-0.023760	0.149913	-0.681353	-0.646509	-0.565619	-0.470592	-0.500265	-0.226402	0.362272	0.360339	-0.141817	-0.572784	0.005955	-0.272216	-0.494912	-0.189876	-0.567500
-0.055957	0.090756	-0.238441	0.084404	0.106983	0.185254	-1.140135	-0.577913	-0.818300	-0.610302	0.225854	-0.272530	-0.431108	0.835377	-0.085538	-0.190808	-1.214939	-0.735611	-0.032154	0.124402	0.388258	-0.312234	-0.932964	-0.337413	-0.270160	-0.946212	-0.531489	0.037897	-0.300407	-0.226064	-0.178096	-0.861946	0.231378	0.398926	-0.596004	-0.836730	-0.240700	-0.583235	-1.017329	-0.890768	-0.102668	-0.842264	-0.724431	-0.481140	-0.418364	-0.687434	-0.750953	-0.559566	0.469631	0.209591	0.828636	0.245575	-0.807234	0.048152	0.659878
-0.329774	0.147729	-0.263684	-0.739435	-0.381332	-0.092710	-1.356649	-0.699840	-0.696583	-0.759332	0.553688	-0.288471	-0.831361	1.274323	0.177365	-0.367949	-1.052010	0.106229	0.169072	-0.264311	0.289292	-0.317088	-0.826231	-0.155362	-0.611809	-1.338712	-0.439153	-0.093343	0.127785	-0.048517	0.515719	-1.248049	-0.069304	1.171095	-0.729947	-0.584862	0.471916	-0.099300	-0.592324	-0.627863	-0.016554	-0.658336	-0.402480	-0.481253	-0.056729	-0.635691	-0.902300	-0.031302	0.234755	0.289819	0.558016	0.392300	-0.123120	0.362381	0.769026
-0.888963	-0.757919	-0.590737	-1.323101	-0.655548	-0.519437	-0.759326	-0.280618	0.103203	-0.108423	0.000492	-0.310049	-0.459528	0.772834	-0.359300	-0.294722	-0.407880	0.331664	-0.101739	-0.378845	-0.177945	-0.223934	0.206091	-0.033976	-0.301625	-0.626117	-0.126021	-0.576773	-0.281354	0.105235	0.908032	-0.093165	-0.513538	1.385795	0.059032	0.070396	1.016704	0.580584	0.403358	0.140953	-0.418836	-0.536598	-0.195023	-0.505799	0.151832	-0.077663	-0.095283	0.760254	-0.486158	-0.078655	-0.275017	-0.012245	0.737150	0.606297	0.046810
-0.736216	-1.329614	-0.923005	-0.892310	-0.303204	-0.449072	-0.117106	0.041784	0.565867	0.464590	-0.861837	-0.078835	0.258124	0.212766	-1.052316	-0.326253	-0.201602	-0.519983	-0.511548	0.106941	-0.235603	-0.351548	0.724806	-0.215740	0.249151	0.319231	0.065183	-0.623944	-0.869620	0.085776	0.158923	1.108365	-0.558566	0.652342	0.613020	0.255155	0.894699	0.262919	0.578868	0.292446	-0.714756	-0.586411	-0.388005	-0.381868	0.012092	0.359186	0.514439	0.406029	-0.662881	-0.364197	-0.653430	-0.339368	0.575723	0.455617	-0.373866
0.219643	-0.620729	-0.815389	0.340097	0.190117	-0.027612	-0.161931	-0.084963	0.090256	0.127476	-0.936548	0.336804	0.492407	0.243642	-0.883379	-0.473520	-0.696459	-1.417926	-0.485689	0.691560	0.323566	-0.378368	0.042180	-0.497410	0.305431	0.307318	-0.122282	-0.088238	-0.829632	0.018562	-1.036961	0.780545	-0.181895	-0.434201	0.343797	-0.283109	0.273660	-0.936709	-0.385560	-0.307219	-0.538664	-0.619100	-0.672872	-0.071535	-0.317296	0.124895	0.072839	-0.845943	0.189923	-0.387934	-0.139806	-0.082231	-0.694115	-0.183485	-0.044989
1.096359	0.698582	-0.182761	1.390583	0.232022	0.140467	-0.786129	-0.298319	-0.836901	-0.855488	-0.015388	0.543727	-0.088235	0.619457	0.150685	-0.485983	-1.330896	-1.415545	-0.093792	0.703739	0.894120	-0.000391	-1.172670	-0.703567	-0.045562	-0.733079	-0.412188	0.556215	-0.173768	0.097937	-1.421950	-0.788227	0.331918	-0.701832	-0.201353	-1.064081	-0.287561	-1.623445	-1.533108	-0.981415	-0.028469	-0.551996	-0.695740	0.160694	-0.583049	-0.616186	-0.972105	-1.688458	1.346162	-0.266480	0.755171	0.308520	-1.751071	-0.777769	0.473576
1.125763	1.286818	0.416262	1.421986	-0.041076	-0.021025	-1.269325	-0.212180	-1.258476	-1.440937	0.923348	0.317165	-0.911540	0.770421	0.995941	-0.290334	-1.476615	-0.820592	0.148056	0.183734	0.812674	0.304819	-1.798274	-0.897621	-0.237140	-1.647809	-0.336557	0.827842	0.380773	0.167379	-0.838836	-1.883274	0.702668	0.221303	-0.407151	-1.452636	-0.412444	-0.905924	-1.782667	-1.204532	0.487456	-0.480307	-0.512060	0.110784	-0.663271	-1.177552	-1.539539	-1.529302	1.635461	-0.110450	1.182954	0.093011	-1.397840	-0.605317	0.645981
0.497532	0.808778	0.320104	0.538091	-0.097156	-0.052400	-1.131670	-0.041099	-0.853558	-1.063008	0.902126	-0.074066	-1.092560	0.578858	0.856549	-0.112374	-1.084965	-0.445237	0.089992	-0.229715	0.200180	-0.083318	-1.424518	-1.077439	-0.195583	-1.456820	0.076477	0.592312	0.351208	-0.083812	-0.247840	-1.539033	0.675525	1.229243	-0.427457	-1.220743	-0.129735	0.385994	-1.030942	-0.991397	0.669708	-0.427416	-0.330439	-0.018872	-0.517259	-1.041736	-1.250306	-0.963423	0.832747	0.023011	0.856849	-0.536292	-0.093663	0.261606	0.633018
0.025811	0.141367	-0.331410	-0.284207	0.137060	0.184486	-0.560715	-0.112888	-0.164401	-0.206606	0.166756	-0.131725	-0.426921	0.353237	0.146118	-0.125456	-0.559265	-0.423238	0.041102	-0.128597	-0.137155	-0.742676	-0.571401	-0.984691	-0.238731	-0.514506	0.324779	0.102681	0.029520	-0.487948	-0.294082	-0.519579	0.221203	1.067765	-0.604636	-0.619697	0.263459	0.764227	-0.109260	-0.579036	0.313808	-0.291039	-0.154980	0.103402	-0.137418	-0.326942	-0.655625	-0.688775	-0.068551	0.086051	0.285126	-0.646130	0.618749	0.850158	0.722350
0.135439	0.120436	-0.644264	-0.228313	0.272422	0.311780	-0.061125	-0.196638	0.201901	0.297622	-0.125522	0.281418	0.375178	0.290142	-0.105329	-0.149875	-0.219914	-0.342195	0.148962	0.252586	0.246669	-0.616204	0.023774	-0.446331	-0.357065	0.068276	0.139286	-0.166063	-0.029138	-0.496801	-0.576398	-0.016898	-0.184908	0.082128	-0.702557	-0.064280	0.455461	0.068117	0.221865	-0.142601	-0.255348	-0.052761	0.066013	0.424162	0.296724	0.318036	-0.302453	-0.628341	-0.139053	0.082431	0.095638	0.003215	0.129756	0.497118	0.671054
0.403215	0.557342	-0.186141	0.407926	0.160324	0.134239	0.079679	0.104079	0.242213	0.216420	0.530852	0.698579	0.529992	0.265544	0.394584	0.102590	-0.083123	-0.109625	0.183912	0.423241	0.750288	0.340781	0.130650	0.202078	-0.292739	-0.119131	-0.196735	-0.015319	0.140246	-0.067469	-0.457569	-0.159541	-0.036761	-0.257082	-0.299366	0.183071	0.380628	-0.398639	0.045378	0.175764	-0.328671	0.118354	0.185897	0.553688	0.417215	0.321634	-0.163769	-0.358110	0.301308	0.004560	0.249352	0.472899	-0.549944	-0.246564	0.114772
0.172809	0.600986	0.273181	0.580414	0.033380	-0.080098	-0.083402	0.544767	0.296469	-0.023096	1.211045	0.531915	0.055072	0.124624	0.825387	0.506849	-0.069358	-0.051521	-0.001336	0.200008	0.483699	0.917575	0.038357	0.342209	-0.127181	-0.492256	-0.328977	0.087065	-0.074217	0.124728	-0.005912	-0.285791	0.323927	0.492570	0.391334	0.117817	0.288025	0.164200	-0.059354	0.255691	0.146182	0.016168	0.048176	0.309607	0.081624	-0.194379	-0.070129	0.061460	0.205083	-0.260351	0.118129	-0.043294	-0.343213	-0.411718	-0.674119
-0.551234	-0.131805	-0.219812	-0.167421	-0.077454	-0.152227	-0.322448	0.447323	0.415046	0.002157	0.783247	-0.183433	-0.378019	-0.028047	0.372328	0.515743	-0.120887	-0.236252	-0.186047	-0.166049	-0.417385	0.355225	0.054279	-0.135601	-0.147638	-0.511343	-0.284989	-0.459057	-0.863148	-0.309562	0.245717	-0.105701	-0.004373	1.171036	0.682963	-0.058476	0.469889	0.842915	0.100384	0.130184	0.193695	-0.349419	-0.159887	-0.057800	-0.287302	-0.493896	-0.099008	0.219100	-0.680330	-0.673618	-0.618160	-0.975689	0.447458	0.053954	-0.973711
-1.049925	-1.016609	-1.298465	-1.122587	-0.504849	-0.288431	-0.350735	-0.323343	0.316793	0.268132	-0.409259	-0.704397	-0.283742	0.086204	-0.601264	-0.136241	-0.028178	-0.186562	-0.099750	-0.282095	-0.812764	-0.577942	0.213564	-0.507135	-0.236878	-0.306006	-0.254635	-1.376137	-1.375083	-0.767500	0.162183	0.092672	-1.056994	0.897831	0.327988	-0.072105	0.955404	0.401010	0.206653	0.006921	-0.845844	-0.632954	-0.004968	-0.237297	-0.052627	-0.044512	-0.239140	0.181509	-1.380129	-0.720450	-1.377505	-1.010280	0.801856	0.380757	-0.507751
-0.736581	-1.128417	-1.563426	-1.301325	-1.279317	-0.600544	0.033623	-1.086586	-0.073839	0.515621	-0.853487	-0.380667	0.221323	0.556130	-0.943575	-0.903024	0.488731	0.508302	0.200248	0.013102	-0.028142	-0.689656	0.440008	-0.010520	-0.010214	-0.164354	-0.213980	-1.616798	-0.633695	-0.459194	0.155241	0.138296	-1.647667	0.383707	-0.204953	0.221507	1.510905	-0.806455	0.125365	0.086034	-2.112874	-0.422419	0.639230	-0.207206	0.860399	0.856293	-0.145181	0.531802	-0.956744	0.143750	-1.257332	0.238284	0.460741	0.174796	0.225268
0.137347	-0.363163	-0.476908	-0.588377	-1.703671	-0.748295	0.655248	-1.108726	-0.348616	0.654379	0.076626	0.573518	0.746725	1.022520	-0.240469	-0.916161	1.223894	1.417337	0.401980	0.481440	1.204897	0.105787	0.706827	1.088314	0.441879	-0.047642	-0.043408	-0.752383	0.950628	0.401740	0.467860	0.240031	-0.930183	0.597743	-0.408887	0.673260	1.780591	-1.281654	0.178625	0.379733	-2.188880	0.219768	1.253388	-0.088399	1.708177	1.417159	0.365161	1.343086	0.200402	1.498613	-0.188152	1.670680	0.010085	-0.163655	0.559312
0.758690	0.438420	0.803491	0.283247	-1.015271	-0.363323	0.948097	-0.312195	-0.032103	0.791651	1.180741	1.301032	1.050846	0.905203	0.587705	0.011969	1.350127	1.452978	0.291739	0.688502	1.607621	0.897347	0.923295	1.619113	0.527142	0.132620	0.165645	0.326627	1.675694	0.805753	0.718865	0.534291	0.367952	1.056796	-0.298361	0.916031	1.408314	-0.450614	0.549022	0.700176	-0.930503	0.654970	1.101460	0.130152	1.625243	1.209350	0.866621	1.698144	0.772549	1.966936	0.845752	1.883843	-0.148523	-0.185267	0.352200
0.656079	0.528402	0.924727	0.656038	0.578759	0.383494	0.546833	0.756139	0.785715	0.948727	1.029478	1.242652	1.086558	0.063018	0.504405	1.137843	0.374197	0.153295	-0.036058	0.449823	0.844028	1.008644	0.891780	0.884924	0.001314	0.230608	0.204216	0.541726	0.571401	0.276370	0.434595	0.801858	0.919509	0.608567	-0.173777	0.712998	0.363888	0.707242	0.884573	0.809750	0.451476	0.385823	0.096967	0.479961	0.573292	0.523119	0.803041	0.821099	0.126418	0.786446	0.934702	0.678707	-0.176698	0.032715	-0.013773
0.155000	0.093155	0.083667	0.514767	1.831983	0.888261	-0.159915	1.357454	1.360957	0.934206	-0.107607	0.641458	0.867028	-0.833295	-0.262598	1.558322	-0.918572	-1.400529	-0.278082	0.044440	-0.210317	0.579840	0.550075	-0.377410	-0.599933	0.143348	0.067268	0.005185	-1.166697	-0.529105	-0.188989	0.762773	0.512947	-0.545420	-0.153359	0.238979	-0.720389	1.082525	0.779403	0.615036	0.961270	-0.240704	-0.910912	0.736949	-0.533737	-0.049568	0.267792	-0.613337	-0.885185	-0.941930	0.303234	-0.724871	-0.248067	0.174506	-0.154349
-0.101212	-0.139207	-0.402279	0.211516	1.591347	0.717704	-0.398212	1.020812	0.958362	0.551815	-0.720981	0.097775	0.429204	-0.882051	-0.601065	0.991882	-1.131040	-1.541830	-0.199599	-0.099752	-0.550050	0.085736	0.089282	-0.802004	-0.583657	0.039624	-0.044906	-0.290918	-1.453736	-0.664107	-0.468401	0.401042	0.053428	-0.932081	-0.136671	-0.101146	-0.958637	0.590558	0.283298	0.214571	0.694084	-0.404312	-0.936172	0.550465	-0.729939	-0.182417	-0.109546	-1.080024	-0.940564	-1.316316	-0.098922	-0.954766	-0.228146	0.134776	-0.023525
0.070120	0.099031	0.007061	-0.042045	-0.022226	-0.005821	0.023415	-0.084832	-0.354145	-0.140899	-0.223845	-0.158064	-0.138132	0.003511	-0.101232	-0.197631	-0.000123	-0.030412	0.158477	0.100003	-0.083180	-0.270288	-0.318112	-0.078113	0.087900	0.063518	-0.031650	0.072088	0.110130	-0.005455	-0.176505	-0.115564	0.080965	-0.007895	-0.055477	-0.164611	-0.241578	-0.264103	-0.331665	-0.250586	0.174494	0.117884	0.057836	-0.091028	0.012821	0.025420	-0.053726	-0.186355	0.164714	0.032745	0.106858	0.084581	-0.017613	0.003683	0.227147
