X1	X2	X3	X4	X5	X6	X7	X8	X9	X10	X11	X12	X13	X14	X15	X16	X17	X18	X19	X20	X21	X22	X23	X24	X25	X26	X27	X28	X29	X30	X31	X32	X33	X34	X35	X36	X37	X38	X39	X40	X41	X42	X43	X44	X45	X46	X47	X48	X49	X50	X51	X52	X53	X54	X55
0.240341	-0.078190	0.247774	0.171068	-0.103378	-0.217484	0.038024	0.212936	-0.066830	0.127250	0.376854	0.155186	-0.013806	0.103877	0.140403	-0.094935	0.044304	0.030325	-0.080100	0.005396	0.374413	0.239429	-0.062869	0.194694	0.360582	0.129779	0.122360	0.222610	0.209932	0.375206	0.276581	0.268537	0.316617	0.020476	0.013828	0.196716	0.071611	0.107944	0.063019	0.046675	-0.135582	-0.051421	-0.081741	-0.155819	-0.046340	0.021313	0.247989	0.153690	0.148269	0.287157	0.135119	0.233394	0.084579	0.022287	0.321435
0.753077	0.208148	0.050139	0.505619	0.639287	0.601168	-0.453883	-0.121891	-0.644488	0.776216	0.082344	0.518514	0.896297	0.328355	-0.153424	0.147127	-0.364569	-0.254059	0.162981	0.422776	0.502459	-0.108008	0.213216	0.388493	0.187683	0.207524	-0.274185	-0.324330	-0.009855	-0.521773	-0.423061	-0.199047	0.063469	-0.661691	-0.831754	-0.052452	-0.639406	-0.762951	-0.363656	0.346976	0.605396	-0.024306	-0.010849	-0.061802	-0.115589	-0.035846	-0.340760	0.569734	0.523465	-0.133102	0.724935	0.455094	-1.031729	-0.786796	-0.209493
0.273154	-0.240442	-0.718868	-0.046827	0.558553	0.257845	-0.988691	-0.187487	-0.884746	-0.339707	-0.366223	0.102397	0.828627	0.362176	-0.118529	-0.146216	-0.862787	-0.445349	-0.314252	0.171486	0.002819	-0.706849	-0.141710	-0.106791	-0.014679	-0.284021	-0.646170	-1.059648	-0.647128	-1.141021	-0.944318	-0.596948	0.068006	-1.061616	-1.428424	-0.325430	-0.699490	-0.759656	-0.635118	-0.270847	0.359990	-0.669853	-0.793804	-0.325855	-0.856378	-0.739681	-0.743352	-0.076901	0.221492	-0.461356	0.060151	-0.211263	-1.254942	-0.690975	-0.244250
-0.790390	-1.122194	-1.500871	-0.725371	-0.125598	-0.798626	-1.101111	-0.162950	-0.930826	-2.366059	-0.783335	-0.744585	0.334226	-0.024985	0.300757	-0.371832	-0.981675	-0.215117	-0.932548	-0.318235	-0.623703	-0.903998	-0.630942	-0.864701	-0.262934	-0.926952	-0.869840	-1.792414	-1.382073	-1.159653	-0.926044	-0.725613	0.141285	-1.176059	-1.546097	-0.326964	-0.225743	0.020754	-0.602950	-1.176698	-0.546446	-1.446199	-1.717237	-0.784875	-1.718794	-1.357041	-0.754768	-1.186645	-0.539919	-0.745682	-1.387181	-0.990225	-0.735244	-0.092498	0.072661
-1.195500	-1.354160	-1.315382	-0.377093	-0.495859	-1.135786	-0.461982	-0.412203	-1.062421	-2.927176	-0.808099	-1.015768	0.453351	-0.682848	0.723564	0.288350	-0.317223	0.411822	-0.613249	-0.231804	-0.502156	-0.078074	-0.336695	-0.912970	-0.490108	-0.908313	-0.657455	-1.871966	-1.361691	-0.535236	-0.253600	-0.451876	-0.005372	-1.043610	-1.048185	0.134457	0.123181	0.674475	-0.255414	-0.998398	-0.955293	-1.250903	-1.348379	-0.865578	-1.513251	-0.755683	-0.351270	-1.294642	-0.966411	-0.910847	-2.044028	-0.606301	-0.285015	0.024289	0.260872
-0.544972	-0.399098	-0.223992	0.512062	-0.146620	-0.271804	0.401320	-0.786887	-1.061045	-1.270669	-0.351999	-0.403864	0.916718	-0.952126	0.617689	1.394745	0.645223	0.775149	0.536424	0.292209	0.212068	1.114498	0.679893	-0.104665	-0.534149	-0.228418	0.126701	-0.872783	-0.266051	0.271334	0.556712	0.049111	-0.253318	-0.492616	-0.065187	0.698909	0.015387	0.573227	0.244157	0.427868	-0.423687	-0.014341	0.377449	-0.253154	-0.043143	0.726791	0.180995	-0.085132	-0.683154	-0.683492	-1.206064	0.578387	-0.241173	-0.329206	0.134909
0.307849	0.917287	0.718715	0.541934	0.400760	0.765433	0.670750	-0.600132	-0.421971	0.913615	0.263499	0.381551	0.650656	-0.413434	-0.024486	1.669836	0.955166	0.440279	1.227570	0.406564	0.579098	1.411094	1.410601	0.726611	-0.271151	0.358521	1.003619	0.580575	1.059952	0.699430	0.814849	0.402005	-0.279098	0.459767	0.882043	0.831825	-0.228301	0.015844	0.653357	1.737159	0.326912	1.061746	1.825441	0.624234	1.446520	1.484732	0.484489	1.268476	-0.027501	-0.043776	0.330673	0.973656	-0.240105	-0.277899	-0.166728
0.573046	1.231122	0.914743	-0.253365	0.534108	0.892104	0.271174	0.381223	0.716944	1.791681	0.631516	0.673824	-0.281320	0.465250	-0.473267	0.648556	0.329226	-0.175297	0.679723	-0.019266	0.360854	0.576668	1.153758	0.921142	0.249966	0.477372	1.164806	1.288118	1.440421	0.644084	0.402305	0.378347	-0.035035	1.119008	1.114474	0.456321	-0.203043	-0.323888	0.677890	1.635054	0.562029	0.952682	1.582477	0.933020	1.639284	0.720569	0.455402	1.659259	0.535101	0.589530	1.449743	0.148189	-0.041552	0.269870	-0.464510
0.535277	0.261901	0.822539	-0.403859	0.365350	0.328845	-0.202553	1.251160	1.374427	1.426066	0.616044	0.669607	-0.588033	0.869495	-0.083149	-0.850264	-0.607847	-0.550624	-0.420671	-0.139783	0.301442	-0.494269	0.170061	0.672883	0.815721	0.510905	0.472596	0.950532	0.744390	0.346708	-0.272884	0.072357	0.318086	0.660930	0.368335	-0.112371	0.009712	-0.302183	0.085860	0.250369	0.478662	-0.014709	0.078100	0.362214	0.593982	-0.583011	0.212556	1.131847	0.818313	0.878696	1.796845	-0.579840	0.034527	0.232818	-0.540247
0.830319	-0.789288	0.908821	0.515027	0.419906	0.095918	-0.396751	0.877623	0.842294	1.110078	0.374034	0.901845	0.255806	0.652707	0.769826	-1.760770	-1.146754	-0.861737	-0.912638	0.468461	0.733512	-1.135072	-0.787505	0.415212	1.148460	0.734502	-0.200991	0.477489	-0.076466	-0.137150	-0.935150	-0.234653	0.739165	-0.646865	-0.830888	-0.652257	0.038008	-0.283068	-0.870655	-1.153327	0.618253	-0.712145	-1.071535	-0.395952	-0.474879	-1.042189	-0.148978	0.330651	0.705351	0.941609	1.614694	-0.264249	-0.293731	-0.915786	-0.154437
1.239129	-0.709191	0.790192	0.984934	0.774156	0.535207	-0.496087	-0.556463	-0.303863	1.431178	0.155246	1.297621	1.090496	0.349002	1.057578	-1.664154	-1.146905	-1.402935	-0.588319	0.971535	0.841231	-1.495834	-1.112676	0.132838	1.034223	0.737117	-0.012039	0.541562	-0.343437	-0.929856	-1.610864	-0.321431	1.166787	-1.365469	-1.511979	-1.088692	-0.207516	-0.374699	-1.329165	-1.421290	0.853679	-0.608529	-0.950715	-0.366461	-0.654166	-0.516330	-0.551800	-0.354948	0.059094	0.963051	1.163498	0.210068	-0.718636	-1.987983	0.551628
0.959218	0.228030	0.005932	-0.131572	0.938131	0.951706	-0.652452	-1.562335	-0.815941	1.767531	0.143900	1.259652	0.672569	0.310695	0.478133	-0.794078	-0.851156	-1.714995	-0.167205	0.459229	-0.066006	-1.756893	-0.625026	-0.306540	0.483945	0.143619	0.706609	0.633124	-0.376325	-1.757046	-2.134903	-0.157368	1.213128	-0.488056	-1.105487	-1.207570	-0.376130	-0.232047	-0.661094	-0.424981	0.630965	-0.187729	-0.097335	0.488658	-0.158364	0.111796	-0.736402	-0.741658	-0.861053	0.779382	0.639306	-0.387058	-0.758867	-1.528929	0.857639
-0.037574	0.758594	-0.875245	-1.624403	0.606884	0.720774	-0.627101	-1.072303	-0.304999	1.484831	0.367597	0.577924	-0.640630	0.391315	-0.098061	0.205238	-0.438731	-1.113705	-0.114926	-0.569023	-1.218501	-1.624196	0.288641	-0.559415	-0.196996	-0.517672	0.798943	0.129303	-0.571607	-1.867790	-1.993191	0.132217	0.502469	1.262175	0.045100	-0.748064	-0.048905	0.269043	0.554583	0.925493	0.045253	-0.040485	0.499882	1.164049	0.313959	0.313287	-0.387914	-0.561102	-1.267174	0.194757	0.295751	-1.557864	-0.415500	0.124619	0.135635
-0.730636	0.419023	-0.767612	-1.475501	0.135518	0.155481	-0.204480	0.355180	0.366077	0.826091	0.618785	-0.235179	-1.497533	0.457603	0.119960	0.544204	0.016561	0.106124	-0.104503	-0.756256	-1.240997	-0.938019	0.806380	-0.141747	-0.614390	-0.324549	-0.195429	-0.437521	-0.485850	-0.853628	-0.943748	0.358363	-0.644088	2.249763	1.049615	0.144402	0.775923	0.643290	0.996361	1.472754	-0.063900	-0.055244	0.599458	0.917279	0.557870	0.381365	0.395736	0.212325	-0.585501	-0.523372	0.282336	-1.654883	-0.035486	1.211731	-1.232226
-0.425274	0.045573	0.357966	0.319996	0.044078	-0.054662	0.344255	1.326512	0.337847	0.346167	0.539243	-0.632184	-1.296167	0.582217	0.677766	-0.058331	0.344379	0.809405	0.239836	0.198017	-0.100197	-0.144793	0.397932	0.738021	-0.638973	0.709123	-1.326994	-0.120120	0.407737	0.681420	0.475987	0.338196	-1.330837	1.782246	1.315373	0.864757	1.492239	0.405838	0.229412	0.825376	0.677433	0.199268	0.644677	0.218986	0.813210	0.633496	0.999276	0.996366	0.745047	-0.857189	0.443118	-0.243148	0.250117	0.805530	-2.002339
0.215094	0.309213	1.159227	1.704664	0.261303	0.113326	0.532227	1.175963	-0.120048	0.028221	-0.008374	-0.661425	-0.583324	0.592003	0.572910	-0.845517	0.361119	0.497658	0.613840	1.035210	0.741676	0.288596	-0.467516	1.210252	-0.509428	1.405033	-1.341594	0.785105	1.444175	1.604794	1.379981	0.020141	-1.108866	0.618048	0.978318	0.935942	1.305813	-0.184450	-0.676521	-0.296526	1.382355	0.625400	0.841082	-0.035680	1.012603	0.813903	0.912213	1.049648	1.547436	-0.694124	0.432035	1.245807	0.544370	-0.192732	-1.374421
0.063201	0.581557	0.505080	1.173573	0.159149	0.032654	0.315586	0.355370	-0.156279	-0.523923	-0.632118	-0.682102	-0.022134	0.043207	-0.197161	-0.679587	0.199412	0.019473	0.481314	0.610780	0.277219	0.527565	-0.699219	0.747340	-0.521364	0.774727	-0.231811	0.898759	1.243858	1.386127	1.400581	-0.330797	-0.527514	-0.230984	0.541702	0.524557	0.104502	-0.372608	-0.508133	-0.797485	0.808541	0.629705	0.784692	0.145894	0.679204	0.533218	0.368392	0.282213	1.044219	-0.456266	0.004756	1.369139	0.749062	-0.482103	0.061801
-0.851657	-0.079009	-1.034111	-0.519610	-0.616325	-0.569229	0.178514	-0.422795	0.324895	-1.245088	-0.721201	-0.733596	0.281436	-1.034148	-0.577145	0.554116	0.270548	0.437014	-0.023437	-0.577752	-0.726887	0.980434	0.170970	-0.205416	-0.637447	-0.723262	0.768350	-0.252570	-0.386598	0.533317	0.905201	-0.237055	-0.374849	-0.605921	0.250971	0.187424	-1.178316	0.124440	0.575651	-0.293092	-1.007219	0.008237	0.123929	0.011609	-0.274935	-0.082490	0.068955	-0.613915	-0.381744	-0.509483	-0.756717	0.294790	0.539500	-0.059661	0.952306
-1.304944	-1.290277	-1.745991	-1.458981	-1.531549	-1.068220	0.473232	-0.908953	0.553329	-1.477504	-0.204324	-0.539067	0.422783	-1.832116	0.009230	1.662718	0.686206	1.522287	-0.192374	-1.074282	-0.875785	1.457399	1.404692	-0.811001	-0.516652	-1.614768	0.691625	-1.333997	-1.866094	-0.127382	0.363283	0.380646	-0.643784	-0.932499	-0.018608	0.120721	-1.389412	0.741535	1.395380	0.617262	-2.455186	-0.608914	-0.709928	-0.602052	-1.091581	-0.485400	0.207889	-0.858159	-1.538114	-0.657473	-1.375715	-0.753592	-0.086025	0.055076	0.661334
-0.569605	-1.571378	-0.835601	-0.871185	-1.637754	-0.663417	0.897348	-1.202500	0.171767	-0.788932	0.241689	-0.085347	0.281482	-1.644102	0.772555	1.556494	0.927872	1.886746	0.227190	-0.400571	-0.159754	1.186200	1.901617	-0.816931	-0.012156	-1.062602	-0.124156	-0.892612	-1.667901	-0.388205	-0.228905	0.777164	-0.665997	-1.272788	-0.316830	-0.105295	-0.378686	0.827148	1.296246	1.086666	-2.029851	-0.437851	-0.815643	-0.875086	-0.907798	-0.318565	0.122241	-0.330929	-1.488349	-0.409910	-1.270491	-0.987857	-0.507344	-0.506986	-0.134627
0.487857	-0.247020	0.493345	0.026855	-0.750627	0.508260	0.835434	-1.332657	-0.086744	0.331271	-0.009623	0.139896	-0.243435	-0.823402	0.556278	0.567049	0.447759	0.695996	0.601644	0.333735	-0.016298	-0.170130	1.416922	-0.642104	0.480321	0.167864	-0.634225	0.635643	-0.214560	-0.646585	-1.050724	0.068745	-0.155732	-1.162161	-0.374625	-0.858169	0.781218	0.500740	0.712558	0.843089	-0.169116	0.482921	0.059322	-0.147912	0.167522	0.215779	-0.758350	0.360866	-0.351100	0.281227	-0.393872	-0.561312	-0.083604	-0.825541	-0.332394
0.540524	1.526888	0.458686	-0.370827	0.152847	1.322161	0.157089	-1.159575	0.517176	0.837672	-0.729058	-0.287260	-0.802645	-0.403658	-0.673065	-0.019507	-0.485037	-1.105110	0.276523	-0.055912	-1.243215	-1.716209	0.729235	-0.600861	0.417784	0.594626	-0.340600	1.451277	0.719289	-1.052013	-1.753590	-1.527391	0.361484	-0.474423	-0.039635	-1.662857	0.825955	0.355400	0.292186	0.283480	1.097906	1.233385	1.036659	1.075545	1.073338	0.524404	-1.873608	0.573759	0.890293	0.791805	0.535114	-0.032463	0.906322	-0.049847	0.371717
-0.346223	1.963675	-0.964284	-1.803407	0.104495	0.915199	-0.567248	-0.614440	1.416070	0.233434	-1.186934	-1.044141	-0.727035	-0.766740	-1.736063	0.468587	-0.995196	-1.693149	-0.484878	-1.201303	-2.609599	-1.941068	0.706305	-0.491283	-0.146576	-0.226836	0.297932	0.714598	0.253731	-1.137893	-1.597098	-2.664662	0.280685	0.013732	0.242685	-1.580412	-0.496006	0.402118	0.093411	-0.043158	0.534381	0.964520	1.037376	1.604295	0.933896	0.132271	-2.056740	0.358368	1.374647	0.527791	0.801357	0.210789	1.273100	1.136209	1.244118
-0.822067	0.594861	-1.896455	-2.214450	-0.530524	-0.207275	-0.750373	0.018981	1.257081	-0.879152	-1.185321	-1.260013	0.257094	-1.154420	-1.548106	1.396370	-0.742686	-0.472932	-0.829879	-1.615321	-2.262962	-0.377554	1.398162	-0.133229	-0.546485	-1.213985	0.495937	-0.563662	-0.699318	-0.586702	-0.513979	-2.384552	-0.311199	-0.564234	-0.172725	-0.496609	-2.186509	-0.095070	-0.186384	0.058828	-0.825427	-0.196107	0.026236	0.850212	-0.069548	-0.830906	-1.135852	0.330916	1.088174	-0.285200	0.550074	0.116645	0.206659	1.173306	1.323098
-0.213496	-1.255211	-1.010245	-0.442313	-0.551472	-0.671735	-0.460877	0.142382	-0.233666	-1.519723	-1.218315	-0.507809	1.535756	-0.756360	-0.238865	1.711246	-0.344704	1.201652	-0.394277	-0.603489	-0.186510	1.609650	2.065667	0.077848	-0.390301	-1.172969	-0.037782	-1.080488	-0.883187	0.038568	0.465323	-1.211223	-0.846811	-1.860294	-1.173074	0.466604	-2.885994	-1.402527	-0.596472	0.335191	-1.105220	-1.234260	-0.988379	-0.514554	-1.008242	-1.588826	-0.313333	0.740387	0.543856	-0.845851	0.377618	-0.167636	-1.553525	-0.245822	0.314410
0.548244	-1.858258	0.685725	1.970854	0.297341	0.103693	-0.163810	-0.562557	-1.587042	-1.412713	-1.507754	0.651468	2.067112	0.111856	1.081571	1.175565	-0.368326	1.679934	0.366563	0.877166	1.651714	2.157723	1.990678	-0.402238	-0.113868	-0.293793	-0.807592	-0.804162	-0.317365	-0.097109	0.368676	-0.332432	-0.960903	-2.389856	-1.757802	0.260032	-2.029893	-2.399361	-0.801287	0.380406	-0.062504	-1.213223	-1.099213	-1.127629	-1.140313	-1.315743	-0.579188	0.943625	-0.031535	-0.799921	0.232770	-0.545661	-2.251532	-1.480781	-1.182848
0.396457	-0.776719	1.228022	2.525592	0.866233	1.096783	0.007417	-1.470346	-1.241129	-1.042252	-1.451941	1.318793	1.412772	0.426546	1.470062	0.448662	-0.413385	0.922545	0.835178	1.411576	1.701181	0.995956	1.163587	-1.392372	-0.280687	0.200963	-0.946603	-0.492066	0.043406	-0.860229	-0.416783	-0.097290	-0.634717	-1.224556	-1.164785	-0.693179	-0.276071	-1.608351	-0.465265	0.054260	0.708134	-0.173501	-0.349084	-0.246446	-0.466574	0.031103	-1.342768	0.155736	-0.801885	-0.604889	-0.485232	-1.043101	-0.992156	-0.869877	-2.099829
-0.259530	0.794695	0.330023	0.856191	0.234245	0.835533	0.318294	-1.381778	0.490139	-0.748825	-0.466368	1.245994	0.165273	-0.103058	0.894505	0.095890	0.237028	0.217558	0.815129	0.704912	0.581426	-0.280816	0.161299	-1.968461	-0.611726	-0.283735	-0.069983	-0.341835	-0.161134	-1.122850	-0.596920	0.106957	0.052619	0.724212	0.161994	-0.995390	1.052922	0.783675	0.307815	-0.359792	0.017984	0.884013	0.497088	1.339901	0.381775	1.473785	-1.260138	-1.362227	-1.649340	-0.692701	-1.621978	-1.555007	1.157550	1.097774	-1.613511
-0.233772	1.285047	-0.367553	-0.952008	-0.906698	-0.740045	0.853369	0.020297	1.718104	-0.249809	0.961921	0.873042	-0.698268	-0.602942	-0.024645	-0.041338	1.372222	0.313182	0.491509	-0.278836	0.024627	-0.180787	-0.531523	-1.440438	-0.337080	-0.934009	1.172655	0.039327	-0.296558	-0.204477	0.328513	0.715418	0.812463	1.608677	1.119053	-0.080842	1.030190	2.618472	0.940381	-0.438588	-1.327275	0.982678	0.754176	1.903155	0.679677	1.825393	-0.053161	-2.316065	-1.964804	-0.716541	-1.976064	-1.686632	2.223120	2.277352	0.141058
0.484630	0.373921	0.293091	-1.104236	-1.091078	-1.954186	1.294333	1.457469	1.253613	0.736434	1.606338	0.502172	-0.729445	-0.181166	-0.685617	-0.325471	1.973768	0.632490	0.210570	-0.451445	0.604510	0.892996	-0.896292	-0.119948	0.469863	-0.581210	1.587154	0.551391	0.097299	1.066818	1.389403	1.397951	0.946083	0.825919	1.276724	1.117461	-0.068366	2.013607	0.913903	-0.064270	-1.581308	0.214033	0.395145	0.658586	0.253465	0.898284	1.224435	-1.804383	-1.459161	-0.151864	-0.889303	-1.147519	1.410680	1.509993	1.847523
0.521021	-0.666752	1.299997	-0.139139	0.073483	-1.183554	1.329112	1.451214	-0.054028	1.738311	0.865532	-0.106773	-0.235902	0.932269	-0.846559	-0.588937	1.563566	0.420472	0.329836	0.380758	1.177781	1.245259	-1.092409	0.999802	0.627995	0.773991	0.664884	0.401633	0.493330	1.190772	1.371824	1.688144	-0.081147	-0.217670	1.177781	1.467795	-0.939768	-0.400943	0.378660	0.458757	-0.164335	-0.326647	0.005650	-1.119929	-0.295326	-0.251223	1.633966	-0.438105	-0.770740	0.588013	0.524546	-0.266853	-0.157987	-0.014766	1.890876
-0.879552	-0.436778	0.890722	0.272177	1.483474	1.176565	0.977108	0.216375	-0.598331	1.871411	-0.561790	-1.129103	0.189115	1.672071	-0.586794	-0.390772	0.791285	-0.107022	0.904033	1.474976	0.558771	0.089063	-1.099785	1.195552	-0.638290	1.863939	-0.832109	-0.704578	0.182999	-0.158747	0.326907	1.634045	-1.710388	0.121529	1.330527	0.996653	-0.520469	-2.149350	0.011635	0.695239	1.802583	0.190098	0.149131	-1.479833	-0.244670	-0.494278	1.341862	0.335145	-0.698995	0.443144	0.596373	0.256464	-0.848587	-0.463019	0.005948
-2.474606	0.862063	-0.877073	-0.204532	1.848173	2.925911	0.428821	-0.644135	-0.115501	0.941030	-1.407296	-2.022221	0.191655	1.355013	-0.183424	0.125737	0.458124	-0.264718	1.397568	1.889246	-0.857179	-1.466170	-0.891273	0.567696	-2.388360	1.599252	-1.716288	-1.803837	-0.588776	-1.603579	-0.542737	1.510827	-2.490174	1.540617	1.485854	0.503016	0.815979	-1.756253	0.126698	0.399597	2.821880	1.260365	0.683011	-0.244517	0.282710	0.103421	0.988888	-0.099322	-1.006436	-0.674156	-0.700554	0.218602	-0.295999	0.225535	-2.080644
-2.383322	1.612931	-2.083502	-0.356997	0.992241	2.398639	-0.232176	-0.288579	0.211840	-0.196020	-1.019862	-1.938335	-0.176359	0.372049	0.027136	0.174491	0.428750	-0.107119	1.038456	1.266130	-1.614166	-1.883393	-0.771648	-0.215531	-2.826511	0.299053	-1.625922	-1.707614	-0.928380	-1.660831	-0.414329	1.234251	-1.575972	2.083353	1.159719	0.264702	1.645694	-0.200054	0.205674	-0.377750	2.407958	1.556970	0.818250	0.766261	0.374436	0.478714	0.688078	-0.959426	-0.626787	-1.351705	-1.649629	0.175364	0.489309	0.512054	-2.281544
-0.466749	0.822871	-1.550383	0.464756	-0.128795	0.284477	-1.015879	0.485816	-0.380870	-0.569399	0.178755	-0.797956	-0.573350	-0.263012	-0.130089	-0.672634	-0.072840	-0.410150	-0.294641	0.071838	-1.097595	-1.157056	-1.136264	-0.564591	-1.387636	-0.715697	-1.163217	-0.551401	-0.553701	-0.520312	0.176564	0.488794	0.265567	0.704985	0.386064	-0.157129	1.222999	0.670785	-0.353704	-1.303077	1.254421	0.507657	0.032513	0.229677	-0.419517	-0.060465	0.124686	-1.197030	0.843346	-0.394451	-0.962130	0.661057	0.518988	-0.365454	-0.515605
1.419337	-0.621593	-0.322160	1.261332	-0.432831	-1.218770	-1.761925	0.722964	-1.145663	-0.153666	1.197052	0.401942	-0.601328	0.085948	-0.486883	-1.762313	-1.252265	-1.403168	-1.697608	-0.800518	-0.240488	-0.663763	-1.831938	-0.387819	0.583183	-0.553999	-0.972460	0.306818	-0.108681	0.295354	0.138065	-0.630315	1.468251	-1.213053	-0.432213	-0.898080	0.389440	0.374534	-1.233053	-1.873970	0.439436	-0.985181	-1.179357	-0.969276	-1.308375	-1.027860	-0.643105	-0.716531	2.426475	1.477901	0.737668	1.455002	-0.142863	-1.303781	1.191765
1.520865	-1.163824	0.053578	0.947579	0.256299	-0.884912	-2.011471	0.589281	-1.002573	0.227632	1.333169	0.559688	-0.116830	1.084767	-0.641031	-1.966784	-2.258386	-2.159485	-2.017479	-0.744727	-0.165905	-1.190835	-2.114726	-0.014336	1.325155	0.454049	-1.083153	-0.027092	-0.143031	-0.084731	-0.666361	-1.461685	1.275176	-1.484084	-1.037966	-1.317469	0.388378	-0.149587	-1.464279	-1.744442	0.494794	-1.565483	-1.730192	-1.222842	-1.196848	-1.372222	-1.029639	-0.196310	2.817772	2.449220	1.875013	1.877845	-0.716524	-0.999053	1.217784
-0.064880	-0.496633	-0.282679	0.049522	1.037705	0.378711	-1.367713	0.606598	-0.152188	-0.068894	0.676588	-0.352285	0.548033	1.751637	-0.363285	-0.941286	-2.071356	-1.676605	-1.032022	0.021907	-0.732977	-1.883497	-1.467953	0.219516	0.456718	1.244210	-1.103070	-0.905448	-0.315742	-0.859642	-1.172577	-1.403410	0.277800	0.197632	-1.276781	-0.852617	1.174937	-0.138848	-0.735995	-1.044734	0.982656	-0.870643	-1.106946	-0.465017	-0.095022	-0.617556	-0.616206	-0.035311	1.801329	1.830689	1.700503	1.601009	-0.619373	0.222502	0.213505
-1.762476	0.397423	-0.066557	-0.123120	0.885361	0.859372	-0.106344	0.603498	0.269648	-0.777449	-0.066840	-1.231905	0.772147	1.413926	0.111693	0.459308	-0.699974	-0.242812	0.273999	0.579622	-0.894358	-1.465382	-0.267118	0.294518	-0.826776	1.027277	-0.667751	-0.976975	0.081002	-0.687375	-0.448646	-0.569113	-0.421296	1.970070	-0.929333	0.133506	1.573965	0.217112	0.115442	-0.264861	0.961982	0.293577	0.132454	0.170136	0.981678	0.705516	0.314871	0.063807	0.362916	0.644626	0.691951	0.919938	0.096407	1.008839	-0.114083
-2.101990	0.728790	0.933730	0.502910	-0.180367	-0.002590	0.808499	0.302750	-0.117930	-1.051474	-0.223463	-0.991281	0.199643	0.382941	0.328770	1.058599	0.733881	0.790518	0.657891	0.139687	-0.153481	0.052896	0.592309	0.392609	-1.054558	-0.099957	0.283287	0.179971	1.062350	0.649046	1.094780	0.289356	-0.248317	2.132311	-0.098372	0.765723	1.009202	0.454533	0.189048	0.242951	0.031011	0.961608	1.020872	0.283176	1.313699	1.572685	1.030317	0.481042	-0.347708	0.104794	-0.277739	0.373723	0.889060	0.876335	0.577255
-0.837113	0.595729	1.570641	0.686068	-1.112049	-1.280731	0.658354	0.199270	-0.458479	-0.430815	0.289713	0.311849	-0.881831	-0.404081	0.175591	0.546560	1.149518	0.576720	-0.175404	-1.122765	0.870167	1.428529	0.644620	0.511025	0.138108	-1.272020	1.331182	1.566836	1.774070	2.045300	2.099012	0.515799	0.526109	0.994094	0.559263	0.675383	0.286758	0.525148	-0.304873	0.555016	-1.167052	0.837710	1.074989	0.415820	1.044993	1.350884	0.989522	1.042131	0.013717	0.349191	-0.647788	0.282127	1.153908	0.604363	1.068749
1.017850	0.371443	1.096473	-0.213261	-1.103340	-1.814259	-0.121142	0.853670	0.033906	0.625484	0.993687	1.547904	-1.737702	-0.441547	0.025164	-0.248212	0.629406	-0.280457	-1.282313	-2.156473	1.278582	1.719916	0.271856	0.413101	1.736146	-1.577472	1.773825	1.916672	1.467612	2.340821	1.750084	0.197308	1.198175	0.121353	0.551960	0.284062	0.355927	0.656254	-0.350814	0.937835	-1.655637	0.301693	0.543199	0.655273	0.607499	0.375510	0.288314	1.231795	0.769968	0.770440	-0.371261	0.503936	0.758196	0.903772	0.578985
2.002030	0.230134	0.212115	-1.286865	-0.491479	-1.344847	-0.331138	1.761840	1.001607	1.197351	1.380336	1.692329	-1.757388	-0.194314	0.184480	-0.261141	0.254343	-0.486949	-1.400397	-2.063033	0.898813	1.222591	0.191499	0.093055	2.370507	-0.880990	1.408535	1.125680	0.481700	1.505807	0.634651	0.054648	1.308982	0.325541	0.258571	0.229543	0.921584	0.962276	0.536320	1.416833	-1.243973	-0.018761	0.075673	0.492816	0.293185	-0.290738	-0.353294	0.904590	0.791355	0.836048	0.069409	0.498143	0.255713	1.517155	-0.168041
1.344547	0.301028	-0.030184	-1.445713	-0.175006	-0.529661	0.545701	1.874514	1.477292	0.788413	1.325738	0.817717	-0.936065	-0.432769	0.383267	0.616762	0.791244	0.426401	-0.279893	-1.012215	0.338476	0.828861	0.598284	0.048165	1.701581	0.033258	0.982321	0.284674	-0.039629	0.584054	0.033561	0.611575	1.019937	0.975868	0.335352	0.756219	0.932200	1.338034	1.628104	1.648435	-0.688469	0.228981	0.175149	0.044592	0.341443	0.091497	-0.141983	0.518195	-0.416282	0.308407	-0.014588	-0.147001	0.297201	1.767512	-0.184276
-0.377926	0.588602	0.379732	-0.909482	-0.429609	-0.204145	1.587814	1.062783	1.004472	-0.280431	1.004436	-0.115321	0.075069	-1.146768	0.108452	1.315592	1.706397	1.535419	0.918475	-0.045328	0.258347	0.885086	0.857847	0.744012	0.702260	0.278977	1.327931	0.277703	0.507907	0.572297	0.492773	1.493838	0.832830	1.123663	0.626577	1.545682	0.188782	1.514824	1.726642	1.223697	-0.734063	0.708196	0.698619	0.011321	0.730237	1.036546	0.965709	0.581948	-1.960814	-0.731405	-0.746763	-1.036364	0.740148	1.383866	0.343077
-1.700067	0.687709	0.651151	-0.622890	-0.657707	-0.623309	1.448297	0.285654	-0.066161	-1.185537	0.616874	-0.312754	0.497708	-1.419770	-0.596470	0.740788	1.733892	1.540882	0.831133	0.050790	0.745303	0.969281	0.191932	1.859723	0.433142	-0.165458	2.126720	0.723494	1.446950	1.392696	1.300292	1.750790	0.954154	0.701731	0.350377	1.953321	-0.328529	1.213781	0.517381	0.147385	-1.233307	0.644406	0.923337	0.276957	0.876472	1.287512	2.017944	1.013897	-2.215611	-1.700123	-1.294624	-1.126657	0.706520	0.555261	0.474890
-1.547947	0.216497	0.349636	-0.698834	-0.248676	-1.172423	0.014666	0.284233	-1.020626	-1.231408	0.307786	0.118558	0.207175	-0.539859	-1.053448	-0.834134	0.434624	0.308834	-0.418611	-0.416754	1.311388	0.645592	-1.221460	2.413744	0.750269	-0.467422	2.158046	0.606666	1.680182	1.986223	1.431928	0.965070	1.009390	0.330797	-0.651795	1.522127	0.040537	0.429871	-0.901686	-0.951555	-1.371721	-0.182811	0.397972	-0.060054	0.254629	0.368380	1.943892	1.190744	-0.585182	-1.806051	-0.679528	0.038334	-0.262180	-0.375851	-0.102741
-0.189553	-0.444501	-0.295630	-0.376792	0.604347	-0.893395	-1.357108	0.696657	-1.253839	-0.401541	0.138179	0.404847	-0.110757	0.949703	-0.842414	-1.862063	-1.149256	-0.845052	-1.167202	-0.455740	1.354333	0.109959	-2.073947	1.755985	0.604597	0.036383	0.872487	-0.336767	0.977194	1.424736	0.761244	-0.185762	0.408068	0.234846	-1.541275	0.435739	0.492370	-0.496697	-1.018882	-1.219185	-0.689678	-0.934203	-0.380175	-0.934464	-0.671588	-0.703108	0.714783	0.636083	1.588184	-0.948829	0.942963	1.484217	-1.461970	-1.017170	-0.799965
1.085450	-0.537837	-0.953927	0.571793	1.091433	0.423248	-1.384426	0.631188	-0.648886	0.555808	-0.053379	-0.030823	0.190929	1.675525	-0.401920	-1.256077	-1.634451	-0.617078	-0.186877	0.393213	0.664106	-0.039489	-1.250736	0.263019	-0.445096	1.010460	-0.854208	-1.348596	-0.002228	-0.105557	0.048420	-0.685106	-0.991199	-0.122945	-1.560231	-0.582685	-0.212516	-1.247381	0.424261	-0.371680	0.305159	-0.674493	-0.555222	-1.026016	-0.892066	-0.693402	-0.612088	-0.410075	2.330756	-0.027524	2.198945	1.771987	-1.810060	-1.098646	-1.058340
1.303296	-0.107111	-1.375945	1.370470	0.736866	1.777118	-0.252853	-0.235901	0.211909	0.780922	-0.573138	-0.895768	0.891378	1.014429	-0.327388	0.292228	-0.836441	0.754354	1.699711	1.491897	-0.323175	0.471340	0.739472	-1.004140	-1.526103	1.507943	-1.735715	-1.623695	-0.663454	-1.438931	-0.122725	-0.316289	-2.486749	-1.116867	-0.921942	-0.901155	-1.815779	-1.768347	1.990165	0.924600	0.670923	0.339789	-0.071610	0.151511	-0.283156	0.185980	-1.019268	-1.135553	1.190210	0.058196	1.934760	0.787339	-1.141935	-0.826309	-0.972866
0.794800	0.001719	-1.130503	1.427162	-0.005118	1.950975	0.812250	-1.320209	0.485720	0.194706	-1.374364	-1.197512	1.269761	-0.130901	-0.325805	1.180537	0.189639	1.807829	2.560225	1.878599	-0.765098	1.263776	2.137541	-1.223565	-1.473931	1.113463	-1.364703	-1.031377	-0.869319	-1.513690	0.042634	0.236468	-2.839699	-2.059355	-0.304395	-0.476179	-2.497079	-1.918864	2.078869	1.623380	0.119004	0.922273	0.310064	1.206535	0.225854	0.599629	-0.453024	-0.899416	-0.398831	-0.497384	0.501671	-0.081730	-0.272080	-0.748843	-0.898932
0.688336	-0.515844	0.055816	1.129636	-0.283949	0.884173	1.032860	-1.731965	-0.015932	-0.453041	-1.764817	-0.234695	1.089260	-0.513806	0.435700	0.836633	0.484195	1.585519	1.643162	1.322935	-0.186202	1.674061	1.826367	-0.455826	-0.181214	0.407899	-0.266799	0.082831	-0.583543	-0.340305	0.052795	0.311635	-1.301367	-1.813010	0.068706	0.222805	-1.093321	-1.253789	0.680615	1.257554	-0.661020	0.441249	0.127253	0.810555	0.070204	-0.033027	0.344939	0.110061	-0.961506	-0.738999	-0.688524	0.184274	0.126827	-0.983281	-0.853933
1.431459	-0.933985	1.536896	0.975205	0.067892	-0.351251	0.669874	-1.144454	-0.590486	-0.538875	-1.024087	1.486947	0.694890	-0.192063	1.834512	0.133517	0.095057	0.536031	0.037726	0.349420	0.850891	1.330102	0.419091	0.448357	1.401724	0.188140	0.827599	1.220960	0.129002	1.015011	-0.203910	-0.064498	1.390099	-0.338443	0.385039	0.615437	1.206802	0.280959	-0.826440	0.241089	-0.861932	-0.557846	-0.285173	-0.424864	-0.249872	-0.822915	0.596703	0.989188	-0.601983	-0.256425	-0.748738	0.810942	0.174251	-0.923630	-0.558358
2.178585	-0.673505	2.038196	0.679158	0.325097	-0.842049	0.302251	-0.155363	-0.517401	-0.250738	0.596690	2.518450	0.283461	-0.306487	2.409422	-0.073097	-0.343351	-0.326284	-0.840886	-0.481169	1.146189	0.395594	-0.655379	0.616532	2.332608	0.508894	1.379879	1.787449	0.733398	1.375388	-0.540207	-0.455509	3.270799	0.970289	0.628951	0.371005	2.092488	1.689185	-1.354136	-0.671296	-0.474937	-1.206965	-0.488194	-1.014261	-0.184213	-0.780564	0.051243	1.001584	-0.402756	0.344027	-0.096412	0.327543	0.258810	-0.135257	0.062742
1.905869	-0.123355	1.110714	-0.132912	-0.087288	-0.571697	0.110053	0.260762	0.133300	-0.073355	1.857025	1.893600	-0.244193	-1.251885	1.060877	0.006801	-0.445635	-0.590853	-0.662514	-0.861341	0.231166	-0.590346	-0.677548	-0.014011	2.340958	0.778747	1.148696	1.465308	0.617417	0.502083	-0.863063	-0.583223	2.905027	0.868746	0.579167	-0.369405	0.868745	1.752663	-0.943641	-1.016868	-0.066940	-1.152557	-0.476486	-0.622189	0.042513	-0.110099	-0.857672	0.326238	-0.731843	0.380711	0.338010	-1.229982	0.407614	0.766469	0.651104
0.792763	0.167399	-0.154161	-0.888718	-0.709542	0.077822	0.037036	-0.214571	0.785252	0.044737	1.766519	0.220461	-0.670973	-1.958723	-1.256716	-0.167846	-0.244341	-0.509516	0.023000	-0.538860	-0.895314	-1.063712	-0.021187	-0.687101	1.629226	0.631208	0.452271	0.786598	0.025573	-0.678633	-1.109324	-0.417688	0.937137	-0.231578	0.308391	-1.040330	-0.807320	0.571898	-0.124196	-0.808896	0.123883	-0.459388	-0.319854	0.024643	0.100102	0.339290	-1.300702	-0.236327	-0.931662	0.064254	0.235403	-2.134417	0.461612	0.732894	0.789258
-0.053437	0.331546	-0.317937	-0.623635	-0.656190	0.850044	0.210117	-0.884661	1.110986	0.507943	0.637441	-0.921179	-0.439776	-1.413910	-2.268653	-0.409502	0.155398	-0.329990	0.660359	0.504145	-0.849535	-0.800915	0.546590	-0.738151	0.555192	0.285784	0.082606	0.720831	-0.141789	-0.981795	-1.011024	0.036494	-0.530806	-0.843954	0.191070	-1.106398	-1.052279	-0.447573	0.705737	-0.377500	0.367090	0.631917	0.100281	0.482675	0.236273	0.325640	-0.773175	-0.268485	-0.623693	0.138787	-0.064776	-1.215036	0.521197	-0.279875	0.530825
-0.135474	0.654118	0.676880	0.527670	0.090355	1.406358	0.759792	-0.902794	1.170266	1.211983	-0.370139	-0.685922	0.445283	-0.146182	-0.884057	-0.147268	0.707016	-0.049098	0.967354	1.592661	0.380812	-0.136305	0.572551	-0.316382	-0.407002	-0.011337	0.417867	1.320170	0.260299	-0.239392	-0.395211	0.708491	-0.260636	-0.266081	0.381941	-0.561837	0.112560	-0.338090	1.126367	-0.063429	0.719659	1.565446	0.640933	0.759802	0.644343	0.270784	0.350029	-0.142244	-0.461402	0.702595	-0.366080	0.477584	0.820960	-1.091929	0.368245
-0.115658	0.882470	1.399748	1.173140	0.595713	1.241538	1.329999	-0.292645	1.023160	1.452556	-0.599589	0.209165	1.075195	0.512634	1.496208	0.523218	1.241865	0.286698	0.815077	1.709039	1.307664	0.221031	0.148249	-0.017819	-0.826715	-0.475366	0.794039	1.377659	0.224626	0.460403	0.324844	1.265779	0.839906	0.689463	0.627103	0.136127	1.142659	0.360441	0.721691	0.089207	0.721149	1.649353	0.715443	0.699429	0.792524	0.345267	1.158367	-0.326171	-1.122422	0.868362	-0.953366	0.874203	1.235941	-0.720636	0.592210
-0.589506	0.694013	0.669807	0.307343	0.261022	0.310127	1.217684	0.237846	0.587969	0.857918	-0.423426	0.474813	0.693304	0.197848	2.451540	0.853824	1.433052	0.429292	0.297598	0.664592	0.789583	-0.186989	-0.257699	-0.057277	-0.695988	-1.334182	0.310792	0.029265	-0.853200	0.053180	0.427482	1.258961	1.037687	0.802080	0.632159	0.597051	0.906392	0.539274	-0.344694	0.291274	0.159464	0.781836	0.036892	0.214311	0.139185	0.155431	1.125831	-0.653983	-2.066400	-0.101816	-1.941126	-0.586232	1.220883	0.394184	0.890613
-0.998109	0.300109	-0.899476	-1.292836	-0.339377	-0.609050	0.185183	0.322623	-0.130303	0.040122	-0.444230	-0.194873	-0.252245	-0.199349	1.166923	0.444830	1.034885	0.131494	-0.278048	-0.482369	-0.482626	-1.062504	-0.290188	-0.169268	-0.434228	-2.083944	-0.882317	-1.774890	-1.966965	-1.146240	-0.242428	0.576937	-0.028492	-0.177068	0.360243	0.710366	-0.318363	-0.098642	-1.286285	0.532617	-0.261567	-0.325577	-0.823041	-0.268490	-0.899614	-0.595309	0.466312	-0.622666	-1.961245	-1.511174	-2.579002	-2.270893	0.387892	0.907488	0.809093
-0.435617	-0.030854	-1.534997	-1.808861	-0.222808	-0.675477	-1.134738	0.271350	-0.883169	0.014336	-0.653317	-0.868527	-0.674548	0.154648	-0.726713	-0.360006	0.081662	-0.670737	-0.765996	-0.614072	-0.887183	-1.664950	-0.149206	-0.203270	-0.339185	-1.769315	-1.724526	-2.224964	-1.713042	-1.822720	-1.051607	-0.381583	-1.047976	-1.360138	-0.068117	0.364483	-1.457629	-0.981554	-1.582546	0.356672	0.389084	-0.933792	-1.108065	-0.413581	-1.426019	-1.551486	-0.369714	-0.229391	-0.297288	-1.613819	-1.740425	-2.236593	-0.910018	0.157136	0.437864
0.767326	-0.529776	-0.530677	-0.533163	0.673361	0.011483	-1.857285	0.383202	-1.276831	1.007968	-0.653077	-0.644576	-0.296589	1.022215	-1.069088	-1.074578	-1.088738	-1.760154	-1.319075	0.090440	-0.033023	-1.662501	-0.339933	-0.363531	-0.275088	-0.246161	-1.611951	-0.956127	-0.306228	-1.360037	-1.340399	-1.044903	-0.861800	-1.660348	-0.532053	-0.557604	-1.698462	-1.472641	-1.502058	-0.543146	1.909578	-0.979044	-0.838665	-0.551075	-1.229303	-1.978207	-1.113304	-0.074294	1.857007	0.364827	0.606545	-0.401469	-1.707102	-1.041130	0.274359
1.131167	-1.312453	0.739101	1.169900	1.311451	0.552680	-1.673447	0.461683	-1.000853	2.035389	-0.358383	0.197512	0.085841	1.441337	0.327240	-1.478871	-1.879340	-2.493032	-1.883915	0.452300	0.723726	-1.366833	-0.877371	-0.749164	-0.105367	1.258328	-0.965923	0.442134	0.597465	-0.538521	-1.039640	-1.091392	0.072630	-0.801540	-0.856665	-1.652803	-1.033298	-1.273082	-1.410458	-1.601104	2.797869	-0.766807	-0.585289	-0.899593	-0.794690	-1.433328	-1.482569	-0.537624	2.833702	2.906307	2.776586	1.413426	-1.270426	-1.270602	0.454050
-0.058494	-1.666286	0.522090	1.402149	0.751711	0.334931	-0.899983	0.214170	-0.097010	1.831286	-0.037168	0.603059	-0.170650	0.814937	1.536083	-1.357522	-1.691533	-2.030492	-1.882693	-0.176945	0.128370	-1.026795	-1.069401	-1.009357	-0.092363	1.349344	-0.379277	0.461734	0.094340	-0.285126	-0.417518	-0.602717	0.417046	0.467919	-0.763934	-1.956696	-0.140502	-0.400735	-1.007374	-1.723463	1.775397	-0.374761	-0.487874	-0.845184	-0.361837	-0.151127	-1.114190	-1.163731	1.978942	3.551570	2.877772	1.557237	0.135303	-0.103263	0.545109
-1.581750	-0.844020	-1.010924	-0.029516	-0.700050	-0.355215	0.000262	-0.253294	0.897251	0.235655	0.193376	0.127261	-0.698640	-0.422072	0.918967	-0.484523	-0.519450	-0.254455	-0.878331	-1.179281	-1.273906	-0.363846	-0.383273	-0.736358	-0.452873	0.113075	0.100102	-0.483536	-0.840320	-0.351282	0.345542	0.011924	-0.243661	1.135988	-0.107128	-0.977295	0.278805	0.733251	0.161230	-0.547247	-0.678607	0.213745	-0.140111	0.077000	0.246767	1.084053	-0.106468	-1.141247	0.265310	1.641120	0.974131	0.373156	1.392518	1.369718	0.208753
-1.651777	0.574469	-1.965822	-1.437002	-1.763547	-0.832176	0.644591	-0.602184	1.225082	-1.536654	0.437302	-0.546073	-0.794607	-1.239283	-0.897547	0.796997	0.733598	1.632094	0.577457	-1.532888	-1.869870	0.787363	0.700202	-0.075398	-0.777583	-0.944908	0.555584	-0.832676	-0.791129	0.129920	1.041233	0.255123	-0.964402	0.910621	0.778175	0.455254	0.198982	1.400654	1.596887	0.934439	-2.636854	0.639637	0.521845	1.018547	0.856234	1.472595	0.716782	-0.328063	-0.704390	-0.930758	-0.915747	-0.397934	1.519821	1.720879	-0.319134
-0.195178	1.063707	-1.196279	-1.330382	-1.566283	-0.815061	0.726413	-0.691366	0.565955	-2.146383	0.578717	-0.597810	-0.461923	-1.112661	-1.905084	1.479809	0.975736	2.063150	1.297531	-1.003883	-1.076853	1.732123	1.110554	0.345606	-0.489750	-0.711897	0.681748	-0.086670	0.180052	1.078813	1.228423	-0.087148	-0.830797	0.332898	1.160988	0.965213	0.171167	1.144882	1.987423	1.333205	-2.645066	0.398289	0.867321	0.749180	0.816130	0.849195	0.596659	0.500691	-0.327039	-1.954855	-1.175019	0.080910	0.553523	0.740883	-0.599266
1.001680	0.158841	0.260258	-0.134688	-0.520801	-0.540109	0.236162	-0.620959	-0.533580	-1.478539	0.276393	-0.152936	-0.256055	-0.492355	-1.216510	0.930660	0.142541	0.861107	0.796672	-0.249495	0.017562	1.485456	0.484232	0.167436	0.179417	0.246433	0.209658	0.615349	0.752182	1.334206	0.613284	-0.709970	-0.168589	-0.030208	0.641967	0.259879	0.446122	0.309753	0.815526	0.426094	-1.148759	-0.376334	0.451164	-0.445091	0.017887	-0.099238	-0.216676	0.572050	0.491004	-1.250088	-0.272434	0.767373	-0.533531	-0.444380	-0.529408
0.603655	-0.765232	0.643433	0.530611	0.252718	-0.272885	-0.325979	-0.485589	-1.048061	-0.531926	-0.376345	0.031011	-0.337402	-0.096066	0.048815	-0.154967	-0.652118	-0.473838	-0.114029	0.052521	0.187962	0.154161	-0.317317	-0.236153	0.351108	0.570812	-0.437601	0.260015	0.266402	0.337602	-0.364343	-1.001885	0.058389	-0.147106	-0.250661	-0.545970	0.563326	-0.263691	-0.657029	-0.553830	0.147086	-0.808988	-0.200584	-0.927963	-0.588276	-0.435566	-0.728082	0.055431	0.570362	-0.270416	0.284412	0.428071	-0.792697	-0.716468	-0.278084
-0.578669	-0.355226	-0.199055	-0.026070	0.162839	-0.037307	-0.318274	-0.282229	-0.480914	-0.131371	-0.671720	-0.291116	-0.309460	-0.079699	0.419813	-0.405052	-0.427496	-0.514609	-0.318113	-0.101766	-0.404310	-0.851754	-0.216950	-0.265479	-0.214828	-0.021754	-0.506523	-0.542616	-0.386710	-0.788094	-0.731559	-0.611314	-0.345682	-0.175087	-0.546415	-0.406168	0.114179	-0.100410	-0.716436	-0.377459	0.199594	-0.282722	-0.193410	0.001982	-0.128955	0.071225	-0.402590	-0.226308	-0.056350	0.017597	0.021052	-0.498433	-0.198191	-0.090895	0.041158
-0.848453	0.790321	-0.714372	-0.776070	-0.361120	0.198486	0.354059	-0.046735	0.545118	-0.121906	-0.240231	-0.562867	0.009023	-0.130416	-0.135826	0.569851	0.518629	0.510081	0.334546	-0.199671	-0.631432	-0.382049	0.770333	0.077960	-0.710302	-0.401415	0.043057	-0.514310	-0.082091	-0.583595	-0.042714	0.148336	-0.694697	-0.010879	0.034214	0.337711	-0.473299	0.489564	0.620903	0.695159	-0.402681	0.730465	0.571903	1.032518	0.915569	0.754954	0.256030	0.087491	-0.325908	-0.066245	-0.204816	-0.657295	0.446122	0.527943	0.303658
0.010534	1.080705	0.159144	-0.416046	-0.482279	0.401619	1.095096	0.054221	0.925133	0.112707	0.201896	-0.276382	0.297922	-0.029039	-0.495543	1.704281	1.110935	1.302691	1.088660	0.140960	0.051023	1.035063	1.616339	0.257844	-0.535176	0.281759	0.387648	0.343904	0.971645	0.687039	0.977816	0.532012	-0.600819	0.458248	0.799161	0.554320	-0.462692	0.848755	1.578206	1.326739	-0.440924	1.240981	1.362166	0.724434	1.341571	0.958288	0.443510	0.535945	0.274413	-0.084326	0.275815	0.057014	0.480521	0.418141	0.178695
0.696118	0.330191	1.490999	0.921527	0.127392	0.564415	1.159263	-0.129783	0.312898	0.665805	-0.225945	0.422100	0.363935	0.215379	0.037605	1.821040	0.811421	1.187411	1.278860	0.722263	1.027754	1.824819	1.563727	0.076531	-0.235570	1.185925	-0.011646	0.773606	1.538125	1.308233	1.208975	0.097912	-0.448340	0.951613	1.000296	-0.050234	0.074175	0.636872	0.909425	0.870709	0.333700	0.916286	1.570607	-0.358894	0.893704	0.783105	0.040877	0.672690	0.964166	-0.351846	0.925839	0.350601	0.052231	-0.283577	-0.568664
0.499065	-0.210672	1.552521	1.833113	0.959897	0.580720	0.203824	-0.494341	-0.573326	0.908412	-1.079996	1.119142	0.413525	0.525346	0.983566	0.873371	-0.070184	0.504193	0.719933	0.850437	1.386852	1.215026	0.802120	-0.061256	-0.524619	0.697362	-0.587336	0.174449	0.886548	0.492106	0.439926	-0.837083	-0.503825	1.023448	0.596864	-0.591096	0.295434	-0.041551	-0.663210	0.045344	0.963751	0.147399	1.108997	-0.558275	0.348943	0.553756	-0.433533	0.684370	0.834439	-1.122742	0.804646	-0.351105	-0.326573	-0.846093	-1.552615
0.159817	-0.114005	0.066128	1.319229	1.157682	0.090793	-1.482113	-0.706780	-0.955553	0.256904	-0.922429	1.623840	0.477098	0.702088	1.340048	-0.394184	-1.088931	-0.348842	-0.575709	-0.029173	0.884445	-0.076493	-0.162862	0.043016	-0.972885	-1.388282	-0.490917	-0.575525	-0.541324	-0.574749	-0.485747	-1.539179	-0.368385	0.538514	-0.011697	-0.381001	-0.224282	-0.942068	-1.676635	-0.322664	0.556025	-0.830225	-0.001379	0.259375	-0.012274	-0.022655	-0.636273	0.798079	0.176255	-1.645216	-0.062921	-0.906484	-0.558448	-0.750547	-1.903605
0.380647	-0.430179	-1.476529	-0.132237	0.363007	-1.037426	-2.960576	-0.564383	-0.890399	-0.990979	0.681471	1.806865	0.228583	0.435542	0.635414	-1.352895	-1.962224	-1.276560	-2.223756	-1.534659	-0.000818	-0.918400	-1.098249	-0.085164	-0.596674	-3.279026	0.094325	-0.573315	-1.810418	-0.541323	-0.780676	-1.523726	0.242923	-0.294410	-0.539641	0.059543	-0.890269	-1.740050	-1.699251	-0.430985	-0.608485	-2.042454	-1.604499	0.445482	-0.829739	-1.345352	-0.688035	0.596210	-0.020876	-0.924830	-0.680729	-0.256131	-0.897136	-0.215008	-1.150595
0.703853	-1.609702	-1.743220	-1.219082	-0.847948	-2.061322	-3.090369	-0.236690	-0.879965	-1.742533	2.316539	1.394032	-0.288993	-0.251179	-0.584303	-1.629409	-2.226230	-1.854066	-3.088627	-2.345073	-0.642499	-0.965086	-1.694618	-0.750686	0.527565	-3.090750	0.181538	-0.235228	-2.302645	0.177741	-0.530067	-0.795656	0.836669	-1.121940	-0.869874	-0.135328	-0.882335	-1.835617	-1.216815	-0.796398	-1.433187	-2.952163	-2.883180	-0.826102	-2.178864	-2.722438	-0.648852	-0.382650	0.400715	0.706321	-0.434365	0.771435	-1.286562	0.067159	0.165156
0.447506	-2.287295	-1.106942	-1.318398	-1.447776	-1.868733	-1.571059	-0.033996	-0.958199	-1.203930	2.326961	0.324984	-0.420732	-0.741552	-1.180827	-0.993269	-1.425423	-1.352494	-2.099392	-1.486212	-0.784616	-0.678439	-1.360594	-1.250842	1.193046	-0.998102	-0.523192	-0.511267	-1.929381	0.144863	-0.339577	0.295522	0.801070	-1.507620	-0.954933	-0.773171	-0.189710	-0.707244	-0.490813	-1.050455	-1.273563	-2.519435	-2.730671	-2.081444	-2.799735	-2.695222	-0.258399	-1.572349	0.543638	1.590964	0.081404	0.562667	-1.296207	-0.318604	0.962683
-0.208377	-1.201215	-0.858521	-1.012533	-0.955694	-0.389158	0.435989	-0.029359	-0.686484	0.124431	0.706034	-0.925852	0.118984	-0.468357	-0.511323	0.237639	0.050329	0.115986	0.197146	0.358345	-0.674228	-0.610706	-0.011752	-0.654053	0.681924	0.962666	-1.119517	-1.362841	-1.069213	-0.964570	-0.582174	1.134385	0.253941	-1.137489	-0.939803	-0.827622	0.460095	1.156635	0.508331	-0.382668	-0.523975	-0.633715	-1.098588	-1.546373	-1.687030	-0.911284	0.476813	-1.703303	-0.177878	0.646236	-0.089259	-0.838751	-0.790762	-1.038978	0.715853
-0.774657	0.700534	-1.313085	-1.080386	0.119087	1.087938	1.272054	-0.051279	0.024419	0.833477	-1.124900	-1.746302	0.581857	0.239162	0.829140	1.085389	0.950242	1.189135	1.746060	1.383946	-0.754485	-0.902278	1.366325	0.707924	-0.322712	1.192675	-0.787224	-1.816297	-0.366952	-1.964918	-1.152589	1.005949	-0.275280	-0.235733	-1.081571	-0.003195	0.564004	2.179839	1.335780	0.976363	0.078675	1.227745	0.614485	0.310749	0.264784	1.097593	0.852964	-0.384994	-1.147577	-1.174937	-0.914614	-1.615583	-0.216401	-1.283843	-0.048229
-1.335092	1.409313	-1.405059	-1.324872	0.888025	1.407763	0.576798	0.044714	0.640311	0.164519	-1.982474	-1.972100	0.173289	0.455999	1.559117	0.879551	0.517032	0.712885	1.273719	0.750048	-1.115569	-1.251890	1.641750	1.362673	-0.741330	0.172993	0.080418	-1.294360	-0.172542	-1.812527	-1.632042	-0.258146	-0.600671	0.482203	-1.306216	0.722238	0.400538	1.260364	1.232668	1.669482	0.359876	1.568250	1.061949	1.458086	1.270340	1.635663	0.206933	1.221548	-1.364960	-1.817268	-1.370807	-0.606176	0.015173	-0.516298	-0.385625
-2.074903	0.624325	-0.251149	-0.874822	0.980865	0.885591	-0.278041	0.253465	0.745725	-1.074096	-1.783172	-1.828696	-0.645696	-0.088852	1.031660	0.148766	-0.457882	-0.681708	-0.103764	-0.378190	-1.269291	-1.186743	0.875289	0.569866	-0.449651	-0.395007	0.534048	-0.229618	-0.087359	-0.797216	-1.496341	-1.700747	-0.805481	0.538186	-1.137057	0.470106	0.509400	-0.750590	0.237286	0.909051	0.619261	0.738004	0.488840	1.108509	0.992270	0.886777	-0.992304	1.681619	-0.732939	-0.464834	-0.761283	1.122295	0.114801	0.976106	0.030423
-2.467998	-0.011028	1.493384	0.411257	0.686278	0.637502	0.172179	0.477789	0.638423	-1.451393	-1.051738	-1.477801	-0.630395	-0.582983	-0.224652	-0.023007	-0.479364	-1.160941	-0.285896	-0.297374	-0.655680	-0.466142	0.173567	-0.606826	-0.178369	0.314748	0.418212	0.597002	0.550050	0.133514	-0.459280	-1.823387	-0.773431	0.199052	-0.323308	-0.224135	0.821001	-1.826902	-0.536980	-0.399167	0.899082	0.402567	0.243024	0.485413	0.757509	0.491287	-1.384210	0.887298	-0.090247	1.491869	0.414096	1.605331	0.549640	2.239468	0.626801
-1.844681	0.577623	2.333726	1.483631	0.379317	0.967653	1.748235	0.568493	0.844213	-0.572315	-0.286958	-0.941679	0.514455	-0.267222	-1.233481	0.596594	0.848332	0.127877	1.165262	1.107800	0.604134	0.668460	0.265689	-0.620400	-0.381894	1.508681	0.396443	0.822776	1.650225	0.591742	1.096416	-0.145133	-0.379905	0.049525	0.719096	-0.106301	0.641264	-1.037331	-0.103747	-0.727495	0.859160	1.278576	0.973752	0.676787	1.414689	1.266421	-0.297468	-0.020415	-0.105722	2.050205	1.111203	0.351671	1.246462	2.436232	0.672496
-0.565317	1.489741	1.745306	1.372671	0.143153	1.143746	2.938071	0.445563	1.321912	0.630891	0.164638	-0.368763	1.600129	0.446868	-1.479626	1.189345	2.369396	2.019774	2.616331	2.305773	1.670751	1.666166	0.763771	0.586966	-0.722441	1.997256	0.815579	0.600627	2.305701	0.853794	2.204828	2.061945	0.050430	0.249889	1.358494	1.039922	-0.360982	0.600800	1.260098	0.220277	0.419331	2.308795	1.944104	1.100384	2.141705	2.236543	1.308712	-0.128887	-0.561701	0.860745	0.944865	-1.184700	1.575463	1.580612	0.158562
0.219158	1.422918	0.700747	0.434855	-0.036572	0.660210	2.713446	0.343163	1.545079	1.167631	0.191966	-0.020999	1.385000	0.556139	-1.048934	1.036727	2.765537	2.675482	2.497447	2.041597	1.815259	2.076019	0.896094	1.589433	-0.639422	1.567783	1.251588	0.338987	1.944248	1.120939	2.159060	3.004190	0.046164	0.480509	1.396845	2.043353	-1.430735	1.579320	2.347804	1.251984	0.037361	2.268163	2.144614	0.791973	1.874625	2.159543	1.896749	0.314937	-0.804608	-0.497582	0.418623	-1.358299	1.179216	0.489769	-0.190531
0.045328	0.530343	0.337995	-0.183144	-0.063425	-0.071394	1.477643	0.694879	1.194631	0.997076	0.093742	0.044971	0.039411	-0.058880	-0.275977	0.258486	1.904678	1.533013	0.987933	0.667931	1.164440	1.758561	0.430926	1.345042	-0.025999	0.889931	1.252231	0.403157	1.093446	1.231805	1.252869	2.244074	-0.307693	0.461237	0.997107	1.853782	-1.418143	1.445441	2.216770	1.182492	0.079366	1.294606	1.451278	0.094384	0.936694	1.176814	1.170088	0.494377	-0.556698	-0.427590	0.135494	-0.051878	0.426839	-0.098470	0.243451
-0.311801	-0.136800	0.645013	-0.014792	0.080439	-0.477910	0.232566	1.445524	0.375295	0.624010	0.320922	0.032417	-1.140693	-0.443872	0.475135	-0.667003	0.623712	-0.363252	-0.598367	-0.542474	0.497872	0.842870	-0.371135	0.397170	0.739294	0.482604	0.908358	0.788373	0.628738	1.084376	0.454302	0.970937	-0.455432	0.168069	0.260500	0.814124	-0.196532	0.624880	0.865860	0.110879	0.265110	0.317516	0.428539	-0.057322	0.375844	0.310312	0.351268	0.136991	-0.050815	0.936430	0.179786	1.492811	-0.159135	-0.317306	1.214700
0.001528	-0.277046	0.759627	0.383777	0.173014	-0.559132	-0.550918	1.723984	-0.693597	0.239974	0.867589	0.063015	-1.187353	0.031808	0.884920	-1.461666	-0.353003	-1.630037	-1.322906	-0.811447	0.345029	-0.317383	-1.241711	-0.004269	1.147379	0.273355	0.461756	1.051584	0.624424	0.884086	0.340905	0.448375	-0.154403	-0.381296	-0.666630	0.089091	1.091257	-0.480660	-0.899568	-0.885009	0.143922	-0.297512	-0.458551	0.179171	0.301225	-0.102992	0.563039	-0.256667	0.413332	2.042454	0.287688	2.154689	-0.557591	-0.835444	1.731228
0.744507	-0.389327	0.200292	0.426164	0.051013	-0.487215	-0.952333	0.785631	-1.718724	-0.262237	1.188922	-0.014514	-0.318000	0.758745	0.837062	-1.848797	-0.864797	-1.721375	-1.107739	-0.287901	0.412284	-1.197533	-1.906004	0.512357	0.879044	0.084755	-0.124825	0.768176	0.457294	0.782570	0.572000	0.675299	0.287872	-1.090051	-1.223210	0.204458	1.443915	-1.530333	-1.980885	-0.971993	-0.090462	-0.765718	-0.987422	-0.108465	-0.074770	-0.577428	1.417972	-0.150649	0.732604	1.687758	0.284225	1.862404	-0.957641	-1.691898	0.993963
0.979698	-0.540823	-0.614266	0.208487	-0.050734	-0.082773	-1.015606	-0.743255	-2.125070	-0.689265	0.865937	-0.334209	0.508609	0.805263	0.499877	-1.416496	-0.965715	-1.009230	-0.327788	0.448426	0.018058	-1.381158	-1.916874	1.184727	0.055957	0.041317	-0.841938	0.039640	-0.122809	0.560673	0.454055	0.767225	0.603598	-1.465218	-0.768407	0.623239	1.181136	-1.866863	-1.724878	-0.273772	0.198048	-0.987600	-0.929972	-0.855272	-0.924175	-1.258387	1.617171	0.390841	0.898598	0.209477	0.209225	1.237319	-1.117085	-1.924634	-0.686218
0.376850	-0.159445	-0.949136	0.121494	0.242479	0.729059	-0.686357	-1.243459	-1.373536	-0.553695	0.091955	-0.665748	0.600208	0.287458	0.099869	-0.228984	-0.674128	-0.192593	0.472864	0.845666	-0.918653	-0.919335	-1.057925	1.228840	-0.716243	0.267994	-1.265144	-0.604980	-0.585673	-0.043397	-0.184306	0.233051	0.899650	-0.861684	0.534449	0.636308	1.209307	-0.985996	-0.568739	0.426955	1.045044	-0.528847	-0.254430	-0.939063	-1.341578	-1.470374	0.672921	0.872728	0.921435	-0.999068	0.184810	0.771531	-0.593767	-0.768737	-1.991864
-0.355436	0.828452	-0.532265	0.227163	0.828476	1.318092	-0.180854	-0.025244	0.293261	0.212037	-0.629323	-0.578625	0.052451	0.177199	-0.347148	0.776069	-0.161035	0.213469	0.710337	0.568698	-1.569480	-0.310407	0.096663	0.654537	-0.804920	0.487714	-0.995430	-0.747836	-0.397814	-0.812968	-0.825060	-0.577210	1.207559	0.657552	1.576707	0.154966	1.512372	0.575648	0.237652	0.430405	1.589292	0.489561	0.502191	0.017620	-0.658311	-0.769056	-0.572121	0.912528	0.874954	-0.932571	0.272463	0.435924	0.425840	1.100524	-1.829021
-0.393816	1.460521	0.270266	0.292784	1.050857	0.877715	0.062907	1.630170	1.766707	0.944157	-0.986247	0.014500	-0.572881	0.891996	-0.926573	0.619051	0.168565	0.087382	0.148258	-0.292732	-1.129871	-0.024639	0.492480	-0.127535	-0.209972	0.275015	-0.347230	-0.398006	0.179052	-1.167556	-0.882931	-1.156499	1.131628	2.056862	1.374490	-0.525339	1.223849	1.443708	-0.106637	-0.387254	1.096175	1.148113	0.549961	0.848161	0.450449	0.195536	-1.191863	0.427030	0.816488	0.140309	0.406108	-0.124630	1.095899	2.138851	-0.440521
0.200753	0.789251	0.861732	0.219031	0.435229	-0.472795	-0.104334	1.818853	2.024701	0.914462	-0.897507	0.655693	-0.880894	1.714895	-1.491140	-0.520465	0.037758	-0.296862	-0.785070	-1.150831	0.084559	-0.086485	-0.302704	-0.992213	0.387155	-0.341176	-0.159245	0.133824	0.357536	-0.845148	-0.352353	-1.447108	0.337217	2.268103	0.154807	-1.290147	0.147260	0.796603	-1.073651	-1.540852	-0.083039	0.678634	-0.313263	0.353480	0.667778	0.385592	-1.296728	-0.517565	0.647139	1.117489	0.438026	-1.030974	0.895100	1.697692	0.912917
0.663313	-0.842284	0.906864	0.163286	-0.638171	-1.613467	-0.355935	0.184093	1.074730	0.150089	-0.356832	0.823576	-0.845739	1.720308	-1.665472	-1.371359	-0.352625	-0.458181	-1.321400	-1.335212	0.883915	-0.163155	-1.482044	-1.972692	0.357951	-0.830140	-0.795689	0.530861	-0.216819	-0.245104	0.210491	-1.556763	-0.789413	1.246348	-0.870604	-2.087905	-0.763141	-0.683801	-1.406015	-2.240204	-0.920971	-0.601422	-1.394797	-1.024843	-0.377149	-0.302338	-1.499395	-1.700138	0.228238	1.189892	0.265759	-1.757456	0.272577	0.660906	1.322306
0.517935	-1.992615	0.503690	0.264356	-1.267873	-1.611819	-0.322163	-1.695737	-0.188372	-0.625047	0.445686	0.528333	-0.552202	0.804334	-1.280713	-0.960332	-0.521367	-0.085830	-1.080786	-0.726176	0.586806	-0.003595	-1.716985	-2.710183	-0.204619	-0.790508	-1.599803	0.658725	-1.030907	0.030468	0.298665	-1.266248	-1.374050	-0.098672	-0.816323	-2.453249	-0.803808	-1.493597	-0.482853	-1.890057	-0.877571	-1.553316	-1.763300	-1.686970	-1.647959	-0.917454	-1.746576	-2.600507	-0.336667	0.443551	-0.093953	-1.552473	0.070641	0.222172	0.969329
0.034469	-1.596194	-0.006782	0.400966	-1.042890	-0.704293	-0.020399	-2.086844	-0.920390	-0.781704	0.989489	0.247067	-0.060502	-0.377620	-0.647517	0.303039	-0.241311	0.619271	-0.381159	0.114828	-0.250004	0.267356	-0.539174	-2.566132	-0.668143	-0.402368	-1.581402	0.545067	-1.272245	-0.165652	-0.036868	-0.297727	-1.017974	-0.846773	-0.011618	-1.759466	-0.597625	-0.865086	1.069367	-0.575149	-0.317894	-1.352363	-1.112936	-0.830375	-1.863473	-0.662277	-1.379689	-2.616082	-0.709889	-0.481242	-0.524468	-0.489850	0.513459	0.519182	0.518621
-0.299053	0.008057	-0.380250	0.244654	-0.480548	0.095955	0.270512	-0.919732	-0.906395	-0.339114	0.768205	0.280258	0.413926	-1.163952	-0.224991	1.104301	0.271209	1.044895	0.196223	0.509209	-0.664371	0.284452	1.104714	-1.366037	-0.623636	-0.124570	-0.544686	0.262283	-0.671167	-0.456532	-0.304955	1.026093	-0.259658	-0.743446	0.532025	-0.120684	-1.103735	0.567790	2.021516	0.884579	0.100577	-0.208148	0.078842	0.715722	-0.815047	0.216093	-0.243383	-1.649298	-0.719254	-1.074795	-0.870310	0.257158	1.046217	0.781037	0.228669
-0.370618	1.569036	-0.674205	-0.475621	-0.371810	0.161576	0.419811	0.378486	-0.344600	0.197957	-0.132183	0.384185	0.456631	-1.392108	-0.071713	0.696932	0.707998	0.798640	0.409521	0.264906	-0.478519	-0.111826	1.790840	0.281907	-0.277940	-0.128241	0.754649	-0.047833	0.299377	-0.410380	-0.110539	1.891587	0.112090	-0.106501	0.357848	1.422856	-2.038155	1.641572	1.686591	1.557303	0.067693	0.985028	1.103441	1.717184	0.612372	0.919384	0.953379	-0.338630	-0.645276	-1.288331	-1.034805	-0.320503	1.121776	0.520163	-0.083658
-0.305731	2.137513	-1.072690	-1.620084	-0.870067	-0.253211	0.543335	0.659472	0.476134	0.367257	-0.977833	0.168598	-0.183012	-1.347644	0.181833	-0.347358	1.007946	0.222731	0.416629	-0.323953	-0.286574	-0.558527	1.060962	1.527072	-0.025021	-0.210389	1.566640	-0.063303	0.946938	0.079352	0.472465	1.886791	0.033430	0.572979	-0.037042	1.944869	-2.099373	1.848553	0.511077	1.227079	-0.360000	1.488081	1.558132	1.898668	1.445863	1.083632	1.528582	0.521315	-0.903653	-1.342354	-1.027465	-1.660917	0.810602	0.061211	-0.479679
-0.039117	1.610800	-1.444775	-2.443761	-1.351409	-0.547580	0.717144	0.190510	1.100038	0.147488	-1.041522	-0.278774	-1.191808	-1.357326	0.759496	-0.936761	1.213472	0.020489	0.370752	-0.886744	-0.447270	-0.447012	-0.214390	1.941863	0.167720	-0.158599	1.866070	0.496512	0.966899	0.774392	0.959678	1.396001	0.131796	0.842232	-0.014849	1.542371	-0.716330	1.434655	-0.405864	0.523527	-0.975688	1.174242	1.406550	1.621203	1.363434	0.893656	1.522099	0.749724	-1.402315	-1.307318	-0.850973	-2.040328	0.458099	-0.183437	-0.671601
0.572645	0.445948	-1.277501	-2.059647	-1.109957	-0.421566	0.755476	-0.128888	0.948159	-0.047073	-0.275305	-0.406688	-1.794217	-1.389888	1.307687	-0.703094	1.160385	0.316340	0.220669	-1.183731	-0.585201	0.329821	-0.869758	1.592125	0.646555	-0.014214	1.929990	1.337563	0.566547	1.239913	0.830718	0.929200	0.719891	0.442355	0.388382	0.890871	1.122598	0.701240	-0.434494	0.150112	-1.450271	0.412322	0.793280	0.898633	0.624716	0.477505	1.250171	0.763717	-1.465783	-0.975781	-0.444735	-0.579240	0.050239	-0.428651	-0.391619
1.278955	-0.685317	-0.328001	-0.476493	-0.115688	0.043096	0.375634	-0.134186	-0.088992	0.153970	0.692031	0.113228	-1.413538	-1.079763	1.230504	-0.141024	0.594032	0.431803	-0.048928	-1.038966	-0.212138	1.065166	-0.591890	0.734499	1.369082	0.018956	1.646638	1.581571	0.129340	1.093225	0.004672	0.454069	1.247371	-0.391467	0.662876	0.262743	2.021337	-0.220731	-0.029407	0.139782	-1.400796	-0.305014	-0.020735	-0.351868	-0.305013	-0.259683	0.690508	0.841173	-0.634781	-0.276839	0.076825	1.546567	-0.651009	-1.041331	0.192221
1.515359	-1.105760	0.823436	1.066518	0.941711	0.585857	-0.401950	-0.341214	-1.260442	0.548809	1.132078	0.906982	-0.274808	-0.227432	0.461770	0.272947	-0.362900	-0.161718	-0.211939	-0.393398	0.544616	0.993922	0.052996	-0.288005	1.711246	-0.151238	0.767924	0.702334	-0.116104	0.371285	-0.937274	-0.276897	1.051902	-0.922998	0.533192	-0.475971	1.698345	-0.983199	-0.086807	0.067281	-0.718109	-0.693052	-0.645867	-1.446507	-0.976597	-1.133368	-0.228523	0.764342	0.601476	0.313615	0.286889	2.309617	-1.446638	-1.663070	0.541096
1.114509	-0.571935	1.292866	1.348693	1.367872	0.900115	-1.049764	-0.764369	-1.599391	0.535736	0.747338	1.250898	0.787486	0.768372	-0.277103	0.615520	-1.071861	-0.944442	0.006862	0.499881	1.121573	0.316189	0.481509	-0.994631	1.210060	-0.323678	-0.350208	-0.678106	-0.129537	-0.366344	-1.175388	-1.041326	0.347285	-0.623471	0.152106	-1.107047	1.014008	-1.045352	-0.718546	-0.139137	0.219026	-0.750976	-0.715868	-1.403645	-1.091962	-1.478874	-1.068249	0.351622	1.178704	0.137229	-0.110578	1.111583	-1.682683	-1.472653	0.209170
0.594456	0.348700	0.888674	0.599186	1.122136	0.814249	-0.875372	-0.672809	-0.953725	-0.077995	-0.205362	0.812594	1.189091	1.103459	-0.169259	1.132701	-0.901873	-0.828234	0.601384	1.140358	1.201137	0.056245	0.689237	-0.990593	0.249120	-0.150759	-0.887212	-1.389897	0.025560	-0.547028	-0.480869	-1.258140	-0.033251	0.106590	-0.230509	-1.011984	0.737896	-0.348402	-0.990143	0.006758	0.814183	-0.541268	-0.185068	-0.341203	-0.659010	-0.810812	-1.189628	-0.040513	0.576077	-0.795138	-0.781440	-0.634304	-1.034906	-0.328623	-0.754407
0.485823	0.714819	0.164450	0.050759	0.652272	0.491207	0.241177	0.227749	-0.038490	-0.733560	-1.090549	-0.065195	1.091573	0.310239	0.755508	1.702736	0.096239	0.470720	1.220509	1.182284	0.912832	0.769429	0.979160	-0.362570	-0.299561	0.431821	-0.522163	-1.059429	0.188506	-0.180897	0.514042	-0.711632	0.216994	0.331497	-0.442560	-0.050798	0.720234	0.430272	-0.126178	0.780810	0.742568	-0.037695	0.534597	0.478461	-0.017197	0.445922	-0.557135	0.056550	-0.638061	-1.635621	-1.080724	-1.271075	0.045803	0.923853	-1.745305
0.643859	0.217577	-0.386976	0.212447	0.245904	0.279698	1.505518	1.097442	0.516937	-0.777121	-1.230745	-0.717152	0.956677	-1.102740	1.547751	1.872282	1.142574	1.916912	1.421567	0.740150	0.504047	1.762607	1.329607	0.343700	-0.037396	1.006168	0.211798	-0.386492	0.184631	0.264961	1.035230	0.198448	0.533390	-0.216814	-0.311394	1.018911	0.348588	0.634760	1.292003	1.582461	0.159753	0.648731	0.854048	0.255235	0.399984	1.239799	0.221655	0.485237	-1.395912	-1.569062	-0.817774	-0.675116	0.854963	1.416682	-1.925468
0.543249	-0.478087	-0.650187	0.415548	-0.143417	0.274317	1.866059	0.965018	0.752699	-0.199601	-0.397306	-0.681248	0.874121	-1.866163	1.326202	1.311789	1.425607	2.211019	1.023279	0.249984	0.135401	1.873019	1.287153	0.643183	0.571882	1.067391	0.663191	-0.083270	0.045512	0.475411	0.945809	0.904884	0.376942	-0.752551	0.207395	1.306372	-0.465883	0.418074	1.851333	1.456275	-0.482345	1.067619	0.557810	-0.374308	0.422571	1.020774	0.650489	0.587792	-1.137972	-0.673486	-0.327904	0.059377	1.122949	1.077926	-0.897461
0.069569	-0.554704	-0.524403	0.115627	-0.496053	0.192855	1.051541	0.002364	0.876481	0.469053	0.850858	0.011057	0.590303	-1.138201	0.256350	0.186072	0.814158	1.154152	0.270514	0.031661	-0.044158	0.798877	0.579921	0.489646	0.763886	0.532987	0.750419	-0.067272	0.008583	0.463060	0.576752	1.084385	-0.023210	-0.457872	0.734476	0.713925	-1.057793	0.423819	1.037544	0.307782	-0.799716	0.789843	0.041113	-0.320790	0.271378	0.338588	0.736802	0.075111	-0.256516	0.230585	0.111275	0.168412	0.981958	0.371078	0.697785
-0.328765	-0.030878	0.068454	-0.256234	-0.556773	-0.211628	-0.251623	-0.734417	0.639786	0.768654	1.549375	0.898420	0.061036	0.451139	-0.607865	-0.853927	-0.158905	-0.258453	-0.392398	0.002784	0.088997	-0.598126	-0.331507	0.137400	0.313826	-0.293008	0.744035	0.103375	0.148372	0.260471	0.072697	0.697999	-0.092705	0.494093	0.618628	-0.105471	-0.814920	0.800207	-0.124104	-0.770587	-0.755127	-0.054548	-0.170096	0.478443	0.252738	0.083805	0.634868	-0.550121	0.351051	0.473721	0.459520	-0.150631	0.512502	-0.322730	1.511322
-0.230943	0.285826	0.758136	-0.061401	-0.181254	-0.752110	-1.217076	-0.609438	-0.293885	0.635614	1.302968	1.454073	-0.323221	1.343820	-0.477449	-1.105521	-0.910306	-0.954831	-0.749534	-0.136142	0.477692	-1.177086	-0.597537	-0.135049	-0.203192	-1.068845	0.710595	0.426394	0.170123	-0.126620	-0.616536	-0.013962	0.265361	1.258200	-0.353284	-0.496184	0.001750	0.952052	-0.406473	-0.653392	-0.588012	-0.880899	-0.111265	1.000795	0.339140	0.322886	0.356831	-0.514336	0.184042	0.166393	0.592621	-0.364966	-0.315590	-0.829377	0.808914
0.279847	-0.160918	0.941458	0.619375	0.433035	-0.918178	-1.567669	0.054905	-1.476051	0.340320	0.738978	1.498410	-0.104990	0.857183	0.307295	-0.414559	-1.250886	-0.732009	-0.913905	-0.422357	0.886629	-0.536621	0.056568	-0.084664	-0.018103	-1.461092	0.476597	0.475607	-0.183002	-0.449826	-1.204521	-0.537777	0.627955	1.360196	-1.499361	-0.307805	0.500279	0.380750	0.149110	0.504838	-0.388857	-1.263469	-0.306124	0.402353	0.236861	0.302083	-0.011635	0.445592	-0.353136	-0.012673	0.386785	-0.202883	-1.278822	-1.037788	-0.634945
0.762792	-0.881598	0.604908	1.221256	1.000871	-0.338151	-1.455505	0.665718	-1.740947	0.275980	0.740894	1.278610	0.763862	0.016606	0.687752	0.613480	-1.292165	-0.175869	-0.973943	-0.461445	1.108403	0.666336	0.909995	0.420456	0.921330	-1.075237	0.017153	0.094227	-0.608346	-0.341321	-1.129441	-0.437245	0.699108	1.005124	-1.777682	0.152445	0.200017	-0.571024	0.549657	1.408827	0.148278	-1.184260	-0.914171	-0.976115	-0.073801	-0.395540	-0.201177	1.815123	-0.383333	0.422738	0.199289	0.354620	-1.813472	-0.936797	-1.326762
0.865719	-0.858768	0.430644	1.386369	1.419225	0.851177	-1.060770	1.039136	-0.478883	0.631601	1.346350	1.098798	1.804080	0.184572	0.111289	1.125827	-1.172661	0.042057	-0.767351	0.110557	1.103874	1.225376	0.967913	1.124829	1.749523	0.178285	-0.418687	-0.332024	-0.480863	0.126839	-0.374869	0.098324	0.641985	0.510802	-0.896536	0.405786	-0.413466	-1.087023	0.283505	1.057294	1.278461	-0.763247	-1.317891	-1.957678	-0.171908	-1.199258	-0.156187	2.663990	0.494565	1.243655	0.692684	1.128428	-1.515541	-0.648022	-0.702402
0.546202	0.107600	0.825604	1.075499	1.651190	2.014395	-0.512686	1.195067	1.401658	1.116448	1.721094	0.897697	2.317450	1.218713	-0.844603	0.844783	-0.975785	-0.270803	-0.186634	1.059571	0.935632	0.399369	0.077316	1.348356	1.551794	1.646453	-0.636416	-0.464862	0.283386	0.317863	0.196117	0.273117	0.687136	-0.068737	0.261502	0.092861	-0.459265	-0.820139	-0.148520	-0.207749	2.520936	-0.107426	-0.875810	-1.798780	0.178329	-1.297508	-0.301399	2.321045	1.752938	1.751374	1.892259	1.629474	-0.640969	-0.225680	0.340611
-0.028653	0.957934	1.213409	0.352598	1.560022	2.455557	0.001240	0.945012	2.226846	1.177247	1.240615	0.327969	1.908968	1.663840	-1.141935	0.313098	-0.764394	-0.761085	0.452625	1.659992	0.641385	-1.321874	-0.820704	0.584069	0.389910	2.292547	-0.720261	-0.580543	0.926775	-0.277229	-0.247978	-0.436954	0.704554	-0.661673	0.514410	-0.748185	0.371074	-0.169681	-0.062024	-1.145946	2.830621	0.550807	0.143253	-0.914183	0.519238	-0.640026	-1.025439	0.920102	2.414809	1.511502	2.798739	1.305194	0.092933	0.429224	0.575060
-0.614146	0.603136	0.691448	-0.547355	1.098616	1.970474	0.247973	0.206092	1.344714	0.670977	0.294007	-0.650226	0.826126	0.776686	-0.399128	0.190927	-0.579370	-0.944546	0.607949	1.418055	0.243040	-2.540938	-0.678313	-0.792838	-0.705082	1.685072	-0.749297	-1.124964	0.697144	-1.325833	-1.392382	-1.463250	0.449433	-0.905447	-0.352708	-1.566572	1.487561	0.318006	0.546553	-0.923059	1.738330	0.888158	0.783091	-0.217740	0.250009	0.156085	-1.919663	-0.631302	1.935863	0.788659	2.353490	0.232575	0.239556	1.236840	-0.197880
-0.892161	-0.670407	-0.670319	-1.082155	0.549717	0.960893	0.092716	-0.439959	-0.155137	0.178275	-0.162396	-1.391447	-0.222049	-0.363700	0.825851	0.393578	-0.437174	-0.728631	0.106114	0.569362	-0.131337	-2.242599	0.440879	-1.671925	-0.783173	0.440210	-0.502411	-1.799022	-0.195278	-1.845254	-1.969020	-1.570727	0.091789	-0.449530	-1.339807	-1.617080	1.950701	0.504799	1.084793	0.149997	0.078994	0.788304	0.523271	0.008434	-0.447824	0.626790	-1.922360	-1.358559	0.686212	0.255480	0.700918	-0.632190	0.049706	1.685060	-1.060204
-0.580332	-1.499310	-1.605174	-0.738711	0.271352	-0.018842	-0.338242	-0.143574	-0.679880	0.382909	0.304489	-1.086343	-0.643461	-0.257374	1.720659	0.221717	-0.337143	-0.459458	-0.590506	-0.183478	-0.255674	-0.746986	1.336183	-1.279097	0.078258	-0.452387	0.204461	-1.688403	-0.823697	-1.166612	-1.135040	-0.310438	0.082110	0.552553	-1.243405	-0.631717	1.337968	0.549328	1.016864	1.054461	-0.808879	0.449322	-0.170110	0.219619	-0.742476	0.775436	-0.483943	-1.040592	-0.365421	0.298380	-0.865663	-0.341920	0.144829	1.299550	-1.071559
0.203666	-1.087999	-1.048335	0.323758	0.175105	-0.740558	-0.667391	1.046644	0.146041	1.146733	1.134773	0.202535	-0.433801	0.918330	1.875484	-0.637724	-0.252155	-0.449503	-0.842121	-0.375747	-0.068195	0.690521	0.983453	-0.035647	0.895775	-0.631570	0.984605	-0.527590	-0.697202	0.356618	0.603197	1.211676	0.401765	1.421028	0.155504	0.768357	0.117745	0.498241	0.274775	1.032564	-0.557870	0.111200	-0.524421	0.689078	-0.284861	0.673613	1.553116	-0.342175	-0.511565	0.625182	-1.289421	0.847326	0.822639	0.364523	-0.235181
0.774663	-0.088377	0.426858	1.167616	-0.238643	-1.298803	-0.604604	1.883699	1.231004	1.476308	1.313151	1.261616	-0.163466	1.393753	1.263504	-1.650963	-0.169476	-0.663285	-0.568547	-0.215055	0.105261	1.101946	-0.332488	0.836793	0.771850	-0.564673	1.127567	0.725046	-0.283878	1.657602	1.955534	1.392302	0.352829	1.420725	1.850919	1.490051	-0.891108	0.184775	-0.808946	0.111293	-0.067976	-0.213625	-0.405328	0.998713	0.262910	0.195413	2.561936	-0.103621	0.095021	0.629487	-0.783285	1.606898	1.683316	-0.270398	0.680203
0.420387	0.333509	1.080792	0.909665	-1.200251	-1.768557	-0.266475	1.188668	1.318308	0.578488	0.275835	0.817851	-0.470193	0.065571	0.024830	-2.113904	-0.122646	-0.883933	-0.337169	-0.304845	-0.223290	0.531920	-1.419180	0.595361	-0.302431	-0.810755	0.460321	1.028437	-0.259538	1.955188	2.154818	-0.037762	-0.604978	0.308760	2.512810	0.984886	-1.394467	-0.469536	-1.764056	-1.089076	-0.290816	-0.610849	-0.280881	0.699057	0.143253	-0.630803	1.773620	-0.540635	0.718952	0.167273	-0.331800	1.082011	1.966215	-0.233076	1.127251
-0.783499	-0.039281	0.014211	-0.324965	-2.306261	-2.030173	0.054279	-0.774462	0.232830	-1.189320	-1.565127	-1.069894	-1.405097	-2.047894	-1.387948	-1.857414	-0.042299	-0.877583	-0.559282	-0.920326	-1.146967	-0.262124	-1.530553	-0.292602	-1.605232	-1.317721	-0.413156	0.566064	-0.585811	1.388138	1.569036	-1.575813	-2.042976	-1.351532	1.724098	-0.145101	-1.714834	-1.133818	-2.184695	-1.849725	-1.142282	-0.920595	-0.364650	0.121316	-0.368199	-1.237497	0.171487	-1.179803	0.818964	-0.219758	-0.477338	-0.117810	1.355344	-0.047839	1.329039
-1.930602	-0.360300	-1.747361	-1.473379	-2.983437	-1.952250	0.355997	-2.549645	-1.140603	-2.600547	-3.079858	-2.951721	-2.280625	-3.022504	-2.172521	-1.111337	0.344277	-0.379663	-0.861711	-1.660753	-2.131582	-0.593378	-1.009326	-0.803209	-2.477915	-1.606771	-0.883489	0.359672	-0.681490	0.657339	1.098505	-1.589831	-2.943456	-2.405236	0.336497	-0.759674	-2.011428	-1.233218	-1.895195	-1.788773	-1.821847	-0.769627	-0.276810	0.019724	-0.278908	-0.922635	-0.541285	-1.479208	0.416294	0.005627	-0.898286	-0.832890	0.394223	-0.319424	1.767411
-2.199472	0.010043	-2.443099	-1.598916	-3.017384	-1.588893	0.821289	-3.058455	-1.785330	-2.720594	-3.387498	-3.414901	-2.367709	-2.203902	-1.864086	-0.152848	1.157579	0.637091	-0.622935	-1.916843	-2.495390	-0.380564	-0.636779	-0.614049	-2.816826	-1.482960	-1.018346	0.832257	-0.354515	0.163212	1.098546	-0.230572	-2.810397	-1.997289	-0.457580	-0.505985	-1.875999	-0.608104	-1.102821	-1.111690	-1.823875	-0.069987	0.256316	0.481891	0.688911	0.238441	0.086602	-1.368224	-0.173753	0.674746	-1.007474	-0.843904	-0.071799	-0.880301	2.375878
-1.671515	0.668454	-1.562969	-0.805344	-2.487182	-1.066986	1.314951	-2.563346	-1.301831	-1.675293	-2.682965	-2.429697	-1.746097	-0.642923	-1.032181	0.671084	1.945043	1.607408	0.082689	-1.552322	-2.126503	-0.080151	-0.661667	-0.425685	-2.856930	-1.239046	-1.221144	1.358740	-0.105852	-0.310945	1.031401	0.747264	-2.072675	-0.447603	-0.253019	-0.234770	-1.006352	0.169379	-0.294715	-0.460260	-1.299953	0.732523	0.821203	0.805644	1.571004	1.262154	0.721657	-1.184984	-0.700985	1.107375	-0.661628	-0.891462	0.217197	-0.978397	2.523173
-1.111457	0.845709	-0.276729	-0.094268	-1.581581	-0.435516	1.442250	-1.982446	-0.030851	-0.405226	-1.888561	-1.184595	-1.187115	0.300681	-0.743487	1.010219	2.038708	1.788982	0.584603	-0.956395	-1.569451	-0.102970	-0.637705	-0.912528	-2.688822	-1.124779	-1.445120	1.215035	-0.372853	-0.998192	0.301495	0.191988	-1.391062	0.981576	0.494520	-0.753444	0.066962	0.446134	0.197024	-0.304117	-0.670719	1.098463	0.852352	0.575720	1.369143	1.319141	0.029092	-1.194267	-1.046116	0.848594	-0.273495	-1.424616	0.805052	-0.128796	1.787728
-1.052166	0.434639	0.098789	-0.290471	-0.685450	0.175659	1.154916	-1.652846	1.196425	0.171422	-1.466455	-0.706122	-1.113543	0.177484	-1.185896	0.880598	1.413721	1.183340	0.581274	-0.512434	-1.302557	-0.295070	-0.125379	-1.645688	-2.124864	-0.906273	-1.159515	0.442869	-0.817027	-1.500309	-0.736318	-0.974583	-0.948330	1.301491	1.192735	-1.489099	0.415795	0.304014	0.458049	-0.456295	-0.229942	0.927171	0.469840	0.176734	0.346101	0.660079	-1.426681	-1.228675	-1.139871	0.055157	-0.298305	-1.951424	1.117637	1.254680	0.539124
-1.274825	-0.053984	-0.319293	-1.066339	-0.189900	0.488636	0.891264	-1.161032	1.550846	-0.122894	-1.001349	-0.834079	-0.980491	-0.552638	-1.307862	0.720645	0.780752	0.598393	0.513419	-0.183376	-1.085997	-0.147351	0.691952	-1.480049	-1.056332	-0.150793	-0.151027	-0.409978	-0.674765	-1.155337	-1.044396	-1.016847	-0.574870	0.606348	1.508660	-1.089026	-0.133155	0.366686	0.715737	-0.322200	-0.037430	0.544027	0.339238	-0.003445	-0.314892	0.225472	-1.804700	-0.833388	-0.972773	-0.721755	-0.608299	-1.728190	0.915324	2.012414	-0.398036
-1.162620	-0.154013	-0.296800	-1.223274	0.080143	0.521025	0.989517	-0.188439	0.888556	-0.637744	-0.075996	-0.632856	0.050782	-1.066908	-0.134942	0.941689	0.682184	0.652071	0.934156	0.393106	-0.280182	0.456556	1.273370	0.017357	0.163925	1.128078	1.003867	-1.029415	0.307797	-0.044822	-0.258608	0.303115	-0.184840	-0.263632	1.246964	0.707533	-0.643888	0.931048	1.012272	0.442224	0.042540	0.376487	0.833551	-0.077726	0.132889	0.595296	-0.387585	0.220629	-0.673133	-1.067755	-0.543993	-0.695204	0.303245	1.314316	-0.642959
-0.388888	0.346611	0.720985	-0.154830	0.798804	0.811983	1.224341	0.985576	-0.016279	-0.577636	0.989119	0.333112	1.922912	-0.672311	1.855472	1.530037	0.848752	1.087508	1.833983	1.435756	1.198225	0.976780	1.435642	1.967680	0.931355	2.251452	1.551740	-1.447356	1.555711	0.878421	0.720011	1.519045	0.266873	-0.540433	0.361836	2.584340	-0.098276	1.639921	1.303775	1.638904	0.187076	0.683478	1.664622	0.016582	1.357177	1.534429	1.521347	1.619213	-0.455977	-1.118823	0.212242	0.465543	-0.399870	-0.258581	-0.661725
0.764302	1.389107	1.718506	1.224986	2.113408	1.645071	1.025235	1.843562	-0.301471	0.108768	1.581525	1.404966	3.426986	0.630479	3.050606	1.998864	0.620428	1.174875	2.588407	2.564295	2.510235	0.859264	1.425596	3.120219	1.073346	2.375428	1.439590	-1.575021	2.229066	0.896183	0.782043	1.479752	0.964770	-0.068201	-0.837740	3.196360	1.315979	1.873516	1.565496	2.692825	0.418130	1.251796	2.190755	0.754082	2.373886	2.257743	2.281986	2.719086	-0.404443	-1.354444	1.027237	1.036180	-0.889886	-1.193248	-1.124743
1.597432	2.303941	1.391251	1.462301	3.072887	2.259066	0.055417	2.067978	-0.112445	0.627905	1.526966	1.603502	3.288664	1.839291	2.356665	1.654760	-0.253102	0.487299	2.395453	2.875609	2.642691	0.207782	1.295549	2.980862	1.042539	1.286237	1.175365	-1.135319	1.877494	0.298597	-0.136550	0.638610	1.857660	0.579689	-1.812891	2.473586	2.239788	1.201152	1.566903	2.912005	0.613941	1.295188	1.812264	1.878688	2.221148	1.929546	1.659327	2.989673	-0.377098	-1.814561	0.966505	0.885680	-1.185110	-0.891073	-1.969853
1.487542	1.962141	-0.084819	0.359458	2.595483	1.589896	-1.370037	1.566381	-0.395230	0.267429	1.026126	0.788407	1.499735	1.710011	0.313244	0.247532	-1.362835	-0.742692	0.958225	1.770061	1.432832	-0.399239	0.707323	1.854415	1.206361	-0.265844	0.891738	-0.249147	0.609438	-0.261183	-1.206346	0.060104	2.255804	0.545706	-2.212415	1.139911	1.638801	-0.273704	0.925200	1.873885	0.706452	0.154577	0.321279	1.911244	0.543735	0.296699	0.493359	2.258100	-0.257593	-1.785900	-0.036438	0.440651	-1.570139	-0.412210	-2.396949
0.460887	0.029058	-1.182999	-0.751272	0.867285	-0.171305	-2.362874	0.515116	-1.452367	-0.694253	0.256442	-0.179297	-0.557325	0.212933	-1.475252	-1.447584	-2.002905	-1.748351	-1.009105	-0.191522	-0.226794	-0.585278	-0.415442	0.282980	1.269315	-1.133297	0.124641	0.347713	-1.006055	-0.683063	-1.755638	-0.018985	1.460468	-0.369475	-2.045296	-0.275619	0.043168	-1.711178	-0.270441	-0.056371	0.731139	-1.662529	-1.706396	-0.100942	-1.904515	-1.818321	-0.581219	0.770316	-0.197725	-0.705460	-1.056020	0.148241	-2.068084	-0.878767	-1.833182
-0.586003	-2.152157	-0.820219	-0.594074	-0.675265	-1.518031	-2.147552	-0.456396	-2.267950	-1.209290	-0.557703	-0.355058	-1.410641	-1.088807	-1.854850	-2.136395	-1.722252	-1.747513	-2.177306	-1.550698	-1.123798	-0.417074	-1.461200	-1.141942	0.811343	-0.811696	-1.225989	0.153347	-2.072458	-1.150315	-1.703299	-0.053608	-0.082011	-1.266572	-1.517655	-1.435565	-1.057202	-2.049501	-1.231166	-1.741709	0.692316	-2.636162	-3.011173	-2.786115	-3.482239	-2.948243	-1.380401	-0.816872	-0.380220	0.800405	-1.206262	0.064342	-2.190671	-1.790946	-0.596213
-0.538123	-2.714635	0.549292	0.681546	-0.839366	-1.387994	-0.871859	-0.586209	-1.697377	-0.578604	-0.948684	0.413693	-0.862271	-0.611163	-0.972547	-1.441347	-0.706283	-0.682952	-1.849510	-1.350534	-0.681454	-0.086913	-1.736116	-1.793867	0.130281	0.092253	-2.234771	-0.239349	-1.825644	-1.334316	-1.164322	-0.178807	-0.912323	-1.060674	-0.836519	-1.851628	-0.939493	-1.147672	-1.288132	-2.212754	0.545615	-1.852183	-2.665170	-3.569538	-3.017586	-2.322799	-1.620903	-1.719202	-0.590698	1.432173	-0.461861	-0.013836	-1.453947	-1.749403	0.534726
0.708468	-1.363258	1.634531	1.843661	0.073168	-0.393035	0.396433	0.157451	0.049723	0.789449	-0.545297	1.459327	0.019695	1.333351	0.184184	-0.430735	0.319527	0.531276	-0.711722	-0.175271	0.563775	0.320747	-1.269504	-1.465145	-0.066863	0.498416	-1.846537	0.232656	-0.441462	-0.657343	-0.205817	-0.091342	-0.267404	0.208645	-0.078692	-1.318799	-0.286054	-0.103909	-0.718511	-1.589047	0.306754	-0.140056	-1.104888	-1.658448	-1.079128	-0.689847	-1.007456	-1.634497	-0.370914	0.856258	0.491796	-0.166081	0.005820	-0.448520	1.098194
1.835269	0.291141	1.576448	1.838229	0.615478	0.058696	0.708332	0.831511	1.625574	1.749611	0.374373	1.882045	0.109752	2.635576	0.734123	-0.308627	0.713534	0.820665	-0.063929	0.445520	1.302030	0.692966	-0.677113	-0.763221	0.234710	-0.070618	-0.295141	1.544302	0.775358	0.672067	0.918247	0.227949	0.821681	1.384797	0.826173	-0.452736	-0.064627	-0.006422	-0.359375	-0.802132	0.016146	0.865549	0.212908	0.967238	0.514267	0.460979	0.114121	-1.059918	0.294919	0.153424	0.858029	-0.255539	1.510500	0.989351	1.087471
1.418982	0.658723	0.486450	0.563503	-0.247506	-0.555925	0.205502	0.558045	2.052952	1.502265	0.966768	1.210022	-0.778188	1.655128	0.385127	-0.966084	0.513431	0.069616	-0.391576	-0.324672	0.553945	0.796441	-0.383999	-0.530683	0.261992	-1.068281	0.978971	2.359941	0.618636	1.632867	1.724524	0.371109	0.756313	1.493701	1.853562	-0.108125	-0.357780	-0.665246	-0.557195	-0.478139	-0.355810	0.598314	0.365892	1.844229	0.595396	0.393605	0.859171	-0.743094	0.798930	0.321457	0.262866	-0.121303	2.400201	1.563484	0.652648
-0.282304	-0.046513	-0.746754	-1.162822	-1.952650	-1.448487	-0.155462	-0.309080	1.558818	0.372261	0.662558	-0.157856	-1.951552	-0.831223	-0.526680	-1.376357	0.311569	-0.833635	-0.985476	-1.764040	-1.236564	0.514564	-0.335809	-0.766246	-0.291478	-1.470824	1.014077	1.801353	-0.463190	1.663899	1.938930	0.214603	-0.534194	0.678628	2.625312	-0.272896	-0.604324	-1.045370	-0.899974	-0.431524	-0.760569	0.011963	-0.094301	0.736966	-0.233209	-0.342321	0.821443	-0.805304	0.687209	0.957244	-0.839079	0.298939	2.430755	1.398696	0.096213
-1.383848	-0.276871	-1.057095	-2.172234	-2.770550	-1.544885	0.193888	-0.476658	0.982014	-0.465209	-0.127183	-1.075131	-2.541972	-2.318450	-1.173958	-1.144046	0.509631	-1.093240	-0.959683	-2.418654	-2.369852	0.055573	-0.409219	-0.574022	-0.559138	-0.705194	0.461815	0.822834	-0.630512	1.387036	1.766831	0.239140	-1.433709	-0.155371	2.622093	-0.106969	-0.520604	-0.686141	-0.935882	-0.274287	-0.893620	0.193311	0.008178	-0.378800	-0.517790	-0.727242	0.574331	-0.691524	0.349386	0.964924	-1.297120	0.940803	1.822589	1.081757	-0.019090
-0.525774	0.788671	-0.079088	-1.799803	-1.587685	-0.637747	0.779046	0.701642	0.749676	-0.196021	-0.403106	-0.624317	-2.117930	-1.277946	-0.819888	-0.919834	0.823933	-0.802688	-0.318083	-1.636151	-1.561806	-0.246043	-0.696560	0.569803	0.349050	0.804791	0.580971	0.988945	1.077140	1.622967	1.518657	0.779963	-0.689641	-0.337285	1.713241	0.787761	-0.300613	-0.132276	-0.756853	-0.110507	-0.468998	0.979527	0.890346	0.139400	0.267653	-0.381162	0.815383	-0.051928	0.523766	0.128651	-0.327505	1.520604	1.018640	0.742995	0.660834
1.425170	2.044971	1.334174	-0.421378	0.737012	0.432942	0.726845	2.182233	0.524716	0.638358	0.174940	0.758390	-0.904752	1.137731	0.289674	-1.195371	0.618729	-0.523002	0.189194	-0.125536	0.540036	-0.282795	-1.196962	1.860999	1.817828	1.906748	1.325465	2.111445	3.146844	2.072430	1.122198	1.251051	0.975100	-0.054045	0.313493	1.614239	-0.139582	-0.044134	-0.729223	-0.327459	0.288813	1.182612	1.464067	1.539074	1.136049	0.130306	1.267606	0.679566	1.219251	-0.683424	1.408150	1.586111	0.243699	0.134327	1.583108
2.322843	1.616540	1.783799	0.943474	2.092711	0.644664	-0.163321	2.138106	-0.268599	0.644722	0.744483	1.494940	0.422321	2.373018	0.915185	-1.407990	-0.332471	-0.444469	0.075684	0.922461	1.910084	-0.205792	-1.497552	1.921345	2.136800	1.685814	1.194668	2.176964	3.020226	1.607001	0.279471	0.641846	1.720032	-0.099684	-0.980542	1.245990	-0.010749	-0.402514	-0.901928	-0.897470	0.728561	0.023539	0.654719	1.545844	0.788420	-0.007942	0.925289	0.823779	1.598211	-0.717395	2.256852	0.928298	-0.663835	-0.789428	1.577089
1.242525	-0.788449	0.782421	1.557473	1.378883	-0.133492	-1.210185	0.088976	-1.582675	-0.697768	0.364680	0.629418	1.235242	1.301134	0.229801	-0.773227	-1.507952	-0.321304	-0.366631	1.014336	1.370291	-0.164396	-1.145429	0.465448	0.620860	0.349163	-0.639014	0.060055	0.191004	-0.104460	-0.903060	-1.097743	0.790314	-0.888298	-1.751860	-0.327732	0.138060	-0.711775	-0.948506	-1.287823	0.495712	-1.876112	-1.205720	-0.702920	-0.797354	-0.881955	-0.524693	0.323195	1.062864	-0.146188	1.391385	-0.074697	-1.751480	-1.654079	0.223984
-0.500715	-3.097145	-0.630264	1.383355	-0.246130	-0.960836	-1.601089	-2.151916	-2.467798	-2.118358	-0.557028	-0.873555	1.336503	-0.629247	-0.968706	0.379974	-2.052235	-0.053686	-0.579749	0.574184	-0.100239	-0.155805	-0.318657	-1.173515	-1.264841	-0.885770	-2.680290	-2.531073	-2.787102	-1.800732	-1.715734	-2.557649	-0.631621	-1.718846	-1.830247	-1.765715	0.274719	-0.643320	-0.642913	-1.100121	-0.032822	-2.969127	-2.544144	-3.185373	-2.186047	-1.628595	-1.954270	-0.226822	0.087895	0.348463	-0.166515	-0.729533	-2.416342	-1.895645	-1.360712
-0.966979	-2.887712	-0.992921	0.757773	-0.745253	-0.796913	-1.096780	-2.202042	-1.901482	-1.834559	-0.672158	-1.177576	0.917635	-1.191809	-1.086375	0.874928	-1.491258	0.113757	-0.392229	0.238660	-0.615074	-0.114473	0.284196	-1.399996	-1.422257	-0.910931	-2.515748	-2.791682	-2.880183	-1.863468	-1.472127	-2.161668	-0.858591	-1.411134	-1.255301	-1.691969	0.376817	-0.259383	-0.118652	-0.464359	-0.208999	-2.179698	-2.064207	-3.075241	-1.934070	-1.299066	-1.879083	-0.287391	-0.345305	0.362226	-0.717084	-0.646698	-1.844175	-1.170996	-1.608489
0.160676	-0.104589	-0.081522	-0.028436	0.353861	0.389819	-0.032404	0.150456	0.015512	0.298634	0.422261	0.121614	0.267965	0.029234	0.227042	0.331619	-0.100991	0.041093	0.011273	0.190187	0.305289	-0.027934	0.370125	-0.100659	0.405276	0.220405	0.152022	-0.314204	0.061104	-0.212582	-0.288552	0.051979	0.350619	0.181383	-0.275297	-0.142497	0.463257	0.241016	0.416637	0.302283	0.110693	0.136814	0.001594	-0.114474	-0.107646	0.085402	-0.216994	0.120250	0.009255	-0.001353	0.099645	-0.011833	-0.096731	0.294760	-0.335475
