X1	X2	X3	X4	X5	X6	X7	X8	X9	X10	X11	X12	X13	X14	X15	X16	X17	X18	X19	X20	X21	X22	X23	X24	X25	X26	X27	X28	X29	X30	X31	X32	X33	X34	X35	X36	X37	X38	X39	X40	X41	X42	X43	X44	X45	X46	X47	X48	X49	X50	X51	X52	X53	X54	X55
-0.164840	0.050830	-0.030900	-0.066011	0.039940	-0.022967	0.020046	-0.147114	-0.027713	-0.001410	-0.241866	-0.096029	0.010810	0.019908	-0.014952	0.008478	0.007968	0.079685	-0.021870	-0.139657	-0.143431	0.006915	0.036595	-0.010870	0.090431	0.087292	-0.039862	-0.030383	-0.076156	-0.179975	-0.139003	0.031800	-0.215408	0.060234	-0.063361	0.028609	-0.101595	0.218860	0.063652	0.050023	0.000523	-0.050825	0.027248	0.050232	0.010412	-0.024608	-0.000544	-0.014830	-0.061836	0.021679	0.028825	0.090579	0.130337	0.243718	-0.016990
-0.278025	-0.992153	-0.433128	0.042924	-0.550855	-0.479472	-0.465117	-0.895336	-1.001575	-0.533827	-0.170258	-0.260265	-0.556911	-0.266648	-0.263897	-0.006218	-0.686203	-0.170253	-0.759605	-0.623379	-0.262335	0.041807	-0.245692	-0.212945	-0.590180	-0.401685	-0.605778	-0.605140	-0.749569	-0.749961	-0.312596	-0.178071	-0.557270	-0.611368	0.227663	-0.366891	-0.254029	-0.527979	-0.346460	-0.115856	-0.824321	-0.611606	-0.714818	-0.495055	-0.433927	-0.464868	-0.285487	0.202464	-0.508569	-0.575005	-0.657852	-0.562661	-0.110768	-0.661486	-0.265844
-0.007550	-0.446351	-0.091538	0.361013	-0.310821	-0.179086	-0.177873	-0.131143	-0.217652	-0.106041	0.155623	0.047414	-0.238247	0.018306	0.035618	0.179925	-0.299399	0.049049	-0.426622	-0.091917	0.011372	0.257537	-0.115737	0.203847	-0.234982	-0.266024	-0.303436	-0.131889	-0.304319	-0.006450	0.109069	0.082970	-0.079684	-0.125337	0.052491	-0.068706	-0.033933	-0.159888	-0.136029	0.014233	-0.418395	-0.287380	-0.262561	-0.223730	-0.412526	-0.175220	0.119299	0.006534	-0.136429	-0.243449	-0.104753	-0.419488	-0.162663	-0.163908	-0.170586
0.640717	1.117082	0.582158	0.851353	0.574761	0.704659	0.512402	1.722060	1.653732	0.901642	0.709110	0.826953	0.738673	0.869539	0.712129	0.518788	0.714458	0.508213	0.750465	1.135330	0.678648	0.540125	0.301243	0.988442	0.828120	0.245644	0.648359	0.904358	0.875548	1.459355	0.824377	0.532544	0.977597	1.204504	-0.181541	0.700168	0.637568	1.043784	0.536073	0.292658	0.853183	0.664971	0.865941	0.512321	-0.040764	0.548673	0.887511	-0.457250	0.824145	0.788468	1.098039	0.303222	0.142314	1.151774	0.127409
1.218248	1.728809	0.549587	1.159239	1.026351	1.176146	0.500974	2.805448	2.360542	1.114308	1.266908	1.457975	1.224309	1.651969	1.099172	0.692020	0.887158	0.479617	1.397062	1.684270	1.236119	0.487018	0.455686	1.263429	1.281112	0.267328	1.118445	1.082347	1.299250	1.851723	1.008868	0.471806	1.452073	1.984349	0.120425	1.001641	1.307007	1.682156	0.872937	0.283012	1.445753	1.098277	1.060414	0.658236	0.012843	0.636339	1.029385	-0.552262	1.317500	1.329315	1.240211	0.700464	0.631623	1.480670	0.230838
1.242782	0.633615	-0.362514	0.874573	0.308879	0.539012	-0.539900	2.049591	0.971187	-0.108938	1.626999	1.204893	0.498195	1.702375	0.825921	0.406912	-0.289678	-0.338686	0.564162	0.717140	1.063406	-0.177600	0.073065	0.619974	0.491962	-0.516558	0.404757	-0.009912	0.233528	0.540408	0.395697	-0.214349	0.572294	1.454933	0.642837	0.304005	1.308653	0.910082	0.445003	-0.119836	0.555509	0.383906	-0.191745	-0.079520	-0.642204	-0.375854	0.185100	0.122072	0.726678	0.649463	-0.170471	0.355741	0.741863	0.280445	0.078876
0.705691	-0.815464	-1.108488	0.024155	-0.982970	-0.700965	-1.525772	0.327090	-1.026460	-1.671312	1.588871	0.094184	-0.791879	1.011086	0.155005	-0.200189	-1.527027	-1.261978	-1.011495	-1.006531	0.106182	-1.082667	-0.415222	-0.303936	-0.656166	-1.248657	-0.784963	-1.142159	-1.279165	-1.058609	-0.394994	-0.784183	-0.992450	0.296733	0.585526	-0.759874	0.564511	-0.501332	-0.175226	-0.428014	-0.868702	-0.747071	-1.507977	-0.822830	-1.386875	-1.541758	-0.816512	1.106174	-0.348924	-0.551377	-1.623190	-0.199794	0.171891	-0.985594	0.000152
0.079922	-1.088972	-0.750131	-0.756490	-1.510627	-1.313438	-1.213306	-0.726402	-1.642353	-1.887242	0.910470	-0.897346	-1.321852	0.201493	-0.406922	-0.552820	-1.293949	-1.241526	-1.628335	-1.855369	-0.888503	-1.300000	-0.388354	-0.553072	-0.886996	-0.836269	-1.050413	-1.010517	-1.601012	-1.220187	-0.581376	-0.542268	-1.746175	-0.403472	-0.007145	-0.972038	-0.187953	-1.099187	-0.144059	-0.156128	-1.301828	-1.069693	-1.377885	-0.717534	-1.172804	-1.541566	-0.899063	1.420956	-0.795852	-0.966329	-1.487687	-0.260145	-0.552601	-0.871692	0.163623
-0.225464	-0.430844	0.299027	-0.800433	-0.809803	-0.764951	0.145808	-0.594945	-0.622361	-0.521095	-0.365568	-0.884891	-0.664495	-0.188914	-0.639316	-0.245700	0.153620	-0.157734	-0.653906	-1.070442	-1.059288	-0.334817	0.062824	-0.059132	-0.135154	0.507539	-0.041665	0.104366	-0.469634	0.042261	-0.008328	0.211819	-1.108911	-0.475428	-0.244108	0.016553	-0.219032	-0.539874	0.402747	0.404299	-0.513028	-0.382148	-0.122898	-0.019992	0.069908	-0.362174	-0.070028	0.664724	-0.324778	-0.331866	-0.056626	0.144540	-0.597582	0.143355	0.308519
-0.299770	-0.192134	0.796293	-0.202784	0.113996	0.140054	1.012904	-0.232806	0.655986	0.880272	-1.597195	-0.209823	0.214412	-0.277685	-0.699546	0.349847	1.032615	0.798322	0.667721	0.430764	-0.379255	1.012455	0.135288	0.191104	0.470942	1.225056	0.979726	0.786876	0.720735	1.183122	0.810604	0.418528	-0.140754	-0.544846	0.214742	1.025058	0.334172	0.073910	0.390844	0.364666	0.242411	0.322306	0.635558	0.362553	1.174116	0.674117	0.477736	-0.448487	0.252911	0.298397	0.948299	0.345869	0.115262	0.503255	0.186203
-0.512637	-0.742946	0.277477	0.229145	0.098646	0.256684	0.530882	-0.693534	0.999321	0.866438	-1.961734	-0.082271	0.200066	-0.612491	-0.794363	0.384097	0.374596	0.426770	0.778509	1.108504	0.310274	1.289891	-0.605999	-0.629126	0.137401	0.300753	0.663671	0.367659	0.681327	1.106254	1.246980	-0.529434	-0.208393	-0.910969	0.660295	0.550219	0.679237	-0.287840	-0.713337	-0.662351	-0.078789	0.245865	0.182696	0.079883	1.179982	0.615072	-0.287177	-0.904736	0.161789	0.059677	0.634001	-0.080073	0.810344	-0.210025	0.019898
-0.952119	-1.026114	-0.400538	-0.065489	-0.662117	-0.500398	-0.370018	-1.816703	0.469737	-0.239067	-1.309647	-1.021797	-0.572212	-1.423703	-0.895031	-0.457353	-0.705081	-0.925314	-0.246792	0.477679	0.280878	0.101793	-1.485786	-1.969916	-0.643539	-1.253398	-0.708817	-0.294142	-0.243261	0.289793	1.079186	-1.948380	-1.247355	-1.127207	0.551921	-1.324479	0.315627	-1.271238	-1.968151	-1.904364	-0.937876	-0.191674	-0.503063	-0.340658	0.496976	-0.040816	-1.910220	-0.585083	-0.309938	-0.515583	-0.106100	-0.795372	0.899899	-0.904224	0.240940
-1.255361	-0.245286	-0.282901	-0.747405	-0.957363	-1.122577	-0.306467	-2.459826	-0.197894	-0.976100	-0.325964	-2.112698	-0.953221	-2.182963	-0.828874	-1.489455	-0.604828	-1.644961	-0.914708	-0.536722	-0.312589	-1.282629	-1.413760	-2.292542	-0.877576	-1.479740	-1.574172	-0.096028	-0.704532	-0.183953	0.541075	-2.383779	-1.892234	-0.762449	0.346625	-2.723486	-0.506017	-1.721589	-1.960729	-2.123628	-0.948812	-0.094854	-0.302904	-0.282176	0.138078	-0.272324	-2.731949	-0.253894	-0.299267	-0.285977	-0.064764	-1.106659	0.594106	-0.754741	0.827644
-1.018506	0.877010	0.396377	-1.058337	-0.241189	-0.804667	0.627584	-1.853528	-0.584958	-0.669814	0.259832	-2.090566	-0.290953	-2.025194	-0.563459	-1.741717	0.521464	-0.797570	-0.321178	-0.853247	-0.783134	-1.374464	-0.160543	-0.828563	-0.364575	0.080514	-1.015646	0.760364	-0.178936	-0.145099	-0.049680	-1.055000	-1.256665	-0.148334	0.499646	-2.029810	-1.259525	-1.222335	-0.518732	-0.889948	0.260775	0.522970	0.509663	0.200645	0.241039	0.026196	-1.619947	-0.355672	0.289415	0.789549	0.564019	-0.701561	0.203573	-0.362626	1.186445
-0.257882	1.058359	0.611440	-0.715679	0.670760	0.135548	1.056454	-0.450704	-0.749035	-0.029820	0.368588	-0.850742	0.774743	-0.726711	-0.245277	-0.944800	1.040523	0.740598	0.759747	-0.434500	-0.780639	-0.149319	1.421643	1.374297	0.237431	1.762069	0.260582	1.063362	0.474422	-0.353101	-0.588588	1.271483	0.060339	-0.047860	0.429812	0.202192	-1.754296	-0.461686	1.071645	1.018398	1.503006	0.731271	0.815769	0.510154	0.075233	0.129784	0.769704	-0.309745	0.519411	1.425544	0.564990	0.090147	-0.556178	-0.700124	0.824062
0.565524	0.191256	0.012220	-0.073143	0.758723	0.782173	0.307495	0.611946	-0.773961	0.128635	0.360180	0.531377	1.195695	0.810273	0.068120	0.347140	0.188494	1.423879	1.020087	-0.021076	-0.512965	1.167407	2.378159	2.506278	0.454625	1.784889	0.993647	0.288840	0.343019	-1.157484	-1.034351	2.966422	0.970466	-0.665480	-0.555295	1.895101	-2.063837	-0.077544	1.561748	2.415906	1.481915	0.053313	0.273894	0.267048	-0.619190	-0.246742	2.671405	0.651172	-0.254710	0.677806	-0.467214	0.623454	-1.880721	-1.547595	-0.024748
0.927955	-0.577046	-0.602159	0.428777	0.149898	0.763372	-0.679132	0.711024	-0.556314	0.035067	0.431286	1.168282	0.829584	1.314725	0.538878	1.410395	-0.886956	0.881125	0.317016	0.014311	-0.204319	1.695056	2.470438	1.906314	0.537215	0.275975	0.858068	-0.663889	-0.273852	-1.772852	-1.135246	3.050878	1.299598	-1.268608	-1.778823	1.861253	-2.059711	0.241308	1.032770	2.705848	0.340734	-0.761895	-0.288014	-0.196137	-1.091869	-0.481036	2.976777	2.196169	-1.267216	-0.716423	-1.387117	0.493928	-2.859252	-1.693899	-0.642028
0.716554	-0.405693	-0.395682	0.661136	-0.112117	0.562472	-0.705154	0.273670	-0.029873	0.437426	0.537700	1.290400	0.502141	0.513377	1.266953	1.890984	-0.783162	0.079695	-0.249293	0.085764	0.287044	1.619317	2.002427	0.531069	0.832273	-1.118654	0.505724	-0.687691	-0.378883	-1.230037	-0.629472	1.906265	1.647934	-0.950115	-1.826035	0.933835	-1.404934	1.110756	0.504153	2.107788	-0.597523	-0.665940	-0.067779	-0.186132	-0.648173	-0.020494	2.038923	2.988955	-1.123389	-1.180037	-0.855771	-0.055642	-2.163228	-0.581115	-0.606332
0.417032	0.265118	0.441337	0.735650	0.529623	0.751333	0.120975	0.195182	0.606387	1.342345	0.759072	1.645782	0.866982	-0.471747	1.996959	1.822204	0.286406	-0.128160	0.220258	0.643111	1.124948	1.382063	1.281397	-0.333983	1.126694	-1.229223	0.469587	0.120786	0.261148	0.267020	0.227942	0.615925	2.192167	0.320872	-0.656689	0.546053	-0.127858	2.276035	0.558223	1.204751	-0.410264	0.335268	0.698168	0.528558	0.308969	0.728940	0.910091	2.227182	0.390097	-0.237359	0.907541	-0.294872	0.018945	0.850739	-0.088337
0.686635	0.519647	1.085722	0.817380	1.418954	1.210649	0.723324	0.842141	0.988001	1.871336	1.286046	2.305870	1.581532	-0.341877	2.319867	1.421046	0.986741	0.082772	1.342509	1.378803	1.947581	0.941155	0.533812	-0.289507	1.012987	-0.427110	0.578082	0.773224	0.791203	1.439282	0.676274	-0.073190	2.351501	1.582766	0.090010	0.863586	1.008764	2.689410	0.767930	0.483287	0.514715	1.182055	1.166018	1.392095	0.785268	0.936916	0.287621	0.705232	1.866418	0.992933	2.189153	0.156311	1.648465	1.242136	0.563391
1.530180	0.225968	1.146466	0.977317	1.486460	1.275469	0.550576	1.661632	0.910895	1.373884	1.917968	2.461663	1.748041	0.854420	2.113015	0.938661	0.747193	0.165291	1.914786	1.458751	1.968527	0.204862	0.072921	0.279331	0.622311	0.175993	0.460303	0.773000	0.490753	1.409283	0.278235	-0.110957	1.692160	1.836558	-0.608211	0.937494	1.003250	1.799554	0.509182	0.168282	1.136559	1.033052	0.959229	1.639232	0.468023	0.481630	0.260136	-0.051737	1.871392	1.282497	1.685152	0.670268	1.132846	0.452623	1.183751
2.034045	0.048605	0.836126	1.015437	0.498491	0.543875	0.075780	1.745084	0.533385	0.232821	1.958110	1.410126	0.963985	1.723971	1.536630	0.520204	0.270470	0.080306	1.247304	0.483270	0.784247	-0.385275	0.096073	0.883721	0.488308	0.044680	0.177780	0.528750	-0.208204	0.658063	-0.406881	0.158812	0.587314	1.003248	-1.516022	0.354047	-0.325073	0.287667	-0.078342	0.185552	0.960240	0.174506	0.422369	1.072155	-0.019807	0.028332	0.560751	0.428376	0.571086	0.682199	0.013172	0.249285	-0.586836	-0.335097	1.645580
1.269691	0.469435	0.330253	0.537189	-0.747332	-0.638660	-0.086353	0.769327	0.224482	-0.624599	0.978701	-0.511606	-0.258710	1.117748	0.647474	0.115176	0.245079	0.076793	-0.109845	-0.950007	-0.978313	-0.310929	0.290212	1.160304	0.717952	-0.458346	0.096982	0.485718	-0.296402	0.323006	-0.318427	0.391491	-0.248889	-0.090118	-0.728176	-0.132719	-1.811537	-0.694815	-0.295542	0.191601	0.387455	-0.415965	-0.024900	0.147799	-0.058381	0.058631	0.744587	1.096202	-0.577581	0.126122	-1.006883	-1.034728	-1.121685	-0.187859	1.668092
-0.510678	1.235013	-0.386197	-0.490310	-1.390488	-1.520998	0.029600	-0.606540	0.211234	-0.743618	-0.417470	-2.077809	-1.070998	-0.577071	-0.588615	-0.370439	0.411104	0.036889	-0.959200	-1.702047	-2.005532	0.232731	-0.004485	0.856953	0.760796	-0.761616	0.301186	0.528024	0.488437	0.894363	0.907550	0.423193	-0.530901	-0.566787	1.571519	0.191113	-1.828896	-0.733052	0.080799	-0.186430	0.038049	-0.187292	-0.337040	-0.571649	0.269061	0.327273	0.413616	0.759218	-0.549696	0.074230	-0.469440	-1.805582	0.368742	0.416801	1.026778
-1.922522	1.654660	-1.035430	-1.359322	-1.410887	-1.684279	-0.050342	-1.315448	0.383865	-0.466365	-0.990937	-2.214097	-1.154928	-1.935281	-1.809625	-0.841178	0.172060	-0.383423	-0.741766	-1.128516	-1.449846	0.526467	-1.068601	0.070011	0.151844	-0.793090	0.396296	0.379452	1.332074	1.912714	2.485997	0.232460	-0.512929	-0.310836	3.036340	0.809576	-0.006313	-0.403056	0.357815	-1.021577	-0.036782	0.410525	-0.630163	-0.872658	0.479819	0.346324	-0.396424	-0.513727	0.210258	0.039904	0.627504	-1.048869	2.157468	0.377149	-0.133900
-1.871672	1.124001	-1.080416	-1.238646	-1.468658	-1.399585	-0.623287	-0.924571	0.414078	-0.408355	-0.207417	-0.959036	-0.978846	-2.047905	-2.273244	-1.122716	-0.492486	-1.102624	-0.148549	0.295626	0.233172	0.221408	-2.428523	-0.646699	-0.849494	-0.968350	-0.015777	0.050941	1.301908	2.673204	3.289077	-0.186160	-0.580212	-0.009424	1.990465	0.546686	2.111132	-0.531687	-0.297333	-2.032015	-0.354708	0.393888	-0.920554	-0.876482	0.280409	-0.026182	-1.157957	-1.654355	0.477708	-0.603117	0.649234	0.409436	2.107203	-0.483628	-1.343690
-0.709669	-0.426086	-0.490375	-0.229723	-1.977879	-1.255974	-1.533072	-0.071878	0.063473	-0.799011	1.008727	0.519132	-1.185776	-1.252649	-1.711009	-1.283063	-1.119557	-1.561519	-0.297372	1.407578	1.683795	-0.332146	-3.299191	-0.751779	-1.571998	-1.542200	-0.777718	-0.320889	0.345043	2.797078	2.895388	-0.781033	-0.888999	-0.397237	-0.486346	-0.846893	2.537401	-1.357939	-1.756481	-2.811571	-1.220172	-0.694964	-1.198487	-0.794151	-0.277936	-0.603383	-1.357261	-1.946061	-0.297912	-1.693634	-0.714980	0.783463	0.136515	-1.262454	-2.121470
0.246856	-2.178663	0.030568	0.622800	-2.526514	-1.448747	-2.253895	0.256920	-0.550878	-1.284711	1.168322	0.975963	-1.765276	-0.435699	-0.825632	-1.530486	-1.379656	-1.332131	-1.335342	1.480510	1.915311	-0.588990	-3.207102	-0.279667	-1.653818	-2.079496	-1.259339	-0.666285	-0.713431	2.229832	1.773726	-1.241822	-1.263802	-1.394889	-1.801056	-2.202133	0.974944	-2.284242	-2.815367	-3.001914	-2.091856	-2.133239	-1.456132	-0.756666	-0.906669	-1.105199	-0.962993	-1.640569	-1.404987	-2.292837	-2.083473	-0.408186	-1.875292	-1.229414	-2.219585
0.196318	-2.745208	-0.085621	0.554547	-2.308706	-1.521208	-2.188205	-0.155606	-0.989113	-1.296676	-0.104310	0.279133	-1.993115	-0.040537	-0.513471	-1.728706	-1.233112	-0.515683	-2.175467	0.869568	1.124987	-0.347550	-2.144008	0.230353	-1.247281	-1.780113	-1.058204	-0.822557	-0.999616	1.143783	0.664653	-1.100921	-1.366305	-2.064742	-0.744188	-2.228460	-0.892665	-2.397270	-2.339138	-2.363009	-2.007821	-2.556351	-1.498920	-0.782204	-1.203050	-1.220791	-0.327801	-1.281085	-1.698600	-1.596948	-1.966425	-1.681863	-2.216054	-0.610052	-1.715186
-0.441758	-1.425274	-0.530490	-0.069388	-1.083304	-0.920518	-1.157450	-0.584060	-0.882588	-0.652723	-1.566249	-0.561618	-1.318751	0.089826	-0.811308	-1.418457	-0.731662	0.417396	-1.785006	0.442496	0.238353	0.152034	-0.476176	0.321158	-0.710010	-0.441534	-0.479160	-0.554990	-0.363309	-0.051385	-0.038938	-0.294340	-1.052459	-1.576609	1.421167	-1.016573	-1.283540	-1.413413	-0.532688	-1.001946	-0.736708	-1.323955	-1.001954	-0.816144	-0.912091	-0.748501	0.181334	-0.938480	-0.852661	0.131824	-0.439083	-1.464780	-0.901878	-0.035385	-1.001441
-0.764207	0.808275	-0.616856	-0.407166	0.454157	0.241562	0.262382	-0.328944	-0.312569	0.188464	-1.729614	-0.615288	-0.159590	0.206124	-1.041447	-0.585403	-0.052359	0.934284	-0.435304	0.501046	-0.124440	0.395546	1.043841	-0.005442	-0.350306	1.090102	-0.153096	0.022708	0.566992	-0.897526	-0.430390	0.508974	-0.539645	-0.184661	2.604693	0.094164	-0.129935	-0.135594	1.100737	0.404376	0.760668	0.719537	0.016906	-0.784823	-0.211789	0.096511	0.324542	-0.421910	0.351901	1.593274	0.991205	-0.058266	0.711664	0.255508	-0.581728
-0.441067	2.066671	-0.240726	-0.275845	1.356215	1.188852	1.103945	0.440844	0.295982	0.553866	-0.549803	-0.037004	0.481537	0.335570	-0.825472	-0.038049	0.386562	0.668388	0.667972	0.568945	-0.033666	-0.071449	1.518773	-0.462023	-0.333037	1.679802	-0.244555	0.359826	0.995993	-1.232890	-0.812999	0.449072	-0.110457	0.980116	2.006180	0.074733	1.153108	0.288622	1.220817	0.955796	1.278053	2.004289	0.944487	-0.625262	0.391124	0.695925	-0.036483	0.071463	0.928014	1.609771	1.095868	0.882866	1.398830	0.423619	-0.635276
0.189077	1.450436	0.126281	-0.148722	1.385865	1.328567	0.927894	1.024611	0.640162	0.276270	0.594856	0.346528	0.220576	0.467436	-0.431121	-0.496869	0.246789	-0.279079	0.836430	0.256981	0.194525	-1.141602	0.695029	-0.831215	-0.519964	1.095850	-0.255924	0.125718	0.646145	-1.215860	-1.292184	-0.582791	0.255360	1.157688	0.453335	-0.725546	1.387278	-0.332203	0.015331	0.390608	0.651214	1.741247	1.089746	-0.291663	0.541328	0.608645	-0.808870	0.036420	0.664034	0.353892	0.187799	0.578850	1.007940	0.620261	-0.734803
0.768933	-0.125688	0.264384	-0.225505	1.133482	0.918877	0.292445	1.128513	0.740099	-0.111667	0.560451	0.189613	-0.208212	0.767595	-0.132210	-1.420103	-0.239641	-1.173311	0.535104	-0.096809	0.398527	-1.977357	-0.503895	-1.053698	-0.447442	0.238324	0.319178	-0.255246	-0.063739	-1.019772	-1.616024	-1.716000	0.732179	0.746443	-0.823158	-1.156821	0.743513	-0.959445	-1.033924	-0.513576	-0.160697	0.578617	0.466234	0.210638	0.350614	0.099421	-1.501411	-0.555191	0.131859	-0.766723	-0.461738	0.000969	0.228222	0.866935	-0.221144
1.193456	-1.137573	0.423168	-0.168101	1.203948	0.685715	0.087447	1.067658	0.671365	-0.021310	-0.371398	-0.076618	0.085936	1.354042	0.214223	-1.374400	-0.441129	-1.151555	0.505244	0.014351	0.426531	-1.749642	-0.727439	-1.122481	0.200517	0.112320	1.292432	-0.144270	-0.470271	-0.754612	-1.517032	-1.960142	1.146692	0.625979	-1.294052	-0.619309	0.181454	-0.569504	-0.745321	-0.679862	-0.241900	-0.231299	-0.194299	0.746672	0.184049	-0.154916	-1.486738	-0.957336	-0.110009	-0.629736	-0.212917	0.295995	-0.245800	1.113165	0.946675
1.287374	-1.107106	0.619469	0.150083	1.518246	0.872410	0.469109	1.045993	0.370368	0.429921	-1.137582	-0.054032	0.908778	1.907479	0.742300	0.195766	-0.118141	-0.167629	0.708451	0.346640	-0.024691	-0.675614	0.326159	-1.092013	1.050243	0.745504	1.870006	0.318132	-0.336014	-0.693432	-1.182891	-1.253840	0.939779	0.913881	-1.192104	0.366449	0.187247	0.591317	0.538630	0.116721	0.306342	-0.191156	-0.301974	1.036384	0.179581	0.063790	-0.675530	-0.419983	-0.098587	0.359058	0.294458	1.104422	-0.248748	1.153871	1.876027
0.766599	-0.746380	0.373397	0.295494	1.567240	0.987315	0.775427	0.702820	-0.113297	0.542991	-1.265447	0.040646	1.170165	1.803101	1.168907	2.080617	0.261609	0.793884	0.527985	0.109610	-1.032692	0.088505	1.539582	-1.119065	1.320272	1.289034	1.487876	0.292312	-0.068606	-1.181264	-1.116692	-0.492787	-0.092697	0.846326	-0.914140	0.812726	0.398720	1.359211	1.398870	1.067332	0.657047	0.063956	-0.035638	0.825277	0.103384	0.221596	0.195219	0.867201	-0.219412	0.840531	0.108669	1.133106	-0.057362	0.668587	1.596769
-0.229147	-0.733892	-0.454345	0.017258	1.190778	0.578783	0.524715	-0.314662	-0.418284	-0.018770	-1.105989	-0.147863	0.356162	0.803202	1.143745	2.602765	0.176855	0.756446	-0.188934	-0.854026	-1.999961	-0.177608	1.692928	-1.263883	0.798760	1.086858	0.511706	-0.523780	-0.202868	-2.100428	-1.430760	-0.452477	-1.155520	-0.045554	-0.590333	0.321893	0.361368	1.105372	0.913100	1.336000	0.310006	-0.265939	0.067632	0.146750	-0.246434	-0.185282	0.253828	1.809182	-0.571772	0.219065	-0.764867	0.041761	-0.006971	-0.367372	0.228356
-0.974210	-0.901575	-1.072234	-0.205113	0.780541	-0.076113	0.086620	-1.598082	-0.262320	-0.703539	-0.942766	-0.459345	-0.698431	-0.529286	0.735984	1.492224	-0.259727	-0.104144	-0.815430	-1.648821	-2.041404	-0.885001	0.798027	-1.254660	0.195044	0.394026	-0.065240	-1.253528	-0.704267	-2.717966	-1.585939	-0.859500	-1.044853	-1.096412	-0.231534	-0.503908	0.187675	0.365340	-0.401915	0.960177	-0.386093	-1.082374	-0.096328	-0.615756	-0.635688	-0.815105	-0.477245	1.413189	-0.808599	-0.668159	-1.376945	-1.054853	-0.202478	-1.362078	-1.030319
-0.923520	-0.732942	-0.611347	0.140212	0.655922	-0.361100	0.138624	-2.231475	0.093414	-0.722533	-0.579190	-0.476487	-0.837956	-1.288600	0.264428	0.050038	-0.475584	-0.630089	-0.789944	-1.443892	-1.047424	-0.957522	-0.165142	-0.678333	0.221239	0.003202	0.228922	-0.864939	-0.947404	-2.378095	-1.073363	-0.731772	0.367766	-1.196456	-0.047796	-0.657375	0.250282	-0.006390	-1.239887	0.578216	-0.729020	-1.546859	-0.144301	-0.993486	-0.604412	-0.828944	-0.984647	-0.243280	-0.597042	-0.724681	-1.017232	-1.048957	-0.432236	-1.463522	-1.177386
-0.435924	-0.191432	0.650778	0.726024	0.594022	-0.186774	0.777498	-1.773377	0.154858	-0.014385	0.023869	-0.226741	-0.033254	-1.037796	-0.132257	-0.344577	-0.072476	0.035756	-0.357679	-0.627939	-0.040007	-0.163367	-0.485193	0.501217	0.584710	0.369366	0.655045	0.449179	-0.433506	-1.246247	-0.139785	0.413580	1.654398	-0.120701	-0.216513	0.269017	0.583177	0.203207	-0.863929	0.551184	-0.436343	-1.144174	0.158124	-0.774098	-0.027375	0.029493	-0.355425	-1.992436	0.005895	0.065470	0.005793	-0.145462	-0.289087	-0.373180	-0.387847
-0.345594	0.299847	1.493274	0.791223	0.265110	-0.030705	1.465330	-0.658363	-0.068867	0.748304	0.337142	-0.128147	0.679900	-0.081684	-0.446680	0.511285	0.853403	1.531913	-0.172820	-0.317934	-0.079440	0.788567	-0.253697	1.720218	0.337225	1.187472	0.082913	1.398920	0.589070	-0.156970	0.460196	1.887528	1.346388	1.207054	-0.338894	1.655007	0.965325	0.693421	0.346398	0.712946	0.172293	-0.238112	0.548757	-0.113343	0.731413	1.065956	1.127137	-2.553720	0.720924	0.841899	0.898516	0.653679	0.468725	1.246861	0.431574
-0.876841	0.445179	1.177723	0.248222	-0.125786	-0.149416	1.654263	0.378753	-0.073621	0.977361	-0.014238	-0.270859	0.582536	0.913621	-0.534028	1.726327	1.755687	2.623729	-0.427387	-0.865664	-0.960826	1.213077	0.120449	2.192896	-0.800502	1.688296	-1.485890	1.060428	1.284458	0.222657	0.344100	2.434024	-0.264943	1.757095	0.264845	2.401410	1.357473	1.264630	1.484223	0.849794	0.559897	0.428161	0.606882	0.583543	1.153748	1.366875	2.148967	-1.653679	1.336837	1.032466	1.325301	0.931214	1.515337	2.274305	0.758582
-1.325262	0.266015	0.260343	-0.152109	-0.089513	-0.227809	1.231946	0.942964	0.309838	0.670485	-0.487622	-0.243092	0.084289	1.406937	-0.251353	2.241867	1.922062	2.369673	-0.727646	-1.437153	-1.435393	1.070605	0.427582	1.569964	-1.896694	1.320510	-2.700502	-0.144712	0.973234	-0.042533	-0.131216	1.492673	-1.439613	1.404173	1.418180	1.890111	1.795646	1.808455	1.909847	0.991731	0.362899	0.493112	0.228871	0.877815	0.891637	0.663190	1.708476	-0.186073	1.677380	0.799817	1.470629	1.138234	2.030271	2.106369	0.815256
-0.898573	-0.116442	-0.108397	0.211749	0.335795	0.038640	0.550202	1.003445	0.542951	0.212646	-0.237478	0.209677	0.026544	1.216869	0.241100	1.690087	1.119821	1.036351	-0.691543	-1.172774	-0.744388	0.774833	0.654703	0.323490	-1.827794	0.333936	-2.451585	-0.985621	-0.227787	-0.350701	-0.398513	-0.138024	-1.079148	0.830324	1.882813	0.489617	1.948202	1.941195	1.516117	1.167419	-0.408794	0.206567	-0.257309	0.596074	-0.006520	-0.456561	0.234733	0.763509	1.547439	0.510285	1.433971	1.573003	1.461883	1.186036	0.969684
0.307985	-0.472629	0.526721	1.039978	0.546988	0.433415	0.210664	0.668550	0.093405	0.045642	0.539994	0.752201	0.552832	0.515705	0.595531	0.592144	0.096264	-0.086485	-0.312529	-0.269238	0.477516	0.725829	0.791339	-0.560580	-0.633941	-0.294434	-1.241459	-0.737497	-1.398527	-0.219534	-0.383284	-0.991408	0.139946	0.617433	0.864407	-0.739086	1.258042	1.262411	0.613357	1.221637	-1.259463	0.139738	-0.309047	0.068792	-0.841733	-0.943706	-0.818307	0.884716	0.983741	0.291375	1.127734	1.710919	0.261624	0.523865	1.154181
1.285726	-0.380926	1.415202	1.354557	0.261623	0.576665	0.574582	0.144985	-0.819666	0.451261	0.535884	0.865744	0.998464	-0.352227	0.587978	-0.264630	-0.058979	0.039530	0.220159	0.357072	0.989266	0.934128	0.770003	-0.485236	0.454897	0.193561	-0.465105	0.093887	-1.548733	0.209451	-0.541331	-0.434914	0.885405	0.592883	-0.801393	-0.872817	-0.338299	0.015320	-0.247196	1.040794	-1.403068	0.677972	0.407813	-0.072346	-0.519345	-0.085774	-0.576065	0.532187	0.370746	0.129942	0.755711	0.961917	-0.463650	0.636151	1.006186
1.054734	0.341158	1.363177	0.436065	-0.055539	0.498215	1.266020	-0.321815	-1.500756	1.248265	-1.020230	0.398802	0.813740	-1.106240	0.151786	-0.662835	0.716858	1.046917	0.728016	0.178380	0.343581	0.932209	0.532931	0.140358	0.369338	1.371068	-0.639656	0.334025	-0.583184	0.310937	-1.188229	0.626462	0.749627	0.140611	-1.687685	0.087037	-2.088331	-0.991917	-0.556577	0.743886	-0.476057	1.580742	1.572720	0.458972	1.273935	1.680852	0.299014	0.000388	0.025263	-0.005871	0.775972	-0.212049	-0.233345	1.033834	0.443073
-0.340829	1.162331	0.099923	-1.352028	0.090846	0.516613	1.434919	-0.642186	-1.530485	1.741129	-2.999399	-0.391872	0.288514	-1.613291	-0.609237	-0.970223	1.276370	1.553230	1.036397	-0.436964	-0.701259	0.296894	0.156173	0.423066	-0.655719	1.954614	-1.017141	-0.496096	0.521439	-0.268551	-1.909827	0.833823	0.292625	-0.841009	-1.561846	1.161045	-2.990502	-1.231084	-0.210944	0.501541	0.884366	2.081791	2.282639	1.226108	3.181178	2.876247	0.528554	-0.646084	-0.161642	-0.216949	1.153629	-0.590126	0.195547	0.912654	-0.110219
-1.745902	1.321655	-1.187219	-2.597730	0.511381	0.714675	0.761481	-0.832451	-0.962920	1.402905	-3.257052	-1.017029	0.186246	-1.798816	-1.178961	-1.314892	0.797465	0.814905	1.038347	-0.659178	-0.989522	-0.597750	-0.104167	0.114935	-1.408827	1.288464	-0.840633	-1.448950	0.757085	-1.015440	-1.856898	0.066933	0.052211	-1.519266	-1.258699	1.315865	-2.633356	-0.843809	0.418209	0.318617	1.539495	1.683560	1.904123	1.506657	3.250381	2.386792	-0.127797	-1.160728	-0.371717	-0.523490	1.170388	0.227322	-0.113244	0.233962	-0.207773
-1.880285	0.822165	-1.058229	-2.046864	0.672880	0.846646	-0.116797	-0.732713	-0.094228	0.579993	-0.994771	-0.897284	0.735422	-1.589818	-0.816402	-1.235035	-0.095950	-0.405610	0.845602	0.008147	-0.039491	-0.791455	-0.030319	-0.162512	-1.014222	0.108905	-0.219677	-1.141028	0.205568	-0.974658	-0.733449	-0.450723	0.107283	-1.011114	-1.081824	0.504957	-1.426076	-0.179636	0.847841	0.111987	1.068967	0.788760	0.823089	1.021111	1.181410	0.733881	-0.673771	-1.079973	-0.390486	-0.633774	0.364508	1.081440	-0.894443	-0.241418	-0.034148
-0.553157	0.410051	0.346056	-0.087651	0.390569	0.676890	-0.502334	-0.159223	0.571491	0.030312	2.132071	0.161023	1.197458	-1.000099	0.477936	-0.497683	-0.324064	-0.919356	0.674210	1.179296	1.490098	-0.053637	0.225858	0.073813	0.258080	-0.497155	0.423072	0.429399	-0.246557	0.079293	0.685254	0.136452	0.317145	0.335525	-0.434002	-0.424748	-0.121920	0.524291	0.851685	-0.147659	0.187714	0.218113	-0.010804	0.049819	-1.172085	-0.568162	-0.337701	-0.266807	0.011099	-0.258373	-0.733017	0.590396	-1.026015	-0.073767	-0.291642
1.082580	0.470849	1.235054	1.299271	-0.196081	0.168359	-0.593598	0.518208	0.420660	-0.196714	3.565211	1.362569	0.623269	-0.239567	1.465929	0.182718	0.058151	-0.645790	0.531957	1.747736	2.243549	0.498003	0.202521	0.414509	1.422935	-0.475028	1.096973	1.593012	-0.197270	1.170273	1.284638	1.113442	0.424798	1.032799	0.856122	-0.832096	0.711465	0.892951	0.481867	-0.482334	-0.203919	0.159728	-0.261278	-1.010605	-1.945922	-0.868069	0.407464	0.817616	0.354977	0.243243	-1.280465	-1.054731	-0.210476	0.128825	-1.272270
1.623498	0.527414	0.366287	0.612147	-0.980634	-0.555104	-1.011410	0.488172	-0.617870	-0.743664	2.428020	1.353611	-0.940729	0.326824	0.877617	-0.073712	0.101409	-0.503927	0.238134	0.915717	1.355180	-0.224430	-0.300268	0.181858	1.818820	-0.569363	1.969373	1.009522	-0.118554	1.185469	0.861232	1.207905	0.097033	0.142303	1.871988	-0.859416	0.851116	0.503577	-0.033877	-0.903067	-0.049754	0.037770	-0.460739	-1.859822	-1.269505	-0.902126	0.616401	1.559298	-0.173094	0.043408	-1.263293	-2.216465	0.513941	-0.484928	-2.253169
0.829657	0.104871	-1.222276	-1.309963	-1.745331	-1.189878	-1.634043	-0.406383	-1.577977	-1.680587	0.343034	-0.189019	-2.223837	0.431462	-0.862737	-0.947693	-0.451443	-0.974004	-0.187975	-0.744974	-0.510934	-1.570971	-0.828921	-0.512304	1.616921	-0.983574	2.711035	-0.479762	-0.357363	0.286596	0.356659	0.365210	-0.650492	-1.457714	1.769003	-0.815020	0.426790	-0.407796	-0.317580	-1.200606	0.058365	-0.511226	-1.003193	-2.136216	-0.577437	-1.344081	0.169955	1.738134	-1.418614	-0.978005	-1.358158	-1.733333	0.263389	-1.669623	-2.144800
-0.192264	-0.435509	-1.500148	-2.159977	-1.956162	-1.333181	-1.671550	-1.170968	-1.258195	-2.072017	-0.406557	-1.792652	-1.989872	0.193859	-1.840315	-1.128158	-0.807034	-1.489089	-0.422101	-1.631288	-1.571438	-1.781271	-0.751420	-0.861335	1.369093	-1.100725	2.661246	-0.828541	-0.494028	-0.249438	0.658412	-0.284832	-1.214213	-1.997209	0.910415	-0.563422	-0.096242	-0.902168	-0.076763	-0.988993	-0.169387	-1.038713	-1.453457	-1.539670	-0.556311	-1.702040	-0.232284	1.535393	-2.032566	-1.709535	-1.779703	-0.204892	-0.451867	-2.170648	-0.760016
-0.280541	-0.414138	-0.208466	-0.934963	-1.298345	-0.895570	-0.961606	-0.847749	0.247712	-1.311777	0.642731	-1.725017	-0.477121	0.082281	-0.884087	-0.085165	-0.484837	-1.388750	-0.257417	-0.860670	-0.808595	-0.423951	-0.129001	-0.472422	1.273351	-0.666066	1.669566	0.474448	-0.156458	0.307186	1.418545	-0.146770	-1.045295	-0.902631	0.254029	0.024443	-0.226966	-0.494605	0.423109	-0.265846	-0.404458	-0.963455	-1.242692	-0.329505	-0.678538	-1.240893	-0.145590	1.199409	-1.122661	-1.065131	-1.965874	0.839988	-0.597621	-1.377794	0.838356
0.551611	0.136287	0.771465	0.927116	-0.303620	-0.352371	-0.396192	0.183994	1.380800	-0.230416	1.822168	-0.120644	0.794334	0.422622	0.970603	1.090081	-0.093626	-0.827910	0.103686	0.638792	0.752231	0.837520	0.248429	0.119739	1.097200	-0.418159	0.438063	1.657473	0.155199	1.201386	1.490401	0.054428	-0.407038	0.600737	0.059288	0.429532	0.079111	0.118836	0.389462	0.265892	-0.280318	-0.466644	-0.628509	0.640585	-0.486496	-0.339338	0.127404	0.878485	0.370234	0.492628	-1.551223	0.675133	-0.147967	-0.308568	1.409629
1.345850	0.539023	0.054923	1.490415	0.119584	-0.263257	-0.664513	0.789206	0.935784	-0.107163	1.530538	1.162384	0.751187	0.935940	1.704139	1.072329	-0.267527	-0.371309	0.356343	1.252016	1.195804	0.467314	-0.137944	0.211979	0.726372	-1.007275	-0.157013	1.057717	-0.212314	1.282968	0.495878	-0.471907	-0.048169	1.065709	-0.133094	-0.041337	0.409828	0.036185	-0.610257	-0.137193	0.128978	-0.235570	-0.394268	0.716805	-0.301180	-0.050691	0.137299	0.649268	0.730081	1.389868	-0.981896	-0.092416	0.086774	-0.332078	0.765137
1.357433	0.471679	-1.355313	0.618558	-0.216013	-0.583706	-1.209875	0.635299	-0.376342	-0.936924	0.150377	0.787822	-0.127609	0.948688	0.579080	-0.037266	-0.593214	-0.168276	0.469743	0.606745	0.029567	-0.865777	-0.855829	-0.193129	0.403840	-1.857982	0.028013	-0.651173	-0.889748	0.546584	-0.586037	-1.314835	-0.231950	0.414844	-0.477766	-1.201023	0.408891	-0.587386	-1.931714	-1.307742	0.509217	-0.473128	-0.758713	0.134381	-0.464806	-0.576368	-0.115509	0.485669	-0.330654	0.863885	-0.797401	-0.543800	-0.141419	-1.265141	-0.269844
0.652148	0.319941	-1.572594	-0.312408	-0.627833	-0.761433	-1.028304	0.339320	-0.810651	-1.484193	-0.759098	-0.677136	-0.669645	0.196336	-1.323405	-1.010682	-0.321378	-0.007743	0.549852	-0.211648	-1.323368	-1.313931	-1.129070	-0.551732	0.279783	-1.842858	0.355032	-1.437114	-0.858581	-0.018759	-0.633612	-1.485903	-0.533383	-0.358522	-0.528936	-1.972026	0.129812	-0.892107	-2.419307	-2.242951	0.663132	-0.660120	-1.141158	-0.334163	-0.671688	-1.023322	-0.373632	0.229622	-1.365007	-0.236634	-0.811924	-0.485780	-0.214292	-1.586053	-0.906048
-0.205462	0.439476	-0.403511	-0.370500	-0.534655	-0.489709	-0.081466	0.271010	0.216531	-0.945441	-0.661262	-1.713094	-0.477126	-0.686499	-2.471927	-1.021847	0.356981	0.130809	0.547899	-0.196813	-1.391751	-0.297120	-0.792721	-0.514478	0.090807	-0.839140	0.256682	-0.548885	0.077843	0.169593	0.278003	-0.830577	-0.501350	-0.562165	-0.064983	-1.563924	-0.112058	-0.590760	-1.669948	-2.134283	0.524636	-0.346790	-1.014601	-0.280670	-0.475058	-0.690042	-0.521640	-0.206164	-1.119040	-0.706986	-0.494328	-0.282336	0.228495	-0.547215	-1.023908
-0.610822	0.552599	0.631261	0.165396	-0.111527	-0.056544	0.732094	0.173516	1.519871	0.171310	-0.461289	-1.485940	-0.042533	-0.712295	-2.156686	-0.245356	0.579662	0.106313	0.373496	0.508917	-0.320525	1.116203	-0.239681	-0.144655	-0.368729	0.094168	-0.077205	0.792074	0.946054	0.731504	1.156636	-0.082792	-0.072955	-0.346903	0.366912	-0.291884	-0.061689	-0.194597	-0.427096	-1.046743	0.075158	0.233153	-0.505642	0.060875	-0.012231	0.095296	-0.498669	-0.584402	0.002040	-0.414955	0.129026	-0.068114	0.639702	0.763609	-0.853479
-0.217427	0.153992	0.447780	0.677660	0.122426	0.084116	0.781340	-0.012158	1.690718	0.863302	-0.844300	-0.326569	0.234253	0.332499	-0.642483	0.737389	0.132012	0.029719	0.139398	1.104239	0.603779	1.870663	0.293972	0.394749	-0.707633	0.075181	-0.040035	1.152276	0.851751	1.071022	1.356107	0.279778	0.576575	-0.147765	0.022178	0.874986	0.258363	-0.122098	0.276341	0.341672	-0.553638	0.509421	-0.034122	0.317386	0.178640	0.561324	-0.111606	-0.499641	0.668495	-0.130742	0.463661	0.352669	0.296428	0.820631	-0.518717
0.714787	-0.725043	-0.501498	0.906222	-0.025830	-0.148598	0.280878	0.099314	0.625486	0.721708	-1.264789	0.833101	0.463049	1.488664	1.185762	1.422453	-0.309827	0.151970	0.038757	1.088675	0.551862	1.869750	0.839302	0.974703	-0.356832	-0.631801	0.494745	0.438798	0.016488	1.007832	1.043877	0.522392	1.126114	-0.123208	-1.162440	1.263412	0.502409	-0.198906	0.099545	1.312460	-1.014591	0.273648	0.249218	0.385762	-0.131769	0.401143	0.665335	0.089074	0.304053	-0.330794	0.220070	0.869947	-0.765983	-0.427290	-0.066464
1.313021	-1.429701	-1.197789	0.802060	-0.316045	-0.398084	-0.212648	0.541239	-0.562501	0.082544	-0.920697	1.223013	0.767636	1.581372	2.290937	1.449806	-0.242720	0.387702	0.102545	0.573061	-0.123962	1.431002	1.210304	1.388990	0.525708	-1.097079	0.939720	-0.410327	-0.618251	0.645638	0.654138	0.971448	1.121622	-0.127238	-2.374428	0.923449	0.304092	-0.029951	-0.474811	1.438696	-0.955710	-0.155797	0.464007	0.280256	-0.617602	-0.102760	1.348395	0.629938	-0.358327	-0.622589	-0.096219	0.856040	-1.745098	-1.507766	0.391078
0.935269	-1.366668	-1.185985	0.470558	-0.370174	-0.232275	-0.355344	0.758074	-0.699874	-0.446974	0.054849	0.826693	0.960218	0.507257	2.188595	0.880145	0.050649	0.382363	0.269045	0.035842	-0.513504	0.864577	0.987093	1.430567	1.072296	-0.770174	0.751659	-0.608108	-0.448435	0.225860	0.479711	1.417628	0.389623	0.071580	-2.477172	0.415928	-0.203429	0.542339	-0.720774	0.752916	-0.343152	-0.354278	0.661362	-0.117607	-0.817386	-0.525114	1.303288	0.487417	-0.249538	-0.342535	0.219626	-0.129434	-1.777348	-1.127015	0.781302
0.022837	-0.707241	-0.632805	0.332569	0.002827	0.371051	-0.136042	0.450402	0.390568	-0.479133	0.837630	0.374461	0.809790	-0.716417	1.336826	0.370046	0.047182	0.063304	0.494430	-0.095303	-0.198953	0.637599	0.091288	1.059360	0.758961	0.051743	0.139486	-0.179804	0.242088	0.176247	0.714672	1.366229	-0.582732	0.496736	-0.936397	0.263487	-0.404265	1.297346	-0.320288	-0.239694	0.391566	-0.274082	0.655204	-0.927385	-0.683745	-0.693184	0.443748	-0.325626	0.712436	0.493301	1.111062	-1.666730	-0.694125	0.382577	1.106809
-0.399157	-0.326439	-0.025739	0.707129	0.541143	0.833210	0.099348	-0.019784	1.613051	-0.179055	0.868508	0.449659	0.279494	-1.179272	0.543536	0.485672	-0.426156	-0.255514	0.577289	0.134704	0.294270	1.024606	-0.984990	0.322816	0.026072	0.527357	-0.255682	0.135256	0.519772	0.721038	1.288062	0.569853	-1.143287	0.739628	1.430587	0.400532	-0.015194	1.667649	0.383553	-0.897313	0.559765	-0.325705	0.157534	-1.939150	-0.672783	-0.791291	-0.685681	-1.075248	1.355737	0.995268	1.657209	-2.757010	0.670945	1.392157	1.224341
-0.084743	-0.858525	0.024957	1.191532	0.617125	0.498134	-0.173532	-0.333147	1.502197	-0.122583	0.223866	0.670454	-0.493709	-0.952499	0.107017	0.887129	-1.228942	-0.350619	0.166081	0.228467	0.113658	1.456423	-1.607635	-0.691260	-0.380280	0.045611	-0.240941	-0.430990	-0.343481	1.335185	1.605927	-0.728296	-1.284392	0.285356	2.812089	0.231463	0.403704	1.116797	0.742082	-0.904294	-0.176030	-0.892370	-0.844781	-2.538141	-1.161955	-1.078440	-1.448609	-1.036682	0.510434	0.335999	1.100905	-2.665070	1.094509	0.739503	0.856805
0.174194	-1.771960	-0.667331	1.058332	-0.053904	-0.460562	-0.991063	-0.649534	-0.147180	-0.515527	-0.586551	0.255419	-1.133649	-0.574565	-0.090595	0.783619	-1.990526	-0.302898	-0.685073	-0.068155	-0.760567	1.036380	-1.428123	-1.575714	-0.348229	-1.041541	-0.274294	-1.710885	-1.884192	1.155027	1.018553	-1.824201	-1.420377	-0.680756	2.087281	-0.471623	0.196121	-0.130893	0.522105	-0.364672	-1.221159	-1.666468	-1.737578	-2.067784	-1.729370	-1.369089	-1.498876	-0.255422	-1.378987	-1.068141	-0.110319	-1.384401	0.282131	-0.927290	0.090206
-0.209183	-1.750518	-1.354158	0.307476	-0.794622	-0.951826	-1.507676	-0.999625	-1.742662	-0.695528	-0.930513	-0.652948	-1.062058	-0.144576	0.087862	0.150488	-2.068298	-0.167607	-1.215601	-0.271062	-1.238042	-0.117099	-0.473234	-1.610602	-0.348175	-1.544381	-0.748139	-2.403756	-2.469582	0.124714	-0.279850	-1.910609	-1.458253	-1.132589	0.170531	-0.949262	-0.376043	-0.965966	0.203538	0.435895	-1.367968	-1.694916	-1.556649	-0.456876	-1.339662	-0.996577	-0.809548	0.466527	-2.320847	-1.665385	-0.630405	0.485144	-0.575582	-1.791828	-0.365046
-0.768769	-0.312927	-0.999143	-0.288182	-0.546974	-0.183622	-0.832146	-0.903457	-1.582042	0.057622	-0.528484	-0.951756	-0.077862	0.551546	0.884977	-0.214876	-1.021340	0.170252	-0.735698	0.187999	-0.408867	-0.820945	0.804768	-0.564456	-0.640013	-0.643460	-1.401374	-1.398814	-0.922455	-0.779084	-1.246634	-0.790364	-0.855449	-0.342927	-0.879546	-0.349986	-0.475577	-0.546906	0.355103	1.140241	-0.111626	-0.447038	-0.031285	1.403571	0.388467	0.335301	0.269185	0.360355	-0.948649	-0.461478	0.257929	2.066475	-0.112856	-0.903339	0.183703
-0.760650	1.304458	0.357617	-0.269429	0.747152	1.203977	0.692772	-0.127347	0.065406	1.269303	0.142989	-0.107833	1.084448	1.223053	1.795983	0.026685	0.611263	0.614760	0.343349	0.938863	1.097868	-0.407902	1.561814	0.663489	-0.941849	1.061663	-1.665095	0.697822	1.833850	-0.740992	-1.115468	0.714365	0.279775	1.028636	-0.181865	0.833109	0.014620	0.511459	0.789129	1.303856	1.493082	1.237512	1.728556	2.153122	2.324565	1.801166	1.016879	-0.532031	1.623687	1.592310	1.668742	2.580513	1.380517	0.758518	1.512107
-0.274685	1.471425	1.473063	-0.008076	1.830885	1.720080	1.618865	0.670219	1.299209	1.560977	0.287372	0.955410	1.266690	1.067317	1.685421	0.161639	1.488563	0.692416	0.765097	0.947066	1.709964	0.343405	1.112079	0.794126	-0.927473	2.086870	-1.421342	2.004584	3.435516	-0.094205	-0.246595	1.368071	0.981094	1.542356	1.095299	1.092198	0.216169	0.725277	0.698845	0.670293	1.801938	1.752811	2.108313	1.219755	2.803902	2.110264	0.823758	-1.407211	2.832824	2.474516	2.020838	1.808101	2.127837	1.496135	2.535766
-0.020097	0.208477	1.435746	0.028585	1.579090	0.773534	1.055017	0.680999	0.992016	0.466081	-0.161450	1.028833	0.186059	-0.159525	0.214036	-0.478189	0.828872	0.128980	-0.123066	-0.047390	0.912392	0.306126	-0.280487	-0.344032	-0.737442	1.693308	-1.141227	1.517884	2.659840	0.221639	0.339180	0.673897	0.734686	0.685629	1.327565	-0.046304	-0.506344	-0.383132	-0.235674	-0.385872	0.484689	0.493827	0.746638	-0.397247	1.517181	1.046723	-0.158969	-1.563761	1.616600	1.411746	0.853450	0.374280	1.102351	0.864393	2.333642
-0.254012	-0.795502	0.795820	-0.062749	0.416912	-0.602327	-0.209645	0.063867	0.012952	-0.704756	-0.383153	0.220493	-1.073068	-1.472387	-1.416155	-1.365411	-0.606913	-0.574086	-1.502161	-0.969052	-0.073725	-0.479506	-1.383261	-1.511605	-0.793198	0.645687	-1.272325	0.229788	0.768388	-0.161286	0.060318	-0.663031	0.320521	-0.523196	0.251104	-1.156461	-1.560212	-1.596920	-1.219923	-0.961954	-0.984576	-1.299946	-0.930187	-0.935806	-0.062366	-0.114882	-1.011947	-1.126772	-0.378026	-0.226387	-0.648133	-0.575515	-0.572719	-0.033252	0.931911
-0.501782	-0.276559	0.757235	-0.000492	-0.212382	-0.964481	-0.585079	-0.281708	-0.163402	-0.364010	0.142643	-0.278990	-1.151255	-1.526351	-1.769820	-1.330698	-1.187247	-0.523938	-1.898499	-0.673217	0.076520	-0.941513	-1.070177	-1.394947	-1.221872	0.244758	-1.721076	-0.195861	-0.108408	-0.803103	-0.763025	-1.388968	0.743592	-0.804090	-1.131492	-0.714128	-1.781912	-1.494433	-1.168895	-0.440986	-0.964866	-1.773510	-1.178255	0.375277	-0.304312	-0.013235	-0.816398	-0.755782	-0.856887	-0.595731	-1.031417	-0.255684	-1.003404	-0.099694	-0.873129
-0.367239	1.177006	1.624184	0.102714	0.341270	-0.080466	0.519068	0.063324	0.723211	1.365983	0.836352	0.146595	0.074825	-0.159456	-0.941768	-0.113067	-0.041926	0.551342	-0.774121	0.602576	1.124007	-0.422585	0.533290	0.035314	-1.678381	0.888584	-2.037473	0.673899	0.603624	-1.175158	-1.370735	-0.766236	1.767852	-0.110636	-1.798028	0.853637	-0.833464	-0.197960	-0.045623	0.818187	0.536416	-0.396873	0.254312	2.508747	0.901243	1.279856	0.528256	-0.713558	0.469381	0.510270	-0.147925	1.015943	0.123705	0.479338	-2.181265
-0.175933	2.036930	2.473520	-0.104025	1.180483	0.925496	2.034659	0.566989	1.687276	2.745416	0.871436	0.776324	1.260430	1.259979	-0.381561	1.118560	2.013103	1.865572	0.824607	1.477055	1.735376	0.447187	2.042817	1.574514	-1.788219	1.731298	-1.939265	1.823915	1.629677	-1.220792	-1.324596	0.778807	2.179357	0.420855	-1.350511	1.697935	0.420853	0.773585	0.977045	1.712614	1.966862	1.539116	1.941229	3.638473	2.226786	2.403118	2.115431	-0.565657	1.823902	1.600050	0.845264	1.957989	1.244124	0.700289	-2.509767
-0.582859	1.578450	2.168091	-0.749958	1.007308	0.865950	2.299289	0.479510	1.670285	2.339175	0.307461	0.541382	0.936209	1.234673	-1.026648	0.911109	3.095294	2.211841	1.220641	0.926746	1.148517	0.372170	2.022034	1.929425	-1.621174	1.584790	-1.494695	1.991437	1.557713	-1.271065	-0.907024	1.866980	1.322159	-0.150536	-0.017637	0.821993	0.882776	0.237795	0.787814	1.350410	1.927493	2.261509	2.208475	2.825071	2.289973	2.151076	2.612703	0.079164	1.541178	1.251089	0.796810	1.426516	0.856225	0.080403	-2.045821
-1.677387	0.338164	0.443454	-1.654545	-0.358389	-0.320562	0.704135	-0.344518	0.343228	0.387550	-0.245171	-0.671197	-0.915515	-0.225333	-2.183011	-0.918666	1.952026	1.045836	-0.241294	-0.766796	-0.200009	-1.186243	0.347865	0.798782	-1.534549	0.102398	-0.878972	0.695456	0.222683	-1.628963	-0.802210	1.328617	-0.185435	-1.478830	1.306061	-0.898858	0.346003	-1.368309	-0.417155	-0.129873	0.441783	1.186738	0.657010	0.741185	0.808895	0.573717	1.333856	0.884244	-0.286347	-0.466943	-0.367368	-0.388694	-0.814593	-0.771374	-1.506071
-2.657086	-0.694278	-1.753186	-2.410683	-1.808861	-1.606138	-1.565512	-1.359464	-1.727168	-1.618187	-0.639605	-1.898836	-2.678027	-1.619885	-2.424401	-2.911610	-0.644082	-0.919504	-2.428167	-2.393087	-1.391537	-3.151309	-1.535488	-0.866818	-1.550141	-1.739647	-0.147346	-1.426757	-1.391519	-2.150793	-1.249020	-0.460427	-1.200026	-2.238546	1.476094	-1.872573	-0.387288	-2.445245	-1.298165	-1.557157	-1.327347	-0.615551	-1.473146	-1.051727	-1.203897	-1.135585	-0.952778	1.160978	-2.134242	-2.192050	-1.692762	-1.948857	-2.178487	-0.794313	-1.435074
-2.509689	-0.876405	-2.808396	-2.444160	-2.123676	-1.919168	-2.448287	-1.839549	-3.282921	-2.288457	-1.095197	-2.100807	-2.648762	-1.673278	-1.247210	-3.247428	-2.317659	-2.163681	-3.392570	-2.845973	-1.804854	-3.573880	-1.893231	-1.625908	-1.167840	-2.351355	0.687922	-2.827229	-2.063280	-2.179061	-1.607645	-1.667589	-1.103377	-1.506431	0.305817	-1.365609	-0.463455	-1.871305	-0.774627	-1.642320	-2.224877	-1.452125	-2.315634	-1.475626	-2.162802	-1.636036	-2.448025	0.752973	-2.498391	-2.542685	-2.048217	-1.888053	-1.946366	0.423063	-1.518239
-1.103176	-0.221503	-1.730356	-1.446023	-1.172461	-1.154537	-0.987060	-1.545504	-3.204898	-1.342773	-1.368782	-1.182705	-0.839314	-0.750038	0.404068	-1.574498	-1.406012	-1.678421	-2.260315	-1.966025	-1.379475	-1.643243	-0.434208	-0.895262	-0.028160	-1.033292	1.450531	-2.120535	-1.287025	-1.180632	-1.102074	-0.952091	-0.181858	0.157802	-0.916260	0.065475	0.036630	-0.165899	0.775131	-0.188607	-1.936900	-0.600444	-1.051149	-0.750122	-1.224829	-0.567025	-1.968657	0.213792	-1.125985	-1.275851	-1.056599	-0.602297	-0.324545	2.071112	-0.926420
0.494493	0.602933	0.713401	0.009381	-0.000715	-0.199330	1.516838	-1.009017	-1.652765	0.269582	-0.935578	-0.098891	0.971294	-0.259192	1.130261	0.535004	1.115073	-0.029361	-0.105490	-0.682295	-0.637683	1.100769	1.328217	0.367354	1.417517	1.134244	1.815219	0.337260	0.160866	0.411576	0.054507	0.843666	0.651385	1.153863	-0.829898	1.200694	0.250845	1.055393	1.808898	1.549464	-1.020806	0.978867	1.186425	0.039268	0.754557	1.025447	-0.210752	0.149340	0.747040	0.498320	0.540478	0.125640	1.246008	2.688648	0.474599
0.996614	0.741570	2.413591	0.731875	0.251342	0.082750	2.677028	-0.974549	-0.114601	1.171726	-0.058023	0.087485	1.165525	-0.842433	0.442321	1.237828	2.574939	1.133821	1.213538	-0.197296	-0.371606	2.157738	1.655999	0.654707	2.239622	2.221387	1.612889	2.271518	0.723861	1.374680	0.773963	1.588772	0.521130	0.523466	0.275349	1.157504	-0.292254	0.844669	1.266813	1.983621	-0.275776	1.631724	2.294719	0.161180	1.864483	1.553202	0.959732	0.635448	1.415559	1.273892	1.486642	-0.641752	1.470647	1.557785	1.657695
0.205192	0.056865	1.906834	0.180499	-0.439954	-0.149246	1.524503	-1.431344	0.138946	0.792503	0.185489	-0.679019	0.078962	-1.682038	-0.832176	0.432784	1.633643	0.845523	1.053157	-0.715286	-0.849082	0.844553	0.436961	-0.314776	2.027103	1.453142	1.079950	1.704806	-0.308035	1.016500	0.475097	0.452425	-0.658023	-0.931225	0.897436	0.183779	-0.969171	-0.043938	-0.119315	0.819612	0.046057	0.826263	1.358217	-0.078289	1.132673	0.495348	0.550639	1.245332	0.355294	0.599883	1.206968	-1.634140	0.427713	-0.428485	1.580619
-0.838756	-0.520414	-0.142331	-0.833505	-0.910008	0.062270	-0.501179	-1.472453	-0.511760	-0.113991	-0.619882	-1.326513	-0.476616	-1.658437	-1.401832	-0.314145	-0.285852	-0.178316	0.549213	-1.084778	-1.321852	-0.919271	-0.804799	-1.233158	1.280599	0.005939	0.708886	-0.686236	-1.704852	0.032375	-0.155032	-1.099300	-1.937488	-1.458638	0.406452	-0.492083	-0.794149	-0.117999	-0.513819	-0.632930	0.424072	-0.247507	-0.366961	0.033568	-0.344526	-0.956047	-0.575676	1.408439	-1.122967	-0.422847	0.353997	-0.910870	-0.573180	-1.532642	0.539332
-0.970247	-0.033615	-1.715847	-1.049210	-0.098841	1.156900	-1.310022	-0.382563	-0.601841	-0.392956	-1.315980	-0.767633	0.537176	-0.634507	-0.706752	0.124073	-1.003390	-0.637264	1.028630	-0.099034	-0.739202	-0.983607	-0.718177	-0.878114	0.777378	-0.454583	0.813503	-2.160706	-1.473886	-0.324619	-0.116800	-1.185091	-2.046670	-0.270749	-0.187947	0.013971	0.334759	0.988072	0.801387	-0.949697	1.272825	-0.180375	-0.953862	0.494371	-0.749443	-1.221033	-0.951117	0.803357	-1.230161	-0.377466	-0.066945	1.432907	-0.420299	-0.926376	-0.168609
0.054344	1.060584	-1.565337	-0.147369	1.588198	2.227878	-0.549868	1.315014	0.458932	0.071021	-0.487360	0.865296	2.021401	0.657627	0.694219	1.025516	-0.352922	-0.397279	2.143408	1.836386	0.897939	0.444908	0.382221	0.274016	0.776573	0.240326	1.239156	-1.058159	0.648394	0.249085	0.578732	0.175660	-0.612515	1.576266	0.140255	1.026738	1.459099	2.004165	2.252489	-0.181528	2.006670	0.765138	-0.130228	0.465383	0.110598	-0.267843	-0.349602	-0.282173	0.209412	0.717696	0.009518	3.009955	0.569643	0.451104	0.100724
1.534943	1.109319	-0.292198	1.056900	2.474914	1.895772	0.257322	2.265245	1.540590	0.209794	1.479194	2.216237	1.966646	1.516523	1.744724	0.950414	-0.053499	-0.459350	2.156397	2.825257	2.212390	1.287579	1.005190	0.668997	0.924531	0.709659	1.476392	1.248317	2.490501	0.853815	1.024096	1.200019	1.295967	2.299986	0.822151	0.925046	1.619550	1.524967	1.625599	0.360443	1.409415	0.878534	0.472878	-0.611464	0.520610	0.299579	0.111590	-0.991905	1.439134	1.312162	-0.240764	1.964505	1.000429	0.915049	0.603361
2.496119	-0.615959	0.609357	1.643809	1.425156	0.056528	-0.138420	1.805254	1.269271	-0.698282	2.539595	2.080969	-0.047746	1.703470	1.778619	-0.157170	-1.015122	-1.193993	0.289235	1.625850	1.843820	0.417844	0.286017	-0.215168	0.772495	-0.051138	1.085034	2.036257	1.845877	0.666503	0.690316	0.624534	2.064370	1.293615	0.502392	-0.748196	0.855663	-0.224284	-1.086394	-0.159226	-0.680544	-0.662940	-0.403036	-2.041087	-0.754999	-0.625532	-0.342222	-0.696732	0.881796	0.276594	-1.097864	-0.656997	0.065406	-0.095609	0.376149
2.372473	-2.490403	0.478303	1.481682	-0.668613	-1.647348	-1.080644	0.791731	0.001046	-1.738751	1.555688	0.767927	-2.060962	1.373526	0.958909	-0.812725	-1.909092	-1.502264	-1.810648	-0.636493	0.137640	-0.905354	-0.993560	-1.062523	0.289061	-1.250059	0.135237	0.566114	-0.692357	0.059605	0.082160	-0.765539	1.173339	-0.220998	-0.812254	-2.286917	0.081509	-1.461258	-3.218982	-1.032042	-2.496987	-2.316220	-1.756780	-2.378711	-2.470432	-1.961944	-0.974809	0.162272	-0.758069	-1.408478	-1.552573	-2.120953	-1.279602	-1.315522	-0.353013
1.395931	-2.186308	0.032160	1.076589	-1.684875	-1.525701	-0.983495	0.580715	-0.474195	-1.317707	-0.117807	-0.211206	-1.870571	0.964969	0.065673	-0.052158	-1.054115	-0.376029	-1.781005	-1.572704	-1.042152	-0.826102	-1.347285	-0.421652	-0.100662	-1.295560	-0.713771	-1.082809	-2.211067	0.056804	-0.019949	-1.213087	-0.218162	-0.560025	-1.459229	-1.679197	0.072892	-0.835123	-2.420174	-0.991362	-2.035972	-1.874869	-1.541803	-1.043470	-2.257842	-1.696573	-0.553863	0.464835	-1.256182	-1.644405	-0.611463	-1.274457	-1.258908	-1.073542	-0.502218
0.404448	0.196194	0.172221	0.791516	-0.749281	0.111288	0.364114	1.264820	0.579356	0.520466	-0.482867	0.010799	0.227247	0.864111	-0.214297	1.157536	0.989300	1.307640	0.361834	-0.440117	-0.548654	0.524877	-0.424843	1.202912	-0.012894	0.007030	-0.764427	-0.842752	-1.102126	0.790375	0.360437	-0.273570	-0.642271	0.450031	-0.437898	0.632091	0.661723	0.887325	0.336791	0.013936	0.309391	0.478628	0.386256	0.797086	0.062119	0.258621	0.742506	-0.161007	0.140529	0.003588	1.015676	0.344135	0.388716	0.562343	0.250534
0.037523	1.867240	0.646502	0.501239	0.661501	1.230348	1.350062	1.523829	1.601746	1.707355	0.315219	0.589565	1.651664	0.906620	0.052082	1.241102	1.914045	1.668279	1.966577	0.897373	0.523997	1.213811	0.528661	1.805250	0.363826	1.066422	-0.088893	0.547514	0.807978	1.155620	0.466622	0.659996	-0.079037	1.269054	0.910153	1.936430	0.995570	1.641998	1.799341	0.698139	1.842196	2.025235	1.746610	1.378777	1.828642	1.624022	1.316851	-0.804796	1.510317	1.463398	1.524116	0.783545	1.712968	1.641240	0.904930
0.148545	0.966661	0.526040	0.083791	0.700389	0.641010	0.768376	0.582183	0.923074	0.833092	0.491777	0.331102	0.841926	0.597288	0.212440	0.238376	0.806806	0.443760	1.174002	0.558519	0.426456	0.309141	0.353385	0.604156	0.469005	0.663114	0.448210	0.788723	0.833436	0.415698	-0.029536	0.353971	0.272864	0.715842	0.708964	0.780106	0.609563	0.679201	0.616264	0.259254	0.929460	1.045713	0.903688	0.415446	1.019158	0.802796	0.395402	-0.549965	0.923791	0.883448	0.448105	0.074548	1.041149	0.850740	0.540951
0.225197	-0.791176	-0.175018	-0.153751	-0.319851	-0.474242	-0.391295	-0.432107	-0.601678	-0.713806	-0.342832	-0.411820	-0.656517	0.022047	-0.038497	-0.362699	-0.550085	-0.563426	-0.539233	-0.705642	-0.591456	-0.741291	-0.400056	-0.702435	0.177361	-0.329199	0.273874	-0.406887	-0.697458	-0.527372	-0.464159	-0.503546	-0.107890	-0.333529	-0.553624	-0.904151	0.021489	-0.440432	-0.938168	-0.449543	-0.754099	-0.715523	-0.706826	-0.574375	-0.835629	-0.774585	-0.678699	0.213757	-0.637903	-0.667883	-0.605819	-0.338634	-0.516189	-0.530272	-0.292647
0.142918	-0.634241	-0.448433	0.002355	-0.553455	-0.347163	-0.408598	-0.078879	-0.782362	-0.697921	-0.621230	-0.372412	-0.507672	-0.101277	-0.252977	0.078899	-0.296745	-0.119318	-0.561572	-0.817621	-0.750156	-0.393562	-0.364232	-0.309352	-0.019183	-0.297766	-0.127326	-0.977301	-1.101996	-0.426227	-0.233284	-0.426360	-0.415173	-0.233410	-0.732529	-0.583104	-0.011305	-0.106924	-0.371263	-0.246706	-0.627447	-0.561534	-0.649019	-0.341657	-0.881616	-0.738767	-0.378197	0.390016	-0.728319	-0.759773	-0.261531	0.136035	-0.601956	-0.416228	-0.360250
0.109324	1.072485	-0.009764	0.120788	0.447489	0.750029	0.553942	1.032088	0.466008	0.587314	0.311575	0.404752	0.909552	0.400305	-0.022678	0.544078	0.832185	0.717939	0.979370	0.315472	0.241325	0.555927	0.461415	0.983666	0.152705	0.643051	-0.021162	-0.007162	0.332196	0.306606	0.149306	0.504762	-0.052596	0.847636	0.479179	1.042011	0.418318	0.968202	1.342473	0.528897	0.985616	1.118223	0.827961	0.446650	0.755737	0.642552	0.635901	-0.207304	0.712169	0.642731	0.663188	0.631420	0.758386	0.884046	0.358172
0.148251	1.423924	0.248082	-0.153958	1.027926	0.968532	0.794752	1.023697	1.007105	0.887483	0.911530	0.579149	1.183969	0.717996	0.310632	0.225287	0.855771	0.470089	1.514278	0.794484	0.678857	0.437420	0.710993	1.002500	0.311768	0.890484	0.426414	0.800554	1.221714	0.331230	-0.031803	0.790388	0.327701	1.086771	1.028633	1.230994	0.600173	0.947185	1.394658	0.598384	1.394037	1.474076	1.207799	0.384439	1.277376	0.978183	0.628551	-0.597682	1.235618	1.122221	0.545626	0.366468	1.203912	1.111528	0.591781
0.111642	-0.549879	-0.148729	-0.293735	0.005030	-0.311773	-0.246599	-0.334301	-0.056905	-0.395167	0.019190	-0.202704	-0.335322	0.270536	0.211819	-0.154160	-0.386068	-0.443199	-0.040704	-0.088397	-0.233036	-0.397335	-0.144595	-0.430102	0.170102	-0.163460	0.519069	0.087117	-0.071693	-0.267760	-0.248097	-0.086398	-0.044350	-0.186263	-0.053353	-0.375791	0.391033	-0.222717	-0.481324	-0.200696	-0.369299	-0.442991	-0.398665	-0.538571	-0.355610	-0.479097	-0.357897	-0.049511	-0.232300	-0.349421	-0.559156	-0.255275	-0.205791	-0.372695	-0.267489
-0.022032	-2.505173	-0.596887	0.175213	-1.563081	-1.639527	-1.312729	-1.309188	-1.082588	-1.442081	-1.187923	-0.780571	-1.671821	-0.411709	-0.188807	0.236085	-1.289216	-0.665504	-1.791483	-0.862743	-1.109992	-0.341961	-1.040286	-1.344133	0.040253	-1.346745	0.186239	-1.028205	-1.953357	-0.190066	0.415088	-0.968458	-0.850844	-1.458006	-1.063736	-1.333048	0.348995	-0.865412	-1.740653	-0.760091	-2.179656	-2.342325	-1.997193	-1.088601	-1.939099	-1.823758	-0.741203	0.862156	-1.791258	-1.847035	-1.188831	-0.463471	-1.612794	-1.623383	-1.225260
-0.190716	-2.240173	-0.677816	0.511874	-1.890661	-1.598442	-1.355854	-0.893978	-0.640229	-1.007193	-1.105033	-0.504602	-1.322996	-0.517462	-0.316431	0.737761	-1.055159	-0.185361	-1.680807	-0.432897	-0.754088	0.450594	-1.056017	-0.737722	0.140843	-1.513267	-0.020853	-1.048818	-2.140848	0.632913	1.315552	-0.940759	-1.238466	-1.296765	-0.468609	-0.452849	0.622774	-0.320969	-0.960809	-0.541941	-1.921363	-2.072075	-1.741694	-0.700819	-1.515860	-1.493753	-0.169550	0.959298	-1.565426	-1.526738	-0.733005	-0.284546	-1.316119	-1.179517	-1.140917
-0.319499	-0.372014	-0.661446	-0.117970	-0.642429	-0.422676	-0.673333	0.008326	0.453792	0.013297	-0.049734	-0.102159	-0.090840	-0.022662	0.011016	0.233484	-0.387062	-0.015834	-0.000899	0.402769	0.129394	0.297698	-0.545907	0.186901	0.087427	-0.827240	0.126393	-0.345045	-0.706630	0.773055	0.874007	-0.453076	-0.833368	-0.199768	0.717471	0.539056	0.588547	0.239110	0.362506	-0.246551	-0.071765	-0.237208	-0.259634	-0.057896	0.012966	-0.218443	0.078751	-0.044134	-0.206170	-0.139278	-0.010458	-0.252013	-0.031735	-0.049111	-0.189633
-0.183678	1.139961	-0.474098	-0.895391	1.083253	0.836903	0.162695	0.412767	0.745388	0.466974	0.592132	-0.096634	0.724440	0.515036	0.398208	-0.914313	0.168164	-0.196334	1.575980	0.628492	0.446676	-0.914658	-0.117927	0.216015	-0.373923	0.038451	0.282010	0.026312	0.721221	-0.251451	-0.864331	-0.150932	0.174573	0.558438	0.691339	0.111592	-0.113529	-0.033673	0.436356	-0.409860	1.500429	1.264306	0.808613	0.198476	0.769425	0.617064	-0.488866	-1.165014	0.644232	0.626790	0.300341	-0.354139	0.678913	0.261907	0.704270
0.418831	1.471553	0.408313	-0.306608	2.155081	1.625313	1.078183	0.588111	0.241940	0.560583	0.477798	0.126705	1.107486	0.708620	0.450519	-1.191600	0.862983	0.207587	2.129073	0.544719	0.371644	-1.253074	0.287115	-0.210981	-0.696081	0.871626	0.151131	0.158746	1.316807	-1.039911	-1.959152	0.113877	1.261837	0.757962	-0.421316	-0.727510	-0.882044	-0.357604	-0.341142	-0.502067	1.869498	1.664991	1.047866	0.255796	0.582459	0.852566	-0.769944	-1.313648	0.755196	0.659571	0.514795	-0.034561	0.633379	0.017069	1.137191
1.218999	1.038645	1.619349	1.368897	2.150201	1.831688	1.794975	0.982967	-0.120374	0.833464	0.314897	1.004820	1.464466	0.530946	0.242531	-0.040680	1.563866	1.211208	1.839323	0.773996	0.537585	0.209245	0.761068	-0.150911	-0.193977	1.579186	-0.107823	0.636177	1.307395	-0.421157	-1.216509	0.584244	1.648872	0.984767	-0.994294	-0.397487	-0.888906	0.201469	-0.464355	0.051500	1.353078	1.366664	1.028637	0.380004	0.495624	0.940448	-0.070898	-0.491927	0.899639	0.870273	0.944871	0.762579	0.606388	0.294736	1.257621
1.588886	0.301624	1.748895	2.114244	1.195668	1.282201	1.535829	1.167400	-0.101022	0.864700	0.415661	1.667820	1.386939	0.177571	0.140189	1.347836	1.377342	1.506972	1.083829	0.926144	0.703263	1.796097	0.865190	0.354064	0.930612	1.651270	-0.141197	1.121058	0.817066	0.822795	0.295070	0.901979	0.849994	1.293383	-0.349713	0.659987	-0.106348	1.140842	0.309783	0.778326	0.474783	0.709449	0.852593	0.267013	0.693802	0.696237	0.741467	0.407463	1.087998	1.197913	1.064218	1.242951	0.714182	0.897089	1.047043
1.252850	-0.435459	0.254488	0.957926	-0.248467	0.024951	0.143608	0.671460	-0.133483	0.030196	0.429159	1.014257	0.390689	0.039167	0.297074	1.572199	0.073790	0.376850	0.092291	0.266294	0.242595	1.591920	0.364840	0.726167	1.716102	0.691121	0.152565	0.863767	-0.203187	1.161038	0.949532	0.701677	-0.546450	1.137400	0.508919	0.844733	0.730555	1.290667	0.833952	0.804117	-0.417041	-0.182549	0.164442	-0.312500	0.367363	-0.218539	0.754203	0.738081	0.640672	0.754891	0.311765	0.762909	0.429778	0.714195	0.332499
0.560555	-0.584929	-1.392213	-0.638201	-1.472157	-1.234295	-1.193124	0.008054	-0.158995	-1.118937	0.269110	-0.609256	-0.854843	0.427434	0.466578	0.705388	-1.069161	-1.022440	-0.758998	-0.897504	-0.633575	0.105801	-0.135333	0.918219	1.496594	-0.743962	0.460502	0.059891	-1.183056	0.404532	0.648848	0.258820	-1.211254	0.402465	0.547783	-0.028447	0.989498	0.536751	0.393007	0.191371	-0.910701	-0.806607	-0.706232	-0.798157	-0.610037	-1.154433	0.422744	0.604781	-0.302650	-0.359462	-0.820657	-0.278031	-0.152854	-0.255846	-0.609533
-0.050862	0.262699	-1.397594	-0.797216	-1.813048	-1.620085	-1.123776	-0.056882	0.346441	-1.274264	0.233937	-1.629740	-1.102145	1.022035	0.326017	0.001904	-0.692810	-1.019745	-0.995639	-1.442543	-1.069826	-0.590590	0.026115	1.174728	0.552332	-1.437771	0.356420	-0.392172	-1.211507	-0.323973	0.347327	0.024506	-0.565971	-0.341669	0.021188	-0.538673	0.707515	-0.141436	-0.398265	-0.116511	-0.734757	-0.556372	-0.756920	-0.483258	-1.121795	-0.947478	0.618824	0.305433	-0.664102	-0.839615	-1.266408	-0.942155	-0.208258	-0.735531	-1.085385
-0.491592	1.426864	0.024055	0.351044	-1.118686	-1.012206	0.195548	0.178407	1.107789	-0.129548	0.158487	-1.100989	-0.139923	0.952386	-0.087521	0.225932	0.796749	0.415446	-0.510485	-0.896354	-0.793280	0.274664	0.552374	1.204932	-0.230106	-0.800651	-0.125286	-0.252335	-0.296167	-0.316286	0.288502	-0.034707	0.468968	-0.678080	-0.255308	0.072869	0.331911	-0.162347	-0.689680	0.324978	-0.213967	0.332674	0.254205	0.346213	-0.345669	0.433446	1.099420	-0.156391	-0.063622	-0.054224	-0.821164	-0.875970	0.472427	-0.178997	-0.771047
-0.755655	1.556288	1.023732	1.157835	0.099656	-0.131425	1.278069	-0.306939	0.899489	1.044144	-0.548090	0.232768	0.934953	-0.171668	-0.344094	0.827819	1.644186	1.627207	0.272036	0.041030	-0.414942	1.401669	0.625938	0.455222	-0.178052	0.449017	-0.332268	-0.092298	0.469170	-0.034458	-0.130380	-0.156021	0.648779	-0.781050	-0.191737	0.732313	0.110586	-0.010275	-0.605210	0.804957	-0.017500	0.793232	1.171198	0.628023	0.934832	1.560656	0.908447	-0.712141	0.457350	0.936882	-0.382045	-0.512792	0.916459	0.343186	-0.103585
-0.632909	0.285441	0.655802	0.794336	1.035201	0.303823	1.124233	-1.616810	-0.723660	0.898696	-1.694776	0.886442	1.082676	-1.553776	-0.099094	0.853199	0.953310	1.294057	0.756021	0.496335	-0.460719	1.426448	0.150466	-0.887123	0.622664	1.082782	0.293915	-0.117943	0.359837	-0.086535	-0.927821	-0.202680	0.007435	-0.849446	-0.294574	0.143462	-0.100125	-0.243533	-0.803868	0.489627	-0.349236	0.175592	0.802006	-0.060669	1.260132	1.218693	-0.065071	-0.822819	-0.056213	0.857718	-0.582743	-0.281583	0.314391	-0.127554	0.310208
-0.015862	-1.123257	-0.034207	0.082530	1.162950	0.213967	0.281862	-2.476439	-2.254647	-0.356887	-2.032842	0.300619	0.408407	-1.966107	0.394838	0.211441	-0.272980	-0.121459	0.630802	0.399613	-0.671107	0.629088	-0.118908	-1.857207	1.464489	0.679978	1.389674	0.228815	0.013845	-0.226087	-1.061081	0.106759	-0.309879	-0.659406	-0.576095	-1.221300	-0.443282	-0.554434	-1.240921	-0.348744	-0.726293	-0.899330	-0.505931	-0.937253	0.383681	-0.143456	-0.860576	0.004524	-0.949010	-0.014116	-0.846404	-0.055915	-0.643374	-0.868095	0.431362
0.733276	-1.253249	0.256226	0.050402	0.554163	-0.072166	-0.076420	-1.797666	-1.753398	-1.288477	-0.822180	-0.720390	-0.245473	-1.141882	0.417730	-0.318601	-0.549097	-1.121612	0.063995	0.244707	-0.499904	0.241879	0.282504	-1.814015	1.675322	-0.055875	1.908596	1.207456	0.438070	0.186132	0.224021	0.582700	0.251005	-0.023219	-0.343947	-1.603499	-0.683333	-0.305801	-1.114783	-0.667763	-0.677139	-1.274439	-1.297650	-1.124157	-0.515694	-1.092846	-0.802030	1.362777	-0.774979	-0.355515	-0.277996	0.462376	-0.559844	-0.598504	0.665679
1.014804	-0.286124	1.172117	0.505505	-0.280312	-0.351618	0.321225	-0.188546	0.580279	-1.051157	0.895293	-1.125448	-0.404882	-0.075878	-0.416920	-0.185137	0.204395	-0.959147	-0.468499	0.229477	0.021247	0.701821	0.811703	-1.125780	1.128596	-0.246283	1.243937	2.021403	1.425483	1.076093	2.137164	0.677146	0.790947	0.641575	0.734904	-0.322002	-0.445690	0.377508	-0.119146	-0.096667	-0.370607	-0.659155	-0.890629	-0.782786	-0.488216	-1.010587	-0.362740	2.094986	0.612559	0.244668	0.910177	1.060980	0.693479	0.465527	1.109666
0.510137	0.267617	1.223930	0.412900	-0.840594	-0.647975	0.616838	0.680088	2.276981	-0.325384	1.349269	-0.824176	-0.387178	0.101418	-1.578624	0.239263	0.679207	-0.300892	-0.657033	0.013962	0.251700	1.186402	0.591771	-0.575365	0.119375	0.128705	-0.176139	1.627041	1.663138	1.526770	2.970805	0.212072	0.148525	0.608801	1.838863	1.163901	0.159668	0.631299	0.887084	0.520382	-0.339382	0.053100	-0.167015	-0.670322	0.028001	-0.622996	-0.381896	1.479221	1.640999	0.696489	1.497528	1.060684	1.582815	0.826678	1.254189
-0.617814	-0.488332	-0.181772	-0.678341	-0.978743	-0.948104	-0.007599	0.057872	1.436512	-0.238182	0.172370	-0.553941	-0.703717	-0.676854	-2.054710	0.195909	-0.103910	-0.177041	-0.709914	-0.650392	-0.223053	0.770055	-0.457226	-0.402350	-1.057521	0.303402	-1.451206	0.022148	0.453518	0.826607	1.905241	-0.354843	-1.436848	-0.319974	1.755890	1.057812	0.428572	-0.050870	0.892587	0.259268	-0.718811	-0.095128	-0.281433	-0.909894	0.028955	-0.746695	-0.841486	0.022110	0.932375	-0.050378	0.748993	0.177232	0.755868	-0.181710	0.588971
-1.866720	-1.700535	-1.981033	-2.019757	-0.857715	-1.086836	-1.279078	-1.127672	-0.949085	-0.805920	-1.229487	-0.746634	-1.278446	-1.452980	-1.407745	-0.466531	-1.579945	-0.648520	-1.042375	-1.330885	-0.953007	-0.398179	-1.431604	-0.225704	-2.202017	-0.257433	-2.070036	-1.674163	-1.238158	-0.652917	-0.153211	-0.496547	-2.422719	-1.512391	0.382171	-0.382330	-0.169038	-1.165203	0.075623	-0.593656	-1.005396	-0.962148	-1.089696	-0.818225	-0.563577	-1.093339	-0.886889	-1.105644	-0.930079	-1.495313	-0.658855	-0.899268	-1.250822	-1.529061	-0.675186
-2.673158	-1.851533	-2.762814	-2.540287	-0.668037	-0.945113	-2.131742	-1.621603	-2.223868	-1.003656	-1.512913	-1.014469	-1.477934	-1.390889	-0.240091	-1.124200	-2.325834	-0.848605	-1.581073	-1.263313	-1.073312	-1.300378	-1.410558	0.180147	-3.022643	-1.188177	-2.116122	-2.398621	-1.838049	-1.847351	-1.609840	-0.262150	-1.778430	-2.134300	-1.031202	-1.161963	-1.228737	-1.796513	-0.449379	-0.888416	-0.656943	-1.512396	-1.392606	0.030928	-0.832796	-0.757610	-0.051340	-1.282977	-2.085697	-2.138079	-1.401015	-1.174061	-2.599134	-1.946014	-1.729555
-2.764013	-0.676800	-2.292723	-2.087403	-0.476490	-0.668866	-1.935799	-1.367443	-1.304610	-0.278985	-0.932133	-0.890896	-0.945279	-0.713364	0.488606	-1.188790	-1.732074	-0.278748	-1.711732	-0.326805	-0.387936	-1.289809	-0.484564	0.396739	-3.183446	-1.707831	-1.884459	-2.139472	-1.016115	-2.107048	-1.756384	-0.197468	-0.242056	-1.999574	-1.315887	-0.285567	-1.758328	-1.610865	-0.163285	-0.194047	0.168756	-1.112752	-0.607800	1.080541	-0.212848	0.356527	0.935259	-0.894338	-1.643987	-1.370633	-0.991610	-0.567953	-2.206714	-1.460962	-1.999361
-2.345254	0.528361	-1.450737	-1.486449	-0.315960	-0.562934	-1.149269	-1.200122	0.250921	0.650602	-0.627672	-0.593862	-0.147536	-0.368411	0.475163	-0.819236	-0.638233	0.403327	-1.103452	0.650273	0.351850	-0.774607	0.319029	-0.079115	-2.634400	-1.564219	-1.547838	-1.650290	0.023998	-1.624335	-1.083680	-0.642233	0.584955	-1.642223	-0.661818	0.880653	-1.349949	-1.043793	0.242926	0.530931	0.686712	-0.261840	0.417429	1.423813	0.693911	1.231784	0.899637	-0.663201	-0.597038	-0.251676	-0.231123	0.000397	-0.775027	-1.016083	-1.627774
-1.830136	0.604228	-0.996855	-1.377343	-0.237105	-0.664953	-0.648285	-1.376861	0.547598	0.817890	-0.892095	-0.614813	0.166418	-0.816839	0.211510	-0.648512	-0.233359	0.224756	-0.242791	0.829864	0.479749	-0.527120	0.151548	-0.916015	-1.745931	-1.180001	-1.172686	-1.370168	0.152280	-0.860832	-0.346786	-1.258098	0.163993	-1.501758	-0.135659	0.599886	-0.712895	-0.661647	0.056838	0.174618	0.426366	0.182357	0.557454	0.952863	0.936919	1.065299	-0.289993	-0.849869	-0.318226	-0.146846	-0.094819	-0.102698	0.192300	-1.020691	-1.070489
-1.365298	-0.006558	-0.846409	-1.387961	-0.158940	-0.486704	-0.652250	-1.176650	-0.261791	0.386144	-0.903603	-0.807910	-0.048386	-1.405938	0.164035	-0.907420	-0.640875	-0.704605	0.195727	0.420167	0.373777	-0.633895	-0.743505	-1.018081	-0.998562	-0.898867	-0.848860	-0.969236	-0.320442	-0.020946	0.129544	-1.356974	-0.464332	-1.256224	-0.264988	-0.712392	-0.811747	-0.592864	-0.255791	-0.977737	-0.068058	0.194230	-0.036819	0.517982	0.483667	0.414724	-1.371205	-1.235648	-0.764449	-0.954533	-0.444950	-0.372891	0.015098	-0.899011	-0.485320
-0.768227	0.045314	-0.504272	-0.714761	0.174377	0.547170	-0.572323	-0.089708	-0.596922	0.445913	-0.108413	-0.458225	-0.029150	-1.115555	0.166565	-1.067602	-0.887630	-1.129093	0.260845	0.407511	0.895499	-0.504016	-1.302235	0.252280	-0.560242	-0.491243	-0.643223	-0.042304	-0.251605	0.747288	0.254128	-0.616293	-0.142301	-0.259675	-0.586493	-1.032360	-1.604751	-0.556911	0.298780	-1.462607	0.200902	0.518743	-0.105479	0.880923	0.196991	0.520485	-1.007204	-1.572964	-0.731494	-1.183635	-0.255896	0.005681	-0.637460	-0.026857	0.213262
0.060050	1.142190	0.205859	0.730534	0.850040	2.214954	0.133651	1.218692	0.158386	1.464952	0.910496	0.664442	0.776027	0.231768	-0.125176	-0.489829	-0.164254	-0.106313	0.539918	1.239993	1.997249	0.186054	-0.750841	2.123578	-0.237403	0.342465	-0.463625	1.076686	0.680024	1.058255	-0.092179	0.618783	0.929745	1.381111	-0.491207	0.460109	-1.960549	-0.239622	1.627628	-0.412236	1.394901	1.432030	0.996173	1.756854	0.610018	1.627751	0.721655	-1.664854	0.361119	0.156705	0.873814	0.868327	-0.644310	1.350242	0.835056
0.843233	2.154814	0.972091	2.084852	1.436752	3.270437	1.176065	1.593531	0.901027	2.456838	1.246030	1.757572	1.810147	1.735577	-0.463076	0.667844	1.173250	1.779322	1.138281	2.162199	2.485272	0.944958	0.605543	2.995833	0.153068	1.227832	-0.118101	1.505685	1.477214	0.606909	-0.803943	1.630014	1.537778	2.528480	-0.012526	2.212618	-0.982372	0.388298	2.374758	1.331291	2.446376	2.087288	2.259605	2.086189	1.164108	2.495152	2.339827	-1.161177	1.576133	2.140578	1.945834	1.224118	0.276374	2.289360	0.839880
1.168620	1.844803	1.297167	2.379529	1.262322	2.530258	1.611614	0.795812	0.465262	2.036358	0.815172	1.791016	1.862461	2.325136	-0.234565	1.416998	1.925105	2.912418	1.372806	2.064589	1.429156	0.983577	1.666605	2.037395	0.473180	1.313146	0.423874	0.777808	1.051172	-0.327301	-1.360994	1.833650	1.003709	2.093535	0.395309	2.262656	0.779802	0.973729	1.576326	2.122532	2.187188	1.464339	2.081103	1.185215	0.889367	1.783776	2.446195	0.171241	1.519549	2.762422	1.678798	0.642729	1.184428	2.016783	-0.036745
0.950307	0.350239	0.896358	1.437606	0.190445	0.297347	0.848192	-0.225238	-0.788935	0.149142	0.279001	0.700881	0.502933	1.705019	0.505333	0.958056	1.292029	2.290886	0.690413	0.796195	-0.533035	0.124903	1.601454	0.072306	0.440762	0.324121	0.878687	-0.555240	-0.398503	-1.007032	-1.232469	1.189193	-0.067655	0.323058	0.520415	0.629823	1.760861	0.999031	-0.077179	1.331636	0.709933	-0.230724	0.218210	-0.490214	-0.343711	-0.291915	1.061058	1.823684	0.013289	1.200628	0.162467	-0.128671	0.928347	0.592366	-1.247543
0.527020	-0.979287	0.032449	0.018017	-1.029107	-1.641242	-0.543122	-0.475441	-1.487861	-1.637081	0.125750	-0.507451	-1.214857	0.471770	0.820653	-0.341699	-0.217936	0.522802	-0.481848	-0.626678	-1.708231	-0.904269	0.644249	-1.226479	0.075681	-0.865214	0.848762	-1.331248	-1.495076	-0.930128	-0.433556	0.288428	-0.596525	-1.254394	0.503797	-0.865626	1.075503	0.304456	-1.046449	-0.042102	-0.684338	-1.562316	-1.712647	-1.701153	-1.532400	-2.009868	-0.475033	2.649074	-1.547844	-1.081783	-1.090175	-0.190116	-0.418609	-1.026624	-1.778668
0.283565	-1.057513	-0.516688	-0.785449	-1.397274	-1.743731	-1.221838	0.007269	-0.951294	-1.764027	0.250373	-0.858165	-1.774447	-0.457081	0.087067	-1.191658	-1.184074	-0.831415	-1.156151	-1.120088	-1.180195	-1.113594	-0.197707	-0.991181	-0.190394	-1.041944	0.274963	-0.821214	-1.163275	-0.280928	0.455327	-0.108023	-0.242259	-1.304262	0.443723	-0.880202	-0.460122	-0.538626	-0.692197	-0.582873	-0.923236	-1.400178	-1.918551	-1.548523	-1.582444	-1.929909	-0.871986	1.986915	-1.598898	-1.824077	-0.848280	0.323430	-1.412970	-1.582724	-1.111382
0.283460	-0.159535	-0.131168	-0.419381	-0.678374	-0.323823	-0.469123	0.379345	0.135598	-0.427007	0.322782	-0.378129	-0.835346	-0.526092	-1.004217	-0.705375	-0.693566	-0.820935	-0.906795	-0.643206	0.161638	-0.237795	-0.200510	0.081147	0.047852	-0.017843	-0.316575	0.565311	0.200254	0.327126	0.822693	0.184970	0.339945	-0.012207	0.308809	0.048983	-1.155631	-0.652306	0.208861	-0.003663	-0.293286	-0.183030	-0.434337	-0.361296	-0.512440	-0.449932	-0.116616	0.532953	-0.092750	-0.442648	0.421711	0.539432	-0.817370	-0.565735	0.256093
0.330943	0.489774	0.905936	0.632942	0.354331	0.851285	0.972156	0.091968	0.710148	0.662391	0.217967	0.140694	0.439688	0.094649	-1.181711	0.611135	0.685966	0.078233	-0.252423	-0.073465	0.637602	0.912788	0.410234	0.584285	0.636307	1.134225	-0.231658	1.635569	1.216707	0.458849	0.546063	0.591180	0.321946	1.195557	0.253294	0.525022	-0.196100	0.109405	0.538603	0.746452	0.067909	0.624442	0.939067	0.549092	0.569819	0.689819	0.662364	-0.278554	1.444676	1.419535	1.164648	0.088681	0.878803	1.156369	1.302194
0.293673	0.120023	1.610175	1.263439	0.770995	0.554337	1.703552	-0.489049	0.538216	0.312935	0.046422	0.175629	0.730158	0.712747	-0.182658	1.366350	1.533233	0.692514	0.078063	-0.083187	-0.284291	1.197579	0.839841	-0.124537	0.888178	1.338639	0.553187	1.542188	1.087789	0.163610	0.002817	0.473513	-0.341894	1.194478	0.531659	0.131609	1.538001	0.807090	0.009405	0.774184	-0.353601	0.226389	0.775031	0.214074	0.722769	0.412331	0.480152	0.188992	1.625222	1.872494	0.623730	-0.512349	1.943854	2.031456	1.414136
0.260286	-0.774354	1.390937	0.838988	0.483278	-0.612862	1.208760	-0.555305	0.226560	-0.750071	-0.021030	0.028100	-0.017194	0.786684	0.960468	0.805577	1.136337	0.506294	-0.011182	-0.419950	-1.377436	0.312194	0.629957	-1.329040	0.326827	0.707576	1.153379	0.550129	0.345413	-0.217288	-0.372615	-0.096711	-0.814733	0.245727	0.909977	-0.297652	2.367576	0.540610	-0.755668	0.245885	-0.875990	-0.680099	-0.341023	-0.888287	0.183241	-0.568534	-0.461731	1.106126	0.662513	0.798214	-0.340459	-0.684112	1.396746	1.381938	0.797243
0.409718	-1.091987	0.715717	-0.102981	0.204759	-1.080272	0.295602	0.237859	0.317025	-0.872834	0.125154	0.322047	-0.666227	0.445784	1.285372	-0.338654	0.195542	0.067681	-0.025478	-0.416394	-1.124443	-0.848535	0.100727	-1.712455	-0.588190	0.208437	0.705346	-0.327789	-0.012685	-0.396144	-0.458037	-0.461551	-0.278477	-0.473679	0.675106	-0.041478	1.513146	-0.227963	-1.001007	-0.048791	-0.628238	-0.842182	-0.699005	-1.296351	-0.070834	-0.799844	-1.063123	1.188696	-0.104334	-0.381074	-0.465068	-0.423384	0.083486	0.104811	0.115468
0.759061	-0.394269	0.459251	-0.468581	0.425235	-0.238665	0.019949	1.402779	0.698150	0.383880	0.445579	1.109047	-0.292631	0.240507	0.991536	-0.694475	-0.104397	0.072700	0.344140	0.012139	0.433019	-1.110019	-0.089393	-0.690677	-0.777759	0.379725	-0.508323	-0.378703	0.246813	-0.297208	-0.376322	-0.240341	1.061179	-0.227485	-0.371899	0.525146	-0.099389	-0.139240	-0.558740	0.177081	0.250465	0.073798	0.309071	-0.242409	0.388179	0.095953	-0.593012	0.189458	0.132391	-0.520066	0.321313	0.000277	-0.438028	-0.409151	-0.129359
0.997251	0.678649	0.729287	0.011163	0.722362	0.852488	0.447560	2.051080	0.859261	1.628968	0.678164	1.616552	0.704369	0.371585	0.831974	0.105729	0.469362	0.337263	0.715757	0.170403	1.646248	-0.339024	0.217929	0.920322	0.191439	0.766746	-1.235131	0.165743	0.486558	-0.044109	-0.227202	0.122019	2.000438	0.547097	-1.371938	0.498539	-0.825627	1.117344	0.074506	0.381693	0.766149	1.172745	1.475916	1.376590	0.926948	1.068403	0.447463	-0.910758	0.844275	0.122563	0.924218	0.431086	0.221911	0.100287	0.058559
0.652189	1.157918	0.701890	0.333103	0.342735	0.772263	0.656216	1.660559	0.528149	1.292745	0.488096	0.992865	1.044364	0.390979	0.873737	0.931097	0.920834	-0.043470	0.444876	-0.565119	1.116186	0.320003	0.395541	1.606103	1.417302	0.610514	-0.675864	0.473298	0.100244	0.132104	-0.008258	-0.174616	1.508661	0.825169	-1.403840	-0.395923	-0.104337	2.042680	0.256009	-0.046486	0.273739	1.379704	1.355044	1.957608	0.694429	0.978580	0.825934	-1.160940	0.940221	0.434897	0.459732	0.613652	0.931574	0.593566	0.287846
-0.346208	0.715721	-0.216038	-0.482185	-0.692241	-0.539571	-0.072922	0.547034	0.059671	-0.487633	-0.103520	-0.627320	0.100231	-0.155629	0.531048	0.514007	0.261998	-1.469703	-0.488696	-1.836468	-0.663993	-0.232328	-0.244474	0.667329	1.620621	-0.207617	0.592407	0.067964	-0.758809	0.113404	0.299232	-1.275597	-0.144878	0.179334	-0.701478	-1.485105	0.992893	1.121427	-0.192062	-1.005862	-0.813498	0.562484	0.000900	0.994086	-0.294443	-0.113066	-0.065434	-0.696221	0.047983	-0.224757	-0.838181	0.103215	0.569149	0.208708	0.230093
-1.289296	-0.093061	-1.370100	-1.856193	-1.436523	-1.684988	-1.250081	-0.358683	0.144440	-1.959145	-0.547308	-1.937963	-1.244122	-0.969555	-0.264842	-0.910725	-1.146259	-3.000646	-1.242346	-2.431951	-1.803723	-1.591836	-1.476949	-0.995738	0.680868	-1.024131	1.359403	-0.599065	-1.321685	0.103462	0.665460	-2.323376	-1.557218	-0.734010	-0.250750	-1.842575	1.162877	-1.042829	-0.834491	-1.777584	-1.512757	-0.418194	-1.193368	-0.413534	-1.127306	-1.085106	-1.493618	-0.351319	-1.068244	-1.323098	-1.979180	-1.067431	-0.534662	-0.576711	-0.017584
-1.234498	-0.437881	-1.471515	-2.061820	-1.059904	-1.385750	-1.606317	-0.326714	0.912488	-1.640810	-0.349748	-1.637231	-1.506319	-1.212478	-0.679779	-1.771235	-1.832784	-3.088988	-0.928803	-1.477001	-1.115195	-2.161642	-2.214724	-1.770152	-0.220786	-1.090478	1.187149	-0.673523	-0.983992	0.436941	0.941379	-2.298750	-1.524107	-0.905863	-0.390738	-1.159197	0.436925	-2.218895	-1.057926	-1.764954	-1.226296	-0.632802	-1.115142	-0.881721	-0.987264	-0.956774	-2.128308	-0.557416	-1.331408	-1.705678	-2.095430	-1.908695	-1.068099	-0.638471	-0.080550
-0.091424	-0.043040	-0.227239	-0.366176	0.213928	0.161745	-0.592867	0.479227	1.469171	0.152978	0.211847	0.154343	-0.293651	-0.506882	-0.086518	-1.038762	-0.930092	-1.274443	0.369741	0.529643	0.641782	-1.068955	-1.680164	-0.974550	-0.072293	-0.338672	0.670793	0.014922	0.036892	1.039862	0.838296	-1.113691	-0.154907	-0.092297	-0.534164	0.007958	-0.122282	-1.190059	-0.629256	-1.020683	-0.171953	0.020886	-0.020832	-0.216796	-0.022670	0.161420	-1.400445	-0.972935	-0.537782	-0.855070	-1.034259	-1.332147	-0.460375	0.240116	0.176257
1.112572	0.580874	1.127263	1.786328	1.357208	1.643226	0.830516	1.179510	0.832649	1.752888	0.403188	1.903060	1.228619	0.533275	0.914770	0.480892	0.668345	1.102426	1.555222	2.078354	1.797878	0.671694	-0.298449	0.543329	0.725544	0.551300	0.385193	0.682668	0.878644	1.272660	0.186401	0.353075	1.324967	0.942620	-0.252019	0.793670	-0.064894	0.831736	0.175348	-0.097743	0.937344	0.802816	0.947101	0.656784	0.835164	1.232671	0.024388	-1.042704	0.432984	0.495760	0.538693	0.444755	0.419220	1.079367	0.425217
1.276993	0.740505	1.177800	2.231510	1.575580	2.069624	1.197338	1.080151	-0.697752	1.891221	0.090940	2.197949	1.629544	0.915441	1.080822	1.074574	1.241189	2.147415	1.556958	2.115644	1.664398	1.287962	0.780712	1.406997	0.876204	0.842223	0.123922	0.549952	0.937689	0.581095	-0.719891	1.226645	1.770456	1.281833	0.094542	0.830202	-0.149128	1.725163	0.901181	0.494661	1.509953	0.940179	1.016156	0.927385	0.855515	1.329879	1.035383	-0.582921	0.653132	1.144821	1.598835	1.891443	0.424761	0.968459	0.266277
0.382368	0.301676	-0.086524	0.533142	0.953756	1.554881	0.194464	0.317200	-1.763923	0.797508	-0.108646	1.081138	0.709641	0.327499	0.031238	0.140314	0.224121	1.309710	0.404002	0.973332	0.915550	0.295227	0.895262	1.086851	-0.158449	0.449546	-0.511066	-0.229794	0.436581	-0.734922	-1.269203	1.344575	1.074708	0.777689	0.029655	0.444909	-1.030456	0.851673	1.255184	0.635560	1.429545	0.382205	0.390819	0.619217	0.186251	0.488686	1.118370	0.137719	0.134058	0.705360	1.594728	1.821590	-0.464311	0.100022	-0.257033
-0.567652	-0.263575	-1.321842	-1.481779	0.180278	0.790416	-1.006704	-0.397322	-1.620605	-0.350525	0.098506	-0.221772	-0.448769	-0.531140	-1.211926	-1.134544	-1.147747	-0.178049	-0.780527	-0.187014	0.350931	-1.011703	0.381638	0.219833	-1.360510	-0.078145	-1.162833	-0.828855	-0.023176	-1.631901	-1.135201	1.027569	0.056362	0.060716	-0.278279	0.107854	-1.978304	-0.510467	1.152678	0.485884	0.941636	-0.266206	-0.227027	0.177812	-0.450237	-0.448988	0.600850	0.641652	-0.400462	-0.113528	0.880298	0.690632	-1.228771	-0.632609	-0.656636
-0.632321	-0.464776	-1.288162	-1.700033	-0.171601	0.208082	-1.079068	-0.519823	-0.828495	-0.694382	0.197375	-0.636221	-0.727982	-0.716387	-1.333090	-1.175045	-1.276899	-0.735836	-0.878537	-0.563375	0.020078	-1.076842	-0.035131	-0.262818	-1.252056	-0.197053	-0.976330	-0.682948	-0.179790	-1.278915	-0.528667	0.544700	-0.444950	-0.211110	-0.291358	-0.063697	-1.598099	-0.822857	0.628194	0.213952	0.323442	-0.441019	-0.408278	-0.166330	-0.541010	-0.730745	0.080718	0.582916	-0.426697	-0.425942	0.212677	-0.122465	-1.013385	-0.660902	-0.499085
0.177233	-0.274636	-0.038617	0.024388	-0.084772	-0.196418	0.051382	-0.111329	-0.093539	-0.309126	-0.175387	-0.157087	-0.067378	-0.087148	-0.211026	0.189448	0.005822	-0.102282	0.120609	-0.248087	-0.328799	0.227371	-0.096474	-0.142787	0.324911	0.119797	0.185321	0.065258	-0.155251	0.143516	0.206642	-0.006785	-0.330174	0.020425	0.129752	-0.180575	0.288257	0.081012	-0.166709	-0.101285	-0.299681	-0.138066	-0.231399	-0.445034	-0.160313	-0.358297	-0.213275	0.040630	-0.021027	-0.101804	-0.106073	-0.091753	0.072200	-0.127228	0.159341
