X1	X2	X3	X4	X5	X6	X7	X8	X9	X10	X11	X12	X13	X14	X15	X16	X17	X18	X19	X20	X21	X22	X23	X24	X25	X26	X27	X28	X29	X30	X31	X32	X33	X34	X35	X36	X37	X38	X39	X40	X41	X42	X43	X44	X45	X46	X47	X48	X49	X50	X51	X52	X53	X54	X55
0.062338	-0.121961	-0.014893	0.075708	-0.179605	-0.047647	-0.080717	-0.121954	0.017798	-0.066323	-0.136858	0.016152	-0.047449	-0.085858	-0.137671	-0.001587	0.061534	-0.015201	-0.085158	-0.090792	-0.044749	0.013540	-0.219564	-0.366506	-0.114318	-0.188424	-0.121953	-0.031328	-0.166814	0.045932	0.076850	-0.327080	-0.093265	-0.179678	-0.222542	-0.422568	-0.131631	0.057466	-0.200278	-0.311948	-0.269851	-0.195329	-0.235291	-0.273364	-0.164571	-0.135132	-0.317062	-0.205729	0.054968	0.016126	-0.228402	-0.099101	-0.094644	-0.249218	-0.165500
-0.677578	-0.732486	-1.784578	-0.158018	-1.494063	-0.811598	-1.085197	-0.335355	1.002529	0.713226	1.325119	0.267915	-0.321192	-1.516725	-0.792153	0.734466	-0.539716	-0.125923	-1.311593	-0.675583	-0.232189	-0.327731	-1.352155	-1.895289	0.030245	-1.120236	-0.915366	-0.216458	-0.271802	-0.029750	0.192850	-2.003181	-0.427678	1.379615	-0.023161	-1.391186	-2.929281	-1.482541	-0.550269	-1.365537	-1.017639	-0.009770	-0.191689	0.261820	0.163485	-0.344528	-1.266944	-0.931071	-1.505680	-1.623701	-2.091892	-2.358255	-0.025338	-0.284113	0.252628
-1.569294	-0.502147	-2.567673	-0.429255	-1.767502	-0.641308	-1.260160	-0.601516	0.750292	0.214771	1.005003	-0.313377	-0.089381	-2.075753	-0.467587	1.456056	-1.033786	0.261591	-1.013822	-0.857553	-1.014199	-0.138820	-1.139897	-1.573503	-0.402923	-1.368071	-1.045907	-0.691709	-0.799269	-0.636327	-0.237378	-1.895279	-0.953556	1.638331	0.563022	-1.080740	-2.918178	-1.200228	-0.411866	-0.912562	-1.021753	-0.123391	-0.645917	0.184323	0.002738	-0.843948	-0.898465	-0.993481	-2.133134	-2.534990	-2.742833	-2.580525	0.408400	-0.162333	0.108619
-1.938821	0.487839	-1.981052	-0.411046	-0.912705	0.335535	-0.580585	-0.679486	-0.497383	-1.054641	-0.497478	-1.259509	0.623230	-1.723236	0.775010	1.992003	-1.190626	0.968847	0.515229	-0.548916	-1.871438	0.752450	0.065645	0.125873	-0.860518	-0.917271	-0.471790	-1.051763	-1.368438	-1.285199	-0.757368	-0.327340	-1.270414	0.746070	1.239904	0.156758	-0.326744	0.440201	-0.175002	0.662817	-0.333846	-0.492146	-1.257057	-0.206099	-0.376077	-1.242718	0.593468	-0.451042	-1.661856	-2.474666	-2.222687	-1.088362	0.837281	0.023854	-0.401359
-0.984902	1.321728	-0.529402	0.200608	0.264924	1.056044	0.304530	-0.276012	-1.279325	-1.373155	-1.133705	-1.337192	1.195075	-1.121003	1.918299	2.004798	-0.772156	1.314807	1.564563	-0.013541	-1.697192	1.868535	0.749095	1.165295	-0.288432	-0.264189	0.351586	-0.650256	-1.162835	-0.959566	-0.471330	0.867868	-0.805663	-0.098466	1.315999	0.922605	2.123149	1.339083	-0.490128	1.639558	0.308445	-0.744921	-1.129986	-0.097520	-0.363915	-0.872418	1.793058	0.132003	-0.635958	-1.660642	-1.412958	0.123867	0.601347	0.057417	-0.460287
0.891232	1.219845	0.729067	1.034072	0.919643	0.686038	0.828544	0.497102	-0.580743	0.027770	-0.145779	-0.182788	0.962665	-0.776629	2.045577	1.266149	0.167107	0.894837	1.025701	0.381451	-0.257890	2.282095	0.216485	0.568148	1.272367	0.220060	1.027518	0.428973	-0.002521	0.454262	0.602750	0.688740	0.295204	-0.200088	0.570250	0.643698	2.354570	0.416312	-1.113680	1.134090	0.335683	-0.549450	0.019378	0.651707	0.047504	0.232583	1.693732	0.460566	0.355040	-0.464540	-0.770719	-0.034583	-0.233779	-0.038197	0.359757
2.157236	0.323707	1.047826	1.189868	0.829404	-0.475088	0.908081	1.130113	0.995019	1.948604	1.217318	1.163679	-0.090749	-0.545778	1.171695	0.020158	1.139332	0.031526	-0.427882	0.473099	1.384032	1.427538	-0.662215	-0.636851	2.389030	0.512754	1.406433	1.330242	1.322198	1.723629	1.357201	-0.087349	1.147552	0.013970	-0.424325	0.104679	0.810395	-1.158980	-1.124352	-0.009295	-0.042294	0.034005	1.291310	1.216369	0.263010	1.173661	0.627396	0.688405	1.071895	0.715150	-0.057568	-0.733032	-0.799910	0.047462	1.394202
1.749132	-0.487350	0.640360	0.206364	0.371427	-1.324801	0.735603	1.231981	1.849251	2.554510	1.560245	1.447771	-1.265702	-0.009956	0.009191	-1.062371	1.542390	-0.557392	-1.217328	0.412903	1.980685	-0.247965	-0.782503	-1.020279	1.834409	0.665133	1.348265	1.384801	1.898365	1.540686	0.911448	-0.270978	1.121584	-0.095630	-0.859198	0.138853	-0.620032	-1.565725	-0.239339	-0.542347	-0.117479	0.604073	1.550129	0.885804	0.011266	1.166057	-0.403968	0.846567	1.436496	1.425318	0.850204	-0.692406	-0.496095	0.450747	1.541959
0.200832	-0.506263	0.320731	-1.309623	0.042431	-1.133934	0.490014	0.901725	1.121384	1.386343	0.883545	0.556094	-1.784552	0.841244	-0.879684	-1.441043	1.210354	-0.498001	-0.624687	0.436537	1.326239	-1.627729	-0.168025	-0.415033	0.114875	0.653087	0.700565	0.748348	1.607465	0.058897	-0.289971	0.241907	0.525691	-0.384279	-0.460426	0.543914	-0.759423	-0.551241	0.767662	-0.277348	0.457841	0.842976	0.817402	0.069026	-0.228760	0.420774	-0.812226	0.613468	1.310278	1.335176	1.511879	0.175873	0.207342	0.792872	0.599895
-1.001219	0.075375	0.478510	-2.130986	-0.015063	-0.274484	0.265269	0.466892	-0.402392	-0.275476	0.080373	-0.462444	-1.424721	1.419267	-1.459471	-1.180297	0.560897	-0.168851	0.475166	0.480360	0.305470	-1.930588	0.342377	0.292818	-1.075781	0.530561	-0.354360	0.025953	0.992932	-1.136331	-0.947587	0.662875	0.084986	-0.223755	0.294933	0.556764	-0.018591	0.476947	1.036977	0.063718	1.115298	0.785227	0.211842	-0.233143	0.044232	-0.199709	-0.654540	-0.139532	0.710159	0.671794	1.473624	0.972522	0.299792	0.535874	-0.485670
-0.905441	0.380671	0.721221	-1.447592	-0.055816	0.280868	0.082985	-0.005720	-1.227960	-0.937935	-0.277784	-0.514954	-0.553647	1.058638	-1.799996	-0.785990	0.128482	-0.290163	0.626830	0.180293	-0.073973	-1.277861	0.244237	0.404090	-0.838660	0.464965	-1.215287	-0.377281	0.450039	-0.688144	-0.327903	0.436575	0.036802	0.429445	0.681899	-0.105085	0.420758	0.347244	0.471897	-0.107557	0.828760	0.612515	0.429618	0.182212	0.584415	-0.235478	-0.255884	-0.998542	0.069289	0.322027	0.942613	1.130571	-0.554266	-0.338780	-0.801687
0.187167	-0.122370	0.636101	0.417827	-0.256548	0.082058	-0.053656	-0.621426	-0.787139	-0.391016	-0.239830	0.500663	0.294834	-0.183764	-1.640400	-0.625930	0.056003	-1.008371	-0.535192	-0.558583	0.369205	-0.384394	-0.203663	0.006217	0.040443	0.514882	-1.366626	-0.395247	-0.054984	1.014524	0.962875	-0.243750	0.099402	0.848118	0.426986	-0.959694	-0.023605	-0.545476	-0.404168	-0.686763	-0.633966	0.386414	0.881973	0.446163	0.751028	0.022313	0.043737	-1.425924	-0.084056	1.006505	0.617441	0.939813	-1.560236	-1.160373	-0.451502
1.227662	-0.906163	0.435923	2.170380	-0.351416	-0.374389	-0.064091	-1.114711	0.156939	0.445435	-0.065189	1.644185	0.812257	-1.326018	-0.694288	-0.606095	0.125879	-1.549485	-1.818795	-1.162945	0.931715	0.133599	-0.410176	-0.389561	0.337795	0.513530	-0.873598	-0.115598	-0.519319	2.205001	1.636519	-0.772027	0.125867	0.558212	-0.140237	-1.271396	-0.788699	-0.983815	-0.928672	-1.043002	-2.083166	0.133120	0.688110	-0.111849	0.421820	0.186618	0.043003	-1.213876	0.250579	2.210505	0.851064	0.847885	-1.622748	-1.177034	-0.103935
1.457953	-0.996266	0.490554	2.596560	-0.048402	-0.396638	0.129976	-0.933430	0.595840	0.771881	0.052240	1.854663	0.986326	-1.365954	0.680888	-0.397584	0.158832	-1.071974	-1.842175	-0.950106	0.912871	0.224528	-0.071564	-0.469799	-0.042854	0.264782	-0.236542	0.289877	-0.652134	1.724720	1.121257	-0.717808	0.263551	-0.008474	-0.561490	-0.782651	-0.990014	-0.498171	-0.646885	-0.657915	-2.067071	-0.043461	-0.005091	-0.960087	0.092818	0.301326	-0.125753	-0.498679	0.524053	2.492012	1.157105	0.776610	-0.576618	-0.407889	0.032636
1.004625	-0.269228	0.606316	1.664171	0.321533	-0.022275	0.357611	-0.131412	0.309799	0.579361	0.015806	0.978945	0.880440	-0.419784	1.517770	0.100362	0.202558	0.184041	-0.649096	-0.089931	0.440327	0.285368	0.455857	-0.383659	-0.236752	-0.191325	0.144723	0.580755	-0.300866	0.348864	0.190331	-0.217815	0.443625	-0.281847	-0.633907	-0.102477	-0.569244	0.213154	0.276833	0.150712	-0.675504	-0.146653	-0.306632	-1.037048	0.092107	0.515560	-0.131090	0.244339	0.300303	1.219592	0.721979	0.356344	0.547415	0.182368	0.295830
0.486755	0.354794	0.287494	0.408075	0.123434	0.116983	0.268095	0.368833	-0.262109	0.221227	-0.181899	-0.142912	0.435916	0.435089	1.215106	0.571936	0.341396	0.978343	0.438523	0.434164	0.150796	0.496243	0.436373	-0.438714	0.193738	-0.551750	0.239271	0.593431	0.204916	-0.265118	-0.005187	0.192058	0.258486	-0.453173	-0.333758	-0.165427	-0.168140	0.240318	0.942063	0.388844	0.514048	-0.336185	0.072743	-0.111417	0.150158	0.626085	0.098663	0.318149	-0.301384	-0.524042	-0.568836	-0.443978	0.650978	-0.318502	0.743677
0.150893	0.209225	-0.449295	-0.341947	-0.533960	-0.214954	-0.159653	-0.065990	-0.712674	-0.152345	-0.473327	-0.627249	-0.349509	0.542406	0.278395	0.581694	0.496320	0.460400	0.487991	0.048973	0.192391	0.387567	-0.291867	-0.563540	0.695389	-0.506877	0.245748	0.378242	0.416360	0.258392	0.555136	0.275443	-0.383757	-0.926543	0.251177	-1.035714	0.004753	-0.486894	0.545216	-0.293607	0.513614	-0.559527	0.449099	0.989966	-0.079536	0.304491	0.284032	-0.452978	-0.828201	-1.277694	-1.801612	-1.178095	-0.120009	-1.473898	0.796836
-0.305978	-0.157564	-0.965364	-0.719276	-0.686568	-0.422366	-0.405449	-0.773028	-0.899650	-0.548737	-0.714130	-0.438902	-1.059298	0.401526	-0.289384	0.057412	0.524038	-0.786167	-0.022070	-0.571458	0.080803	-0.529579	-0.828219	-0.309982	0.572015	-0.052219	0.347047	0.141429	0.294236	0.594498	0.676299	0.402333	-0.873341	-1.260271	0.792403	-1.592186	0.402133	-1.106146	-0.535956	-0.837945	0.161215	-0.431262	0.201855	1.403317	-0.411451	-0.393636	0.220722	-1.160791	-0.877736	-0.955768	-1.896762	-1.306137	-0.543389	-1.671422	-0.007152
-1.013101	0.241121	-0.694652	-1.166556	0.234082	0.162500	-0.005710	-0.614663	-0.782281	-0.845458	-0.715766	-0.255302	-1.007859	0.780766	-0.222110	-0.562153	0.422206	-1.333361	0.047547	-0.288445	-0.418374	-1.731772	-0.177447	0.472783	-0.119291	0.481209	0.543419	0.061606	0.164017	-0.401090	-0.452919	0.874096	-0.545846	-0.622215	0.924372	-0.815435	1.106920	-0.687910	-0.978738	-0.022715	0.776823	0.212046	-0.378755	1.078252	-0.338755	-1.016430	0.037128	-0.709438	-0.311234	-0.611668	-0.713639	-0.603698	0.116181	-0.048445	-1.180042
-1.472275	1.409657	0.268530	-1.580587	1.522630	1.326049	0.759401	0.447462	-0.439531	-0.815212	-0.421802	-0.575495	-0.005623	1.540246	-0.105367	-0.675564	0.283133	-0.451944	1.095716	0.999264	-0.868696	-1.900464	1.391760	1.288431	-0.716325	0.751067	0.636273	0.153512	0.274624	-2.065605	-2.027683	1.313161	0.451360	0.753682	0.755438	0.931468	1.409301	0.767506	-0.050830	1.801218	2.219016	0.883926	-0.556383	0.566143	0.260881	-1.120941	0.008705	0.730189	0.554369	-0.795187	0.817689	0.607329	1.139553	2.115411	-1.603062
-1.144730	2.214895	1.223855	-1.513562	1.977466	2.053700	1.106362	1.329016	-0.162475	-0.370016	-0.045562	-1.126954	1.207805	1.755523	-0.260922	-0.020692	0.096619	1.126861	2.313142	2.058633	-0.841582	-0.456950	2.482649	1.567080	-0.700338	0.696398	0.432569	0.253779	0.546310	-2.651976	-2.420079	1.212084	1.239100	1.558998	0.780940	2.321309	0.826311	2.202227	1.467135	2.972994	2.985474	0.907814	-0.148025	0.264862	0.868266	-0.579950	0.314381	1.863297	0.989466	-0.967304	1.547916	1.479331	1.253236	2.637464	-0.706939
-0.231680	1.659087	1.429505	-0.866964	1.252688	1.578596	0.697691	1.287407	-0.186716	0.288646	0.101238	-1.214422	1.616262	0.899895	-0.205048	1.072402	-0.195873	2.002964	2.498327	1.694393	-0.532648	1.559123	2.093591	1.283927	-0.144930	0.459943	-0.020215	0.129877	0.632875	-1.395658	-1.054381	0.761393	1.115315	1.086107	1.073121	2.469908	-0.037880	2.470023	2.152454	2.456084	2.047028	0.213007	0.290896	0.107161	0.815305	0.333380	0.867875	1.887675	0.468878	-0.596613	1.043061	1.199002	0.201438	1.034828	0.858761
0.482204	0.070476	0.726077	0.015413	0.077535	0.272494	0.065561	0.679080	-0.346271	0.689033	-0.100858	-0.622850	1.040357	-0.398602	0.446670	1.855844	-0.483815	1.519800	1.315015	0.169624	-0.425812	2.502498	0.630885	0.755593	0.372384	0.158235	-0.494131	-0.332716	0.164238	0.547798	0.851434	0.534532	0.226926	0.081207	0.988173	1.573172	-0.153721	1.439670	1.504863	0.927311	0.076216	-0.533825	0.236259	-0.061918	-0.018690	1.037024	1.199742	1.293764	-0.707409	-0.135326	-0.102695	-0.108558	-0.964431	-0.797215	1.740713
0.479869	-1.142763	-0.368799	0.733638	-0.662691	-0.611191	-0.078820	0.140515	-0.285134	0.331992	-0.547947	-0.008426	0.374890	-0.949708	1.100881	1.756369	-0.608072	0.281014	-0.276165	-1.074819	-0.685121	1.799721	-0.623615	0.151089	0.219448	-0.145894	-0.842296	-0.990399	-0.875657	1.278068	1.481947	0.522551	-0.640763	-0.398119	0.058252	0.420949	0.627569	0.079685	0.385432	-0.106798	-1.233779	-0.615822	-0.174567	-0.129578	-1.028965	0.976898	0.734573	0.950810	-1.678393	-0.458203	-0.802545	-1.250344	-1.060934	-0.790939	1.016370
-0.051655	-0.985328	-1.203388	1.007814	-0.718852	-0.229712	0.247744	-0.311793	-0.024935	-0.837221	-1.066668	-0.205845	0.570019	-0.339030	0.805932	0.996875	-0.690965	-0.637269	-0.995641	-1.087380	-1.136865	0.380882	-0.752591	-0.462177	-0.702844	-0.353990	-1.054939	-1.476358	-1.895016	0.135743	0.260552	0.095689	-0.845278	-0.243315	-1.133877	-0.333285	1.322819	-0.488370	-0.007235	0.134279	-0.901920	-0.050089	-0.460643	-0.010009	-1.434672	0.068439	-0.518128	1.005288	-1.879565	-1.570811	-0.513853	-1.191011	0.057596	0.904930	-0.961404
-0.601728	0.066618	-1.464433	0.655281	-0.435154	0.864584	0.412613	-0.954525	-0.013635	-2.143378	-1.447025	-1.219097	1.495928	0.577634	-0.446468	0.481262	-0.964311	-0.727008	-0.608357	-0.388550	-1.590009	-0.420937	0.163229	-0.812062	-1.705207	-0.362357	-1.085123	-1.418926	-2.013745	-1.641455	-1.585380	-0.970789	-0.428599	0.034813	-1.478228	-0.465935	0.953725	0.035529	0.651129	1.176556	0.438243	0.418973	-0.481978	-0.072644	-0.992913	-1.134304	-1.693211	0.998447	-1.402871	-2.359779	0.265071	-0.288284	1.463833	2.259378	-2.639806
-0.893245	0.756710	-1.097951	-0.268809	-0.231303	1.305081	0.130369	-1.524165	-0.497065	-2.587541	-1.416954	-2.140016	2.052883	0.729253	-1.562744	0.780704	-1.214144	-0.247045	-0.013932	-0.097725	-1.873608	-0.191888	1.369845	-0.578996	-1.848424	-0.164281	-0.815035	-0.719427	-0.868780	-2.333226	-2.324243	-1.881827	0.094293	0.288867	-0.682336	-0.050561	-0.270375	0.968891	1.639863	2.036767	1.384039	0.225636	-0.460072	-0.771214	-0.118855	-1.757338	-1.800835	0.721028	-0.623743	-1.788777	0.688366	0.173219	2.040992	1.870354	-2.445389
-0.935256	0.573849	-0.152249	-1.294868	-0.219452	0.493107	-0.142969	-1.289396	-1.078362	-1.703898	-0.790729	-2.054948	1.424405	0.113404	-1.534281	1.366498	-0.867318	0.308353	0.006928	-0.460717	-1.674879	0.362725	2.084645	0.074237	-0.893528	0.117485	-0.230862	0.326666	0.910156	-1.566097	-1.470933	-1.610990	0.387222	0.729172	0.365868	0.664123	-1.170403	1.345332	2.001643	2.126306	1.251272	-0.315432	-0.486257	-1.807098	0.601486	-1.283237	-0.766917	0.464040	0.188861	-0.072634	0.547022	-0.359416	1.374727	0.447352	-0.294159
-0.697691	0.091271	1.058396	-1.730242	-0.185721	-0.752924	0.043285	-0.007080	-1.071978	0.027876	0.322139	-0.825813	-0.024131	-0.372546	-0.443605	1.206464	0.168056	0.661700	-0.287382	-0.677528	-0.668316	0.421822	1.858747	0.433740	0.436590	0.298307	0.528535	1.221765	2.181044	-0.392530	-0.060815	-0.219475	0.586398	1.188665	0.716472	1.181551	-0.967703	0.828684	1.389884	1.406771	0.472233	-0.499412	-0.426889	-2.145345	0.855130	-0.076805	0.430121	0.376305	0.887300	1.589334	0.269030	-1.019041	-0.005841	-0.414976	2.145592
-0.074323	-0.104361	1.901569	-1.235525	0.145043	-1.263050	0.418461	1.572547	-0.204305	1.640817	1.500601	0.927787	-1.235088	-0.209358	0.797579	0.034132	1.149964	0.763362	-0.126476	-0.079546	1.031096	0.004013	0.754271	0.001353	1.267369	0.294237	1.305506	1.610799	2.294250	0.224915	0.692645	1.035197	0.921775	1.059905	0.463903	0.969127	-0.081468	-0.053518	0.255853	0.169324	-0.211043	-0.188851	-0.242017	-1.114377	0.669463	0.875505	0.783152	0.072296	1.339574	2.258650	0.192159	-0.626441	-1.107056	-0.254136	3.022971
0.710388	-0.173833	1.821991	-0.255013	0.755521	-0.884756	0.357002	2.356808	1.105579	2.434289	2.185307	2.286771	-1.642482	0.135187	1.423673	-1.379130	1.242572	0.599944	0.607302	0.928973	2.633729	-0.272482	-0.545065	-0.756389	1.424221	0.229336	1.906152	1.432098	1.538477	0.371668	0.613626	1.105983	1.221194	0.097623	0.400423	0.126011	0.538382	-0.600120	-0.662722	-0.959661	-0.474687	0.146599	-0.038341	0.740250	0.306448	0.921450	0.340252	-0.689367	1.419454	1.945987	0.261233	0.876725	-1.256293	0.110447	2.092209
1.003362	-0.551550	0.783258	0.320283	1.205942	-0.493284	-0.335309	1.892835	2.072094	2.271527	1.965638	2.524735	-1.594974	-0.079209	1.337780	-2.181296	0.341484	0.118740	1.087456	1.260732	3.140196	-0.148214	-1.181221	-0.810730	1.267454	0.238414	1.961043	0.847014	0.607943	0.572274	0.379339	0.300370	1.003726	-1.101524	0.769627	-0.470437	0.466443	-0.657879	-1.100555	-1.266327	-0.433675	0.146712	0.123775	2.082825	0.089190	0.328488	0.061599	-1.310966	1.075372	1.261975	0.304375	2.357624	-0.585640	0.030283	0.691874
0.435892	-1.205171	-0.660165	0.120360	0.992333	-0.791892	-1.313444	0.600138	2.129271	1.405120	0.934902	1.584090	-1.643473	-0.888927	0.857422	-2.224925	-0.967589	-0.627132	0.523974	0.381314	2.251434	0.042816	-1.111032	0.215623	0.973449	0.163863	1.160037	0.175895	-0.134509	0.901278	0.551202	-0.316589	0.118322	-1.633603	0.915987	-0.148348	-0.016421	-0.508781	-1.497069	-0.808990	-0.397790	-0.160374	0.205104	2.001598	0.116370	-0.192103	0.596982	-1.039682	0.450677	0.810015	0.225439	2.712646	0.167278	-0.252622	0.107131
-0.423309	-1.648204	-1.648300	-0.243882	0.144468	-1.426306	-2.077984	-0.704352	1.330101	0.279976	-0.219744	0.213331	-1.738167	-1.501836	0.266416	-1.824650	-1.943491	-1.302657	-0.705949	-0.968720	0.777121	0.089315	-1.249786	1.609224	0.462133	-0.267576	-0.185958	-0.233389	-0.703536	1.073439	1.061460	-0.262924	-0.873900	-1.153771	0.354353	0.707225	-0.381793	-0.364015	-2.220888	-0.612289	-0.622585	-0.614311	0.120759	0.802265	0.123898	-0.296111	1.530915	-0.150128	-0.091015	0.839882	0.004896	1.886628	0.355550	-0.328708	0.352464
-0.618636	-1.454377	-1.572857	-0.011942	-0.672473	-1.410770	-2.167246	-1.301419	0.256777	-0.593584	-0.738653	-0.639391	-1.380206	-1.073797	-0.300862	-1.193495	-2.053201	-1.442981	-1.253319	-1.428108	-0.086886	0.257560	-2.050438	2.388950	-0.079841	-0.886991	-1.146173	-0.352930	-1.051491	0.981283	1.419299	0.137684	-1.191757	-0.142085	-0.366128	1.222472	-0.195655	-0.333912	-2.629131	-1.255674	-0.980619	-0.954103	-0.051166	-0.308625	-0.216913	-0.134281	1.974318	0.381523	-0.252203	1.051798	-0.215231	0.632077	-0.030748	-0.256516	0.532999
-0.010392	-0.615184	-0.648137	0.611215	-0.848512	-0.345182	-1.340209	-0.912506	-0.486757	-0.923085	-0.485494	-0.684815	-0.480953	0.355699	-0.724684	-0.445489	-1.201537	-0.941465	-0.375066	-0.474015	0.048173	0.631052	-2.450912	2.110889	-0.240653	-1.081265	-1.104432	-0.590512	-0.997546	0.706651	1.168861	0.510726	-0.750999	0.520311	-0.439962	1.066131	0.617739	-0.632894	-1.580829	-1.742847	-0.951783	-0.748323	-0.000390	-0.371211	-0.848933	0.064386	1.528111	0.289768	-0.171157	0.740814	-0.173959	-0.427166	-0.482598	-0.240416	-0.030444
0.555892	0.431859	0.175964	0.714435	-0.541061	0.961088	-0.003233	-0.000816	-0.703306	-0.888400	0.049039	-0.385880	0.264894	1.698474	-0.854041	0.075672	0.119237	-0.278506	0.948255	0.920201	0.467599	0.611978	-1.225944	0.844014	-0.088087	-0.574281	-0.523437	-1.211902	-0.617033	0.263704	0.300105	0.701335	-0.353506	0.237733	-0.089553	0.411920	1.478243	-1.301261	0.763005	-0.860261	-0.289326	0.168360	0.409555	0.421236	-1.270215	0.215765	0.429340	0.150432	-0.276166	-0.424432	0.133575	-1.149650	-0.570446	-0.269919	-1.179110
0.370519	1.073218	0.172649	0.048418	-0.454121	1.252846	0.860089	0.406657	-0.560579	-0.873148	0.384585	-0.260697	0.105546	1.791720	-0.633386	-0.073952	1.141843	-0.040738	1.014682	1.308479	0.296664	-0.332980	0.888820	-0.944159	-0.224504	0.136482	-0.369199	-1.750166	-0.323560	-0.261145	-0.601346	0.486394	-0.759965	-0.731646	-0.236834	-0.622601	1.424101	-1.823854	2.436467	0.654991	0.414967	1.238588	0.866080	1.020991	-0.937188	0.321665	-0.824730	0.097199	-0.636074	-1.735304	0.274475	-1.487376	-0.325077	-0.335421	-2.134473
-0.324581	1.021250	-0.370548	-0.527419	-0.904997	0.243230	0.700077	-0.292105	-0.286318	-0.872262	0.399747	-0.397926	-0.783783	0.631035	-0.202284	-0.841865	1.511917	-0.240479	-0.468588	0.394607	-0.501895	-1.669176	1.691666	-2.239423	-0.844725	0.423787	-0.865923	-1.487238	-0.383072	-0.523381	-0.808102	-0.217588	-1.721469	-1.336720	-0.967305	-1.767173	0.127422	-1.555173	1.816203	0.723858	0.304158	1.648038	1.002733	0.721409	0.240383	0.471762	-1.622431	-0.421055	-0.716921	-2.053898	-0.134591	-1.320804	-0.039244	-0.523939	-2.181935
-0.813122	0.614434	-0.617034	-0.235131	-1.387497	-0.953093	0.131788	-1.437257	-0.018571	-0.472634	0.126186	-0.624912	-1.373146	-0.585948	0.205001	-1.479690	1.514054	-0.333222	-1.872972	-0.657707	-1.220429	-2.206630	0.339362	-2.010031	-1.304395	0.303789	-1.304079	-0.545951	-0.599586	-0.302427	-0.270053	-0.857041	-2.220479	-0.761627	-1.281878	-2.226965	-1.535356	-0.574628	-0.209874	-1.139260	-0.581784	1.282954	0.886491	-0.133624	1.682512	0.832551	-1.431789	-1.288508	-0.091641	-1.224277	-0.817080	-0.813714	0.136258	-0.681337	-1.280957
-0.751313	0.442901	-0.321940	0.556619	-1.218930	-1.013322	0.132164	-1.736098	0.170951	0.426282	-0.356663	-0.749912	-0.936396	-0.775732	0.463682	-1.229782	1.515261	0.077074	-1.575131	-0.624751	-1.279408	-1.546924	-1.488307	-0.458616	-1.038401	0.202533	-1.120238	0.080922	-0.671208	0.086552	0.251778	-0.656758	-1.660062	0.482020	-0.637747	-1.428867	-2.338743	0.348354	-1.253531	-2.912937	-1.219972	0.814378	0.830401	-0.700519	2.439063	1.386873	-0.402177	-1.365072	0.757517	-0.345849	-1.012101	-0.436453	0.291892	-0.457299	-0.090989
-0.283392	0.633553	-0.076260	0.914911	-0.420877	0.107126	0.689525	-0.822992	0.267504	1.221881	-0.774083	-0.548350	0.133633	-0.093197	0.575303	-0.167587	1.450381	0.779300	0.113180	0.345246	-0.769579	-0.518440	-1.795399	0.822857	-0.396413	0.213719	-0.637453	-0.195053	-0.624891	0.196298	0.139944	0.310443	-0.523664	0.989982	0.180100	-0.045765	-2.002385	0.742602	-0.427478	-2.718673	-0.882090	0.745290	0.863696	-0.661389	1.941246	1.731453	0.474968	-0.215531	0.800104	-0.362872	-0.363947	-0.337076	0.543947	0.038642	0.649505
0.292857	0.719183	-0.365117	0.589877	0.317898	1.205431	0.903565	0.310541	0.279362	1.260167	-0.833091	0.096376	0.877040	0.453891	0.426814	0.870284	1.066749	1.269257	1.463647	0.983103	-0.232741	-0.004983	-0.702980	0.610775	-0.035390	0.071488	-0.468911	-0.794600	-0.648716	0.119652	-0.266702	1.030503	0.268123	0.245646	0.279070	0.540431	-1.214823	0.900201	0.732181	-1.231119	-0.059853	0.762655	0.705226	-0.449320	0.565166	1.394000	0.355452	0.818672	-0.247169	-0.891635	0.555340	-0.053464	0.821868	0.103027	0.734875
0.633555	0.300559	-0.830389	0.128794	0.490169	1.300161	0.399257	0.626235	0.146716	0.652085	-0.641895	0.837402	0.894314	0.256749	-0.295638	1.203220	0.446407	1.295306	1.440861	0.462345	-0.143958	0.078446	0.110317	-0.458603	0.091800	-0.234538	-0.576404	-0.822378	-0.675894	0.280726	-0.206663	0.724866	0.411609	-0.600042	-0.005864	-0.127165	-0.556921	1.156769	0.466587	-0.481765	0.235809	0.255426	0.216077	-0.523748	-0.706389	0.377778	-0.463901	0.284312	-1.350690	-0.896800	0.816903	0.768499	0.860299	-0.613803	0.441288
0.416420	-0.388614	-0.767411	-0.043301	0.258832	0.630602	-0.120415	0.232047	-0.191755	0.074384	-0.572289	0.984937	0.582276	-0.394433	-1.663460	0.931827	-0.047823	0.932962	0.591812	-0.681006	-0.589188	0.289398	-0.221202	-0.841805	0.486368	-0.335083	-0.342068	-0.222545	-0.457260	0.659224	0.389086	-0.306054	0.355467	-0.218584	0.209249	-1.124543	-0.043053	1.242551	-1.059625	-1.020964	-0.211372	-0.775981	-0.408148	-0.748883	-1.262185	-0.805272	-1.031974	-1.297155	-1.210206	-0.139180	0.172489	1.610010	0.417181	-1.389840	0.050764
-0.301437	-0.748618	-0.118701	-0.077353	0.039028	0.047410	0.002904	-0.078002	-0.567279	-0.106606	-0.641990	0.287260	0.390786	-0.913024	-2.979716	0.607803	-0.289491	0.307845	-0.094641	-1.313944	-1.241729	0.621438	-0.890233	-0.144927	1.113308	-0.085162	0.529970	0.347180	0.008346	0.770875	0.824141	-1.162171	0.504077	1.077915	0.843823	-1.371808	0.319104	0.782584	-2.250881	-1.453312	-0.655119	-1.615881	-0.910850	-0.675744	-1.327227	-1.642918	-1.006090	-2.058206	0.250069	0.620296	-0.706333	1.497273	-0.408209	-1.204803	-0.308786
-0.921451	-0.524499	0.419367	-0.221769	-0.062337	-0.135895	0.377516	0.020144	-0.602758	-0.123252	-0.455238	-0.603489	0.308857	-1.018998	-3.085292	0.538789	-0.533235	-0.454941	-0.405253	-1.057027	-1.584412	0.569673	-0.809924	0.626580	1.400065	0.128198	1.546503	0.467479	0.403410	0.475031	0.631389	-1.285567	0.698524	1.702629	0.971028	-0.716613	0.327351	0.084166	-2.067424	-0.629626	-0.431424	-1.619852	-1.227602	-0.270395	-1.386580	-1.973284	-0.814405	-1.182931	1.740807	0.711347	-1.050844	0.208927	-1.084236	-0.061778	-0.418609
-0.830557	-0.106795	0.301351	-0.350337	-0.178439	-0.270956	0.186860	0.181702	-0.137229	-0.281094	0.111205	-0.767458	0.177540	-0.706374	-1.508196	0.600813	-0.968248	-1.029335	-0.656116	-0.555730	-1.278684	0.109926	-0.063003	0.673160	1.168345	-0.072230	1.956921	0.314939	0.463050	0.284920	0.162911	-0.817703	0.611055	0.820108	0.291871	0.240136	0.149580	-0.096585	-0.944682	0.758971	0.212043	-0.954942	-1.452464	-0.081364	-1.452409	-1.872574	-0.720532	0.270176	1.976596	0.352856	-0.787096	-1.248230	-1.041706	0.990839	0.020266
-0.090046	-0.140814	-0.199835	-0.154079	-0.323063	-0.593147	-0.600604	0.045739	0.476510	-0.574064	0.541344	-0.083716	0.104465	-0.123456	0.790143	0.557823	-1.394125	-1.000268	-0.863712	-0.541726	-0.456252	-0.042216	0.369562	0.275589	0.828077	-0.487170	1.531794	0.184797	0.188499	0.595285	0.028307	-0.374319	0.276256	-0.703677	-0.449163	0.796140	0.328536	0.489471	0.024531	1.165190	0.421962	-0.449123	-1.673982	-0.593780	-1.187504	-1.463845	-0.513805	0.869318	0.949388	0.267105	-0.370666	-1.552081	-0.271777	1.122385	0.878884
0.585450	-0.840726	-0.442750	0.382648	-0.399992	-0.840824	-1.217639	-0.392317	0.681606	-0.893104	0.245965	0.586937	0.255802	0.337017	2.106360	0.290042	-1.499106	-0.411411	-0.773733	-0.985392	0.325347	0.534591	-0.025401	-0.036589	0.520197	-0.604766	0.644464	0.044666	-0.294628	0.943833	0.256440	-0.519933	-0.063867	-1.509750	-0.662438	0.555499	0.905475	1.180839	0.311294	0.205512	-0.262765	-0.626064	-1.772702	-1.513633	-0.558301	-0.881120	-0.202517	0.352800	-0.259262	0.724332	-0.087901	-0.411491	0.565997	0.540260	1.357844
0.574440	-1.660815	-0.275467	0.850162	-0.427936	-0.741961	-1.112715	-0.905435	0.332468	-1.210786	-0.629645	0.391506	0.409597	0.274551	1.571391	-0.231256	-1.246316	0.029012	-0.487066	-1.270107	0.541896	1.114540	-0.630709	-0.224472	-0.178102	-0.252297	-0.238547	-0.286133	-0.791462	0.534457	0.320538	-1.107881	-0.375404	-1.292844	-0.712759	-0.232989	1.207342	1.030032	0.235200	-0.881579	-1.296203	-0.978628	-1.328648	-1.873549	0.045521	-0.218953	-0.190283	-0.427481	-0.688621	1.188293	0.218272	1.119467	0.780337	0.003900	0.696028
0.024781	-1.773263	-0.047916	0.797713	-0.451505	-0.468463	-0.483915	-1.167329	-0.121081	-1.368147	-1.157224	-0.455603	0.098701	-0.167027	-0.008212	-0.895139	-0.790479	-0.324563	-0.472632	-0.956496	0.265673	0.616391	-0.519307	-0.277479	-1.327516	0.304562	-0.847532	-0.615549	-0.916092	-0.529698	-0.074355	-1.212370	-0.708498	-0.769597	-1.141640	-0.682393	0.837526	-0.183244	0.268610	-0.793048	-1.598388	-0.542444	-0.042313	-1.033788	0.343019	0.492520	-0.454870	-0.559208	-0.264543	1.045326	0.796375	1.737885	0.346463	-0.079704	-0.824362
-0.271190	-1.001307	0.132289	0.277710	-0.279514	-0.297580	0.163302	-0.894607	-0.159497	-1.028653	-0.566071	-0.834898	-0.677476	-0.359211	-0.970842	-1.341614	-0.205252	-1.132941	-0.842915	-0.156433	0.176607	-0.835672	0.292005	0.129487	-2.083248	0.784851	-1.000726	-0.332817	-0.327171	-1.134550	-0.584770	-0.220950	-0.799615	-0.549039	-1.673931	-0.188119	0.283601	-1.568817	0.347615	0.256614	-0.742265	0.687423	1.527098	0.450863	0.454616	1.098256	-0.298058	0.097685	0.465200	0.523906	1.516996	1.184115	-0.205901	0.061863	-1.954204
0.218456	-0.083580	0.599018	-0.090930	0.369890	-0.026638	0.603112	-0.173621	0.143873	-0.155771	0.700530	-0.061388	-1.133821	-0.012281	-0.463348	-1.170528	0.467779	-1.258386	-0.982297	0.754854	0.751293	-1.823135	0.841125	0.973184	-1.696287	1.098024	-0.640820	0.810086	0.688403	-0.656075	-0.799750	1.160334	-0.255625	-0.575173	-1.557178	0.678024	0.192887	-1.941456	0.063008	0.917316	0.497776	1.429845	2.089998	1.276957	0.580878	1.242217	0.643002	0.879882	0.937139	0.431243	1.799340	0.276214	-0.540132	-0.050175	-1.780451
1.025563	0.232413	1.381981	0.215611	1.367085	0.828399	0.952759	0.469538	0.195651	0.677605	1.224868	1.184960	-0.435158	0.409779	0.822198	-0.369320	1.044515	-0.061627	-0.212232	1.526785	1.502257	-1.357338	0.596498	1.547025	-0.639968	1.172972	-0.041282	2.041276	1.250307	-0.055695	-0.920727	1.732259	0.789777	-0.508269	-0.712419	0.854423	0.512107	-1.146473	-0.536808	0.553730	1.044190	0.702386	1.039487	0.870585	0.699159	0.804567	1.739590	1.072259	0.868929	0.915394	1.113409	-0.201226	-0.803918	-0.593723	-0.686930
1.154456	0.129083	1.801546	0.956174	2.066402	2.146891	1.356483	0.617537	-0.251880	0.819093	0.332292	1.635412	1.195366	0.333622	1.598432	0.608415	1.338870	1.719561	1.222572	2.045767	1.463325	-0.125726	0.278607	1.324532	-0.048584	0.907928	0.424092	2.263268	0.889530	-0.687732	-1.423421	1.489692	1.602542	-0.180978	-0.066746	0.282215	0.693657	-0.303648	-0.733988	0.061238	0.784341	-0.680236	-0.527206	0.097981	0.728201	0.311837	2.154788	0.709773	0.343291	1.124154	-0.320654	-0.292274	-1.081858	-1.197503	0.261851
0.410031	0.359854	1.318574	1.370856	1.938612	2.919186	1.717129	0.502622	-0.570665	0.340938	-0.754756	1.030965	2.430635	-0.149832	1.428841	1.223577	1.410331	2.640208	2.146643	2.173913	0.543568	0.447740	0.800816	0.631476	-0.208139	0.390017	0.810827	1.473471	0.258896	-2.194007	-2.125120	1.493192	1.683395	0.305347	-0.538173	-0.097582	0.465017	-0.467803	-0.026956	0.507078	0.525604	-0.945277	-0.842607	0.165734	0.769606	0.479120	1.783017	0.440199	-0.186504	0.466701	-1.486306	-0.507865	-0.991959	-1.267035	0.616495
-0.171201	1.123047	0.471775	1.093242	1.214843	2.257610	1.738118	0.725854	-0.016806	0.000436	-0.244809	0.413551	2.195940	-0.423566	0.962020	1.234146	1.424679	2.029166	1.665103	1.814401	-0.143414	-0.004192	1.841655	0.031272	-0.287899	-0.053717	1.468550	0.855366	0.381066	-2.591419	-2.160600	2.029129	1.408495	0.685179	-1.825943	0.185385	0.070428	-1.290361	1.040244	1.565981	0.797924	0.428128	0.501880	1.073461	0.980462	1.284553	1.054839	0.614270	-0.208980	-0.387733	-1.500366	-0.983749	-0.194308	-0.611111	0.755405
0.397887	1.815173	0.329874	0.525937	0.645290	0.575771	1.243189	1.437980	1.064073	0.299531	1.765779	0.663999	0.899985	-0.083764	0.867612	0.805068	1.302010	0.616058	0.270943	1.129194	0.309556	-0.530103	2.212387	-0.425875	0.354925	-0.188367	2.232407	1.180906	1.307076	-0.790595	-1.097003	2.053558	1.474314	0.799922	-2.508685	0.543935	-0.158386	-1.415272	1.395357	1.972653	1.253148	2.079392	2.090046	1.681139	1.262302	1.864844	0.283080	0.873528	0.295305	-0.418749	-0.538541	-1.237248	0.934826	0.339953	0.964818
1.657975	1.913513	1.060224	0.246265	0.598818	-0.692830	0.427730	2.036388	1.399227	0.846024	3.058598	1.275992	-0.049629	0.712883	0.999557	0.384124	0.792247	-0.313437	-0.572853	0.515481	1.309468	-0.247968	1.448408	-0.860644	1.222133	-0.154204	2.291681	1.732985	2.003346	1.797856	0.392811	0.878787	1.833698	0.852587	-1.536432	0.381552	-0.194724	-0.174089	0.754389	1.211554	1.341723	2.443346	2.334584	1.283800	1.240870	1.496895	-0.395537	0.710166	0.738542	0.214785	0.426047	-0.756221	1.556315	0.970214	0.968462
2.155757	1.551711	1.611590	0.329974	0.645142	-0.695588	-0.301935	1.805840	0.388754	0.900188	1.936509	1.069495	0.101945	1.531350	0.797226	0.349538	-0.041595	-0.241073	-0.078645	0.230656	1.486501	0.615173	0.322687	-0.975826	1.397128	-0.277460	1.265490	1.303219	1.603666	2.850089	1.331153	-0.593691	1.657569	1.167676	0.540649	-0.054511	-0.204247	1.495350	0.001664	0.061113	1.032809	1.414942	1.142945	0.515005	0.641787	0.423390	-0.784921	0.093855	0.543606	0.334047	0.715659	0.252941	1.292949	1.025137	0.550351
1.247631	0.996026	0.963995	0.414027	0.149278	-0.145960	-0.766159	0.761094	-0.996019	0.398551	-0.579429	-0.121225	0.684148	1.970647	0.176200	0.611414	-0.727561	0.182688	0.864440	0.044694	0.504322	1.236661	-0.236830	-0.531969	0.852574	-0.666654	-0.017317	-0.156554	0.346194	1.870601	1.583649	-1.084557	0.480640	1.608763	2.137938	-0.250773	-0.284133	2.053406	0.066629	-0.497852	0.551390	0.032402	-0.339689	0.332724	-0.364204	-0.534048	-0.811963	-0.593386	-0.210830	-0.596929	0.435895	0.847583	0.631941	0.721493	0.085723
-0.111354	0.093182	-0.659616	0.207972	-0.880222	-0.392458	-1.143182	-0.321387	-1.346949	0.045804	-1.926659	-1.104268	0.568207	1.697480	-0.363421	0.667397	-0.944855	0.034555	0.655707	-0.545373	-0.536175	1.292739	-0.180588	-0.155182	0.481988	-1.115023	-0.407032	-1.460048	-0.840053	0.542845	1.740275	-0.739774	-1.021499	1.549314	2.350462	-0.286697	-0.518353	1.112330	0.699763	-0.357663	-0.136348	-0.963247	-1.274885	0.556013	-1.275466	-0.983286	-0.797400	-1.006867	-0.917028	-1.656071	-0.007442	0.297555	0.322615	0.455619	0.062112
-0.615638	-1.208675	-1.998125	-0.275798	-1.697938	-1.647305	-1.516666	-0.724452	-0.476072	0.333440	-1.073498	-0.848454	-0.428129	0.617873	-0.452352	0.205489	-0.898021	-0.695134	-1.023787	-1.544360	-0.594827	1.113805	-0.098893	-0.713210	0.824567	-1.306582	0.076148	-1.629512	-1.279932	0.387379	1.992010	-0.731384	-1.717218	0.643725	1.679273	-0.490080	-1.027011	-0.175504	0.800586	-0.086749	-1.010482	-1.583666	-1.781971	0.137354	-1.677080	-1.190386	-1.055500	-1.039733	-1.128988	-1.621008	-0.327770	-0.932465	0.511226	0.474745	0.393309
-0.235505	-2.133910	-2.040278	-0.896034	-1.582263	-2.607924	-1.504843	-0.483385	0.547359	0.825751	0.448736	0.139029	-1.389057	-0.716950	-0.324190	-0.479441	-0.906824	-1.050311	-2.587126	-2.093307	0.008813	0.911380	-0.303236	-1.749194	1.255345	-1.014143	0.273717	-0.922525	-0.927989	0.903968	1.719548	-1.262258	-1.276034	-0.590094	1.006536	-0.518160	-1.612589	-0.549386	-0.032058	-0.009200	-1.430336	-1.808986	-2.074335	-1.144253	-1.491307	-1.372599	-1.222533	-0.692933	-0.954456	-0.552149	-0.246203	-1.486028	0.612657	0.752071	0.578455
-0.115963	-1.732040	-1.049000	-1.528685	-0.665942	-2.069336	-0.798052	-0.211230	0.752132	0.670497	0.703270	0.440113	-1.492745	-1.310517	-0.431012	-0.854417	-0.934193	-0.415633	-2.312293	-1.404541	0.170921	0.409342	-0.545798	-1.642606	0.785743	-0.300603	-0.508900	-0.338222	-0.220975	0.564045	0.481970	-1.181053	-0.436933	-1.249997	0.489190	0.286377	-1.638952	-0.054799	-0.885412	0.074486	-0.709422	-1.308086	-1.844676	-2.125392	-0.956515	-1.346861	-0.589180	-0.042462	-0.772291	0.295891	0.377385	-0.652677	0.075606	1.032247	0.355267
-0.942809	-0.341901	-0.267371	-1.976741	0.074033	-0.541209	0.017564	-0.381974	0.133389	-0.308718	-0.330033	-0.435767	-1.022746	-0.821463	-0.803398	-0.793706	-0.832331	0.438064	-0.487795	-0.072434	-0.473877	-0.516541	-0.628513	0.048310	-0.503652	0.305747	-1.496984	-0.434017	0.187243	-0.837320	-0.979406	-0.009855	-0.112725	-1.042885	-0.053621	1.449164	-0.780032	0.312710	-0.837816	0.231166	0.601771	-0.310932	-1.033237	-1.820095	-0.483023	-1.079614	0.652793	0.543422	-0.704885	0.142892	1.010908	0.664524	-0.824586	0.967207	-0.083920
-1.960286	0.491405	-0.480421	-1.944471	-0.141154	0.320056	-0.059526	-0.846346	-0.681436	-1.265615	-1.164172	-1.431370	-0.874064	-0.107528	-1.034955	-0.598426	-0.711390	0.238441	0.905518	0.345650	-1.128778	-1.255444	-0.762866	1.498744	-1.300428	0.174473	-1.414550	-0.849180	-0.072659	-1.749402	-1.328307	0.871141	-0.466928	-0.504419	-0.255423	1.420074	0.295300	0.082023	-0.249744	0.046878	0.938956	0.132456	-0.406867	-0.807482	-0.353057	-0.948669	1.210838	0.497913	-0.471997	-0.315662	0.726272	0.972776	-1.178205	0.407364	-0.367431
-1.917122	0.016861	-1.016035	-1.330964	-0.865821	-0.156626	-0.913657	-0.985689	-1.079072	-1.195281	-0.903236	-1.329257	-1.197850	-0.062745	-0.844720	-0.484012	-0.641095	-0.892354	0.690290	-0.554227	-0.928160	-1.059595	-0.992940	0.996049	-0.626666	-0.547334	-0.187240	-0.868030	-0.545673	-0.987908	-0.285042	0.198206	-0.860243	-0.211993	0.318122	-0.152179	0.574230	-0.183744	-0.049040	-0.606111	-0.168322	-0.452277	-0.505849	-0.313274	-0.394767	-1.017753	0.379210	-0.231735	0.164373	-0.009517	-0.438276	0.102493	-0.559939	-0.303389	-0.228776
-0.687618	-0.644124	-0.634371	-0.529768	-0.866637	-0.845767	-1.169130	-0.406767	-0.782285	-0.119486	-0.072716	-0.280286	-1.169258	-0.318731	-0.411319	-0.395110	-0.345912	-1.351266	-0.192957	-1.216458	-0.030097	-0.143263	-0.805913	-0.466919	0.724593	-0.808744	0.834695	-0.254536	-0.322541	0.520504	0.867104	-0.920043	-0.602456	-0.146261	1.036166	-1.305311	0.001511	0.066869	-0.253338	-0.952874	-1.084807	-0.991676	-0.638617	-0.425213	-0.159848	-0.684090	-0.676731	-0.806497	0.833979	0.835632	-1.046536	-0.539396	0.264340	-0.539188	0.298701
0.486246	-0.196799	0.611050	-0.206686	0.194108	-0.510645	-0.148546	0.450214	-0.055777	0.798167	0.394741	0.443892	-0.351167	0.018803	-0.075028	-0.290024	0.258776	-0.290859	-0.254565	-0.274218	0.607765	0.397765	0.040288	-0.549947	0.984729	0.036077	0.512911	0.458147	0.660951	0.863727	0.788281	-0.389469	0.200798	-0.020592	0.745706	-0.267482	-0.426424	0.432517	-0.166544	-0.244672	-0.228005	-0.308733	0.024472	-0.233882	0.371149	0.279294	-0.308568	-0.385406	0.722001	0.928017	-0.075159	0.079081	0.143317	-0.104023	0.775691
0.373674	0.799039	1.157082	-0.629349	1.052060	0.441715	0.921809	0.631862	0.295976	0.504560	0.175321	0.002045	0.405293	0.658025	0.106275	-0.219573	0.557686	1.016386	0.530739	1.269425	0.341905	-0.054475	0.748593	0.920184	-0.325018	1.119908	-0.640688	0.439730	1.163081	-0.378448	-0.329495	1.583624	0.595013	0.100789	-0.410504	1.716016	0.015504	0.161504	0.249507	0.953724	1.416631	0.940705	0.848221	0.428706	0.542194	0.905519	1.256539	0.703991	-0.429188	-0.235282	1.343947	1.076207	-0.966106	0.457520	0.618744
-0.923436	0.761379	-0.030901	-1.303537	0.397216	0.693214	0.563635	-0.194666	-0.392375	-0.747898	-0.473621	-1.107254	0.071368	0.344717	0.305470	-0.099618	-0.056316	0.914274	1.053625	1.275771	-0.528408	-0.880099	0.396005	1.668206	-1.773006	1.017652	-1.205658	-0.573169	0.107798	-1.729760	-1.209998	2.492204	-0.190464	-0.113095	-0.911148	1.803076	0.844312	-0.625147	0.300109	1.278749	1.428811	1.016091	0.493134	0.577734	-0.135706	0.196371	2.110040	1.249555	-1.722853	-1.593282	1.176553	0.854906	-1.808627	0.448138	-0.323622
-2.127122	-0.473283	-1.851934	-1.409327	-1.244745	0.033517	-0.760219	-1.204311	-1.744162	-1.739256	-1.128903	-1.687944	-0.991244	-1.095264	0.494334	0.235177	-1.119383	-0.283591	0.812897	-0.479047	-1.191579	-1.112668	-0.602409	0.427748	-1.995934	-0.301128	-0.833312	-1.797340	-1.782442	-1.845184	-1.176227	1.067613	-1.650620	-0.659552	0.031645	-0.464578	1.041040	-0.953758	-0.082719	0.366441	-0.578110	-0.364628	-0.888994	-0.264920	-1.077292	-1.211096	1.259972	0.626064	-1.951607	-1.871602	-0.667964	-0.520316	-1.347269	-0.262827	-1.517427
-2.069066	-1.392317	-2.198385	-0.575684	-2.006509	-0.416316	-1.212738	-1.358826	-2.483434	-1.674084	-1.415063	-1.139070	-1.357225	-2.125556	0.377151	0.720085	-1.433304	-0.832321	0.351767	-1.914924	-1.132947	-0.572043	-0.828009	-1.141016	-1.372745	-1.291965	-0.609410	-1.958362	-2.588697	-0.940551	-0.630281	-0.965757	-2.322506	-0.996722	1.357910	-2.448057	0.341258	-0.240877	0.059365	-0.642920	-2.261893	-1.533069	-1.535880	-1.047691	-1.101103	-1.579874	-0.134571	-0.502226	-0.936952	-1.002458	-2.016282	-1.240549	-0.029370	-1.219426	-2.165239
-0.715267	-1.032697	-0.471714	0.806176	-1.027812	0.015995	-0.115673	-0.690424	-1.804752	-0.890894	-1.189744	-0.008954	-0.340913	-1.493195	-0.098330	1.070344	-0.555271	-0.121087	0.127969	-1.480492	-0.482113	0.262483	0.258210	-0.881624	-1.070195	-0.790455	-1.244461	-0.582763	-1.439288	0.037278	-0.012568	-1.401918	-1.410249	-0.564499	1.656653	-2.000334	-0.515042	0.964935	1.242722	-0.580145	-1.727550	-1.187372	-0.422661	-0.581461	0.080237	-0.317045	-0.516766	-1.039733	0.359091	0.173023	-1.250759	-0.227350	0.811333	-1.825458	-1.869937
0.884204	-0.236663	1.628108	1.894517	0.458786	0.539023	1.155012	-0.217663	-0.389698	-0.263194	-0.724325	0.610519	1.135959	-0.028224	-0.487775	1.052386	0.584578	0.500604	-0.147678	-0.143359	0.193894	0.957774	1.484196	0.882740	-1.216223	0.557036	-1.877166	1.255814	0.480287	0.690381	0.787268	-0.341310	0.170859	0.513029	0.871863	-0.118437	-0.669165	1.579687	2.369172	0.369919	0.011231	-0.059611	1.331119	0.693603	1.309767	1.213579	0.116771	-0.633106	0.960344	0.978778	0.611029	1.310319	0.497999	-1.689111	-0.915804
1.453847	-0.275476	1.928485	1.953834	0.659241	0.048302	1.048577	-0.648713	0.314621	-0.285798	-0.519533	0.130437	1.574251	0.368575	-0.432548	0.569032	0.803535	-0.328879	-0.829133	0.054324	0.307359	1.214605	1.358009	2.042123	-0.969278	1.248528	-1.339832	1.769417	1.331907	1.083660	1.752114	0.556015	0.689223	1.324335	-0.034706	0.794256	0.048029	1.065123	1.877689	1.050835	0.583962	0.314123	1.929320	1.194508	1.233701	1.400919	0.684354	0.160032	0.749168	1.203257	1.308400	1.434258	-0.432778	-0.840226	0.012221
0.468489	-1.138498	0.091283	0.855366	-0.700716	-1.332519	-0.189337	-1.598509	-0.231789	-0.814804	-0.797071	-1.034563	0.440617	-0.824844	-0.246725	-0.320952	0.049177	-2.099921	-1.588127	-1.354667	-0.338137	0.734701	-0.146294	1.529577	-0.059412	0.814716	0.056608	0.288349	0.557962	1.089855	2.232385	0.477853	-0.509017	0.922363	-0.417190	0.035702	1.079591	-0.106914	-0.088959	0.693271	-0.663935	-0.361749	1.025138	0.199344	-0.157869	0.228719	0.604147	0.567919	0.286792	0.866682	0.173084	-0.013990	-1.038146	0.149053	0.372010
-1.366458	-1.778337	-2.084489	-0.730972	-2.204476	-2.349643	-0.995878	-2.146636	-1.097459	-1.360852	-1.261697	-1.884422	-1.402058	-2.111999	-0.506791	-1.257990	-0.667835	-3.056414	-1.724575	-2.818971	-1.319724	-0.418856	-1.632125	0.165045	0.679481	0.139055	0.855806	-1.865585	-0.829381	0.501858	1.599290	-0.098991	-2.227033	-0.694489	-0.352918	-1.141844	1.628800	-0.939122	-1.584793	-0.429204	-2.144068	-1.070121	-0.230794	-1.332200	-1.551457	-0.989747	0.036304	0.267028	0.131612	0.276007	-1.239971	-1.295134	-0.943495	0.510479	0.106690
-2.556433	-1.475915	-2.551826	-1.776289	-2.330015	-1.986864	-0.508154	-1.764295	-1.050598	-1.425974	-1.408456	-1.709228	-2.543501	-1.804084	-1.173666	-1.699812	-0.514558	-2.286492	-0.975386	-2.665246	-1.823777	-1.587001	-1.886984	-0.897525	0.489441	0.110599	0.376102	-2.645500	-1.472349	-0.451824	0.055600	-0.656576	-2.605261	-2.384577	-0.170086	-1.558641	1.315445	-0.856982	-1.233248	-1.421304	-2.118368	-0.925505	-0.740661	-1.906155	-1.726864	-1.229855	-0.870031	-0.401395	0.416093	0.005416	-1.210910	-1.013266	-0.467378	0.087389	-0.420316
-2.027691	-0.381295	-0.997604	-1.767693	-0.807066	-0.383443	0.604148	-0.542962	0.082299	-0.762377	-0.942608	-0.617910	-2.175936	0.122341	-1.521902	-1.426292	0.371636	-0.597148	0.253579	-0.794710	-1.313550	-2.086659	-0.980747	-1.298475	-0.199580	0.648128	-0.416278	-1.384090	-0.811831	-1.152991	-1.528411	-1.044218	-0.971748	-2.777576	-0.141169	-1.143955	0.613949	-0.144160	0.085107	-1.510566	-0.420065	0.040417	-0.376218	-0.985481	-0.664405	-0.598693	-1.944433	-0.629263	0.865503	0.300105	0.186815	0.303321	-0.030621	-0.321819	-0.704626
-0.111717	0.941486	1.092590	-1.103887	1.413800	1.452883	1.265336	1.076462	1.405228	0.414120	0.067754	0.657781	-0.579318	2.209728	-0.974222	-0.744993	1.269244	0.615071	1.326876	1.474857	-0.089796	-1.857846	0.163172	-1.101834	-0.283923	1.171397	-0.138888	0.653476	0.683885	-1.144318	-2.390810	-0.924550	1.555585	-1.502749	-0.451736	-0.290753	0.472599	0.568218	0.530162	-0.571734	1.777020	1.262908	0.388594	0.688904	0.682638	0.226332	-2.473350	0.204970	1.067648	0.641510	1.423462	1.086161	0.299821	0.197672	-0.373132
1.723758	1.952917	2.099765	-0.488965	3.049526	2.534363	1.279148	2.456525	1.986141	1.481672	1.187234	1.372898	1.276026	3.124395	0.229619	-0.032290	1.667713	0.837686	1.836120	2.742033	0.876144	-1.254731	0.770958	-0.455302	0.585066	1.434499	1.276895	1.763706	1.945691	-0.507157	-2.312498	-0.015706	3.193877	0.435256	-1.005155	0.645736	1.217820	0.956360	-0.319471	0.699197	3.117064	2.166001	1.082064	1.918430	1.415090	0.868157	-1.781386	1.696463	0.794228	0.324247	1.330939	0.652758	0.631373	1.462550	0.565069
2.224532	2.299152	1.739480	-0.091083	3.284275	2.543111	1.194152	2.914628	1.651525	1.866835	1.738375	1.263668	2.476972	2.701960	1.233321	0.679321	1.575614	0.623485	1.712894	2.544563	0.818141	-0.444823	0.619954	0.060130	1.549885	1.513946	2.424496	1.469660	2.060780	0.241920	-1.517114	0.984351	3.072566	1.544255	-1.312224	1.104658	2.036421	0.952486	-1.271645	1.171052	2.880384	2.366961	1.414094	2.090002	1.414971	1.388692	-0.460898	2.336015	0.209354	-0.582381	0.187642	-0.178812	0.860279	2.186459	1.602992
1.413483	2.047197	0.942241	0.418172	2.179397	1.890127	1.338556	2.209278	0.952341	1.510679	1.304296	0.650002	2.619883	1.620640	1.315810	1.419269	1.314077	0.687681	1.161935	1.455436	-0.060992	0.562735	-0.097123	-0.340101	1.615176	1.365215	1.975743	0.621482	1.061608	0.567754	-0.465244	0.742417	1.764027	1.226953	-0.970984	0.565514	1.904868	0.426184	-1.400924	0.266980	1.341332	1.882393	1.329780	1.592990	1.235949	1.826210	-0.064615	0.840389	-0.211640	-1.214545	-0.785141	-0.209064	0.750754	1.436598	2.030030
0.321542	1.751994	0.618317	1.079293	0.678482	1.264990	1.478275	0.930656	0.599459	0.871082	0.314522	0.148223	1.842285	0.546730	0.486330	1.833112	1.176948	1.153727	0.559621	0.520046	-0.778281	1.416806	-0.850615	-1.481617	0.812947	0.894483	0.162797	0.238111	0.012677	0.325136	0.275663	-0.935604	0.514039	0.291907	-0.275909	-0.497421	0.844581	-0.588351	-1.068798	-1.216412	-0.281327	1.227458	1.092512	1.284505	1.397805	1.924948	-1.085709	-2.120462	-0.073222	-0.913070	-0.626189	0.788398	0.348207	-0.135699	1.529448
-0.137211	1.878684	0.793356	1.361843	-0.005968	1.045382	1.291643	0.085113	0.856841	0.487951	-0.153688	0.186352	0.678021	-0.221848	-0.522085	1.430292	1.159072	1.567008	0.233670	0.482037	-0.555773	1.497285	-0.932179	-1.930033	0.036606	0.316956	-1.453153	0.570437	-0.022721	-0.134185	0.307883	-2.390389	0.107611	-0.040090	0.029259	-0.639752	-0.213650	-1.492666	-0.921331	-1.632210	-0.643782	0.961949	1.046020	1.487543	1.760330	1.405525	-1.972825	-3.958360	0.548822	0.053869	0.585860	1.894065	0.028594	-0.924709	0.473045
0.136498	2.114786	0.908598	0.892920	0.541460	1.067408	0.750381	0.129373	1.314809	0.532660	0.515797	0.655072	-0.195392	-0.553808	-0.867100	0.263189	0.928402	1.411537	0.203631	1.251328	0.454001	0.684773	-0.073778	-0.582603	-0.101618	-0.022297	-1.623221	1.137557	0.821970	-0.291311	-0.211461	-1.873561	0.385038	0.423682	-0.304531	0.848314	-0.685925	-1.505416	-0.804061	-0.247151	0.464983	1.021869	1.124325	1.608190	1.610021	0.386970	-0.939851	-2.621354	1.116065	0.877934	1.830836	2.033286	0.049198	-0.231997	-0.437561
0.654339	1.647963	0.661269	0.131263	1.439112	0.937499	0.001746	0.562878	1.296132	0.707558	1.664302	1.000169	-0.376065	-0.322268	-0.355569	-0.980958	0.209582	0.627972	0.205007	2.031196	1.422011	-0.303454	1.066434	1.747771	0.109828	-0.185415	-0.615803	1.302386	1.324041	0.013997	-0.604688	0.341483	0.642006	0.730321	-0.706072	2.678612	-0.878669	-0.588023	-0.203111	1.713591	1.803558	0.776924	0.840736	0.915076	0.480229	-0.553242	1.595097	0.976434	1.077031	1.054461	1.993216	0.991682	0.248122	0.914034	-0.785662
0.926730	0.252781	0.269939	-0.089228	1.381134	0.491252	-0.807449	0.586958	0.577287	0.579087	1.967207	0.756345	-0.055046	0.412095	0.385994	-1.647652	-0.743835	-0.274776	0.048073	2.044460	1.676263	-0.630020	1.459385	3.048762	0.059527	-0.614067	0.292134	0.743521	0.560659	0.419567	-0.326880	2.276367	0.384151	0.173145	-0.546326	2.830438	-1.230164	0.406791	0.765291	2.279462	1.926545	-0.124314	-0.042274	-0.403600	-1.116795	-0.800303	3.255244	3.618376	0.360194	0.668797	0.812200	-0.531054	0.341763	1.003689	-0.679760
0.789202	-1.228611	0.001014	0.408953	0.118465	-0.073504	-1.474901	0.047594	-0.342147	0.068188	0.923173	0.066408	0.210383	1.217140	0.613463	-1.631558	-1.257881	-0.657240	-0.098244	1.204340	1.198009	-0.191993	0.849265	2.370521	-0.291314	-1.444167	0.308797	-0.363468	-1.043569	0.468204	0.434898	2.491608	-0.247028	-0.650740	0.166208	1.000963	-1.551520	0.774433	1.406599	0.938820	0.684366	-1.209139	-1.049975	-1.301048	-1.975515	-0.282796	2.468077	3.156606	-0.540158	0.068778	-0.906443	-1.685135	0.398696	-0.189456	-0.473025
0.396894	-1.711454	-0.206357	0.933014	-1.183864	-0.411119	-1.737591	-0.444207	-0.707938	-0.415300	-0.490904	-0.394254	0.132998	1.498485	0.309014	-1.184132	-0.968920	-0.357746	0.115431	0.111417	0.424598	0.474005	0.014395	0.783915	-0.387981	-2.137879	-0.186785	-1.433223	-2.174331	0.125010	0.968373	1.362297	-0.669900	-0.557785	1.075477	-0.950558	-1.322883	0.853520	1.343038	-0.859837	-0.738550	-1.666751	-1.465247	-1.133362	-1.391158	0.354261	0.261892	0.734867	-0.971893	-0.457701	-2.017571	-2.086156	0.775040	-1.424642	-0.341864
0.070419	-1.047568	-0.507503	0.798649	-1.270447	-0.351230	-1.538836	-0.334958	-0.169733	-0.408438	-0.842338	-0.106596	-0.035027	0.932985	0.103010	-0.531819	-0.315693	0.167621	0.702385	-0.576392	-0.205814	0.955256	-0.254841	-0.068363	0.096583	-2.064082	-0.411402	-1.839323	-1.968343	-0.202282	0.861889	0.101143	-0.462463	0.654139	2.010190	-1.205308	-0.534399	1.460154	0.910173	-1.479554	-1.219280	-1.281150	-1.172374	-0.577014	-0.013389	0.308561	-1.092709	-0.788003	-0.680909	-0.700776	-1.990088	-1.769068	1.510857	-1.503546	-0.164006
0.083364	-0.200626	-0.775895	0.167342	-0.285817	-0.104974	-1.225393	0.124753	0.935900	0.066995	0.153357	0.690977	0.045463	-0.265496	0.330494	0.113163	-0.107060	0.337973	1.105889	-0.727738	-0.468110	1.304503	-0.104263	0.136210	0.760004	-1.349030	-0.213088	-1.403796	-0.789462	-0.096191	0.490722	-0.763646	0.179307	1.805500	2.762681	-0.043625	0.095387	2.515757	0.623699	-0.862240	-0.855305	-0.708011	-0.771754	-0.854175	0.715023	-0.523629	-0.746474	-0.221045	-0.040710	-0.498977	-1.227905	-0.949621	1.990176	-0.631848	0.221691
0.428444	-0.184763	-0.689766	-0.185931	0.414690	-0.098667	-1.243175	0.184308	1.732813	0.497501	1.278913	1.156185	0.297249	-1.355425	0.516784	0.419583	-0.630298	0.041035	0.720127	-0.667151	-0.356019	1.629699	-0.218886	0.382235	0.949639	-0.838332	-0.074906	-0.582959	0.214175	0.424823	0.536747	-1.450070	0.602072	1.621690	2.654705	0.749352	-0.119226	2.792996	0.569135	-0.215001	-0.577601	-0.750825	-0.817644	-2.036557	0.072676	-1.345295	0.080336	0.935909	0.253134	0.079372	-0.545268	-0.046755	1.464879	-0.048271	0.700392
0.723122	-0.919639	-0.183602	0.137909	-0.065542	-0.453183	-1.598074	-0.414422	1.340752	0.392481	1.143128	0.632343	0.378753	-1.438193	0.050510	0.172149	-1.378720	-0.297756	-0.308646	-0.631059	-0.106969	1.666784	-0.714499	-0.100278	0.475925	-1.104836	-0.340783	-0.075247	0.199821	0.818374	1.051993	-1.937838	0.361453	0.182026	1.046807	0.175366	-0.999737	1.355199	0.464564	-0.323038	-0.819608	-1.421089	-1.178281	-2.701722	-1.179800	-1.296620	-0.017933	0.823017	-0.208866	0.584914	-0.338236	0.410569	-0.041947	-0.421487	0.887912
0.481927	-1.384897	0.323363	0.668483	-1.127225	-0.738665	-1.810330	-1.098057	-0.300600	-0.244431	-0.326059	-0.677795	0.193372	-0.276928	-0.889758	-0.375308	-1.698681	-0.210390	-1.097636	-0.514413	-0.095631	1.015902	-0.957770	-0.878401	-0.387398	-1.722535	-0.822362	-0.173745	-0.689955	0.473249	1.255829	-1.768024	-0.337085	-1.150721	-1.567290	-0.956847	-1.705464	-1.075760	0.131193	-0.761786	-1.034774	-1.877258	-1.310478	-1.692779	-1.741310	-0.455314	-0.861557	-0.399484	-1.166276	0.512845	-0.284344	0.320224	-1.563183	-1.047253	0.475985
-0.337974	-0.990282	0.266475	0.725385	-1.561074	-0.505494	-1.473392	-1.236775	-2.045663	-0.908216	-1.864876	-1.791413	0.007548	1.102319	-1.443987	-0.656870	-1.495599	0.319479	-1.043040	-0.197523	-0.406655	-0.242525	-0.545987	-1.087438	-1.343752	-1.748963	-1.127756	-0.542058	-1.611403	-0.569410	0.464575	-0.900740	-0.926439	-1.207316	-3.536376	-1.343255	-1.736309	-2.700512	-0.312738	-0.772332	-0.688449	-1.380986	-0.993964	0.236884	-1.254523	0.249799	-1.158395	-1.132869	-1.915672	-0.089041	0.101471	0.267151	-2.077770	-0.875620	-0.421684
-1.118300	-0.394874	-0.453832	0.374812	-1.094014	0.024005	-0.695865	-0.901801	-2.431500	-1.039601	-2.201277	-1.763847	0.083548	1.143552	-1.024619	-0.402170	-1.145709	0.892692	-0.550900	0.124763	-0.552853	-1.400976	0.044684	-0.662421	-2.139481	-0.845298	-1.055473	-0.648252	-1.868896	-1.465432	-0.950187	-0.068354	-1.077606	-0.177876	-3.570565	-0.853490	-1.386681	-2.584700	-0.690598	-0.350654	-0.228015	-0.177415	-0.540508	1.235398	-0.482691	0.161513	-0.295230	-0.712456	-1.947863	-0.568199	0.703557	0.767477	-1.474289	0.044326	-1.261363
-1.140167	-0.532586	-1.262838	0.346503	-0.541859	0.155094	0.094638	-0.566706	-1.227946	-0.569399	-1.217400	-0.556626	0.364987	-0.468336	0.129631	0.085348	-0.863979	1.148243	-0.428358	0.144355	0.032792	-1.725239	0.111026	-0.336533	-2.345102	0.313981	-0.593857	-0.323092	-1.424877	-1.399328	-1.848482	0.115688	-0.857006	0.796953	-2.058124	-0.406652	-1.108824	-1.558020	-0.982259	-0.117458	-0.500672	0.774801	-0.308333	0.645300	-0.115774	-0.360298	0.938293	-0.211342	-1.317136	-0.401491	0.838476	1.354421	-0.466717	0.674338	-1.437655
-0.384981	-1.103012	-1.403432	0.964931	-0.534161	-0.344018	0.647227	-0.335391	0.237412	-0.005624	0.119868	0.901081	0.567169	-2.139429	1.304095	0.388797	-0.427959	1.067087	-0.746905	-0.137454	1.160760	-1.107490	-0.265763	-0.520069	-1.538665	0.808216	0.232634	0.201935	-0.635988	-0.469388	-1.524829	-0.000598	-0.413470	0.978535	-0.473197	-0.494505	-0.814336	-0.955992	-1.144032	-0.351097	-1.385167	0.913850	-0.235935	-0.297967	0.076284	-0.467929	1.440823	-0.779425	-0.366393	0.239915	0.172815	1.044340	0.332367	0.415529	-0.735416
0.463570	-0.798575	-0.632920	1.586400	-0.677272	-0.865050	1.065936	0.099356	0.596137	0.153212	0.789952	1.604815	0.493366	-2.076375	1.926758	0.570824	0.426678	0.856735	-0.782097	-0.390256	1.902203	-0.036599	-0.285236	-0.691625	0.127480	0.504567	1.300488	0.715944	0.283849	0.550029	-0.346158	0.375015	0.191461	0.669091	0.322183	-0.521286	-0.126033	-0.881519	-0.856711	-0.568010	-1.700157	0.646555	0.042506	-0.227341	0.684800	0.143340	1.124705	-1.963727	0.729327	0.850517	-0.619789	-0.173351	0.920730	-0.179122	0.491776
0.865672	0.797693	0.598762	1.387580	-0.218595	-0.705004	1.556252	0.809371	-0.040894	0.054904	0.642402	1.409236	0.213209	-0.474880	1.853032	1.031776	1.519456	0.687341	-0.103393	-0.344893	1.629066	0.906814	0.501637	-0.207018	1.748715	0.190827	2.176080	1.255333	1.320491	1.186013	0.759053	1.261353	0.791020	0.494890	0.662695	0.182964	0.884697	-0.315116	0.151462	-0.162459	-0.708206	0.691768	0.702982	0.626920	1.629986	0.984698	0.765890	-2.246940	1.903402	1.206133	-0.490884	-1.016476	1.432685	-0.276399	1.520483
0.986607	2.273438	1.582984	0.467970	0.839358	0.034899	2.120343	1.387730	-0.433331	0.321028	0.372979	0.995259	-0.050778	0.724080	1.358881	1.744578	2.306842	0.582367	0.715062	-0.070599	0.760071	1.344283	1.523445	0.585667	2.323496	0.703732	2.236867	1.831024	2.265386	1.585395	1.143941	1.701661	1.032002	0.439690	1.072852	1.185681	1.604328	1.108183	1.392219	0.733562	0.783086	1.117603	1.471989	1.017092	2.130666	1.446208	0.739134	-1.002249	2.770180	1.299789	0.665271	-0.525768	1.603202	0.160833	1.701387
1.250964	1.950225	1.886167	-0.219403	1.665921	0.518023	2.554320	1.466397	0.194052	1.187315	0.652959	0.992186	-0.182036	0.276339	0.951401	1.976714	2.464319	0.464029	0.715178	0.138186	0.233094	1.119021	1.805538	0.606913	1.707401	2.047757	1.327828	2.154688	2.622614	1.917313	0.817073	0.975363	0.702545	-0.013376	1.388383	1.327744	1.559533	2.236805	1.700119	1.262723	1.273676	1.365821	1.917463	0.543539	1.704794	1.457869	0.503517	0.662357	2.710779	0.988434	1.728734	0.562416	1.127806	0.542255	0.940419
1.580206	0.041355	1.545618	-0.040711	1.555451	0.086857	2.687789	1.166907	1.355879	2.067463	1.345917	1.309442	-0.283426	-0.970394	0.917829	1.111868	2.234579	0.246183	-0.300757	0.056140	0.411699	0.421585	1.153430	-0.485000	0.807941	3.382706	0.225788	1.885280	2.130208	1.965093	0.313417	-0.300281	0.042765	-0.861795	1.188951	0.256610	0.957467	1.814800	0.540662	0.834918	0.350641	1.151082	1.934513	0.141019	0.841617	1.419846	-0.418728	1.174389	1.656744	0.217497	1.643838	0.760153	0.348765	0.607304	-0.129872
1.400321	-1.479201	0.904830	0.522263	0.698946	-1.008264	2.484519	0.878857	2.017931	2.171094	1.659907	1.359521	-0.515281	-1.395597	0.931213	-0.397944	2.022097	-0.089797	-1.486904	-0.290174	0.762299	-0.157442	0.407858	-1.598611	0.629870	3.723236	0.004736	1.093814	1.191135	1.486920	0.239609	-0.703994	-0.434285	-1.212405	0.606585	-0.895122	0.446379	0.221677	-1.045131	-0.041493	-0.830532	0.871937	1.759960	0.663008	0.427477	1.595886	-1.440024	0.280908	0.479823	-0.545774	0.668463	-0.147529	0.031033	0.727756	-0.623248
0.410153	-1.195576	0.320865	0.432528	-0.030599	-1.788091	1.869451	0.796068	1.691557	1.390799	1.079558	0.788357	-0.864931	-0.569852	0.362417	-1.354320	1.723923	-0.491491	-1.816264	-0.639447	0.544235	-0.144201	0.334483	-1.353592	1.135283	2.621272	0.784899	0.265098	0.485861	0.621475	0.672190	0.344115	-0.397800	-0.289804	0.168090	-0.713144	0.433135	-0.952707	-1.511296	-0.286293	-0.904673	0.906065	1.460489	1.671828	0.656830	1.690772	-1.439211	-0.768226	0.154142	-0.664362	-0.072206	-0.860834	0.349289	1.212188	-0.245133
-0.941212	0.223471	-0.030924	-0.685658	0.016094	-1.433896	0.689848	0.783523	0.695927	0.301515	-0.005451	-0.168253	-1.143377	0.602855	-0.858715	-1.158509	0.812279	-0.885805	-1.073196	-0.678941	-0.398516	0.134975	0.540387	0.327509	1.273039	0.450850	1.478479	-0.193051	0.197200	-0.324766	0.944149	1.849662	0.075514	1.339161	-0.000345	0.771803	0.696078	-0.904467	-0.759042	0.335949	0.214590	0.893165	0.712424	2.000434	0.850894	1.117852	-0.186353	-0.736240	0.601077	-0.199690	-0.073204	-0.422377	0.515276	1.653711	0.385226
-1.902784	1.089447	-0.186675	-2.117378	0.566435	-0.064248	-0.911194	0.513892	-0.428974	-0.625609	-0.774857	-1.042754	-1.195778	1.144413	-1.973473	-0.401654	-0.770605	-1.185896	0.094189	-0.317281	-1.534049	-0.200280	-0.018430	2.097389	0.227000	-1.715814	1.032592	-0.290152	-0.070463	-1.237789	0.307255	2.313921	0.593858	2.010340	-0.274381	1.931479	0.663577	-0.426557	-0.190225	0.795772	1.387265	0.191874	-0.610363	1.121063	0.383282	-0.268908	1.240386	0.251117	0.783540	0.047273	0.044841	0.477877	-0.312735	1.227346	0.401873
-2.168717	0.704003	-0.307930	-2.819836	0.664181	1.340796	-2.222635	-0.320318	-1.485353	-1.424522	-0.988977	-1.650476	-1.027430	0.813905	-2.212749	0.073341	-2.145517	-1.253167	0.985827	0.168126	-2.147669	-1.408733	-1.459331	2.548696	-1.549812	-2.686532	-0.338799	-0.287115	-0.557856	-2.036946	-1.079855	1.273739	0.669688	0.702307	-0.793626	1.244970	0.107912	-0.581434	-0.596082	0.137273	1.539482	-1.088466	-1.842881	-0.424108	-0.562963	-1.808152	1.597895	1.029790	0.004030	-0.403706	-0.416439	0.531244	-1.944996	-0.354502	-0.354198
-1.978382	-0.215663	-0.539889	-2.409131	-0.263318	1.833551	-2.434222	-1.642696	-2.482712	-2.185771	-1.196711	-2.067829	-0.710888	0.018461	-1.641183	0.199827	-2.315629	-0.937828	1.473786	0.347296	-1.901040	-2.563262	-2.477239	1.502843	-2.738096	-2.012428	-1.466621	-0.395520	-0.918683	-2.368685	-2.125046	-0.351882	0.032199	-1.655894	-1.144521	-0.967324	-0.478961	-1.224830	-0.910722	-1.126079	0.658265	-1.992814	-2.027575	-1.701888	-1.349335	-2.564202	0.799450	0.855403	-1.274068	-1.014485	-1.135530	-0.323127	-3.251275	-2.264903	-1.185229
-1.606135	-0.760142	-0.890852	-1.362401	-1.608904	1.303239	-1.501385	-2.705294	-3.087545	-2.613860	-1.807351	-2.192083	-0.302080	-0.527728	-0.922259	0.330517	-1.346444	-0.246535	1.745785	0.077887	-1.029398	-2.555116	-1.831405	-0.004644	-2.530341	-0.426665	-1.585562	-0.736310	-0.780210	-1.881061	-1.972533	-1.223285	-1.044222	-3.004235	-1.011116	-2.721404	-0.400383	-1.333388	0.165773	-1.555413	-0.389793	-1.750167	-1.101912	-2.115859	-1.695756	-2.242525	-0.120288	0.161762	-2.071211	-0.988042	-1.089185	-0.747142	-3.281135	-3.074123	-1.337392
-1.044686	-0.787380	-1.217683	-0.440031	-2.098110	0.365344	-0.323190	-2.509676	-2.584190	-2.302850	-2.292048	-1.639968	0.076659	-0.258971	-0.461961	0.268530	-0.324187	0.518020	1.711053	-0.322429	-0.087901	-1.441318	-0.025977	-0.865714	-1.367203	0.747548	-0.973520	-1.349699	-0.433253	-0.781694	-0.943066	-0.776485	-1.776580	-2.326162	-0.679515	-2.419644	0.330476	-0.490688	1.894437	-0.676533	-0.780279	-0.593375	-0.143674	-1.600428	-1.774027	-1.414298	-0.310498	-0.234438	-2.014273	-0.428814	0.094429	0.238706	-2.075514	-2.022167	-0.803766
-0.241344	-0.615587	-1.307303	-0.012595	-1.163072	-0.362421	0.165206	-0.867085	-0.709336	-1.244824	-1.743108	-0.286297	0.237482	0.659186	-0.120781	-0.530733	-0.068032	0.885229	1.058816	-0.396466	0.508459	-0.330922	1.128663	-0.891785	-0.227204	0.782242	-0.255423	-1.974812	-0.496298	0.221235	-0.057521	0.375156	-1.479608	-0.615812	-0.520791	-0.555955	0.907465	0.554422	2.074206	0.371733	-0.413179	0.579989	-0.111828	-0.515095	-1.602729	-0.763621	-0.042770	-0.241709	-1.470991	-0.163304	1.445227	1.856673	-0.386013	0.172370	-0.226707
0.580731	-0.332574	-0.990671	0.149097	0.420504	-0.643601	-0.010685	1.092006	1.561447	0.124974	-0.196307	1.227783	0.189702	1.317480	0.329609	-1.725832	-0.252770	0.622736	-0.079833	-0.028012	0.700989	0.019206	0.700202	-0.609845	0.494082	0.102947	0.407002	-1.963286	-0.949267	0.618829	0.153402	1.118811	-0.247361	0.511887	-0.366344	0.947241	0.705675	0.904462	0.024914	0.388718	0.178391	1.115748	-0.656189	0.526995	-0.855327	-0.332210	-0.079847	-0.321229	-0.769934	-0.458332	1.595026	2.328316	1.084689	1.890511	-0.061310
1.030287	0.192251	-0.294584	0.511305	1.372564	-0.461624	-0.053094	1.819404	2.526414	1.202004	1.064363	1.839787	0.270909	0.996201	0.796400	-1.902798	-0.055720	0.025214	-0.948331	0.397403	0.574575	0.011601	-0.315571	-0.323414	1.050145	-0.380895	1.110525	-0.828330	-1.010092	0.551790	0.054191	0.915431	1.048444	0.687408	0.082878	0.960336	0.006507	0.604686	-2.191606	-0.336401	0.432883	0.953471	-0.670437	0.942141	0.466212	0.236203	-0.414490	-0.491968	0.167280	-0.568472	0.333309	0.939417	1.950566	2.034681	-0.015924
0.948150	0.800863	0.433137	1.177412	1.172874	0.077631	0.416824	0.845232	1.397445	1.440117	0.803871	1.085995	0.759557	0.009632	0.956952	-0.238872	0.601304	-0.327422	-0.911703	0.332427	0.108606	0.443114	-0.538333	0.166905	1.530243	-0.360504	1.600461	0.985596	-0.192327	0.504733	0.237365	0.156791	1.533126	0.724551	0.502138	0.142428	-0.466113	0.361071	-2.264019	-0.661561	0.231801	0.273891	0.102323	0.524309	1.517669	0.855243	-0.281417	-0.271251	1.254868	0.170625	-1.141630	-1.063749	1.942358	0.821314	0.528459
0.562956	0.980521	0.671444	1.660567	0.336063	0.618326	0.759654	-0.789334	-0.729153	0.645901	-0.749347	-0.345635	1.397467	-0.694833	0.602430	2.093723	0.893990	-0.159603	-0.177280	-0.343964	-0.671358	1.324861	-0.097426	0.878781	1.591172	-0.344249	1.447303	2.184955	0.879996	0.683223	0.763445	-0.475746	1.100093	1.018621	0.252036	-0.316844	-0.405787	0.453772	-0.492559	-0.301978	-0.132039	-0.767444	0.645732	-0.408269	1.294371	0.867827	0.539271	0.362522	1.785611	1.269707	-1.648846	-1.886116	0.966248	-0.708534	1.581312
0.207292	0.438359	0.185602	1.353077	-0.378525	0.703127	0.186199	-1.669265	-1.905658	-0.705120	-2.068676	-1.277255	1.548084	-0.675553	-0.109645	2.975523	0.188578	0.220333	0.461773	-1.095202	-1.402072	1.846267	-0.151360	1.231213	1.070109	-0.823231	0.722748	1.788685	1.105623	0.784597	1.125249	-0.743160	0.364534	0.881531	-0.600390	-0.224166	-0.035169	0.438727	0.854992	-0.010789	-0.327212	-1.838927	0.045797	-1.257268	-0.174118	-0.081023	1.159292	0.735052	1.055639	1.544982	-1.311102	-1.220549	-0.528479	-1.679799	2.249389
-0.018159	-0.491001	-0.672521	0.237356	-0.741848	0.212945	-1.070954	-1.440734	-1.354482	-1.692855	-1.912756	-1.230188	0.854397	-0.392289	-0.689654	1.737262	-1.084022	0.262259	0.438032	-1.269597	-1.571114	1.396351	-0.965904	0.687767	0.301994	-1.499549	-0.048757	0.173768	0.237546	0.404594	0.853869	-0.847737	-0.116318	-0.280355	-1.174921	-0.239277	0.346288	-0.080421	0.519680	-0.229663	-0.298404	-2.347442	-1.233235	-1.608350	-1.738674	-1.401147	0.726472	0.463155	-0.636084	0.493153	-1.060597	-0.408820	-1.639346	-1.852741	1.594510
-0.217799	-1.216210	-1.256038	-0.983360	-1.020355	-0.551697	-1.899126	-0.942474	-0.146328	-1.763319	-0.571858	-0.769103	-0.411767	-0.469511	-0.737864	-0.171473	-1.858726	-0.254070	-0.224630	-0.901812	-1.092731	0.278285	-1.553896	-0.434700	-0.369504	-1.566496	-0.600063	-1.243873	-0.798112	-0.344686	0.116386	-0.967416	-0.413722	-1.779279	-0.828587	-0.698709	0.545935	-0.835479	-0.562222	-0.499440	-0.269735	-1.945776	-1.885544	-1.484804	-2.341830	-2.094045	-0.377579	0.015846	-2.042311	-1.105704	-1.179401	-0.620281	-1.765199	-1.436196	-0.226328
-0.433025	-1.532508	-1.216580	-1.533707	-1.394698	-1.266786	-1.575349	-0.969306	0.221088	-1.186677	0.553230	-0.652698	-1.590650	-0.882441	-0.438785	-1.021780	-1.578891	-0.999237	-1.141752	-0.686453	-0.439588	-0.641231	-1.186060	-1.163924	-0.905318	-0.707305	-1.056141	-1.406281	-0.979559	-0.775964	-0.338832	-1.008443	-0.888236	-2.231342	0.104615	-1.131127	0.365786	-1.219591	-0.889198	-0.325810	-0.454735	-1.041134	-1.334688	-1.179947	-1.963681	-1.775107	-1.012739	-0.036194	-2.142806	-1.931916	-0.968941	-1.457462	-1.136678	-0.728594	-1.897840
-0.553524	-1.646414	-0.709369	-1.287114	-1.621197	-1.800403	-0.539291	-1.259778	-0.447400	-0.574737	0.526742	-0.896365	-2.073991	-1.031874	-0.433422	-0.682529	-0.715712	-1.409406	-1.869361	-1.005199	-0.041340	-0.784895	-0.273707	-0.847630	-1.200764	0.397322	-1.355908	-0.545929	-0.286453	-0.389015	0.046024	-0.728305	-1.423487	-1.178992	0.775430	-0.840521	-0.291031	-0.947896	-0.136990	0.149945	-0.736497	-0.453264	-0.329995	-0.938283	-1.271425	-0.934436	-0.677570	0.208955	-1.050812	-1.312696	0.090076	-1.651893	-0.435317	0.080561	-2.180757
-0.493480	-1.630785	-0.048674	-0.777527	-1.305698	-2.005557	0.184008	-0.981331	-1.061341	-0.176194	-0.171975	-0.886020	-1.667690	-0.481588	-0.997665	-0.324562	-0.176623	-1.222763	-2.060282	-1.314848	0.207919	-0.304285	0.466824	0.231142	-0.944970	0.725937	-1.137572	0.311765	0.464759	0.395493	0.931696	-0.020975	-1.362966	0.368999	0.755434	0.305924	-1.141504	-0.224943	0.921394	0.590115	-0.685430	-0.503681	0.020928	-0.816319	-0.738251	-0.306300	0.058633	0.307207	0.285192	0.258712	1.456735	-0.711535	-0.037616	0.908220	-1.124461
-0.327525	-1.219891	0.620211	-0.561874	-0.421989	-1.654734	0.108225	0.022154	-0.778589	0.144077	-0.379751	-0.303892	-0.770771	0.551044	-1.557577	-0.693981	-0.319819	-0.724400	-1.613727	-0.870988	0.586648	0.185309	0.946274	1.140752	-0.165490	0.084796	-0.355802	0.549353	0.676671	0.630319	1.355714	0.809053	-0.387464	1.142140	0.379892	1.611767	-1.592282	0.526884	1.477867	0.974672	-0.028314	-0.694654	-0.490809	-0.700504	-0.356485	-0.188727	0.371321	0.162568	1.034794	1.585867	2.138003	0.567109	0.187802	1.636264	0.098931
-0.205551	-0.314398	1.183170	-0.709086	0.538814	-0.791942	-0.312171	0.951665	0.001862	0.446073	0.280663	0.375609	-0.106622	1.412851	-1.360819	-1.247690	-0.625279	-0.476168	-0.787058	0.121572	0.898538	0.207010	1.392958	1.106300	0.548240	-0.560776	0.488473	0.411161	0.544000	0.069364	0.821380	1.100439	0.801920	0.953742	0.260600	2.010793	-1.222351	0.922943	1.311877	1.343139	0.872125	-0.395542	-1.017369	-0.383308	0.044062	-0.312302	-0.017484	0.056765	1.075539	1.752376	1.816161	1.072529	0.444057	2.011979	0.494526
-0.219860	0.597683	1.323532	-0.934489	0.978474	0.079353	-0.321102	1.048611	0.348017	0.550162	1.010470	0.434605	-0.079641	1.611520	-0.527621	-1.077554	-0.353212	-0.833083	-0.075469	0.598154	0.607356	-0.228572	1.598638	0.204503	0.720271	-0.114496	0.930319	0.341602	0.557803	-0.430658	-0.090659	0.489844	1.054110	0.484924	0.523926	1.047292	-0.127189	0.763863	0.711573	1.402892	1.215315	0.392148	-0.632034	0.235469	0.493076	-0.188211	-0.787393	0.184906	0.882746	0.847658	1.016687	0.531740	0.593909	1.811635	0.150539
-0.408260	0.877734	0.792397	-1.064175	0.748463	0.435383	0.258674	0.431338	0.081854	0.307543	0.915860	-0.247270	-0.469765	1.213457	-0.001830	-0.295763	0.540231	-1.683397	0.146555	-0.002990	-0.369825	-0.811725	1.035024	-0.589464	0.527006	1.355915	0.955635	0.274064	0.751848	-0.079355	-0.426431	-0.417454	0.046720	0.041043	0.610441	-0.460222	1.220872	0.167447	0.084213	0.804227	0.655927	1.146963	0.669509	0.935177	0.858410	0.416762	-1.362746	0.422795	0.966556	-0.190977	0.386657	-0.289004	0.299649	1.168960	-0.172141
-0.782775	0.503005	-0.111376	-1.175104	0.260036	0.283906	0.859363	-0.243998	-0.100854	-0.165384	0.088485	-1.086019	-0.835842	0.722713	-0.357216	0.003885	1.275964	-2.511101	-0.065927	-0.931483	-1.378850	-1.299841	-0.291395	-0.290276	0.353208	2.597319	0.687052	-0.149422	0.691798	0.672352	-0.020713	-0.506534	-1.297416	-0.734888	-0.010545	-1.064870	2.253955	-0.423122	-0.372062	-0.271019	-0.160844	1.486328	1.935410	1.283245	0.989017	1.215288	-1.297347	0.525297	1.291132	-0.544889	0.162503	-0.397448	-0.416117	0.605348	-0.063057
-1.219247	0.048191	-0.730483	-1.280486	0.013234	0.073578	0.830822	-0.601077	0.293487	-0.563388	-0.636667	-1.416029	-0.981240	0.523142	-1.046476	-0.732725	1.092298	-2.657612	-0.298875	-1.053603	-1.697926	-1.542248	-1.514241	0.913050	0.164349	2.488715	0.069837	-0.865441	0.096702	0.722740	0.381500	0.419920	-1.804239	-1.788698	-0.982304	-0.277712	2.398292	-0.508583	-0.673881	-1.115687	-0.322449	1.403172	2.145614	1.041278	0.855614	1.579218	-0.643649	0.419378	1.241159	-0.321489	0.224117	0.382128	-0.915403	0.533127	0.164060
-1.368402	-0.075560	-0.813095	-1.088447	0.079204	0.127496	0.181681	-0.706391	0.853911	-0.624969	-0.761127	-1.048665	-0.852819	0.432106	-1.109517	-1.567140	0.118026	-1.712987	-0.187916	-0.270289	-1.259409	-1.319475	-1.715499	1.658825	-0.295423	1.164937	-0.862855	-1.318596	-0.782274	-0.130183	0.127463	1.170556	-1.231277	-2.115309	-1.264541	0.814354	1.319797	0.026149	-0.814298	-1.203416	0.167081	0.987118	1.156391	0.404883	0.561992	1.111919	0.042473	0.244368	0.353812	-0.253632	0.326622	1.200140	-0.561765	0.729762	0.011804
-0.883032	0.007148	-0.696145	-0.289600	0.143771	0.382913	-0.392516	-0.623356	0.851987	-0.301609	-0.564873	-0.283807	-0.301576	-0.017869	-0.351604	-1.170298	-0.709707	0.113753	0.281024	0.533661	-0.529292	-0.519968	-0.915575	0.986010	-0.891955	-0.266507	-1.654819	-1.141675	-1.388650	-0.943303	-0.582242	0.661851	-0.266694	-0.946394	-0.374814	0.890433	-0.476649	0.702040	-0.685809	-0.710448	0.423602	0.321409	-0.148495	-0.168189	0.227597	0.121210	0.312707	0.136218	-0.933718	-0.634163	0.251073	1.147978	0.379711	0.512381	-0.535079
0.161504	0.060912	-0.599454	0.910581	0.014775	0.630360	-0.271228	-0.224377	0.211720	0.206173	-0.447163	0.452474	0.641551	-0.819221	0.566203	0.364503	-0.621727	1.975708	0.860588	0.804311	0.154517	0.511281	0.029425	-0.407487	-1.103899	-0.928465	-1.670983	-0.558621	-1.301906	-0.947274	-1.035436	-0.522885	0.426491	0.931487	0.861883	0.013564	-1.605286	0.830265	-0.288224	-0.189644	-0.022048	-0.326769	-0.691642	-0.320298	-0.095501	-0.597787	0.373212	0.067801	-1.575193	-0.876801	-0.076472	0.337690	0.868219	-0.451176	-0.956069
1.180086	0.137098	-0.224145	1.758115	-0.088121	0.765655	0.317582	0.478259	-0.437131	0.564020	-0.246996	0.942324	1.400496	-1.318885	1.082018	1.486319	0.159071	2.889545	1.298096	0.915518	0.839732	1.120512	0.467525	-1.041867	-0.683983	-0.896148	-0.755770	0.008099	-0.533007	-0.442312	-0.861931	-0.843936	0.793203	1.814950	1.171097	-0.644675	-1.058720	0.248821	0.153550	0.119978	-0.533607	-0.586493	-0.286710	-0.036394	-0.361085	-0.569385	0.714760	-0.039354	-1.084742	-0.336885	-0.538134	-0.270379	0.333166	-1.644236	-0.754717
1.554156	0.386049	0.627022	1.646520	0.184007	0.816183	0.509351	1.119577	-0.524975	0.573141	0.429278	1.221812	1.301860	-0.980544	1.313754	1.066521	0.696444	2.464254	1.474540	1.344124	1.554225	0.963625	0.569857	-0.552356	-0.054070	-0.762205	0.428606	0.408213	0.412934	-0.179795	-0.403695	0.086722	1.043930	1.041462	0.356969	-0.445274	0.496721	-0.438536	0.403449	0.414724	-0.288160	-0.353185	0.255903	0.407110	-0.411567	-0.076867	1.267572	-0.123715	-0.136623	0.688045	-0.889076	-0.078513	-0.559093	-2.164435	-0.046545
1.191902	0.766247	1.440063	0.806205	0.830111	0.905753	-0.032014	1.335230	-0.036008	0.406690	1.410905	1.365474	0.498068	-0.057669	1.571818	-0.250546	0.483690	1.260739	1.427618	1.869735	1.952687	0.320936	0.835010	0.025596	0.142825	-0.704272	0.892467	0.646022	0.841664	-0.372636	-0.310514	0.992984	1.139434	-0.279132	-0.447838	0.089449	1.330833	-0.527304	0.460783	0.806328	0.551577	0.188270	0.289026	0.756032	0.005804	0.376281	1.342424	-0.045333	0.267440	1.172793	-0.844770	0.511706	-0.689544	-1.613638	0.476540
0.519870	1.100685	1.470635	0.095376	1.367207	1.122256	-0.482751	1.197485	0.677325	0.467120	1.975502	1.304494	-0.056998	0.677997	1.697995	-0.908664	0.077708	0.349870	1.266948	1.925403	1.627174	-0.247246	1.255308	-0.173223	-0.222145	-0.278654	0.276109	0.585229	0.473948	-0.637532	-0.797888	0.699390	0.848589	-0.651546	-0.192477	0.284183	0.665691	0.013031	0.480621	0.969491	1.027739	0.906638	0.247535	0.998449	0.965245	0.778546	0.516782	0.122636	0.024575	0.567603	-0.264039	0.779858	0.232388	-0.409209	0.262899
-0.050759	1.209564	0.657029	0.058987	1.183782	1.231859	0.089581	1.046415	1.206860	0.874819	1.709568	0.922468	0.162704	0.684136	1.269440	-0.287616	0.308982	0.324601	0.967784	1.339289	0.682759	-0.408918	1.239115	-0.818831	-0.681306	0.708117	-0.778569	0.096142	-0.268894	-0.607393	-1.301773	-0.425399	0.143766	0.163315	0.840378	0.158027	-0.527432	0.645933	0.496499	0.471576	0.543875	1.705383	0.847355	1.177093	2.017291	1.356848	-0.770720	-0.002325	-0.098021	-0.571767	0.503027	0.566269	1.495133	0.689597	-0.467763
-0.450553	0.936163	-0.324879	0.407228	0.132643	0.742859	1.226015	0.945990	1.214076	1.211238	0.966570	0.298555	0.530955	0.047746	0.355211	0.761802	1.034068	0.757329	0.359726	0.421199	-0.247591	-0.194910	0.382825	-1.182923	-0.769822	1.455128	-1.335112	-0.601690	-0.743902	-0.285102	-1.020558	-1.235820	-0.656600	1.182826	1.528853	-0.015463	-0.950392	0.977889	0.357125	-0.611771	-0.521164	2.133965	1.636081	1.120681	2.316955	1.797396	-1.696811	-0.704804	0.308077	-1.275516	0.634957	0.179026	2.267114	1.186085	-0.942121
-0.674934	0.337646	-0.811858	0.555528	-1.112119	-0.353109	1.429481	0.635676	0.640126	0.996554	0.335683	-0.238729	0.273484	-0.605315	-0.320976	1.100072	1.216930	0.826799	-0.455726	-0.364057	-0.592516	0.192843	-0.813696	-1.185317	-0.450789	0.903085	-1.085398	-1.008783	-0.762083	0.072394	0.077724	-1.309371	-1.073034	1.484615	1.326578	-0.277422	-0.574364	1.006798	0.002906	-1.525323	-1.241300	1.582453	1.321999	0.637838	1.428551	1.406556	-1.846127	-1.609525	0.646534	-1.180536	-0.262043	-0.202253	2.268873	1.043671	-0.659356
-0.463450	-0.127655	-0.659153	0.453489	-1.461798	-1.121581	0.204626	0.095617	-0.072164	0.376048	0.008295	-0.343051	-0.213369	-0.556098	-0.153065	0.558359	0.370618	0.422913	-0.864412	-0.564498	-0.284855	0.577087	-1.199496	-1.110819	0.057196	-0.738181	-0.401205	-0.792269	-0.584198	0.210658	1.005221	-1.013490	-0.749100	1.007639	0.673278	-0.596897	-0.358073	0.786070	-0.261123	-1.388229	-0.975394	0.163151	-0.261251	-0.074712	-0.027393	0.203565	-1.331167	-1.765407	0.230761	-0.646192	-1.306548	-0.567137	1.695700	0.538974	0.115870
0.398997	-0.030423	-0.115080	0.559682	-0.502486	-0.629431	-1.088133	-0.215462	-0.286323	0.023235	-0.119389	0.058066	0.123795	0.311935	0.584503	-0.117675	-0.655793	0.242989	-0.383985	0.030152	0.364240	0.858380	-0.148066	-0.868637	0.532549	-1.892899	0.254305	-0.085301	-0.384435	0.083970	0.816303	-0.605580	0.243842	0.284732	0.156411	-0.492060	-0.777851	0.325334	0.022859	-0.070808	0.070312	-1.067071	-1.538092	-0.541454	-0.906678	-0.786196	-0.453592	-0.610890	-0.586134	-0.092289	-1.105070	-0.723189	0.912849	0.027086	0.656362
1.523448	0.326007	0.475302	1.037326	0.865641	0.641553	-0.980280	0.032913	0.121392	0.267205	-0.055215	0.667780	1.221024	1.165660	0.986252	-0.315565	-0.755587	0.680441	0.485160	0.986965	0.993809	0.955130	1.505838	-0.262607	0.695851	-1.448106	0.572109	0.621648	-0.075547	-0.102910	-0.203309	-0.099148	1.273359	-0.146932	-0.141302	0.266822	-1.246804	-0.153729	0.790712	1.446404	0.962267	-1.199660	-1.154413	-0.555533	-0.804368	-0.729905	0.386191	1.144163	-0.810877	0.411055	0.424918	-0.426093	0.285800	-0.274107	0.465764
2.064826	0.159366	0.838212	1.373467	1.280799	1.108970	0.163803	0.482199	0.615376	0.644186	0.240140	1.027164	1.636202	0.966526	0.542961	-0.220979	-0.018900	1.114878	0.632121	1.395010	1.330989	0.771266	2.063957	0.324885	0.293916	-0.121604	0.307849	0.870463	0.341819	-0.103409	-0.815906	0.226015	1.565541	-0.093990	-0.377816	0.965922	-0.986894	-0.325969	1.205220	1.842623	0.910382	-0.495812	0.232926	-0.339137	-0.402505	-0.025231	0.695575	1.981678	-0.199992	0.902307	1.717412	0.137856	-0.015522	-0.384271	-0.273071
1.620105	-0.615713	0.881649	1.040162	0.496067	0.136408	0.771712	0.538039	0.697381	0.573159	0.621076	0.919325	0.544674	-0.233726	-0.267179	-0.314344	0.490751	0.744124	-0.243842	0.838811	1.240222	0.348456	0.858291	0.298059	-0.417505	0.562405	-0.423061	0.635728	0.633507	0.139106	-0.328993	0.014858	0.984308	0.178498	-0.541753	0.756520	-0.064063	-0.223579	0.571401	0.847048	0.121417	0.078767	0.942639	-0.140990	-0.401803	0.336556	0.322312	1.208252	0.429893	1.214183	1.451123	0.432375	-0.167978	-0.434414	-0.820233
0.728720	-1.034908	0.712291	0.271769	-0.327548	-0.981315	0.215160	0.212621	0.466355	0.186552	0.878731	0.586409	-0.848795	-1.155621	-0.538768	-0.496557	0.204045	-0.220159	-1.116480	-0.035012	0.815759	0.014419	-0.762075	-0.200825	-0.598492	0.203176	-0.849929	0.364529	0.655287	0.511906	0.614731	-0.469197	0.229542	0.154243	-0.561898	-0.055564	0.651852	-0.219575	-0.578043	-0.338978	-0.433616	0.067363	0.473163	0.029476	-0.578766	0.097258	-0.180819	-0.151120	0.375320	1.105838	0.134047	0.230780	-0.472361	-0.454131	-0.514845
0.224994	-0.349939	0.488899	-0.206021	-0.129169	-0.722963	-0.626952	0.031535	0.304995	0.057344	0.951529	0.423309	-0.824467	-0.799456	0.007526	-0.240644	-0.382997	-0.804210	-0.925270	-0.320990	0.336947	0.105941	-1.001225	-0.421737	0.235309	-0.322787	-0.277690	0.469451	0.539855	0.859970	0.956347	-0.546021	0.036868	-0.368487	-0.523274	-0.385057	0.496201	-0.473812	-1.014861	-0.422141	-0.175452	-0.188078	-0.226907	0.208683	-0.318078	-0.169121	-0.115223	-0.576366	-0.109990	0.612167	-0.755902	-0.132774	-0.928405	-0.375818	0.546802
0.263891	0.780959	0.284757	-0.118150	0.685611	0.525539	-0.832732	0.162500	0.285890	0.260047	0.811699	0.460155	0.411950	0.270115	0.709598	0.406565	-0.594790	-0.586204	0.023936	-0.006037	0.021889	0.467969	0.032217	-0.106846	1.336060	-0.356737	0.814497	0.780253	0.434097	0.996857	0.549616	-0.108241	0.330746	-0.918337	-0.519329	0.022181	-0.184517	-0.699943	-0.489210	0.349311	0.428642	-0.289400	-0.379162	0.289485	0.273084	-0.099292	0.421447	0.028324	-0.383276	0.101554	-0.670543	-0.263535	-1.177496	-0.232146	1.480716
0.320870	0.991313	0.102447	0.134151	0.853656	0.998368	-0.472359	0.189320	0.165721	0.260615	0.348791	0.359700	1.014677	0.653186	0.725453	0.685162	-0.369290	-0.083587	0.516489	0.154922	-0.126100	0.549102	0.551496	0.219181	1.394138	-0.185285	1.150336	0.736773	0.288224	0.752389	0.126952	0.220267	0.450551	-0.798427	-0.475788	0.289167	-0.452031	-0.556134	-0.003633	0.573292	0.512228	-0.270562	-0.225572	0.146800	0.429094	0.009346	0.647542	0.391483	-0.256046	-0.056133	-0.285463	-0.142863	-0.901159	-0.183670	1.416656
0.075054	-0.018919	-0.066786	0.210904	0.000523	0.066990	-0.001261	-0.135834	-0.161312	-0.197056	-0.412399	-0.031397	0.209925	-0.052585	-0.022605	0.264955	0.011089	0.223981	0.115103	-0.193868	-0.206148	0.152861	-0.251066	0.189342	0.178513	-0.199432	0.352815	0.175357	0.039064	0.175737	0.114943	0.087569	0.117594	0.059767	-0.320928	-0.102994	0.003559	-0.058029	-0.180860	-0.291314	-0.103794	-0.290217	-0.190191	-0.179988	-0.113998	-0.117883	0.242816	-0.137592	0.062378	0.146729	-0.168172	0.055450	-0.180532	-0.288252	0.388780
