X1	X2	X3	X4	X5	X6	X7	X8	X9	X10	X11	X12	X13	X14	X15	X16	X17	X18	X19	X20	X21	X22	X23	X24	X25	X26	X27	X28	X29	X30	X31	X32	X33	X34	X35	X36	X37	X38	X39	X40	X41	X42	X43	X44	X45	X46	X47	X48	X49	X50	X51	X52	X53	X54	X55
0.007096	-0.063310	0.244097	0.077610	0.044193	-0.044860	-0.157808	0.190865	0.298992	0.016767	0.190005	0.151633	0.062684	0.278418	0.089283	0.001427	-0.136686	0.225306	-0.023020	0.115355	0.142476	0.118370	-0.093449	0.169527	-0.168052	-0.026206	0.084538	0.127454	-0.061064	0.122728	0.162674	0.182126	0.055537	0.226504	0.346513	0.132382	-0.098876	0.239330	-0.031909	-0.003629	0.150760	-0.177843	0.019489	-0.010994	-0.103607	-0.110074	0.158085	-0.059160	0.047440	-0.073533	-0.153136	-0.089121	0.086340	0.185125	0.105163
-0.799542	0.472253	-1.405808	-0.786395	0.251258	-0.479767	-1.401489	-0.029250	0.008054	0.155188	-0.997403	-0.078542	0.394637	0.297843	-0.311000	0.244560	-0.784592	-0.676659	0.379396	-0.042008	-0.572426	-0.681048	-0.100748	-1.069515	0.024672	-0.825952	0.168894	-1.206585	-0.716268	-0.873423	-1.342636	-0.993021	-0.770909	-0.783382	-0.213293	-0.765926	0.692091	0.308052	-0.384065	-0.457611	0.088031	0.486561	0.433683	1.124330	-0.233920	0.198161	-0.317609	0.060431	-0.725970	-1.527845	-1.736157	0.856800	1.374564	0.568152	-0.195635
-0.559880	0.111371	-1.742008	-0.635231	0.652628	-0.768618	-1.212596	-0.085219	-0.318757	0.335965	-1.286713	0.136110	0.514555	-0.108227	-0.424746	0.875656	-0.644836	-0.906063	0.500557	-0.098265	-0.579171	-0.925533	0.144964	-1.143707	0.535667	-1.228944	0.066080	-0.865790	-0.635404	-0.961030	-1.710512	-1.411858	-0.791063	-0.932610	-0.352790	-0.703708	0.907965	0.201509	-0.138343	-0.311289	-0.133772	0.460113	0.187905	1.419870	-0.307393	0.349201	-0.432094	0.270928	-0.262334	-1.306533	-1.967014	1.429983	1.884597	0.602315	-0.581403
0.739866	-1.014945	-0.692796	0.398484	1.199740	-0.698825	0.264608	0.214116	-0.463747	0.303547	-0.496699	0.645100	0.283055	-0.689256	0.026783	1.601149	0.249577	-0.589811	0.164687	-0.120286	0.158092	-0.623745	0.612024	-0.215643	1.346890	-1.083170	-0.185801	0.890056	0.140969	0.002735	-0.799708	-1.109938	0.094326	-0.118817	-0.004514	0.128248	0.479851	-0.192092	0.495806	0.351634	-0.521936	-0.318885	-0.600432	0.829824	-0.132840	0.197909	-0.361895	0.522505	1.311442	0.281092	-0.741254	1.199727	1.312293	0.233066	-0.756398
2.082805	-1.700010	0.647707	1.231580	1.409823	-0.251824	1.545099	0.839272	-0.148187	-0.085803	0.809545	0.966594	-0.197905	-0.687218	1.026237	1.712788	1.146518	-0.432198	-0.583171	-0.328668	1.016367	-0.299196	0.987749	0.643020	1.939106	-0.573237	-0.304955	2.286531	0.969908	1.286852	0.499071	-0.689454	1.253729	0.894889	0.500277	0.806490	-0.243720	-0.725397	0.837736	0.938491	-0.830812	-1.127812	-1.106931	0.070639	0.423618	-0.126107	-0.556806	0.639498	2.613437	1.503514	0.895785	0.019639	0.185711	-0.096391	-0.348314
2.376951	-0.859070	1.267503	1.055367	0.691583	0.219998	1.547228	1.274711	0.539281	-0.422354	1.815928	0.905414	-0.490058	0.236713	1.999378	0.892670	1.449250	-0.659706	-1.372230	-0.789396	1.321269	-0.306637	0.999530	0.900072	1.639225	0.069988	0.014971	2.122677	1.382601	1.968532	1.208623	-0.423882	1.930317	1.178090	0.754098	0.946039	-0.916722	-0.918516	0.669132	1.059704	-0.683317	-1.075712	-0.647589	-0.202935	1.112000	-0.153227	-0.942992	0.521738	2.440806	1.412695	1.932056	-1.540414	-0.500307	0.190349	0.464713
1.343743	1.122669	1.131337	0.068474	-0.847250	0.366881	0.712198	0.814135	1.029890	-0.253555	1.867441	0.521288	-0.186106	1.358961	2.100169	-0.476583	1.269943	-0.604578	-1.568327	-1.188451	0.827609	-0.355948	0.705911	0.967068	0.375600	0.892548	0.756853	0.853640	1.399117	1.722479	1.140163	0.020617	1.789002	0.495182	0.624017	0.943088	-1.323086	-0.398923	0.383311	0.807696	0.068164	-0.031812	0.555421	-0.109343	1.359256	0.365077	-0.791202	0.299708	0.946135	0.721491	2.216659	-2.425729	-0.404523	0.945311	0.959950
-0.427570	2.545602	0.735656	-1.022523	-2.169640	0.318585	0.170582	-0.592793	0.702932	0.053990	0.719370	-0.323105	0.429940	1.486633	0.952706	-1.684765	1.004239	0.264510	-0.698744	-1.167485	-0.311836	-0.017967	0.393372	1.167440	-1.046727	1.910231	1.378927	-0.384222	1.157081	0.886868	0.764324	0.837892	0.937621	-0.548606	0.243250	0.999936	-1.262450	0.427149	0.238098	0.403764	1.100807	1.175719	1.490310	-0.306457	0.812842	0.896485	0.263047	0.186580	-0.650897	0.445817	2.127105	-2.093695	-0.379208	1.139105	0.682463
-2.039571	2.152410	0.227069	-1.817470	-2.294515	0.497126	0.223045	-1.942940	-0.456347	-0.371276	-1.156967	-1.747286	0.439836	0.344847	-0.902151	-2.160639	0.644019	1.278345	0.960163	-0.793825	-1.697138	0.421594	0.199209	1.018869	-1.737300	2.532778	1.133834	-1.117638	0.637101	-0.093965	0.456770	1.459133	-0.322094	-1.171551	-0.243592	0.637815	-0.700214	0.469886	-0.028915	-0.086225	1.827361	1.622982	1.320455	-1.055375	-0.220375	0.592669	1.346797	0.178856	-1.324804	0.490615	1.791134	-1.215238	-1.365091	0.074357	0.064944
-2.776747	0.513065	-0.533873	-2.239191	-1.404690	0.980577	0.249776	-2.049963	-1.613724	-1.549390	-2.549672	-3.085438	-0.562891	-0.933028	-2.388792	-1.708238	-0.090414	1.258781	2.335222	-0.344378	-2.635579	0.165517	-0.047227	-0.006020	-1.701723	1.917929	-0.144730	-1.503685	-0.083206	-0.987335	0.204183	1.127557	-1.554552	-1.091994	-0.732429	-0.461986	-0.057340	-0.842852	-0.630052	-0.594847	1.864682	1.219581	0.217463	-1.774061	-0.989029	-0.558355	1.138019	0.030102	-1.025788	0.136841	1.025926	-0.998077	-2.861086	-1.460428	-0.037751
-2.296695	-0.628700	-1.255149	-2.065993	-0.560977	1.355010	-0.024935	-0.856575	-1.704325	-2.247766	-2.330295	-3.047756	-1.651543	-1.061629	-2.755529	-0.630167	-1.002927	0.193503	2.416986	0.249942	-2.347381	-0.883908	-0.543112	-1.425610	-1.632368	0.208929	-1.610086	-1.480770	-0.616169	-1.551091	-0.043772	-0.010803	-2.151482	-0.565072	-0.994885	-1.661430	0.036725	-2.548678	-1.190158	-0.911196	1.301593	0.626177	-0.874425	-1.752434	-0.959630	-1.498791	-0.412111	-0.432880	-0.354852	-0.579167	-0.009863	-1.689411	-3.216168	-1.932223	0.597590
-0.772100	-0.242374	-1.246541	-1.047076	-0.341045	1.233213	0.011432	0.527431	-0.490442	-1.394204	-0.630214	-1.195460	-1.514660	-0.163487	-2.079022	0.317649	-1.311439	-0.579725	1.246982	1.187332	-0.740619	-1.701589	-1.153810	-2.109829	-1.738296	-1.131160	-2.049813	-0.705672	-0.607744	-1.434116	-0.191851	-0.886379	-1.632085	0.015017	-0.776792	-1.987004	-0.514047	-2.870488	-1.169431	-0.913596	0.585699	0.405948	-1.234797	-1.092393	-0.224008	-1.313233	-1.792625	-1.069333	0.176271	-0.841476	-0.598109	-2.143343	-1.666654	-0.964733	1.258416
1.012476	1.065667	-0.364011	0.430317	-0.259062	0.649164	0.815858	1.191900	1.076998	0.511997	1.069275	1.128347	-0.196533	0.405458	-1.025765	0.399364	-0.570247	-0.122714	-0.149342	2.001795	1.078051	-1.410415	-1.472271	-1.671842	-1.377712	-0.833513	-1.062272	0.674111	-0.160780	-0.624210	-0.307218	-0.762858	-0.202797	0.375665	-0.217522	-1.335850	-1.018045	-1.205369	-0.606315	-0.792357	0.185370	0.527841	-0.919798	-0.482358	0.721363	-0.295029	-1.717973	-1.554555	0.461823	-0.370905	-0.236671	-1.196385	0.569655	0.227500	1.150305
2.003538	1.938846	0.549237	1.300182	0.274868	-0.107880	1.727604	1.297889	1.735033	1.913103	1.371524	2.003083	0.789864	-0.213235	-0.241342	-0.392960	0.586951	0.839297	-0.842979	1.686244	1.593645	-0.575403	-1.241227	-0.926261	-0.173280	0.589557	0.561916	1.804901	0.353369	0.214012	-0.697761	-0.145767	1.149843	0.355857	0.092060	-0.523356	-0.721162	0.968485	-0.017018	-0.808923	0.239736	0.671556	-0.383602	-0.109345	1.477698	0.589681	-0.676645	-1.650405	0.633006	0.108723	0.590683	0.820206	1.696520	0.516885	0.306071
1.678857	1.689355	0.547885	0.855107	0.927235	-0.758885	1.697517	1.291653	1.117683	1.897644	0.396872	1.006667	0.361138	-1.323390	0.031834	-1.169945	1.056561	0.937001	-0.768105	0.020850	0.443266	-0.502902	-0.582935	-0.731415	1.037886	1.440104	1.624631	1.961090	0.792541	0.294743	-1.345145	-0.047856	1.436407	-0.061893	-0.246966	-0.170425	0.333165	1.590113	0.350730	-0.870042	0.430884	0.694758	0.086371	0.527315	1.902294	0.951980	-0.115649	-1.276475	0.786478	0.056882	0.857462	2.369213	1.343531	0.214778	-0.562513
0.541894	0.671777	-0.269339	-0.333933	0.895171	-1.032624	0.739324	0.894458	-0.040997	0.899038	-0.502470	-0.465342	-0.712838	-1.575373	-0.086759	-0.956123	0.579377	0.015281	-0.366989	-1.678411	-1.075930	-1.336886	0.201596	-0.837590	1.033846	0.935309	1.492598	1.278498	1.206736	-0.328527	-1.551382	-0.545613	0.618789	-0.574815	-0.887980	-0.054098	1.342337	0.264403	0.679327	-0.576996	0.285807	0.621705	0.397252	1.443922	1.833583	1.099808	-0.413871	-0.461475	0.859439	-0.006145	0.244107	2.352746	0.543998	0.218381	-0.915923
-0.362518	-0.418479	-0.877085	-0.950433	0.140477	-0.719488	-0.034389	-0.345055	-0.822479	-0.187449	-0.384586	-0.991731	-0.859636	-0.574699	-0.333094	0.226106	0.012666	-0.758621	0.122606	-1.774527	-1.358805	-1.725177	0.853783	-0.376206	-0.166467	-0.022638	0.362613	0.426481	1.354285	-0.735655	-0.688536	-0.665749	-0.383227	-0.632657	-1.130010	0.287630	1.528702	-1.437617	0.944210	0.189804	-0.277757	0.391286	0.411230	1.561798	0.999573	1.090176	-0.518358	0.562341	0.702518	0.527052	-0.440021	1.062540	0.059871	0.451252	-0.803621
-0.469878	-1.137361	-0.602292	-0.454246	-0.481106	0.015889	0.103613	-1.787658	-0.974551	-0.987453	0.324681	-0.625410	0.148819	0.747567	-0.457412	1.266078	0.143204	-0.567192	0.675656	-0.247382	-0.247371	-0.740866	1.110131	0.697124	-1.186288	-0.293727	-1.039820	-0.188982	0.763259	-0.298742	0.724817	0.129211	-0.717861	-0.000393	-0.767883	0.720209	0.756578	-1.882813	0.692055	0.901729	-0.775157	-0.051865	0.040519	0.086337	-0.499258	0.477156	0.295105	1.263189	0.265847	1.076722	-0.306951	-0.366156	-0.371331	0.073787	-0.569587
-0.111386	-1.205719	0.087865	0.308471	-0.365903	0.587575	0.600512	-2.025752	-0.790719	-1.552330	0.670683	-0.315022	0.900141	1.207136	-0.346906	1.128794	0.670590	0.070129	1.032544	1.121583	0.890283	0.662847	0.743619	1.296966	-0.950255	0.092091	-1.865888	-0.619751	-0.492245	0.441200	1.295023	0.955880	-0.433692	0.785502	-0.227484	0.645982	-0.430825	-1.022866	-0.184338	0.849962	-0.668819	-0.414059	-0.428479	-1.870711	-1.790407	-0.725551	1.186193	1.115167	-0.313305	0.551847	0.450508	-0.953661	-1.040795	-0.952289	-0.463843
0.082140	-0.445275	0.327070	0.270837	0.154954	0.565072	0.558354	-0.738039	-0.481619	-1.765270	0.571116	-0.385437	0.318700	0.484561	-0.119309	-0.011681	0.786004	0.300868	0.786068	0.751821	0.866352	0.926977	-0.073977	0.599046	0.097220	0.428889	-1.613008	-0.974386	-1.515792	0.463836	0.391970	0.591947	-0.143583	0.869463	0.094857	-0.140280	-1.178445	0.058807	-0.912905	0.008581	-0.041402	-0.141817	-0.411540	-2.153983	-1.836647	-1.524806	0.904242	0.187830	-0.836806	-0.865166	0.872781	-0.379930	-1.437932	-1.533833	-0.497015
-0.049337	0.792842	0.099343	-0.425606	0.494319	0.174769	0.089579	0.641572	-0.031395	-1.353700	0.842906	-0.231904	-0.786327	-0.771982	0.004952	-1.023955	0.456155	0.246709	-0.012483	-0.924032	0.073844	0.147880	-0.664561	-0.739668	0.794177	0.553955	-0.574836	-1.193873	-1.536841	-0.290662	-0.945632	-0.782193	-0.108067	0.108627	0.254974	-1.074903	-0.927018	0.678226	-0.692446	-0.806260	0.402922	0.895503	0.373114	-0.255893	-0.663024	-1.026392	-0.370738	-0.731733	-1.205449	-1.660333	0.553594	0.932814	-0.963611	-0.957085	-0.437699
-0.177979	1.540048	0.230403	-0.679120	0.653658	-0.094232	0.119756	0.702350	0.464211	-0.419443	1.828358	0.611383	-0.705870	-1.646535	0.050776	-1.117202	0.462688	0.588754	-0.737797	-2.064434	-0.129324	-0.020902	-0.472056	-1.287556	0.860478	0.806992	0.269199	-1.221801	-0.903832	-0.699328	-1.221721	-1.695304	0.004452	-0.652386	0.451757	-1.419189	0.048508	1.061227	0.123895	-0.799700	0.079696	1.981968	1.472527	1.839370	0.403161	0.289336	-1.214420	-0.856782	-1.374994	-0.984006	0.092577	2.043621	0.079971	0.099030	-0.018840
-0.054787	1.120979	1.090188	0.011352	0.973329	-0.270880	0.948393	-0.149225	0.798515	0.493333	2.609493	1.711657	0.951516	-1.676991	0.378184	-0.560113	1.118310	1.167661	-0.860360	-1.631412	0.786480	1.244314	0.277044	-0.570789	1.068586	1.113366	0.129929	-1.103015	-0.629216	0.132424	-0.297494	-1.248162	0.519737	-0.590451	0.615943	-1.007263	0.802563	1.547731	0.385363	-0.050670	-0.832817	2.170193	2.041751	2.083943	0.160466	1.060583	-0.844210	-0.205372	-1.189958	0.186002	0.160655	2.177193	0.854049	0.590572	0.675528
0.195246	0.003913	1.876534	0.854754	1.337191	-0.835504	1.674242	-0.465882	1.027601	1.017348	2.079776	2.261719	2.676828	-1.089704	1.185215	-0.076102	1.616564	0.931507	-0.499488	-0.448052	1.851619	2.707743	0.886107	0.517885	1.884144	0.963601	-0.760090	-0.830557	-1.005169	1.642868	0.624886	-0.105793	1.264485	0.034492	0.513588	-0.208664	0.671516	1.950398	-0.248134	0.720586	-1.580227	1.345170	1.624963	0.869943	-0.953951	0.759402	0.044725	0.529665	-0.432540	0.447093	0.642784	1.408705	1.090475	0.546313	1.159629
0.325579	-0.730063	1.610441	0.854992	1.163429	-1.794674	1.335529	0.133887	1.350445	1.342121	0.499219	2.029987	2.802585	-0.479909	1.988776	0.071072	1.055549	-0.492255	-0.188099	0.043436	1.848628	2.731791	1.092021	1.054705	2.638607	0.321246	-1.331373	-0.317414	-1.212865	2.395843	0.722615	0.616554	1.736721	0.223016	0.148372	0.654155	0.019115	1.909431	-0.732773	1.077188	-1.598900	0.345196	0.512790	0.225537	-1.332017	0.236526	0.494854	0.879625	0.797321	-0.117259	0.941023	0.498352	1.269696	0.775464	1.057854
0.253173	-0.650402	0.509562	0.124522	0.258679	-2.282275	0.155538	0.638486	1.499153	1.740617	-0.688621	1.483307	1.363810	-0.229206	1.957560	0.132360	-0.306648	-1.924287	-0.266450	-0.431163	0.822575	1.423035	1.234830	1.137829	2.422300	-0.176546	-0.774179	0.346320	-0.501243	1.717499	0.497678	0.747617	1.563222	-0.382642	-0.113911	1.484070	-0.174954	1.481261	-0.045990	1.195349	-1.007799	-0.083921	-0.598765	0.938543	-0.269097	0.370731	0.557603	1.063968	1.798910	-0.239082	0.723992	0.033170	1.725506	1.434976	0.522610
0.024325	-0.243762	-0.202452	-0.310970	-0.696412	-1.455929	-0.820790	0.325429	0.830520	1.980944	-0.644264	1.081099	-0.113942	-0.159829	0.900093	0.314072	-1.311956	-1.928180	-0.601537	-0.840516	-0.055484	0.356514	1.505467	1.292946	1.338561	-0.133072	0.568389	0.793245	0.694772	0.337982	0.751510	0.833968	0.773254	-0.926452	0.107518	2.044788	0.535785	1.032294	1.329883	1.308599	-0.377089	-0.101267	-1.124836	1.622337	1.048490	0.830910	0.861567	1.461065	1.681307	0.614618	0.100327	-0.026440	2.030375	1.661584	0.004890
-0.272414	-0.000507	0.179401	0.164897	-0.801996	0.361895	-1.070245	-0.223818	-0.630553	1.623416	-0.109671	0.773173	-0.447620	0.229480	-0.350944	0.568304	-1.240557	-0.616143	-0.782244	-0.294944	-0.000939	0.456336	1.526320	1.432011	0.333964	0.052989	1.521114	0.776459	1.270079	-0.577954	1.275054	1.036800	-0.168510	-0.441355	0.759273	1.888526	1.517860	0.701111	1.931472	1.284256	-0.104835	-0.306296	-0.834510	0.880003	1.100425	0.728123	1.410212	1.914153	0.340800	1.531889	-0.638302	-0.009359	1.508101	0.787668	-0.178544
-0.430822	0.196976	1.007847	1.059641	0.018416	1.800250	-0.997007	-0.102363	-1.755813	0.842870	-0.293885	0.286367	0.046396	1.122255	-0.771878	0.863814	-0.456834	0.489225	-0.543864	0.845809	0.461025	0.953126	0.951794	1.040387	0.002731	-0.165520	1.411749	0.609589	0.931623	-0.632039	1.164722	0.967937	-0.594491	0.761751	1.341344	0.927306	1.739103	0.283445	1.186803	0.970131	-0.051950	-0.795067	0.080786	-0.573404	0.118043	0.129839	1.485477	1.854716	-1.083363	1.535998	-1.139417	-0.104046	0.224525	-0.577555	0.097297
-0.181317	0.592146	1.135146	1.444710	0.874794	1.763386	-1.035711	0.611674	-1.524258	0.475665	-1.285570	-0.339957	0.280136	1.998352	-0.228665	1.274114	0.221356	0.323477	-0.089402	1.453745	0.257046	0.608400	0.143675	0.163327	0.092512	-0.695131	0.891320	0.906321	0.629391	-0.288478	0.192795	0.495385	-0.193377	1.304422	1.379801	-0.171965	0.889252	-0.350613	0.162212	0.631600	0.202723	-1.092919	1.012235	-0.807183	-0.200988	0.149099	0.686679	1.072603	-1.130439	0.954600	-1.085655	-0.285886	-0.823113	-1.083555	0.817773
0.456461	0.921852	0.265141	1.026808	0.835112	0.449014	-0.939391	1.006216	-0.447270	1.025340	-2.088932	-0.740618	-0.179637	2.049207	0.470561	1.690066	0.410275	-0.595016	0.037131	0.960931	-0.824513	-0.613643	-0.153874	-0.464264	0.108613	-0.979319	1.040844	1.739874	1.294030	-0.107509	-0.752609	0.072969	0.534985	0.407916	0.811366	-0.523944	-0.277118	-0.978625	0.210011	0.686639	0.745795	-0.891652	1.250035	0.646406	0.964028	1.385723	-0.450156	0.136658	0.417175	0.891369	-0.521851	-0.367660	-0.717670	-0.189942	1.623431
1.004805	0.704851	-0.806656	0.360757	-0.174044	-0.971619	-0.224204	0.493375	-0.105894	1.923516	-1.984493	-0.689294	-0.807734	1.088161	0.514546	1.724819	0.341330	-1.059035	-0.452456	-0.050324	-1.823015	-1.568668	0.272068	-0.382956	-0.110840	-0.700994	1.800124	2.302581	2.507536	-0.197895	-0.725922	0.098155	0.653310	-1.053088	-0.115537	0.033807	-0.698477	-1.260531	1.245549	1.097700	1.084813	-0.413896	0.584066	2.010691	2.373242	2.866315	-1.036920	-0.106503	2.108243	1.633168	0.006954	-0.130723	0.255096	1.099077	1.806206
0.966245	0.032873	-1.177875	0.097353	-1.410171	-1.462149	0.990628	-0.568817	-1.152655	2.089009	-1.277817	-0.390633	-1.061556	-0.097204	-0.110842	1.112799	0.400475	-0.670207	-1.141961	-0.580531	-1.735776	-1.441187	0.834305	-0.037793	-0.459202	-0.039130	1.953045	1.738146	2.886388	-0.345934	0.127386	0.323851	-0.169935	-1.470855	-1.077766	0.735191	-0.079535	-1.105139	1.830136	1.307415	0.703947	0.001973	-0.449992	1.472926	2.340301	2.987012	-0.791848	0.525747	2.222419	2.151468	-0.037624	0.328515	0.815387	1.233456	0.947256
0.412300	-0.372669	-0.791473	0.232968	-2.051448	-0.855964	1.899340	-1.301026	-2.374333	1.107561	-0.676794	-0.257855	-1.089220	-0.518006	-0.750439	0.108077	0.628382	-0.042036	-1.276499	-0.334833	-0.696293	-0.734593	0.827976	-0.186660	-0.756777	0.568486	0.870852	0.300384	1.769168	-0.398404	0.735852	0.165173	-1.196644	-0.321935	-1.675202	0.673954	0.796643	-0.700101	0.967926	0.816109	-0.174008	0.287292	-1.098681	-0.526760	0.919864	1.326698	-0.263713	1.213849	0.565338	1.330980	-0.539856	0.500046	0.171561	-0.166993	-0.476464
-0.062951	-0.059282	-0.317693	0.236489	-1.793514	0.220259	1.744136	-1.111537	-2.156400	-0.383986	-0.419137	-0.470585	-1.295022	-0.055061	-0.845428	-0.650698	0.663402	0.220422	-0.631747	0.087041	0.215372	-0.550632	0.164240	-0.912185	-0.777917	0.672519	-0.400542	-0.691685	0.092522	-0.392925	0.329043	-0.537202	-1.440817	1.258722	-1.506549	-0.275741	0.891586	-0.270487	-0.620450	-0.296554	-0.678535	0.421773	-1.132726	-1.858729	-0.259300	-0.855482	-0.186718	0.907737	-1.321258	-0.578486	-0.838565	0.062564	-0.985271	-1.772486	-1.443756
-0.018559	0.474031	-0.282830	-0.168362	-0.923592	0.909031	0.520856	-0.180901	-0.509317	-1.421860	-0.256023	-0.810043	-1.579132	0.488472	-0.464334	-0.666864	0.188487	0.210786	0.200330	0.073142	0.237854	-1.154705	-0.654648	-1.476274	-0.439932	0.028788	-0.386267	-0.313048	-0.673221	-0.416297	-0.709007	-1.238287	-0.796773	1.730362	-0.614114	-1.320344	0.065522	0.062687	-1.341051	-1.409903	-0.297150	0.145962	-0.917586	-1.280892	-0.150030	-1.946107	-0.682976	-0.504019	-1.782130	-2.031190	-0.536040	-0.537582	-1.311325	-1.894948	-1.395191
0.325861	0.290022	-0.578296	-0.633244	-0.042862	0.731981	-1.041853	0.659846	0.940422	-1.593288	-0.003241	-0.933305	-1.436504	0.416054	-0.087214	-0.000723	-0.598242	0.318422	0.513003	-0.257475	-0.338502	-1.665678	-1.136487	-1.124079	-0.076339	-1.089035	0.807880	0.769807	-0.217006	-0.461010	-1.279198	-1.203742	-0.070618	0.704574	0.291651	-1.489233	-0.750636	0.201936	-0.633631	-1.845938	0.447534	-0.738571	-0.782633	0.235619	0.507978	-1.548110	-1.101479	-1.934502	-0.734067	-1.779943	-0.001085	-0.549231	-0.493001	-0.337887	-0.721979
0.333729	-0.852535	-0.812509	-0.735825	0.341722	-0.085654	-2.136589	0.627896	0.919912	-1.204823	0.211030	-0.771019	-0.715055	-0.081285	0.015624	0.713517	-1.108599	0.570119	0.289725	-0.378831	-0.781570	-1.224928	-1.253902	0.076813	-0.183296	-1.857121	1.497044	0.964751	0.366904	-0.419162	-0.754644	-0.311375	0.033899	-0.836280	0.433684	-0.590660	-0.648052	0.007349	0.389671	-1.415723	0.617829	-1.869587	-0.549690	0.855714	0.355020	-0.644922	-0.705259	-2.166625	0.402209	-0.248255	0.071339	0.075582	0.392086	1.345964	-0.252330
-0.326557	-2.136555	-0.853018	-0.637723	0.180363	-0.807766	-2.469011	-0.221914	-0.067571	-0.839515	0.167846	-0.607197	0.132644	-0.340202	0.034766	0.666169	-1.028262	0.693728	0.153268	-0.139532	-0.880313	-0.115558	-1.352851	1.197100	-0.744754	-1.534453	0.567861	-0.375468	-0.010332	-0.179136	0.378193	0.665575	-0.363613	-1.637406	-0.206360	0.502975	0.174542	-0.550847	0.257948	-0.645771	0.065149	-2.471343	0.138394	-0.005075	-0.818262	-0.415784	0.434954	-1.157876	0.380362	0.886563	-0.469647	0.576354	0.305337	1.550455	-0.403028
-1.269007	-2.495888	-0.883617	-0.855880	-0.105627	-0.783396	-2.248097	-0.958409	-0.480032	-0.899071	-0.190683	-0.760395	0.633140	-0.175772	0.236316	-0.470843	-0.704710	0.632045	0.633955	0.135425	-0.970819	0.561602	-1.693556	1.256903	-1.152331	-0.258196	-1.044586	-2.166990	-1.183275	0.224331	1.029811	0.716038	-0.697570	-1.306149	-0.909668	0.640629	0.623792	-1.193033	-1.213691	-0.389171	-0.351801	-2.086906	1.102749	-1.296433	-1.966945	-1.113969	1.366299	-0.125567	-0.531219	0.464618	-0.961361	0.342050	-0.456780	0.342093	-0.896255
-1.743241	-1.612348	-1.116482	-1.465856	-0.087922	0.062579	-1.759346	-0.726858	0.456317	-1.421557	-0.696338	-1.214210	0.793125	-0.088726	0.501159	-2.083113	-0.714026	0.597023	1.630881	0.200845	-1.210593	0.162765	-2.100395	0.163601	-1.021329	0.966756	-1.544663	-2.884344	-2.084012	0.513891	0.547880	-0.322364	-0.750026	-0.476991	-1.024565	-0.391854	-0.071828	-1.435707	-2.734104	-0.988808	0.122344	-0.980331	1.530742	-1.756025	-2.168735	-2.059995	1.238269	-0.250395	-1.062872	-1.012937	-0.626350	-0.421547	-0.775054	-0.755437	-1.212033
-1.379107	-0.120815	-1.584962	-1.924829	0.187199	1.234528	-1.117802	0.287524	1.974122	-2.077192	-0.980969	-1.573907	0.835030	-0.535950	0.409609	-2.938171	-1.117326	0.603347	2.513897	0.170693	-1.278841	-0.861528	-2.094898	-1.146019	-0.738146	1.204311	-0.544358	-2.266901	-2.039578	0.331217	-0.741167	-1.446036	-0.748821	-0.011314	-0.532531	-1.534142	-1.525578	-1.000068	-2.834755	-1.813236	1.118610	0.207824	0.810822	-1.199630	-1.541356	-2.476065	0.271265	-1.375546	-0.586420	-2.081284	0.493307	-1.097916	-0.200171	-0.556033	-1.147616
-0.523644	0.937255	-2.059029	-1.782797	0.317066	2.042423	-0.403935	1.040079	2.665660	-2.296544	-0.641859	-1.388837	0.737279	-1.250031	-0.239115	-2.269805	-1.353091	0.338466	2.655735	0.233764	-0.871147	-1.564196	-1.422117	-1.559645	-0.842672	0.471766	0.551520	-1.335317	-1.363872	-0.349259	-1.856556	-1.471138	-0.769770	-0.038008	0.116858	-1.514691	-2.554858	-0.082013	-1.258917	-1.829915	1.553251	0.988410	-0.609604	-0.391389	-0.807708	-2.164866	-0.467506	-2.147756	0.171589	-1.924746	1.444245	-1.355692	0.584497	0.583197	-0.853365
0.134747	0.853001	-2.049872	-1.224534	0.142807	2.018926	0.178188	0.739844	1.900147	-1.659675	0.344911	-0.566186	0.402484	-1.414554	-1.101943	-0.595449	-0.923564	-0.279364	1.972996	0.436118	-0.162913	-1.411950	-0.402216	-0.767407	-1.178900	-0.347314	0.338788	-0.945457	-0.763398	-1.011036	-1.929327	-0.265362	-0.473404	0.136964	0.477508	-0.196896	-2.310702	0.812898	0.818657	-0.722726	0.945515	1.177841	-1.471475	-0.089499	-0.457806	-1.461454	-0.202226	-1.507899	0.145314	-1.056957	1.323072	-1.213707	0.719387	1.366980	-0.486611
0.170395	-0.226031	-1.132620	-0.680927	0.023758	1.219584	0.400097	-0.421936	0.316839	-0.428487	1.317593	0.453078	0.126603	-0.482375	-1.539925	0.759225	-0.044825	-0.704460	1.056588	0.831623	0.414696	-0.516176	0.340164	0.627263	-1.183455	-0.439882	-1.109082	-0.933780	-0.573888	-1.022868	-0.814572	1.233008	0.323686	1.006186	0.394690	1.318586	-1.071368	1.238987	1.823993	0.683720	-0.051647	0.808193	-0.980248	-0.462997	-0.545827	-0.756440	0.853912	0.099952	-0.712704	-0.485046	0.269830	-0.734883	0.081883	0.950289	-0.102803
-0.327425	-1.352425	0.499943	-0.171135	0.374368	0.246765	0.196456	-1.594243	-0.934052	0.397796	1.356538	0.948369	0.401017	1.168141	-1.190277	1.001480	0.527025	-0.327935	0.640460	1.499344	0.695526	0.720161	0.486787	1.798247	-0.835281	0.106518	-2.673583	-0.778490	-0.725681	-0.350885	0.807451	2.110487	1.082885	1.931332	0.035806	1.873070	0.084200	1.039672	1.095103	1.196278	-0.544556	0.073434	0.257809	-1.193273	-0.959068	-0.228793	1.882966	1.204766	-1.407351	-0.544925	-0.682830	-0.041134	-0.859121	-0.470844	0.119912
-0.898444	-1.598247	1.978468	0.627037	1.046653	-0.213007	-0.285338	-2.012155	-1.273388	-0.046646	0.299529	0.520353	1.124718	2.370926	-0.272516	0.506508	0.301282	0.632309	0.792397	2.198520	0.889092	1.896194	0.256892	2.302800	-0.646764	0.425434	-3.400232	-0.485546	-1.116003	0.350601	1.925208	2.223596	0.983226	1.738710	-0.243837	1.306031	0.428850	0.403057	-0.650503	0.410957	-0.503815	-0.747950	0.796993	-1.805876	-1.500614	0.037510	2.258562	0.946608	-1.105735	-0.763777	-0.778583	0.497521	-1.637383	-2.049153	-0.115992
-1.016077	-0.981309	2.517825	1.739773	1.368278	-0.061947	-0.760088	-1.414779	-0.965297	-1.412147	-0.859331	-0.451134	1.419769	2.112964	0.652799	0.083963	-0.440209	1.227014	0.774440	2.305678	1.219015	2.664349	0.020044	2.111258	-0.673991	-0.151807	-2.949600	-0.375123	-1.645344	0.480982	1.979897	1.871430	-0.048970	0.305815	-0.157902	0.352337	0.320297	-0.213322	-2.023293	-0.919101	-0.657061	-1.445128	-0.099294	-1.902787	-1.765284	-0.055494	1.908714	-0.065136	-0.060574	-0.664409	-0.319960	0.516873	-1.970877	-2.893776	-0.799984
-0.466600	-0.402407	2.106467	2.638061	0.817499	0.109625	-0.967974	-0.108189	-0.504655	-2.267426	-0.965523	-1.085967	0.537014	0.518467	1.136787	0.003776	-1.016172	0.874709	-0.079045	1.451277	1.570103	2.786078	-0.168479	1.361398	-0.288640	-1.313133	-1.492880	-0.376961	-1.995402	0.122741	1.258947	1.224238	-1.159566	-1.043340	0.224824	-0.260006	0.609722	-0.377012	-2.147160	-1.641628	-1.383609	-1.920862	-1.673229	-1.341172	-1.318667	-0.466299	1.147079	-0.656979	0.702395	-0.334647	-0.142305	0.171324	-1.713468	-2.585034	-1.407874
0.356847	-0.570918	1.209453	2.691961	-0.432941	-0.260013	-0.906856	1.172673	-0.089624	-1.626617	-0.060896	-0.905334	-1.227267	-1.161049	1.061258	-0.002670	-1.151117	0.013335	-1.483090	0.102166	1.530941	2.249172	-0.528881	0.235610	0.702541	-2.113423	0.254046	-0.168178	-1.793880	-0.266329	0.469176	0.364130	-1.619591	-1.085229	0.433331	-0.486277	1.398507	-0.072279	-1.271335	-1.316109	-2.117260	-2.108249	-2.569550	-0.374662	-0.245005	-0.892783	0.323244	-0.534958	0.413725	-0.162853	-0.572815	0.033511	-1.028280	-1.553931	-1.399370
0.681059	-1.208252	0.071325	1.797360	-1.637616	-1.005604	-0.878453	1.703593	0.225725	-0.095157	0.660668	-0.339771	-2.750440	-1.719432	0.607238	-0.103670	-1.233463	-0.546230	-2.500472	-0.806796	0.832674	1.284786	-1.121154	-1.020314	1.344992	-2.088551	1.255025	0.091158	-1.132176	-0.570726	-0.038277	-0.404067	-1.664406	-0.170998	0.019566	-0.811597	1.767327	0.255690	-0.344167	-0.541267	-2.024433	-1.970837	-2.296824	0.453903	0.658897	-0.978852	-0.430348	-0.451379	-0.778823	-0.330979	-1.234526	0.307836	-0.434786	-0.800382	-0.833630
0.163515	-1.432973	-1.188143	0.561467	-2.049085	-1.408572	-1.106612	1.348549	0.262068	0.891478	0.351355	-0.124664	-3.107345	-1.152401	0.103707	-0.138812	-1.676355	-0.568292	-2.618588	-0.793141	-0.199592	0.282346	-1.589119	-2.069923	0.601617	-1.743600	1.020282	-0.155325	-0.605139	-1.044860	-0.459866	-0.675856	-1.863458	0.366702	-0.836600	-1.485232	0.933737	0.169893	-0.029714	-0.158709	-1.016975	-1.574719	-1.500451	0.742656	0.604509	-0.608411	-1.190177	-1.022253	-1.967096	-0.724746	-1.702745	0.465097	-0.289839	-0.805618	-0.239948
-0.569053	-0.747928	-1.974582	-0.140752	-1.407161	-0.997143	-1.299919	0.669034	-0.055032	0.773938	-0.463566	-0.303272	-2.239997	-0.503114	-0.254420	0.062321	-2.171319	-0.357360	-2.143732	-0.176594	-0.754209	-0.324946	-1.419776	-2.541826	-1.128907	-1.748767	0.189943	-0.858116	-0.594848	-1.667736	-0.986714	-0.393942	-1.973143	-0.026833	-1.310129	-2.009682	-0.639153	-0.281116	-0.143935	-0.278694	0.186932	-1.013923	-0.935719	0.592409	-0.215160	0.057791	-1.976160	-1.823764	-2.155576	-1.099041	-1.882667	-0.045136	-0.283852	-0.881999	0.081807
-0.516165	0.482669	-1.505053	0.047019	-0.074524	-0.051847	-0.869874	0.353166	-0.402113	0.305020	-0.665303	-0.177679	-0.829824	-0.594002	-0.598831	0.429198	-1.892982	-0.108925	-1.562169	0.361261	-0.326259	-0.309601	-0.500566	-2.246173	-2.207447	-1.921139	-0.118931	-1.072508	-0.723876	-1.919540	-1.384940	-0.014028	-1.131527	-0.628205	-0.748611	-1.627843	-1.655236	-0.657216	-0.076631	-0.330713	0.882409	-0.282318	-0.658498	0.435570	-0.700512	0.705571	-2.558244	-1.905804	-0.983429	-1.155067	-1.729186	-0.953858	0.185958	-0.093313	0.348732
0.497395	1.428700	0.045115	0.556127	1.174415	0.660273	0.262152	0.597417	-0.374290	0.337240	-0.020434	0.700597	0.234682	-1.122953	-1.110691	0.717065	-0.569787	0.131640	-1.022264	0.296717	0.600628	0.021186	0.583651	-1.428802	-1.514435	-1.458059	0.465609	-0.119952	-0.320335	-1.418061	-1.356167	-0.186610	0.746048	-0.658664	0.560216	-0.385928	-1.382223	-0.653713	0.312524	-0.012753	0.958183	0.611523	-0.353562	0.513487	-0.085781	0.965616	-2.646628	-0.989586	0.903888	-0.694009	-1.114851	-1.427050	1.149240	1.330291	0.813922
1.537285	1.590498	1.310655	0.466965	1.616047	0.621777	1.322886	1.080005	-0.041099	0.781678	0.641955	1.840985	0.427359	-1.081647	-1.536617	0.702370	0.934551	-0.010533	-0.613831	-0.495509	0.950303	-0.062333	0.952545	-0.666313	0.414832	-0.179559	1.237599	1.374775	0.679857	-0.495166	-1.093701	-1.207441	2.449090	-0.292376	1.659727	0.644566	-0.286916	-0.392421	0.481647	0.240518	0.697514	1.417941	-0.012979	0.708090	1.149983	0.624699	-2.234907	0.195675	2.216273	0.083009	-0.227346	-1.058426	1.947634	2.159967	1.290887
1.657622	1.233812	1.174551	-0.384777	1.048301	0.068830	1.462661	1.366527	0.142514	1.016948	0.680918	2.344819	-0.026346	0.074536	-1.276790	0.398468	1.470092	-1.028437	-0.645831	-1.598547	0.268162	-0.904217	0.334598	-0.302169	2.086182	0.985697	1.294884	2.160141	1.625110	0.168023	-1.077463	-2.593194	2.731217	-0.093558	1.927787	0.568331	0.691460	-0.164205	0.043806	-0.016138	0.333412	1.746476	0.084312	0.925206	1.864566	-0.053982	-1.596914	0.823227	2.071948	0.639394	0.296011	-0.222680	2.083810	1.822416	1.424987
1.002023	0.977205	0.127037	-1.096363	-0.106040	-0.300376	0.785043	1.226079	0.003873	0.868403	0.487470	1.928778	-0.320865	1.763771	-0.100531	0.154494	0.958397	-2.581446	-1.216509	-2.169163	-0.697445	-1.802466	-0.446159	-0.058544	2.511377	1.088470	0.561042	1.851455	1.948203	0.385011	-1.292369	-3.212216	1.692175	0.044450	1.582807	-0.126383	1.112176	-0.012939	-0.466916	-0.378241	-0.068988	1.456755	-0.112706	1.330496	1.531811	-0.395597	-0.942370	0.928793	0.840969	0.695212	0.026711	0.537220	1.822114	1.195746	1.279969
0.491192	0.942509	-0.332673	-0.736675	-1.161399	-0.190720	0.251477	0.711591	-0.073902	0.717893	0.767121	1.142555	0.115817	2.733852	1.420567	0.362181	0.487757	-3.349879	-1.775926	-1.639581	-0.845714	-1.599096	-0.184472	0.539586	1.865750	0.381297	-0.148977	1.179440	1.746695	0.652682	-1.053956	-2.207051	0.505649	0.739652	1.213476	-0.125391	1.125554	0.302041	-0.123515	0.015806	-0.491134	0.800425	-0.294784	1.943099	0.623628	0.017145	-0.254807	1.182666	-0.232080	0.542170	-0.619671	1.034465	1.695287	1.361418	1.281218
0.597611	0.616309	0.466713	0.480704	-1.623899	-0.104738	0.503938	0.119662	0.330059	0.808888	1.380983	0.641317	0.949436	2.167534	2.349636	0.930165	0.932462	-2.387269	-1.600735	-0.418046	0.043843	-0.099087	1.311315	1.364982	1.026295	-0.057392	-0.010726	0.852626	1.437358	1.440451	0.110751	-0.049539	0.027338	1.933475	1.110957	0.900945	0.923080	0.933809	1.102026	1.211224	-0.874113	0.130003	-0.193315	2.240350	-0.108781	0.806160	0.454070	1.787378	-0.335514	0.530904	-0.736438	1.209149	1.680802	2.053307	1.558636
0.871470	-0.219347	1.633632	1.413525	-1.381801	-0.661308	1.117854	-0.180821	1.101290	0.917561	1.470163	0.530583	1.291535	0.413373	2.185710	1.228068	1.851639	-0.362718	-0.692934	0.455402	1.218128	1.483011	2.757636	1.639962	0.703149	0.234925	0.923361	0.816019	1.139977	2.507887	1.637934	1.588995	0.103857	2.463101	1.176352	1.700367	0.464292	1.637828	2.068403	2.091020	-1.059121	-0.358306	0.130064	1.631596	-0.305391	1.210919	0.901071	2.014713	0.186777	0.509754	0.109148	0.825458	1.267941	1.987866	1.686537
0.682211	-0.812646	1.876083	1.281229	-0.675562	-1.692094	1.199649	-0.040059	1.685535	0.797434	0.699695	0.478697	0.749094	-1.306414	1.199915	0.728112	2.047641	1.067111	0.155291	0.426832	1.881989	1.793587	2.655775	0.856309	0.907209	0.664200	1.717141	0.751731	0.725226	3.092820	2.377550	1.427141	0.148706	1.238769	1.206985	1.068799	-0.261207	1.921140	1.762638	1.659404	-0.760029	-0.515678	0.484545	0.358588	0.011133	1.018077	0.752131	1.121266	0.518257	0.167505	1.446055	-0.167676	0.308880	0.639204	1.197503
-0.021273	-0.259191	0.954324	0.314210	0.040644	-2.325107	0.458828	0.303874	1.612283	0.601289	-0.169358	0.225696	-0.111079	-1.900367	0.103727	-0.433503	0.993606	1.060654	0.291513	-0.161951	1.769459	0.792449	0.963128	-0.484122	1.101146	0.684424	1.449291	0.694233	0.343253	2.687746	1.875248	-0.025949	-0.061374	-1.303578	1.029008	-0.418287	-0.953731	1.510738	0.553447	0.351045	0.227966	-0.108073	0.868674	-0.482634	0.628246	0.747671	0.094624	-0.490774	0.436599	-0.203939	2.388489	-1.171130	-0.594100	-0.940760	0.133625
-0.853891	1.170165	-0.259636	-0.847612	0.405309	-1.892953	-0.551800	0.387730	0.818953	0.661317	-0.224945	-0.166158	-0.428278	-1.212100	-0.540480	-1.674512	-0.612619	0.325803	-0.050505	-0.798887	0.916188	-0.381617	-0.802736	-1.288062	0.838565	0.698860	0.177321	0.769325	0.464418	1.491588	0.865490	-1.004170	-0.289341	-3.341396	0.492254	-1.004408	-1.140889	0.646687	-0.233460	-0.425434	1.626604	0.936139	1.423297	-0.077265	1.142037	0.843275	-0.464680	-1.464682	0.333667	0.182686	2.410774	-1.361443	-0.742654	-1.332646	-0.991069
-1.511248	2.155138	-0.854185	-1.818696	0.465801	-0.521607	-1.073856	-0.095675	-0.347788	1.039120	0.406234	-0.427948	0.045210	0.004960	-0.659811	-2.535185	-1.616573	0.035328	-0.088257	-1.375675	-0.467925	-0.775816	-1.178523	-0.956247	0.218622	1.378518	-1.000837	0.709608	1.199094	0.167717	0.350024	-0.437815	-0.241699	-3.409350	-0.380805	0.033869	-0.613850	-0.079703	0.117019	0.043937	2.582259	2.178639	2.118609	1.111211	1.121827	1.066450	-0.308673	-0.920923	0.369142	1.528823	1.686049	-0.664750	-0.161333	-0.394200	-1.595448
-1.839303	1.859256	-0.641641	-2.302018	0.582144	1.061603	-0.746508	-1.007652	-1.250520	1.467546	0.721518	-0.320845	0.864366	0.832715	-0.533829	-2.780706	-1.431533	0.474923	0.587877	-1.781831	-1.701205	-0.443210	-0.195018	0.093386	-0.315164	2.440425	-0.966289	0.137128	1.864238	-0.671228	0.476200	0.945697	0.126863	-1.780390	-1.211866	1.470171	0.283971	-0.169384	0.952535	1.047273	2.244350	2.850481	2.655662	1.755504	0.578402	0.965876	0.549726	0.605637	0.177096	2.843545	0.835727	0.121915	0.466084	0.697142	-1.370761
-1.625613	0.833519	0.026074	-1.833080	0.949903	2.058536	0.313070	-1.807808	-1.246218	1.627219	0.123885	0.150213	1.536150	0.970920	-0.394836	-2.160812	-0.306419	1.033531	1.641533	-1.469180	-1.820353	0.033527	0.931522	0.921871	-0.500627	2.785845	0.230132	-0.730185	1.609605	-0.778937	0.607207	1.607216	0.608126	0.055460	-1.444703	1.661200	0.871851	0.404951	1.162273	1.463650	0.610588	2.566972	2.746896	1.106893	0.087459	0.648387	1.404527	1.802588	-0.417259	2.870111	0.422790	0.365234	0.562415	0.874462	-0.442439
-0.735559	0.200822	0.756498	-0.304366	1.378228	2.076887	1.662988	-1.957000	-0.236556	1.353553	-0.865019	0.644454	1.929536	0.820006	-0.247129	-0.597921	1.096852	1.209193	2.462041	-0.030071	-0.606091	0.354892	1.253669	0.966266	-0.444142	1.927713	1.266074	-1.099164	0.446814	-0.347348	0.294785	1.015854	0.928102	1.016116	-0.888813	0.489924	0.758857	1.111896	0.517118	1.053665	-1.261392	1.749822	2.401558	-0.211198	0.154220	0.633599	1.548527	1.901717	-0.875424	1.557218	0.582712	0.359736	0.117059	0.203353	0.658624
0.482334	0.293341	1.247003	1.405565	1.600731	1.380570	2.643546	-1.386072	0.961241	0.674609	-1.326208	0.679223	2.016554	0.806721	-0.084262	1.249911	2.138868	1.132657	2.721159	1.891064	0.814839	0.574134	0.861718	0.469056	-0.384038	0.709696	0.846482	-0.543548	-0.690810	0.082258	-0.251204	0.158612	0.971316	1.180158	-0.071633	-0.682012	0.270660	1.177429	-0.228498	0.427227	-2.086040	1.096600	1.824271	-1.021931	0.547922	0.992271	1.036461	1.161085	-0.584311	0.151730	0.954520	0.743784	-0.568429	-0.563131	1.263993
1.229068	0.403502	1.236707	1.966428	1.580895	0.657797	2.636908	-0.550031	1.161849	-0.176739	-1.045698	0.083515	1.587896	0.814233	-0.085759	2.109145	2.357806	1.104776	2.393991	2.848751	0.959180	0.631344	0.302368	0.117460	-0.483164	0.270081	-0.838786	0.348522	-0.991107	-0.021781	-0.623892	0.251498	0.842765	1.126454	0.147212	-0.747471	0.110428	0.239306	-0.428215	0.046102	-1.509389	0.680499	1.104776	-0.987659	0.596400	1.102729	0.614525	0.270233	0.227835	-0.278302	0.934860	1.457728	-1.257131	-0.979381	0.989276
0.978004	-0.185491	0.728461	1.018402	1.370347	0.369938	1.603728	0.052480	0.100824	-0.788287	-0.551628	-0.714344	0.589763	0.483106	-0.378481	1.278964	1.635578	1.104128	1.559153	2.089517	-0.307069	0.287220	-0.209310	0.305863	-0.823076	0.670782	-2.196768	0.643866	-0.539345	-0.614854	-0.662341	1.278704	0.686178	1.114441	-0.516357	0.036697	0.544087	-1.159777	-0.251198	-0.219568	-0.377888	-0.040555	0.224574	-0.792238	0.153380	0.491393	0.820613	-0.332952	0.739653	0.055062	0.222628	1.745111	-1.729760	-1.128387	0.053341
0.114587	-1.212057	0.170115	-0.313027	0.868695	0.351360	0.323429	0.326465	-1.056819	-0.815191	-0.258341	-1.038329	-0.444464	-0.097388	-0.695235	-0.410625	0.444719	0.975353	0.478997	0.537623	-1.485209	-0.411337	-0.703605	0.740979	-1.325208	0.996756	-1.970696	0.260834	0.067878	-0.942852	-0.317960	2.033555	0.459484	1.049863	-1.363905	0.675481	1.107372	-1.946299	-0.195072	-0.571511	0.200820	-1.200746	-0.618203	-0.994434	-0.145137	-0.423942	1.309461	-0.565151	0.632415	0.285798	-0.737425	1.136223	-1.669037	-1.128856	-0.809389
-0.434923	-1.729496	-0.001045	-0.677304	-0.035981	0.129125	-0.290706	0.418077	-1.024771	-0.375898	-0.083742	-0.734803	-0.818209	-0.406546	-0.583441	-1.291051	-0.371613	0.737160	-0.311515	-0.171461	-1.190713	-0.972516	-0.991075	0.756651	-1.591902	0.580745	-0.665111	-0.007359	0.477073	-0.344565	0.432641	1.468225	-0.050308	0.799113	-1.480335	0.581664	1.237903	-1.634166	-0.381148	-0.851612	-0.047722	-2.005110	-1.016270	-1.260804	0.165716	-0.831233	1.235790	-0.506843	0.376791	0.127425	-1.082531	0.051948	-1.007392	-0.915233	-0.931735
-0.269185	-1.326757	0.027638	-0.022754	-1.118927	-0.478950	-0.196880	0.282847	-0.068582	-0.061895	0.080831	-0.374291	-0.568276	-0.228985	-0.007523	-0.606112	-0.414925	0.429039	-0.417418	0.378791	0.164727	-0.977747	-0.802912	0.049336	-1.120093	-0.367358	0.158041	0.290265	0.638610	0.803969	1.276789	-0.204041	-0.910630	0.302641	-0.826994	-0.130315	0.946079	-0.863656	-0.623736	-0.844479	-0.504715	-1.676246	-0.875342	-1.001989	0.565729	-0.593642	0.255321	-0.324706	0.351479	-0.044469	-0.550282	-0.658261	-0.269292	-0.538245	-0.336713
0.108544	-0.655846	-0.237512	0.573616	-1.794579	-1.189060	-0.142635	-0.221015	0.353056	-0.284295	0.072488	-0.447431	-0.427337	0.033154	0.532218	0.741250	-0.132349	-0.012760	-0.095910	0.985925	0.998258	-0.544598	-0.297236	-0.899573	0.066122	-1.225860	-0.140536	0.631423	0.466528	1.405334	1.575998	-1.723132	-1.727133	-0.318409	-0.191597	-0.999750	0.591766	-0.494430	-0.813120	-0.656170	-0.530293	-0.607147	-0.621184	-0.322119	0.207732	-0.333428	-1.019419	-0.228983	0.275844	-0.071052	0.076716	-0.562635	-0.080572	-0.282146	0.298409
0.099419	-0.523806	-0.692870	0.404939	-1.575580	-1.536201	-0.474746	-0.849528	-0.337664	-0.729763	-0.166681	-0.664254	-0.732289	-0.045628	0.590942	1.319168	-0.097521	-0.420054	0.032564	0.589575	0.638862	-0.123405	0.016005	-1.270944	1.153765	-1.526206	-0.647266	0.381920	-0.072551	1.005771	1.043040	-2.002621	-1.837248	-0.649921	-0.099366	-1.511185	0.251508	-0.463946	-0.892306	-0.544959	-0.129391	0.030624	-0.583504	0.111215	-0.790188	-0.456511	-1.626193	-0.335318	-0.182908	-0.313541	-0.050057	0.049885	-0.352351	-0.303715	0.348224
-0.201860	-0.824176	-0.734692	-0.162774	-0.612325	-1.238119	-0.606548	-1.054045	-0.998694	-0.831864	-0.351433	-0.503404	-0.912239	-0.364592	0.262062	0.760346	-0.190215	-0.305048	-0.149383	-0.253374	-0.039126	-0.031823	-0.082755	-0.845041	1.227887	-1.089220	-0.392616	-0.280830	-0.651885	0.301600	0.154709	-1.146796	-1.041818	-0.343795	-0.320636	-1.352566	-0.224740	-0.147449	-0.737841	-0.585989	0.245133	-0.234286	-0.480728	-0.071675	-1.348523	-0.614986	-1.249547	-0.584877	-0.716392	-0.967022	-0.618277	0.551960	-0.455274	-0.405931	-0.206734
-0.340545	-0.808528	-0.385365	-0.539942	0.274424	-0.451485	-0.016867	-0.707593	-0.433755	-0.658467	-0.263606	-0.168702	-0.426626	-0.590832	-0.045094	-0.039510	0.045583	0.448353	-0.138511	-0.351755	-0.147160	-0.313203	-0.266971	-0.274136	0.230627	-0.162771	0.278578	-0.757998	-0.813252	0.037442	-0.417233	-0.249244	-0.017092	0.295566	-0.541559	-0.723401	-0.655207	0.373956	-0.366634	-0.681749	0.277562	-0.664502	0.026877	-0.606951	-0.827810	-0.342346	-0.521726	-0.828954	-0.750354	-1.552484	-0.528402	0.520452	-0.198312	-0.331060	-0.933881
-0.297921	-0.235055	-0.494233	-0.794614	0.276297	0.255394	0.771882	-0.356483	0.810040	-0.805032	-0.098913	-0.339938	0.243700	-0.673884	-0.126383	-0.193668	0.473571	1.112360	0.281442	0.199471	-0.036923	-0.835139	-0.198920	-0.258099	-0.974189	0.491903	0.393050	-0.922473	-0.542285	-0.015554	-0.577731	-0.196111	0.306576	0.496324	-0.869711	-0.241267	-0.619338	0.287538	-0.084123	-0.783826	0.069719	-0.420084	0.528691	-1.032977	0.112918	0.154744	-0.323246	-0.973401	-0.306624	-1.456695	0.473759	-0.033549	-0.065800	-0.096866	-1.417993
-0.475652	0.289815	-1.376555	-1.274702	-0.555825	0.425689	0.796159	-0.490376	1.084590	-1.404660	-0.145397	-1.079240	0.128144	-0.736781	-0.178340	0.083552	0.411247	0.915253	0.591461	0.234937	-0.516999	-1.324173	-0.125191	-0.705750	-1.492470	0.206477	-0.146259	-1.080925	-0.320480	-0.496709	-0.693963	-0.812076	-0.256599	-0.025275	-1.335795	-0.360411	-0.196573	-0.589914	-0.226892	-0.997071	0.028914	0.308852	0.266432	-1.161380	0.333569	0.156066	-0.858784	-1.079614	-0.052404	-0.814733	1.256701	-0.736852	-0.410895	0.071665	-1.434468
-0.953423	0.206745	-1.977123	-1.747519	-1.264273	0.278792	-0.068074	-0.839721	-0.128507	-1.813010	-0.309605	-1.642810	-0.863455	-0.739328	-0.564212	-0.119646	-0.379208	0.152075	0.376754	-0.436141	-1.429962	-1.405668	-0.644935	-0.971645	-1.149056	-0.690368	-0.505094	-1.241685	-0.540466	-1.277485	-0.870947	-1.223662	-1.018911	-0.659826	-1.397438	-0.951488	-0.057646	-1.269269	-0.821667	-1.447151	0.539381	0.608994	-0.680544	-1.121873	-0.468471	-0.721518	-1.471858	-1.310901	-0.441344	-0.449338	0.761370	-1.031383	-0.931310	0.021686	-0.859094
-1.180766	-0.195587	-1.108611	-1.483506	-0.991249	0.425328	-0.995879	-0.697135	-1.412487	-1.451283	-0.212269	-1.416960	-1.680747	-0.628913	-1.354576	-1.095666	-1.245717	-0.186004	0.055622	-0.555186	-1.719915	-0.833990	-1.783744	-0.681322	-0.353243	-1.051084	-0.135240	-0.958752	-1.055359	-1.484313	-0.776488	-0.832367	-1.224478	-0.684351	-0.446009	-1.435721	-0.583363	-0.840133	-1.487336	-1.955644	1.510922	0.053368	-1.309425	-1.087627	-1.552846	-2.008924	-1.339960	-1.629524	-1.077634	-0.825706	-0.564878	-0.525140	-1.056105	-0.135716	0.267093
-0.573403	-0.181305	0.834784	-0.230480	0.019862	0.922332	-1.259199	0.184423	-1.144880	-0.530103	0.298407	-0.524761	-1.381685	-0.566060	-2.004095	-1.985301	-1.367036	0.083185	0.167632	0.518770	-0.800187	0.215061	-2.538151	0.003387	0.450713	-0.292037	0.643429	-0.021619	-1.358621	-0.687656	-0.277117	0.199847	-0.718447	-0.166913	1.307546	-1.208565	-1.324910	0.276056	-1.589275	-1.891524	2.195564	-0.766561	-1.017771	-0.950841	-2.009144	-2.715617	-0.323313	-1.557265	-1.113109	-1.385879	-1.353477	0.507456	-0.483510	-0.028230	1.512619
0.730626	0.443914	2.117507	1.242046	0.685617	1.056529	-0.898077	1.269956	0.444565	0.273436	0.916566	0.516799	-0.257391	-0.588431	-1.698579	-1.709322	-0.642038	-0.008398	0.341228	1.442881	0.643265	1.137351	-1.745766	0.735616	0.948903	0.773243	1.218850	0.999890	-1.098799	0.385755	0.130107	1.209641	0.120795	0.182564	2.767616	-0.085563	-1.604034	0.829254	-0.686580	-0.684773	1.788504	-0.960467	-0.427389	-0.329279	-1.537497	-2.158407	0.857128	-0.561294	-0.214852	-1.199198	-1.014839	1.117837	0.654632	0.638816	2.156323
1.855578	1.118972	1.603359	1.800245	0.370391	0.356869	-0.387546	1.817747	1.535085	0.547467	1.202858	1.260115	0.557994	-0.343502	-0.338481	-0.232338	0.281199	-1.048648	-0.247100	0.586569	1.355634	1.344003	0.483249	1.213585	0.805437	0.875640	1.281031	1.181846	-0.400744	0.557720	-0.145561	1.597137	0.793647	-0.077512	2.867298	1.394058	-1.303717	0.261179	0.902055	1.326100	0.407664	-0.354101	-0.483807	0.867454	-0.507990	-0.570674	1.294387	1.130792	0.999040	-0.117787	-0.237758	0.601591	1.784711	1.566261	1.792834
1.980825	1.288182	-0.041379	1.130318	-0.394604	-0.569192	-0.078904	1.600688	0.969631	0.375640	1.019626	1.404174	0.415201	0.333162	1.010046	1.327283	0.689214	-2.113459	-1.480688	-1.545836	0.841597	0.837237	2.550913	1.193669	-0.128341	-0.133834	0.857242	0.274298	0.241353	-0.495230	-0.950742	1.290595	0.975760	-0.644516	1.562617	2.234177	-0.817274	-0.719556	2.125071	2.873613	-0.819811	0.399291	-1.138902	1.919536	0.433386	1.031368	0.796715	2.406928	1.541124	1.030571	0.135517	-0.594378	2.109812	1.909703	0.814034
1.156987	1.021544	-1.203394	0.115234	-0.676195	-0.712245	-0.054851	0.998710	-0.389483	0.094470	0.565915	0.889834	-0.234267	0.881974	1.152653	1.827293	0.407797	-1.946139	-2.165669	-2.729038	-0.166199	0.259666	2.908741	0.708589	-1.292760	-1.099845	0.267682	-0.848872	0.407064	-1.810784	-1.455185	0.798924	0.662559	-0.920016	-0.041400	1.912153	-0.511150	-1.086319	2.153009	2.945314	-0.937568	0.634864	-1.469260	1.839339	0.805716	1.677019	0.088750	2.345906	1.054717	1.405457	0.117441	-1.299141	1.314692	1.199706	0.069359
0.255044	0.740180	-1.048601	-0.126212	-0.349919	-0.021554	-0.221692	0.508518	-0.890413	0.003523	0.094829	0.089809	-0.564839	0.714029	0.226268	1.184353	-0.160237	-0.872022	-1.545095	-1.807111	-0.595648	0.191019	1.653857	0.253791	-1.585184	-0.999182	0.053622	-1.001844	0.160469	-2.104137	-1.142349	0.683461	0.163628	-0.713328	-0.635213	1.000119	-0.464694	-0.683836	1.278932	1.860966	-0.222083	0.346186	-0.991015	0.672514	0.576876	1.252243	0.017124	1.299017	0.188260	1.049729	0.215062	-0.975032	0.110308	0.076192	0.007265
0.024870	0.604245	-0.172395	0.487541	-0.110080	0.480931	-0.416539	0.304263	-0.186534	0.157816	-0.242606	-0.406243	-0.383252	0.179776	-0.458419	0.296665	-0.492955	-0.506122	-0.359026	-0.105646	-0.243767	0.488588	0.278803	0.348968	-0.516528	-0.151581	0.436304	-0.004095	-0.039161	-1.134330	-0.442710	0.926286	-0.120628	-0.381655	0.059310	0.525486	-0.490409	-0.240846	0.542344	0.856934	0.248820	-0.032598	-0.310769	-0.248912	0.129348	0.481524	0.604237	0.501190	-0.096146	0.677198	0.482134	-0.213690	-0.373818	-0.345703	0.310591
0.314308	0.416823	0.330093	0.978431	-0.318799	0.060672	-0.559126	0.273545	0.537979	0.338804	-0.346032	-0.323396	-0.126738	0.077756	-0.127246	0.027733	-0.448113	-1.431863	0.066904	0.334140	0.166564	0.602445	-0.047696	0.856523	1.009646	0.306728	0.813201	1.040651	0.081121	0.047284	-0.153342	1.019997	-0.002317	-0.358361	0.997113	0.773609	-0.237285	-0.316518	0.488585	0.681927	-0.079638	-0.248203	-0.245274	0.152839	-0.095634	0.119783	1.096062	0.611026	0.421540	0.694000	0.404646	0.198878	0.137095	0.160400	0.380338
0.387397	0.013593	0.111253	0.593654	-0.417893	-0.761579	-0.705031	0.324512	0.278271	0.319637	-0.221574	0.144552	-0.054075	0.371309	0.576216	0.397029	-0.316638	-2.175110	-0.533633	-0.720119	0.090123	0.420059	0.431317	1.070388	1.576393	-0.079724	0.339760	0.954271	0.246077	0.292422	-0.426626	0.686612	0.372567	-0.639628	0.904883	1.093426	0.466453	-0.598660	0.680804	0.929604	-0.739500	-0.376431	-0.662288	1.271947	0.053056	0.285080	0.941778	1.037740	1.002110	0.702572	-0.300668	0.209857	0.790215	0.668501	-0.047393
-0.103246	-0.461063	-0.328138	-0.312089	0.197236	-0.915619	-0.865967	0.463877	-0.581037	0.120628	-0.150541	0.614667	0.059538	0.251594	0.710477	0.740256	-0.402083	-1.143777	-1.136774	-1.618603	-0.191874	0.307301	0.673447	0.558127	0.860860	-0.604688	-0.880751	-0.224928	0.022755	-0.405983	-0.703317	0.172431	0.673851	-0.781235	-0.341178	0.842326	1.215425	-0.449527	0.471839	0.756663	-0.997244	-0.479492	-0.675432	1.551354	0.413670	0.573172	0.400974	0.828318	0.861661	0.127134	-1.146825	0.206591	0.704955	0.304314	-0.822390
-0.744047	-0.669652	-0.577123	-0.890477	1.147732	-0.104725	-0.885874	0.586652	-0.981003	-0.103784	-0.512139	0.710936	0.334403	-0.498880	0.360626	0.516651	-0.635742	1.055709	-0.777841	-1.065536	-0.258709	0.309070	0.134004	-0.332974	-0.097226	-0.484207	-1.711832	-1.397806	-0.540003	-1.078854	-0.606880	-0.231360	0.674579	-0.434619	-1.615124	0.121157	1.263948	0.135686	-0.147265	-0.053525	-0.674229	-0.443214	0.062926	0.469361	0.732135	0.596696	0.050479	-0.127177	0.116811	-0.847666	-1.335238	0.209639	-0.058705	-0.725510	-1.619865
-0.936490	-0.418764	-0.802210	-0.845920	1.469662	0.970165	-0.638474	0.497740	-0.545907	-0.252651	-1.207743	0.224761	0.433915	-1.029938	0.301949	-0.139874	-0.687799	2.198164	0.286351	0.334149	-0.299651	-0.032773	-0.734535	-0.855486	-0.234962	0.062220	-1.261833	-1.641078	-0.895084	-0.983211	-0.424666	-0.538887	0.435565	0.204973	-1.803220	-0.461087	0.398691	0.573991	-0.620740	-0.879081	-0.110896	-0.225531	0.812845	-0.855806	0.856403	0.312436	0.050120	-1.011955	-0.397338	-1.305536	-0.618374	-0.104644	-0.738212	-1.474910	-2.036619
-0.561944	0.087618	-1.123933	-0.486494	0.913826	1.508882	-0.281524	0.304635	0.229350	-0.175716	-1.497805	-0.517922	0.155844	-0.608888	0.798062	-0.631873	-0.439380	1.227090	0.939530	1.043491	-0.615280	-0.773953	-1.098760	-0.581908	0.418038	0.201119	0.150114	-0.946302	-0.614852	-0.286516	-0.482860	-0.762435	0.222973	0.646216	-0.903686	-0.439294	-0.639987	0.652696	-0.480714	-0.984887	0.324046	-0.041198	0.753987	-1.108971	0.805321	-0.015357	0.187601	-1.056631	-0.163009	-0.649658	0.476077	-0.657180	-0.695739	-1.265673	-1.708168
-0.017940	0.352429	-1.110036	-0.091370	0.247313	1.317227	-0.181243	0.411865	0.815828	0.315007	-0.813962	-0.709538	-0.069690	0.289374	1.346954	-0.551225	-0.226922	-0.476849	0.545238	0.580942	-0.807838	-1.098797	-0.686667	0.226663	1.084233	-0.312150	1.409237	0.079656	0.113928	0.374213	-0.495011	-0.680430	0.239285	0.714319	0.181342	0.120933	-0.883688	0.860085	0.188025	-0.353648	0.437680	-0.143532	0.096864	-0.289128	0.703342	-0.083566	0.349428	-0.399734	0.415197	0.608575	1.203961	-0.824711	0.070584	-0.234693	-0.733516
0.192548	0.047711	-0.449588	0.272547	0.100173	0.675392	-0.540350	0.780740	1.079540	0.992156	0.334149	-0.024253	0.179194	0.569732	1.424953	-0.053788	-0.474727	-0.988557	-0.354767	-0.077569	-0.263388	-0.348854	-0.085072	0.833899	1.229763	-0.868149	1.634989	0.755144	0.625436	0.613704	-0.027849	-0.234188	0.407515	0.644358	0.629340	0.661658	-0.200598	1.458781	0.768426	0.258501	0.138761	-0.507350	-0.297130	0.486084	0.587874	0.115553	0.526015	0.083192	0.499676	1.286006	1.179814	-0.319587	0.887140	0.771988	0.119195
-0.128932	-0.607684	0.274847	0.465974	0.105440	-0.051581	-1.087908	0.637982	0.935337	1.098076	0.752240	0.696866	0.487371	0.016019	0.979073	0.386384	-1.061104	-0.250578	-0.754196	0.007594	0.691907	0.831521	-0.059488	0.686185	0.929150	-0.918546	0.775876	0.636153	0.407789	0.483848	0.639292	0.161538	0.410198	0.595877	0.302507	0.578382	0.566876	1.754969	0.620025	0.167341	-0.462278	-0.828995	-0.128330	0.380678	0.312864	0.246406	0.518732	-0.187356	-0.191584	0.707267	0.484425	0.237437	0.870099	0.815258	0.108865
-0.655422	-1.009348	0.256822	0.299193	-0.321090	-0.518044	-1.178695	-0.461371	0.213350	0.235510	0.028117	0.426359	0.129037	-0.311744	0.272245	0.498580	-1.226205	0.242414	-0.331882	0.539938	0.962961	1.099725	-0.593025	-0.020372	0.530883	-0.566936	-0.426146	-0.135821	-0.298489	0.266661	0.784266	0.095889	0.032068	0.464999	-0.330187	-0.169388	0.510851	0.982186	-0.206221	-0.401601	-0.855574	-0.788526	0.141594	-0.307958	-0.200046	0.071852	0.122845	-0.749925	-0.984002	-0.602418	-0.436680	0.141891	-0.152939	-0.190631	-0.510870
-0.693815	-0.754072	-0.254656	-0.096960	-0.817399	-0.465960	-0.376871	-1.639907	-0.860880	-0.810993	-0.841952	-0.496880	-0.669012	0.547810	-0.319231	0.438685	-0.328945	-0.149944	0.392326	0.671429	0.209271	0.144612	-0.818661	-0.535141	0.271302	-0.101846	-0.997596	-0.711989	-0.602983	0.280783	0.393163	-0.249883	-0.484317	0.301262	-0.597835	-0.921170	-0.388000	-0.297854	-0.840338	-0.559292	-0.457306	-0.292877	0.223141	-0.669780	-0.650011	-0.156119	-0.404812	-0.631512	-0.958191	-1.393713	-0.938059	-0.270149	-1.188847	-1.135380	-0.670330
0.134273	-0.081840	-0.194333	-0.245722	-0.510794	-0.009999	0.914060	-1.594726	-1.503484	-0.811965	-0.666319	-0.659256	-0.786889	1.958837	-0.381758	0.520290	1.268409	-0.277461	0.859208	0.395488	-0.524838	-0.841518	-0.096904	-0.405471	0.127075	0.414759	-0.608036	-0.310811	0.069980	0.685539	0.354852	-0.390338	-0.597988	0.476511	-0.145427	-0.970692	-1.182102	-0.584557	-0.522743	0.087602	0.580536	0.392280	0.404238	-0.290480	-0.578990	-0.048908	-0.508297	0.360137	-0.110077	-0.917432	-0.657739	-0.030354	-1.052261	-0.853300	0.192250
1.242147	0.285567	0.731386	0.140115	0.524452	0.302754	1.558831	-0.334285	-1.100861	0.327812	0.422979	0.445094	0.266286	2.167525	0.211126	0.755109	2.255120	0.930058	0.969331	0.520602	-0.146302	-0.659143	1.020479	0.028620	-0.131687	0.778349	0.038669	0.728619	1.150602	1.268390	1.200902	-0.274761	-0.130069	1.101324	0.682498	-0.347967	-0.833667	0.551322	0.363314	0.806296	1.232400	0.708552	0.832584	0.329205	-0.001411	0.238816	-0.079949	1.215993	0.479169	0.292901	-0.028945	0.943022	0.139050	0.370448	1.366745
1.449360	-0.134926	1.534458	0.711148	1.148229	0.046681	0.777724	0.827567	0.070402	1.366828	1.185175	1.604711	1.561884	0.483744	0.932653	0.729246	1.570256	2.601788	0.810263	1.317088	1.019790	0.411866	1.274620	0.103376	-0.661456	0.530533	-0.018958	1.213761	1.457370	1.545903	2.195892	-0.296721	0.423450	1.600170	1.090547	0.204649	0.714976	1.687652	0.626687	0.545814	0.727456	0.253372	1.047858	0.433107	0.466663	0.120616	0.314157	0.839508	-0.053256	0.966589	0.052989	1.506866	1.018228	1.090937	1.686642
0.299623	-0.972579	1.305273	0.767064	0.680618	-0.506054	-0.808082	0.971762	1.107639	1.255620	0.873233	1.484759	1.850837	-1.582933	0.929181	0.096630	-0.375529	2.859356	0.400745	1.920303	1.665012	1.043459	0.191050	-0.380047	-1.195545	-0.293864	-0.793571	0.631229	0.639734	1.232598	2.164157	-0.596361	0.448197	1.323115	0.651308	0.056850	2.343796	1.317846	-0.247762	-0.741822	-0.426607	-0.668788	0.629029	-0.080227	0.315909	-0.539376	0.130928	-0.613177	-1.135108	0.455998	-0.674268	0.779822	0.720760	0.596207	0.841584
-1.262642	-1.330351	0.356493	0.037154	-0.250296	-0.692020	-1.602550	0.398710	1.313757	0.265796	0.024603	0.299060	0.960010	-1.962139	-0.071612	-0.807978	-1.930553	1.229202	-0.136049	1.381298	1.135333	0.530003	-1.278611	-0.991411	-1.159621	-0.902730	-1.283103	-0.205383	-0.400816	0.509892	0.916921	-0.806226	-0.099801	0.401225	-0.277105	-0.644989	2.753095	-0.229188	-1.427293	-1.939883	-1.097144	-1.208133	-0.146297	-0.615561	-0.249271	-1.131682	-0.508871	-1.817331	-1.434882	-0.643232	-1.416352	-0.634586	-0.058162	-0.285733	-0.417135
-1.931506	-0.918778	-0.413030	-0.945340	-0.777928	-0.399907	-0.787533	-0.339995	0.611305	-0.688110	-0.461077	-0.730545	-0.334070	-0.533808	-1.402836	-1.179111	-1.911221	-0.808771	-0.541582	-0.119129	0.048425	-0.480931	-1.858802	-1.190028	-0.411066	-0.793539	-0.758792	-0.438435	-0.786538	-0.261744	-0.600798	-0.608118	-0.812809	-0.466035	-1.089394	-1.232494	1.666988	-1.335339	-1.852308	-2.036899	-1.036602	-0.969471	-0.729005	-0.756355	-0.728142	-1.174942	-1.072770	-1.723962	-0.727715	-1.327613	-1.340332	-1.389237	-0.236703	-0.596108	-1.237727
-1.536222	-0.547942	-0.686804	-1.342578	-1.004189	-0.323115	0.664198	-1.297488	-0.590292	-1.255382	-0.452377	-1.040645	-1.407154	0.741360	-2.175440	-0.723309	-0.858280	-1.657746	-0.745777	-1.441655	-0.638160	-0.905281	-1.401733	-0.850565	0.309353	-0.513198	0.265402	-0.436714	-0.824834	-0.894174	-1.381869	-0.162707	-1.433047	-0.940396	-1.566591	-1.315125	-0.009596	-1.164688	-1.544100	-1.255031	-1.035449	-0.579386	-1.031891	-0.830250	-1.146912	-1.044432	-1.261788	-0.677901	-0.333546	-1.344279	-0.711485	-0.981100	0.001894	-0.620040	-1.473498
-0.977308	-1.025106	-0.687893	-0.835694	-1.481048	-0.990316	1.160549	-2.531929	-1.620657	-1.613733	-0.391898	-1.038452	-2.136666	0.328674	-2.135757	-0.042495	-0.189504	-1.188972	-0.908021	-1.662240	-0.586477	-0.371682	-0.781009	-0.294700	0.142657	-0.713367	0.697196	-0.996932	-1.299755	-1.249091	-1.128420	0.216005	-1.924528	-1.214163	-1.670649	-1.085168	-1.098657	-0.377988	-1.207129	-0.596679	-1.502709	-0.785731	-1.220080	-1.276425	-1.880460	-1.286456	-1.149094	0.095172	-1.288966	-1.197507	-0.474360	-0.064703	-0.385605	-1.112385	-1.437935
-0.820821	-1.799493	-0.422903	0.096920	-1.993466	-1.871551	0.444216	-3.308934	-1.811436	-1.633610	-0.382316	-1.010777	-2.341575	-0.936970	-1.632451	0.245107	-0.344631	-0.354983	-1.000638	-0.836160	-0.038933	0.638504	-0.528391	0.045615	-0.684119	-0.961684	0.231542	-1.710824	-1.940789	-1.019793	-0.145836	0.470034	-2.040156	-1.287718	-1.138070	-0.864511	-1.076461	0.111883	-0.944054	-0.493172	-1.693595	-1.213968	-1.061810	-1.702639	-2.592780	-1.490882	-0.879466	-0.041214	-2.687682	-1.213587	-0.836270	0.608788	-1.430117	-1.721552	-1.197249
-0.676157	-1.486039	0.256727	0.670126	-1.761461	-1.964403	-0.236925	-2.682541	-0.948497	-0.912744	-0.101662	-0.654730	-1.672531	-1.009411	-0.988133	0.311209	-0.472346	0.050183	-0.710709	0.241815	0.610317	1.318649	-0.311598	-0.078779	-1.003680	-0.392482	-0.429654	-1.284149	-1.540173	-0.060449	0.946046	0.575171	-1.403790	-0.770127	0.050891	-0.734452	-0.278871	0.233329	-0.321832	-0.470674	-0.871596	-0.772921	-0.227354	-1.171111	-2.157331	-0.698062	-0.576857	-0.557612	-2.634252	-1.120668	-0.978509	0.929382	-1.770308	-1.278053	-0.520219
-0.079513	0.125869	0.980673	0.548505	-0.727169	-1.144626	0.103576	-0.780737	0.439169	0.325408	0.467608	0.164266	-0.304257	0.594438	-0.240662	0.575324	0.059328	-0.080572	0.015737	0.783653	0.980696	1.079390	0.121215	-0.619132	-0.249778	0.709911	-0.617649	0.411575	0.185326	1.120051	1.419250	0.242319	-0.229530	0.331400	1.043388	-0.720671	0.530190	0.348253	0.401950	-0.155792	0.309845	0.630805	0.806665	0.458623	-0.219548	0.937138	-0.450618	-0.669701	-0.701665	-0.621322	-0.357372	1.048610	-0.538243	0.336538	0.516903
0.739320	1.456130	1.080703	0.170881	0.266044	-0.304788	0.969730	1.109878	1.468697	1.156664	0.899432	0.967914	0.883586	2.080625	0.587494	0.787056	0.738248	-0.333130	0.663438	0.598637	0.892378	0.068923	0.333739	-1.185479	0.741519	1.048877	-0.398897	1.771225	1.749660	1.681826	0.989187	-0.639980	0.594337	1.226178	0.895647	-0.880105	0.796701	0.486195	0.316767	0.114227	0.466964	1.658338	1.021871	2.014707	1.786314	1.830261	-0.594164	-0.319123	1.404732	0.101359	0.420074	0.910180	1.256138	1.674042	1.356055
1.330249	1.146092	0.663154	0.270024	0.738167	-0.041830	1.253608	1.942684	1.700138	1.125913	1.064013	1.332090	1.270127	1.706378	1.308123	0.367703	0.890127	-0.086561	0.749439	0.191058	0.632868	-0.693819	0.051283	-1.189367	0.869094	0.252199	-0.145546	1.537728	1.659899	1.431949	0.337498	-1.416508	0.584786	1.248058	0.091166	-0.936610	0.559933	0.537540	-0.520489	0.038479	-0.481500	1.303584	0.342002	2.270056	2.133259	0.972942	-0.642475	0.062518	1.916415	0.711731	0.542878	0.564451	1.962374	1.581979	1.611999
1.667474	0.023215	0.678979	0.981034	1.162371	0.123281	0.736024	1.941076	1.407431	0.880281	1.353709	1.407840	1.231538	0.015526	1.709221	-0.508791	0.799146	0.943250	0.541409	0.256528	0.655851	-0.251085	-0.075379	-0.341568	0.185289	-0.321784	0.053369	0.528600	0.490854	1.058399	0.520705	-1.149975	0.387412	0.770549	0.257908	-0.304208	0.235394	0.733541	-0.647344	0.080294	-0.856396	0.374534	0.028475	1.426981	1.047415	-0.440594	-0.026070	0.355524	1.062883	1.221337	0.299097	0.496066	1.333007	0.764802	1.563055
1.849269	0.030912	1.484483	1.581477	1.870794	0.814475	0.133217	1.892088	1.009977	1.140617	1.814032	1.374117	1.422239	-0.984413	1.675855	-0.960074	1.100553	2.100401	0.712447	0.878265	0.836111	1.010184	0.652635	0.909802	-0.401838	0.577243	0.264284	0.366914	0.175582	1.121103	1.561608	0.172130	0.822659	0.628395	1.882573	1.079063	0.010963	1.246707	0.815035	0.810742	0.606169	0.406400	0.934504	0.785584	0.382051	-0.402104	1.233059	0.791833	0.485517	1.810388	0.636912	0.975880	0.462091	0.652707	1.698595
1.627662	1.465358	2.045598	1.345009	2.148551	1.658747	-0.022676	1.861541	0.531429	1.553160	1.691607	0.940996	1.673370	-0.424398	1.189535	-0.627196	1.541256	2.104540	1.286541	1.290334	0.516749	1.592999	1.731789	1.689992	-0.466242	2.111390	0.384347	1.116720	1.316769	1.223286	2.155314	1.412086	1.558862	0.829295	3.260025	2.298914	-0.354290	1.550047	2.581184	1.857427	2.717404	1.511734	2.023979	0.997792	1.023407	1.183569	2.255866	1.345850	1.002460	2.318090	1.597644	1.257132	0.056323	1.252120	2.019625
0.808717	2.553580	1.312642	0.474819	1.203779	1.780256	0.133294	1.306081	-0.112491	1.261919	0.503169	-0.024639	1.295850	0.579302	0.423339	-0.193481	1.282944	0.512465	1.454381	0.748288	-0.432241	0.741781	1.958783	1.569296	-0.377374	2.295646	0.301508	1.365928	2.332698	0.652948	1.253876	1.518088	1.527624	0.552503	2.604889	2.377435	-0.966588	0.930019	2.683461	2.194573	3.035762	2.293855	1.631384	1.325977	1.811269	2.303461	2.138506	1.609694	1.759821	2.297190	2.102048	0.265918	-0.195789	1.248861	2.087266
-0.168122	2.029083	-0.115852	-0.200945	-0.379950	1.177777	0.356942	0.313007	-0.548900	0.315250	-0.880211	-0.857586	0.322937	0.662398	-0.224439	-0.403115	0.320271	-1.356405	0.702270	-0.391774	-1.178134	-0.547564	1.059064	0.930717	-0.417806	0.777956	0.174740	0.493587	1.695789	-0.429154	-0.454481	0.658403	0.538774	-0.467803	0.547036	1.428337	-1.280606	-0.336213	1.067568	1.407863	1.085376	1.837394	-0.111400	0.864956	1.466987	1.515855	0.978530	1.322031	1.626782	1.622582	1.533218	-1.676301	-0.570582	0.169850	1.608140
-0.615619	0.835722	-0.656595	-0.340785	-1.090497	0.775178	0.654584	-0.144144	-0.195613	-0.335842	-1.057451	-0.838633	-0.378672	-0.081687	-0.471786	-1.071318	-0.351020	-1.671447	-0.329007	-0.928728	-1.020227	-0.884395	-0.036458	0.400167	-0.353759	-0.540428	0.258195	-0.388474	0.047751	-1.066722	-1.300996	-0.123759	-0.374674	-1.273777	-0.617580	0.418455	-0.625104	-1.037511	-0.428635	0.109549	-0.828690	0.779481	-1.296097	-0.146846	0.465709	-0.246238	-0.170418	0.634031	0.689659	0.766323	0.698372	-2.672866	-0.676616	-0.760654	0.722619
-0.457882	0.505911	0.080028	-0.370088	-0.413377	0.991970	0.914482	0.468793	0.834077	-0.245675	0.062376	-0.324722	-0.389487	-0.551695	-0.506060	-1.420470	-0.189798	-0.341878	-0.613384	-0.328565	-0.430140	-0.312900	-0.589743	0.178866	-0.054979	-0.115526	0.517613	-0.127540	-0.763994	-0.783863	-0.737092	-0.142720	-0.391274	-0.898425	0.053758	-0.036970	0.704233	-0.557800	-0.553293	-0.899827	-0.603206	0.133084	-0.830476	-0.754326	0.128118	-1.078038	-0.407348	-0.196440	-0.041369	0.297963	0.639820	-1.466509	-0.246545	-0.400481	-0.177636
-0.271627	0.890826	0.742436	-0.627606	0.485232	1.071285	0.740329	1.274468	1.498088	-0.089531	0.972132	-0.359996	-0.328585	-0.265566	-0.726125	-1.080792	0.098256	0.747261	-0.099935	0.531549	-0.389633	-0.047931	-0.881973	0.072279	0.059502	1.076199	0.598414	0.782471	-0.200802	-0.233535	0.024149	0.313679	0.042284	0.164292	1.039665	-0.137515	1.424579	0.189836	-0.002761	-1.378272	0.936602	-0.058138	0.142195	-0.632204	0.589287	-0.501120	0.104447	-1.007005	0.007392	0.231328	1.081089	0.718907	0.163181	0.563028	-0.742393
-0.506535	0.664554	0.097980	-0.820534	0.335611	0.288919	-0.003332	0.936610	0.849766	-0.581992	0.312601	-1.214726	-0.738645	0.112759	-1.151730	-0.424623	-0.311076	0.149990	0.313831	0.557105	-1.007287	-0.658071	-1.353697	-0.098631	-0.410457	0.955442	0.179149	0.924158	0.446466	-0.333336	-0.342641	0.492109	-0.015539	0.402550	0.520777	-0.276450	0.745435	-0.158009	-0.100765	-1.489413	1.392255	-0.349226	0.013416	-0.403610	0.711785	0.303525	0.419380	-1.558685	0.407216	0.050452	0.836055	1.430077	-0.186064	0.475395	-0.892434
-1.005896	-0.474290	-1.344744	-0.611685	-0.577818	-0.809784	-0.839724	-0.610642	-0.805247	-1.380136	-1.543463	-2.004436	-1.083753	-0.146793	-1.380724	-0.058476	-1.094738	-1.217445	0.082835	-0.105482	-1.447208	-1.361599	-1.673980	-0.349123	-1.131147	-0.711092	-0.648254	-0.083175	0.008617	-1.089786	-1.577096	0.053622	-0.646043	-0.780326	-1.262951	-0.489291	-0.497974	-1.650434	-1.010248	-1.364599	0.183213	-0.834189	-0.996801	-0.682498	-0.198588	0.230750	-0.082090	-1.547643	0.411378	-0.606648	-0.469362	-0.085100	-1.148561	-1.019959	-0.911377
-1.321235	-1.367459	-2.086651	-0.309036	-0.918818	-1.105035	-1.224144	-1.954011	-2.079052	-1.566947	-2.896883	-1.858559	-0.585936	-0.777061	-1.163535	-0.228283	-1.324237	-1.378025	-0.380613	-0.500188	-1.124106	-1.265157	-1.269819	-0.626074	-1.310373	-2.005291	-1.295431	-1.114499	-1.021581	-1.610983	-2.271606	-0.604880	-1.029896	-2.187131	-2.445848	-0.597328	-0.813114	-2.849857	-1.771312	-1.036913	-0.872377	-1.137095	-1.282003	-1.257812	-1.466240	-0.582513	-1.004216	-0.989707	-0.204078	-1.434660	-1.833292	-2.036237	-1.697789	-2.401180	-1.194246
-1.198712	-1.119322	-1.513002	-0.468041	-0.138522	-0.462263	-1.163517	-1.831418	-1.888714	-0.920249	-2.479812	-0.904207	0.392245	-0.876595	-0.721756	-0.669565	-0.854094	-0.064203	-0.492457	-0.402471	-0.356523	-0.573013	-0.373952	-0.803043	-0.643059	-1.433331	-1.075792	-1.036255	-1.330519	-1.194812	-1.697456	-0.795647	-0.610527	-2.221776	-1.851813	-0.509897	-0.044185	-2.452417	-1.610685	-0.560020	-0.327687	-1.105224	-0.177133	-1.382888	-1.974119	-1.274125	-1.380512	-0.334465	-1.022133	-1.739169	-2.083094	-2.306891	-1.041225	-2.087158	-1.739797
-0.630291	-0.197169	-0.365114	-0.912914	0.904551	0.232783	-0.927836	-0.557167	-0.485996	-0.140705	-0.609410	0.096125	0.720014	-0.093731	-0.371616	-0.880478	-0.337962	0.937705	-0.241358	-0.463762	0.245785	-0.084250	0.169188	-0.619176	0.349940	0.309635	0.096144	-0.064547	-0.597629	-0.126323	-0.577308	-0.216468	0.241639	-0.775959	-0.166749	-0.206352	0.358313	-0.693608	-0.633572	0.025186	0.936506	-0.869610	1.201591	-0.686460	-1.446022	-1.272842	-0.700440	0.035242	-1.392694	-1.182302	-1.077340	-0.785966	0.427306	-0.295748	-1.979822
0.293529	0.466179	0.433542	-0.719529	1.180678	0.465359	-0.419791	0.453958	0.937678	0.139988	1.254643	0.617706	0.143276	0.967182	-0.090540	-0.554101	-0.012298	0.273997	0.086619	-0.844796	0.498894	0.029439	0.097971	0.134200	0.986032	1.485174	1.415703	0.685940	0.204142	0.667421	-0.025113	0.776165	0.838415	0.766301	1.119177	0.336620	-0.650804	1.003528	0.575167	0.713647	1.123680	-0.396305	1.522273	0.370773	-0.501703	-0.582008	0.578220	0.248707	-0.889711	-0.140079	0.418882	0.889610	1.425068	1.276586	-1.332988
1.260084	0.678101	0.688599	0.506727	0.680156	0.633087	0.624679	0.344749	1.444960	0.052691	1.836459	0.592072	-0.367085	1.472325	0.298033	0.144506	0.590494	-1.229353	0.366452	-0.764176	0.481651	0.223197	0.073018	1.214897	1.103468	1.367814	1.851081	0.632508	0.208406	0.573195	-0.285234	1.458127	0.971417	1.214317	1.297420	0.967058	-2.088143	1.477768	1.463077	1.325927	-0.011663	0.409580	0.775257	0.955790	0.239530	0.486389	1.461340	0.633068	0.320800	0.679827	1.549144	1.370530	1.090050	1.393258	0.029206
1.601591	0.809330	0.582212	1.712068	0.083600	1.029122	1.855269	-0.363374	1.027986	0.014224	0.952681	0.100401	-0.110081	1.098874	0.640523	0.701178	1.493793	-1.823312	0.491624	0.178295	0.090152	0.526822	0.592895	1.849533	0.897160	0.574152	1.182392	0.185677	-0.306241	-0.222417	-0.792790	1.310461	0.779126	0.657875	0.731702	1.245421	-2.023210	0.716134	1.614324	1.384681	-1.012557	1.172713	-0.136201	0.698979	0.664038	1.450102	1.289179	1.057369	1.413831	0.858182	1.816651	0.777452	-0.094730	0.462498	1.136752
0.766142	0.888888	0.083672	1.392309	-0.263280	1.078994	2.275012	-0.607342	0.312824	-0.021952	-0.551564	-0.716250	0.317967	0.035988	0.479780	0.708688	1.713560	-1.089412	0.218220	1.043455	-0.758641	0.343093	1.130432	1.369248	0.392058	-0.142933	0.181679	-0.152378	-0.567520	-1.088097	-1.082235	0.458063	0.197016	-0.165217	0.022126	0.818184	-0.062082	-0.444595	0.894537	0.532474	-0.785312	1.187273	-0.716164	-0.001548	0.781285	1.701244	0.275777	0.952624	1.475375	0.476714	1.160524	0.079174	-0.845691	-0.257928	1.077760
-0.890362	0.483758	-0.838091	-0.453789	-0.569762	0.100593	1.239548	-0.117582	-0.116279	-0.426505	-1.497526	-1.475767	-0.018639	-1.267171	-0.305481	0.245101	0.460071	-0.205136	-0.478060	0.609833	-1.605759	-0.448858	0.844310	0.044594	-0.491347	-0.705557	-0.330756	-0.539966	-0.527105	-1.579001	-1.185568	-0.389781	-0.881308	-0.882985	-0.616283	-0.061954	2.016604	-1.136566	-0.252760	-0.839277	0.005855	0.263180	-1.180125	-0.467191	0.334277	0.886088	-0.697830	0.100615	0.379875	-0.126773	0.002372	-0.064654	-0.494851	-0.208748	-0.110370
-2.107718	-0.556346	-1.695605	-1.992041	-0.987823	-1.555847	-0.724207	0.380874	-0.080244	-1.116718	-1.166808	-1.600786	-0.944363	-2.125736	-1.066685	-0.194921	-1.568730	-0.251455	-1.181515	-0.949227	-1.605719	-0.890762	-0.165902	-0.982786	-1.409319	-1.341331	-0.364505	-1.263366	-0.811193	-1.642159	-1.214581	-0.543779	-1.946596	-1.418140	-1.175738	-0.662147	2.340579	-1.019689	-1.006320	-1.689139	-0.075503	-0.939426	-1.692389	-0.401237	-0.766521	-0.563100	-0.875009	-0.899160	-1.003218	-0.651388	-0.938916	0.298081	0.395949	0.105225	-1.436048
-1.865006	-1.663197	-1.678382	-1.543344	-1.269814	-2.649437	-2.272957	0.244859	0.251698	-1.361076	0.164497	-0.760887	-1.345414	-1.868973	-0.904631	-0.157878	-2.771825	-0.933572	-1.480240	-2.062688	-0.395293	-0.041235	-0.928457	-0.877970	-1.601801	-1.915910	-0.499189	-1.846065	-1.531566	-1.348229	-0.965311	0.023735	-2.009790	-1.417989	-1.493541	-0.575114	1.099260	-0.376660	-0.977270	-1.337088	-1.308249	-1.618075	-1.939411	-0.050465	-1.819364	-1.546264	-0.314822	-1.244198	-1.629401	-0.927537	-1.223895	0.710944	0.849643	0.092199	-1.817570
-0.482529	-2.081309	-0.545786	0.452506	-1.187626	-2.356582	-2.399363	-0.248042	0.534185	-0.617709	1.323609	0.681059	-0.688774	-0.589972	0.226451	0.356427	-2.408275	-1.145414	-1.412996	-1.500310	1.340712	1.602354	-0.882512	-0.098708	-0.695387	-1.958294	-0.973496	-1.421479	-1.840597	-0.689198	-0.181624	0.648583	-0.779908	-0.547403	-1.387984	-0.227863	0.101295	0.145254	-0.636934	-0.261714	-2.480102	-1.608502	-1.625793	0.158666	-1.781646	-1.315506	0.195551	-0.877291	-1.253819	-0.922744	-1.114497	0.673964	0.545446	-0.175942	-0.982016
0.659546	-1.700400	0.847532	1.900344	-1.008849	-1.190762	-1.268674	-0.430267	0.380461	0.622610	1.187902	1.785471	0.213575	0.583344	1.182010	0.928237	-1.245392	-0.449177	-1.240173	0.184498	2.354258	2.380538	-0.503105	0.091193	0.673452	-1.301267	-1.386671	-0.075577	-1.022192	0.252793	0.905354	0.579404	0.623029	0.694765	-1.037591	-0.385002	0.418256	0.030092	-0.673162	0.394945	-2.471373	-1.271607	-0.992759	0.060332	-0.560807	-0.352338	-0.072155	-0.467904	-0.509680	-0.771283	-1.247601	-0.051961	-0.077432	-0.343089	0.384440
0.585589	-1.118309	1.232418	1.366096	-1.187870	-0.446001	-0.002102	-0.268525	-0.392869	1.214617	-0.149610	1.840609	0.232864	0.582677	0.816447	1.152951	-0.408865	0.433356	-0.981243	1.192546	1.987615	1.289552	-0.455020	-0.901401	1.332383	-0.439004	-1.293153	0.901684	0.428665	1.139580	1.602881	-0.383654	0.721868	1.192594	-0.854121	-1.217846	1.146437	-0.633221	-1.082865	0.112752	-1.526342	-0.861781	-0.500901	-0.140853	0.630386	0.123420	-1.094406	-0.452792	-0.097986	-0.713330	-1.826981	-1.127372	-0.444535	-0.387324	1.288259
-0.224662	-0.853657	0.284445	-0.424490	-1.553112	-0.720648	0.397936	-0.316980	-1.438491	0.647625	-1.318824	1.106734	-0.574606	-0.234820	-0.503040	0.993843	-0.083740	0.686518	-0.440968	0.511123	0.845890	-0.810137	-0.626832	-2.243598	0.779162	-0.033583	-0.792992	0.557441	1.306336	1.606014	1.468084	-1.701948	-0.477974	0.531947	-0.905382	-2.046772	0.739436	-1.162342	-1.243487	-0.476765	-0.615272	-0.343794	-0.174644	-0.163524	0.620876	-0.403595	-2.099112	-0.512933	-0.064599	-0.861791	-2.252595	-1.725325	-0.322286	-0.487809	1.231096
-0.407928	-0.750576	-0.908132	-1.483162	-1.227730	-1.199175	-0.034492	-0.735940	-1.960673	-0.351501	-1.103960	0.538228	-0.966748	-0.422043	-1.096010	0.672790	0.333480	0.508651	0.385172	-0.866629	0.178007	-2.050741	-0.424172	-2.504556	-0.188861	-0.133087	-0.364774	-0.438155	1.068043	1.589401	0.822249	-2.418494	-1.265857	-0.401794	-0.816640	-2.000112	-0.950406	-0.930094	-0.810246	-0.420785	-0.076928	0.247092	0.341123	-0.006734	-0.290937	-1.148021	-2.181150	-0.177301	0.059786	-1.019314	-1.726615	-1.341113	0.100838	-0.577718	0.469944
0.651844	-0.333958	-1.035924	-0.774266	0.235428	-0.647613	-0.419662	-0.948454	-1.489407	-0.677023	0.144795	0.669919	-0.129715	0.669273	0.030222	0.316466	1.094697	0.667222	1.125018	-1.154930	0.476314	-1.536336	0.244414	-1.162309	-0.275486	-0.157524	-0.220120	-0.684113	0.276731	1.258183	0.332738	-1.857238	-0.278893	-0.534961	-0.402101	-0.847184	-2.516910	-0.045091	-0.126837	0.424894	0.486280	0.641405	1.072416	0.079467	-0.730808	-1.057574	-1.072713	0.447213	0.542752	-0.839463	-0.270491	-0.494163	0.382807	-0.440383	-0.351815
1.956925	0.439333	-0.130709	0.692523	1.874347	0.970385	-0.126194	-0.487737	-0.580729	-0.082061	0.870064	1.003078	1.116950	1.901703	1.791176	-0.112715	1.635852	1.197437	1.306105	-0.039612	0.863455	-0.212106	0.774023	0.797257	0.771393	0.255163	-0.062544	0.035485	-0.239804	0.685091	0.185752	-0.317112	1.597046	0.022408	-0.019674	0.737128	-2.703650	0.748664	0.336538	1.273317	1.207211	0.660678	1.462610	-0.035045	0.005003	-0.119675	0.505124	0.881630	1.074913	-0.236375	1.067731	-0.173833	0.204821	-0.149262	-0.731211
1.917755	1.040642	0.492676	1.123329	2.134446	2.273991	0.511432	0.244469	-0.313927	0.681443	0.105149	0.687339	1.214209	1.691563	2.177647	-0.507916	1.356598	1.287002	0.817081	0.993747	0.174679	0.361563	0.694348	1.825448	1.696025	0.677616	0.403525	0.496473	-0.267709	-0.161141	-0.002922	0.990895	2.120157	0.237674	-0.012032	1.658713	-1.652872	0.914072	0.564664	1.324497	1.552013	0.461692	1.043927	-0.193307	1.087470	0.715267	1.384902	0.956880	1.127752	0.439577	1.249295	-0.502454	-0.287901	-0.067119	-0.554832
0.266746	0.947345	-0.027544	0.122958	0.819185	2.022914	0.701185	0.474294	-0.901497	0.859518	-1.375476	-0.310772	-0.097894	0.012734	0.708142	-0.454757	0.494997	0.553607	0.074509	0.743033	-1.392757	-0.125775	0.342223	1.346649	1.221415	0.451275	0.953591	-0.183704	-0.154587	-1.041775	-0.426453	1.044085	0.523564	-0.270066	-0.100173	1.334950	-0.373103	0.712646	0.816140	0.648814	1.086583	0.295536	0.160824	-0.208635	1.227801	0.786960	1.080269	0.918312	0.528582	0.747620	0.406867	-0.491179	-0.592541	-0.326741	-0.039335
-1.404723	0.227695	-0.919623	-0.868949	-0.408073	0.581777	0.225056	0.132419	-1.256460	0.536313	-1.882633	-1.017689	-1.239119	-1.490835	-0.885671	0.339779	-0.104189	-0.285643	-0.338516	-0.150549	-2.207522	-0.511744	0.457503	0.252166	-0.194822	-0.315817	1.129459	-1.215235	-0.159721	-1.349912	-0.655251	0.104754	-1.341346	-0.537301	0.267577	0.317295	0.457479	0.779568	1.149807	0.096875	0.216197	0.201257	-0.258553	-0.099331	0.266240	0.482738	0.291255	0.946247	-0.382253	0.657620	-0.298140	0.548414	-0.342371	-0.514674	0.445664
-1.391979	-0.456676	-0.819704	-0.509870	0.022747	-0.503706	-0.370851	-0.055919	-0.381328	0.329467	-0.715071	-0.611933	-0.669637	-1.432474	-0.769764	1.401691	-0.010073	-0.383475	-0.218606	-0.315877	-1.148812	0.145547	1.173784	-0.177870	-0.842046	-0.704528	0.895864	-1.143572	-0.136550	-0.732900	-0.288246	-0.551197	-1.213525	0.393698	1.067325	-0.173474	0.803652	1.179423	1.377534	0.328017	-0.171661	0.087749	0.287957	0.025515	-0.711249	0.559192	0.085609	0.897814	-1.048068	0.547468	-0.018764	1.839965	0.320551	-0.108616	0.568450
0.038901	-0.455799	0.309408	0.646240	1.541169	-0.276483	-0.594739	0.338178	1.138537	0.444172	0.979956	0.410195	1.098290	-0.277021	0.638875	1.595146	0.324445	0.129828	0.133413	0.323473	0.742762	1.206478	1.687118	0.361009	-0.123459	-0.072592	0.620032	0.144131	0.114315	0.238402	0.252612	-0.062859	0.754634	1.778891	1.575408	0.457292	0.778474	1.202120	1.333446	1.012100	0.288021	-0.047239	1.241981	0.116080	-0.775900	0.985759	0.697167	0.581597	-1.092541	0.644287	0.825536	1.975391	0.822635	0.741078	0.227046
0.957836	0.192942	1.087116	0.935401	2.103652	0.681644	-0.586766	0.758213	1.690419	0.439427	1.461318	0.710217	2.061125	0.355517	1.211462	0.292557	0.237456	0.476978	0.320199	0.582788	1.312858	1.295890	1.170007	1.102743	0.549424	1.096980	0.469520	1.188425	0.427582	0.503904	0.152571	1.109292	2.235355	1.760439	1.211424	1.500146	0.394887	0.320104	1.013752	1.197366	1.035803	-0.138144	1.553974	0.109330	-0.201354	0.942982	1.392042	0.103553	-0.558314	0.689173	1.126532	0.705905	0.650720	1.173450	-0.343164
0.295829	0.766404	0.654893	-0.078713	0.878075	1.162710	-0.650362	0.486570	0.694167	0.044591	0.437236	-0.105891	1.255733	-0.190718	0.044868	-1.564559	-0.227262	0.354192	0.265272	-0.065752	0.043904	0.229107	-0.081645	1.267225	-0.088423	1.698939	0.266307	0.880899	0.465427	-0.140023	-0.534222	1.783688	1.701687	-0.032960	0.295010	1.793404	-0.159411	-0.853543	0.556461	0.523071	1.248067	-0.164123	0.903016	-0.067078	0.144913	0.081746	1.437034	-0.188955	0.116670	0.382420	0.488686	-0.703038	-0.077494	0.658054	-0.685195
-0.739638	0.628525	-0.131455	-0.952151	-0.625059	0.781910	-0.599492	-0.202901	-0.575016	-0.258320	-0.586975	-0.788880	-0.076441	-0.805927	-1.155587	-2.088387	-0.378686	0.211361	0.186203	-0.601361	-1.144795	-0.650723	-0.809972	0.835270	-1.066086	1.221666	-0.052068	-0.107492	0.226905	-0.599298	-0.684170	1.323656	0.186701	-1.459057	-0.277784	1.066319	-0.420545	-1.023279	0.187892	-0.250922	0.718075	-0.121407	0.083716	-0.285819	0.044890	-0.739901	0.872791	-0.086625	0.414143	-0.032396	-0.284109	-0.949292	-0.600734	-0.186553	-0.460514
-0.435960	-0.090143	-0.005812	-0.354678	-0.600161	0.151343	-0.077406	-0.395999	-0.614889	0.091656	-0.235362	-0.111231	-0.262738	-0.250066	-0.429648	-0.531236	0.158596	0.462089	0.253361	0.053174	-0.429650	-0.238197	-0.277751	0.296713	-0.578974	0.196374	-0.256187	-0.379843	0.050310	0.103190	0.414905	0.169606	-0.385721	-0.471931	-0.065538	0.085423	-0.112148	0.225130	0.074321	-0.226320	-0.051094	0.001897	-0.018082	-0.267890	0.007432	-0.509809	0.270607	0.243912	0.172673	-0.039007	-0.258065	-0.056526	-0.333469	-0.333551	0.221158
0.881575	-0.669900	0.845172	1.017691	0.601273	-0.120525	0.632907	0.087971	0.369552	0.763584	0.955697	1.247405	0.561779	0.990951	1.460998	1.540384	0.845218	0.844093	0.379246	1.303170	1.342631	0.847253	0.744397	0.005424	1.031472	-0.487066	-0.203434	0.229232	0.110946	1.326183	1.825016	-0.706806	0.211283	1.847853	0.482920	-0.393145	0.429689	1.693696	0.141200	0.378358	-0.462440	0.141250	0.440652	0.002609	0.273620	0.442873	0.015620	0.434034	-0.247339	0.343827	0.393352	0.886307	0.359880	0.240973	0.813883
1.262641	-0.547479	1.101282	1.302504	1.049370	-0.048519	0.744750	0.474565	0.884554	0.837108	1.299989	1.425783	0.842090	1.291505	1.851583	1.787817	0.814457	0.772662	0.356430	1.509791	1.705965	1.073985	0.857171	-0.040888	1.471736	-0.412595	-0.047466	0.626828	0.230972	1.485866	1.888197	-0.685959	0.571621	2.407865	0.668827	-0.330617	0.582766	1.786385	0.144613	0.504427	-0.319044	0.163713	0.559322	0.188323	0.447954	0.781394	0.046853	0.265242	-0.327041	0.522063	0.677095	0.976188	0.569456	0.576580	0.791258
0.001132	0.188499	0.281183	-0.004481	0.018493	0.102221	0.057230	0.309060	0.315930	0.068722	0.279969	-0.069493	-0.052692	0.172390	-0.083212	-0.143345	-0.052258	0.142984	0.141352	0.236384	-0.038975	0.035404	-0.230259	0.013893	-0.109199	0.200554	0.051494	0.246757	0.246409	0.193380	0.333487	0.069952	-0.031483	0.295717	0.357272	-0.057129	0.202829	0.344941	-0.015872	-0.231011	0.183888	0.039801	-0.002123	0.106549	0.262613	0.030577	0.162096	-0.179129	0.031530	0.220259	0.207145	0.265755	0.032130	0.206721	0.174114
