X1	X2	X3	X4	X5	X6	X7	X8	X9	X10	X11	X12	X13	X14	X15	X16	X17	X18	X19	X20	X21	X22	X23	X24	X25	X26	X27	X28	X29	X30	X31	X32	X33	X34	X35	X36	X37	X38	X39	X40	X41	X42	X43	X44	X45	X46	X47	X48	X49	X50	X51	X52	X53	X54	X55
-0.253779	-0.124705	-0.140521	-0.142743	-0.149936	-0.314157	0.013338	0.355280	0.340342	0.256472	0.090139	0.135357	-0.099647	-0.017717	-0.157964	-0.107622	0.054826	0.122354	-0.192550	-0.100998	-0.141236	0.052528	0.233005	-0.043867	0.026316	-0.118356	-0.040450	-0.067101	0.004839	-0.094376	0.085295	0.065756	-0.046485	-0.165276	0.061146	0.146095	0.040924	0.159822	0.228631	0.162620	-0.145712	0.072295	0.183943	0.246011	0.039357	0.177569	0.033623	0.032116	-0.251889	-0.202265	-0.207630	-0.269232	0.189059	0.199488	0.237515
0.705955	1.148203	0.570584	0.452176	0.265875	1.249927	1.410415	0.215996	0.138352	0.497178	-0.411789	-0.168719	0.017947	-0.178462	-1.078962	0.621377	0.716468	0.004616	0.892477	0.057474	0.173880	-0.035927	-0.181671	0.431524	0.083227	1.592468	0.099278	0.293395	0.778264	0.005521	-0.343296	-0.058374	0.450889	0.376418	0.223331	-0.003873	-1.564193	-0.245209	-0.106864	-0.028949	1.273486	1.076915	0.978664	1.210037	0.814681	0.962847	0.245099	0.141227	0.062786	0.550003	0.928780	0.866400	0.361515	0.162492	-0.174944
1.262674	1.278604	0.703164	1.070886	0.440938	1.779668	2.294452	0.374101	-0.236912	0.327235	0.301098	-0.302634	0.164518	-0.615192	-0.666206	0.975748	1.314527	0.177780	0.948406	-0.157090	0.497814	0.321473	-0.028462	0.983628	0.904532	2.155895	0.870539	1.077168	0.925690	0.705291	-0.316005	0.373262	1.070772	0.778583	0.705326	0.336049	-1.486302	0.000922	-0.192351	0.121949	1.259982	1.389591	0.870203	0.667908	0.625596	0.886420	0.713293	0.507495	0.614484	0.940938	1.448929	1.279943	0.956864	0.632619	0.529963
1.253128	0.373594	0.196687	1.513741	0.450491	1.274516	2.307549	0.499655	-0.712592	-0.237876	1.831089	-0.278755	0.300119	-1.011348	0.769703	0.929886	1.417825	0.269765	-0.073627	-0.582990	0.692254	0.682226	0.287811	1.143833	2.101470	1.467574	1.865611	1.945083	0.440064	1.601380	0.039154	0.896037	1.546267	0.940887	1.028117	0.737270	0.092847	0.587812	-0.094436	0.274590	-0.067935	1.047388	-0.076671	-1.121575	-0.261525	0.059890	1.034204	0.722373	1.193096	0.948523	1.430952	0.921476	1.788995	1.249609	1.881514
0.878357	-0.500284	-0.459771	1.512035	0.486704	0.549985	1.485961	0.106534	-0.966260	-0.749756	2.619266	-0.214066	0.363450	-0.721881	1.724772	0.788193	0.660220	-0.225682	-1.232608	-0.703048	0.660091	0.359192	-0.022622	0.383259	2.474110	0.412164	2.089117	2.048306	-0.202737	1.835503	0.278900	0.561696	1.457099	0.827415	0.587238	0.399324	1.525794	0.763324	-0.028593	-0.137870	-1.319444	0.544456	-1.002523	-2.530435	-0.777869	-0.676704	0.521125	0.218702	1.302217	0.741920	1.261042	0.179367	2.221751	1.278581	2.288285
0.590602	-0.637775	-0.660075	1.086117	0.517795	0.217813	0.350509	-0.589356	-0.745296	-0.760312	1.852954	-0.147670	0.359168	0.361976	1.361217	0.861618	-0.565903	-0.973894	-1.507533	-0.305094	0.569812	-0.353323	-0.840657	-0.962283	1.473666	-0.149411	1.253885	1.046963	-0.627441	1.355692	0.323412	-0.660524	0.839520	0.542775	-0.230978	-0.580007	1.698492	0.523030	0.008039	-0.916806	-1.447792	0.084918	-1.230802	-2.495019	-0.515131	-0.795647	-0.779754	-0.752092	0.794360	0.439174	0.906140	-0.620847	1.886901	0.719552	0.987192
0.694783	-0.320076	-0.201692	0.587597	0.366565	0.222548	-0.420628	-0.804325	-0.220161	-0.271904	0.392293	-0.044247	0.333075	1.471092	0.385589	1.188785	-1.283983	-0.985063	-0.689148	0.225149	0.636311	-0.363670	-1.109843	-1.746629	-0.029918	-0.190917	0.130017	-0.360160	-0.802931	0.944883	0.453472	-1.615427	0.291966	0.373749	-0.376853	-1.112141	1.029377	0.615514	0.215167	-1.106999	-0.704104	-0.494900	-0.862597	-1.551190	-0.255568	-0.581499	-1.837995	-1.205062	0.155500	0.207767	0.085441	-1.144511	1.060340	0.328081	-0.954381
0.944912	-0.147035	0.472739	0.295498	0.023557	0.264972	-0.533048	-0.175394	0.122225	0.286791	-0.364435	0.090558	0.273665	1.719469	0.016226	1.500503	-0.947947	0.068062	0.540409	0.351196	0.684104	0.690026	-0.208936	-1.211278	-0.687677	-0.267526	-0.447046	-1.121128	-0.811907	0.960887	0.617802	-1.307055	0.291432	0.547879	0.420456	-0.476205	0.442036	1.313853	0.610438	-0.201893	-0.011522	-1.115500	-0.460735	-0.869576	-0.881281	-0.600472	-1.677718	-0.592543	-0.043085	0.307981	-0.983506	-0.909032	0.287673	0.496165	-1.798572
0.712134	-0.162967	0.589969	0.093695	-0.292719	0.245782	-0.248700	0.780440	0.071005	0.567974	-0.114414	0.249167	0.128310	1.107313	0.497818	1.403241	-0.009787	1.228479	1.293198	0.041745	0.256685	1.734532	1.163177	0.138832	-0.219034	-0.581640	-0.513116	-0.952236	-0.633339	0.758017	0.288312	-0.104241	0.566170	0.841991	1.194743	0.703883	0.055921	1.811230	0.898484	1.060198	0.206893	-1.185578	-0.312974	-0.708832	-2.043456	-0.894709	-0.496995	0.513929	0.133328	0.713082	-1.526235	0.221894	-0.192513	0.659542	-1.055035
-0.220976	0.073687	-0.169106	-0.295222	-0.335615	0.166890	0.002887	1.280560	0.043128	0.692185	0.230189	0.528461	-0.062498	0.455957	0.941800	0.705079	0.692379	1.360320	1.228599	-0.157454	-0.653288	1.529608	1.802691	1.114206	0.328896	-0.613923	-0.709899	-0.539841	-0.236342	-0.236175	-0.636727	0.767159	0.402082	0.664260	0.965399	1.227338	-0.562761	1.242593	0.843853	1.517040	0.312997	-0.248392	-0.124387	-0.284963	-2.338701	-0.892568	0.571623	1.141125	0.082503	0.898550	-1.044888	1.520659	-0.541619	0.101029	0.082002
-1.203252	0.696498	-1.191118	-0.850438	-0.035927	-0.084922	0.036393	1.044024	0.557717	0.961155	-0.159166	0.974622	-0.156408	0.347721	0.521056	-0.314988	0.835527	0.553373	0.705273	0.225627	-1.280150	0.281401	1.402488	1.104727	-0.085232	0.086689	-1.343358	-0.627190	0.218233	-1.415843	-1.260764	0.686144	-0.465983	-0.214659	-0.059320	0.764243	-1.286198	-0.058942	0.612863	0.988448	0.704697	1.183222	0.461347	0.866783	-0.985350	-0.193163	0.749999	1.020606	-0.508536	0.394086	0.030762	1.855671	-0.967277	-1.010841	0.196821
-1.390238	1.167492	-1.520321	-1.258640	0.367379	-0.599931	-0.143703	0.340614	1.376786	1.241169	-1.065313	1.301724	-0.119657	0.534394	-0.497449	-1.024965	0.636041	-0.126350	0.261601	0.936464	-0.899519	-0.613679	0.723226	0.471886	-1.244430	0.984834	-2.007615	-1.163661	0.413493	-1.652687	-0.694071	0.135534	-1.492651	-1.155644	-0.875135	0.048443	-1.385678	-0.878814	0.530889	0.361815	1.116311	1.819595	1.124465	1.949568	0.977657	0.700839	0.301927	0.661888	-1.206199	-0.517547	0.708986	0.831444	-1.422948	-1.768281	-0.787034
-0.759883	0.884572	-0.988536	-1.346078	0.403670	-1.203828	-0.556656	-0.391729	1.586709	0.994630	-1.590342	1.070420	-0.151615	0.550743	-1.086497	-0.959591	0.257542	-0.130632	0.026058	1.162451	0.126828	-0.364223	0.485599	-0.137458	-1.993466	0.960271	-2.080973	-1.486204	0.184972	-0.827453	0.582873	-0.152127	-1.877884	-1.215998	-0.954611	-0.215261	-0.615435	-0.602662	0.596942	0.332693	0.881543	0.928315	1.049003	1.768322	1.652577	0.780630	-0.078788	0.509846	-1.327740	-0.991358	0.432659	-0.710961	-1.603416	-1.570793	-1.730732
-0.045919	-0.012471	-0.417657	-1.221439	-0.161125	-1.535437	-1.107540	-0.748208	0.756903	0.111686	-1.163012	0.320841	-0.428129	0.462652	-0.694440	-0.229540	-0.309463	0.009333	-0.266365	0.457430	0.611779	0.325703	0.573977	-0.427889	-1.601972	-0.247008	-1.368374	-1.152672	-0.258984	0.045336	1.162100	-0.030216	-1.326741	-0.239195	-0.626324	-0.061663	0.364654	0.168411	0.527019	0.627779	-0.160827	-0.658365	0.047836	0.313782	0.456827	-0.194996	-0.131341	0.456922	-0.724643	-0.568374	-0.360985	-1.467049	-1.176659	-0.706490	-1.717475
0.261361	-0.717932	-0.533438	-0.946118	-0.865487	-1.344344	-1.370459	-0.480297	-0.368864	-0.663469	-0.084369	-0.270285	-0.739830	0.607730	0.148956	0.614626	-0.833889	-0.281870	-0.722196	-0.624950	-0.006394	0.388045	0.466435	-0.423966	-0.473361	-1.464651	-0.257097	-0.401203	-0.537756	0.257948	0.564144	0.176376	-0.244177	0.884083	-0.307339	0.135757	0.842343	0.586558	0.270043	0.630539	-1.275742	-1.298035	-0.939782	-1.100329	-1.185721	-1.202188	-0.076199	0.231674	0.095485	0.292827	-0.720101	-0.920998	-0.159138	0.068858	-0.928870
0.331360	-0.675344	-1.039282	-0.404828	-0.903299	-0.669869	-0.939962	0.197043	-0.739889	-0.567063	0.760630	-0.177048	-0.618366	0.887933	0.556103	1.063910	-0.878626	-0.708149	-0.993962	-1.051899	-0.912818	-0.159389	0.053742	-0.259267	0.453337	-1.360595	0.592302	0.140047	-0.515517	0.209386	-0.177557	0.184731	0.643675	1.137739	0.034705	0.199765	0.792627	0.598005	0.146402	0.257064	-1.532487	-0.427587	-0.977170	-1.374537	-1.583095	-1.145858	-0.137085	-0.115244	0.527330	0.731169	-0.230904	0.195576	0.852494	0.280832	-0.100956
0.361552	-0.187213	-1.104588	0.298974	-0.140347	0.162400	-0.093126	0.559883	-0.285849	0.129237	0.684138	0.246844	0.055511	0.821900	0.324150	0.970723	-0.463726	-0.631069	-0.691100	-0.471239	-0.949490	-0.423860	-0.304276	-0.157917	0.640390	-0.068490	0.696821	0.040411	-0.387408	0.449785	-0.075155	-0.060243	0.785945	0.407943	0.450218	0.074657	0.552904	0.645274	0.333286	-0.136538	-0.815159	0.699763	-0.415528	-0.769447	-0.722789	-0.289295	-0.303098	-0.347179	0.371013	0.369914	0.488546	0.675582	1.037325	0.034307	0.382021
0.116773	0.039840	-0.516658	0.631772	0.536455	0.659244	0.292333	0.039225	0.136799	0.403001	-0.213882	0.205295	0.744571	0.212419	-0.044448	0.498033	-0.240275	-0.087736	0.044390	0.405021	-0.095220	-0.010064	-0.381437	-0.307113	0.176713	0.925322	0.065465	-0.575205	-0.317462	0.642646	0.506383	-0.403551	0.113775	-0.520577	0.548351	-0.327373	0.236876	0.703123	0.468334	-0.371135	0.082554	0.510337	-0.335887	-0.238775	0.036785	0.127215	-0.398620	-0.436694	-0.139193	-0.438654	0.491428	0.067579	0.166100	-0.282975	0.582885
-0.559267	-0.202492	0.127418	0.193178	0.230502	0.449887	-0.258177	-1.039690	-0.082337	-0.211931	-1.202387	-0.484159	0.766344	-0.654835	-0.195506	-0.118767	-0.657517	0.221734	0.568517	0.688189	0.560506	0.460162	-0.394032	-0.572048	-0.574585	0.540430	-0.808619	-1.076233	-0.144167	0.158947	0.682614	-0.481143	-0.910173	-0.906201	-0.037607	-0.888884	-0.210733	0.234917	0.032623	-0.538219	0.394433	-0.947943	-0.883255	-0.098846	-0.097920	-0.369857	-0.207730	-0.526477	-0.561313	-1.089554	-0.322157	-0.880555	-1.022201	-0.473157	0.592577
-1.160855	-0.444148	0.332597	-0.624861	-0.793460	-0.341093	-1.161284	-1.665177	-0.685941	-1.067151	-1.619632	-1.143777	0.081117	-1.424805	-0.329445	-0.701503	-1.285451	-0.167590	0.352010	0.318373	0.255221	0.268113	-0.620865	-0.581852	-1.202398	-0.669168	-1.284415	-0.781415	0.402120	-0.701421	0.467285	0.003057	-1.541622	-0.780711	-0.907678	-1.177880	-0.665144	-0.823206	-0.906040	-0.614545	0.174113	-2.095408	-1.079173	0.098398	-0.528361	-0.887605	0.304201	-0.568715	-0.504995	-1.193176	-1.001990	-1.056802	-1.459998	-0.614654	0.455194
-0.950839	-0.261338	0.305941	-0.927587	-1.368411	-1.050778	-1.427188	-1.173019	-1.049052	-1.245056	-1.305938	-1.044380	-0.591852	-1.893462	-0.638391	-1.054852	-1.352061	-0.965055	-0.492403	-0.080294	-0.510083	-0.445137	-0.913968	-0.244399	-1.263281	-1.277308	-1.001339	0.382251	1.197134	-0.915520	0.475891	0.768327	-1.268791	-0.636247	-1.133703	-0.891454	-0.848946	-1.577188	-1.562626	-0.393272	-0.012955	-1.788177	-0.464703	0.575342	-0.476299	-0.575619	0.777916	-0.297111	0.064914	-0.666013	-0.684373	-0.204639	-0.782534	-0.708267	0.346519
0.093621	0.129238	0.450776	-0.308657	-0.835308	-0.982508	-0.788590	0.074099	-0.853157	-0.604532	-0.466796	-0.186544	-0.496835	-1.857031	-0.763528	-0.920631	-0.724892	-1.491401	-1.262824	-0.151442	-0.668807	-0.896557	-0.808280	0.090619	-0.512999	-0.703194	-0.112488	1.628224	1.602455	-0.149801	0.631145	1.034052	-0.247775	-0.587596	-0.363596	-0.265321	-0.630567	-1.132747	-1.224567	0.135521	0.038512	-0.575881	0.022491	0.853195	-0.188927	0.078308	0.721350	0.360059	0.704422	0.272861	0.327670	0.873599	0.353875	-0.525231	0.417712
1.179286	0.247736	0.678462	0.728624	0.225276	-0.019387	0.131339	1.079963	-0.221702	0.187559	0.527524	0.747607	0.380549	-1.181759	-0.222212	-0.194140	0.029131	-1.333232	-1.224407	-0.162904	0.067594	-0.596101	-0.150335	0.176054	0.696188	0.241419	0.798969	1.971046	1.066500	0.734460	0.199911	0.451324	0.808794	-0.192529	0.644496	0.208773	-0.118618	0.128715	-0.131004	0.607339	0.007571	0.248599	-0.565999	0.456843	-0.332072	-0.006842	0.168067	1.018683	0.894550	1.120204	0.974613	1.346415	0.951139	-0.013233	0.502511
1.626639	0.147184	0.618782	1.384330	0.814769	1.279204	0.653824	1.175552	0.454658	0.439261	1.167182	1.022006	1.288594	-0.117814	0.748211	0.814977	0.404843	-0.611511	-0.215348	-0.355063	0.882050	0.175809	0.560068	0.277620	1.477883	0.526864	1.104255	1.242434	-0.102616	0.781000	-0.869952	-0.295797	1.280888	0.826937	0.845571	0.357169	0.492478	0.775989	0.662925	0.633764	-0.243614	0.326578	-1.577470	-0.307042	-0.696856	-0.843254	-0.193333	1.128880	0.649459	1.418065	0.808213	1.279873	0.600896	0.429641	0.319660
1.560815	0.419991	0.295465	1.317897	0.706589	2.151832	0.708386	0.546373	0.730901	0.072694	1.049064	0.425168	1.422467	0.802131	1.211420	1.513039	0.407377	0.234069	1.198539	-0.392863	0.810371	0.733883	0.654950	0.693965	1.142533	0.223713	0.666995	0.225736	-0.806015	0.022029	-1.577152	-0.283817	1.171729	1.970972	0.120735	0.362728	1.020804	0.026584	0.433126	0.216435	-0.253289	0.428057	-1.400217	-0.609159	-0.348316	-1.207971	0.152175	0.513948	0.491204	1.203612	0.486117	1.300994	-0.220359	0.459516	-0.033810
1.469403	1.315607	0.140816	0.723749	0.509129	2.193697	0.698264	-0.105354	0.421420	-0.389192	0.321547	-0.578193	0.630748	1.283828	0.560307	1.500527	0.346960	0.854838	2.186906	0.178386	-0.233414	0.672041	0.113900	1.093943	-0.102576	0.342847	0.087400	-0.289848	-0.252465	-0.780369	-1.163233	0.394918	0.934276	2.324883	-0.611633	0.338898	1.242237	-1.183820	-0.356495	-0.272550	0.440471	1.177451	0.472373	-0.016104	0.993915	-0.164017	0.785335	-0.389908	0.718430	0.904514	0.786975	1.592444	-0.688654	0.356370	-0.111366
1.365019	2.189671	0.359435	-0.019658	0.721385	1.570998	0.979059	-0.305444	-0.186077	-0.364021	-0.369303	-1.239713	-0.529928	1.384154	-0.718811	0.867560	0.507835	1.231949	2.317313	1.126762	-1.439835	0.209843	-0.336991	0.838293	-1.276114	1.445137	0.170245	-0.271398	1.081989	-1.035115	-0.135645	0.709107	0.841233	1.475827	-0.484405	0.195516	0.910724	-1.252062	-0.582630	-0.455381	1.516342	2.136424	2.717343	1.030293	2.374723	1.740080	0.797123	-0.846821	0.967647	0.710084	1.512607	1.651194	-0.438580	0.601208	0.286849
0.813206	2.106771	0.657637	-0.550347	1.092511	0.824665	1.444691	-0.165562	-0.638248	0.150602	-0.541313	-1.214934	-1.306773	1.067330	-1.512528	0.039859	0.899557	1.508791	1.779559	1.591063	-1.914579	-0.094459	-0.120182	-0.065895	-1.479751	2.705230	0.948786	-0.113131	1.864598	-0.667600	0.409097	0.024783	0.708389	-0.115703	0.369106	-0.084868	0.008397	0.123580	0.159907	-0.294236	2.064995	2.271306	3.509030	1.585604	2.565917	2.896580	-0.093175	-0.513098	0.734705	0.348228	1.679728	1.019475	0.125771	0.995432	0.811029
-0.220330	0.903905	0.716607	-0.578678	1.027947	0.469864	1.486861	-0.063063	-0.867425	0.469789	-0.268563	-0.834842	-1.245507	0.156918	-1.167063	-0.536339	1.085292	1.606193	1.061055	1.048792	-1.381381	-0.007074	0.366631	-0.835824	-0.647207	2.654886	1.470901	0.077970	1.348710	0.059172	0.039222	-1.163809	0.303998	-1.585370	1.016326	-0.358340	-1.010350	1.504739	0.983407	-0.156928	1.593176	1.100376	2.161745	1.055961	1.330840	2.116807	-1.235748	0.127631	0.157936	-0.349846	0.718580	-0.105225	0.310370	0.824651	0.988268
-0.969578	-0.541048	0.676727	-0.032477	0.449147	0.689089	0.595003	-0.127760	-1.126966	-0.026064	0.179369	-0.555906	-0.323989	-1.016504	0.058323	-0.574209	0.527022	1.199969	0.561201	0.006138	-0.186605	0.104013	0.187247	-0.849474	0.495817	0.950779	0.899945	0.495481	0.171018	0.696931	-0.805064	-1.939481	-0.153920	-2.240677	0.709055	-0.543433	-1.408903	1.367740	0.727745	-0.454763	0.589310	-0.692663	-0.372149	-0.162680	-0.301089	-0.145534	-1.829892	0.245961	-0.069069	-0.977316	-0.748990	-1.047891	-0.080910	0.011760	0.744142
-0.590879	-1.150455	0.941713	0.842418	0.000010	1.287344	-0.790853	-0.172459	-1.332054	-1.014418	0.769042	-0.304569	1.112392	-1.470750	1.420136	-0.034877	-0.565473	0.259377	0.479421	-0.504707	1.167868	-0.160053	-0.836159	-0.274547	1.150226	-0.955493	-0.320591	1.074860	-0.501105	0.818259	-1.477243	-1.893789	-0.149583	-1.734777	-0.362901	-0.633076	-0.830891	-0.159944	-0.576326	-1.064495	-0.031524	-1.772460	-2.232561	-0.997988	-0.917955	-1.945414	-1.616638	-0.295891	0.375239	-0.947099	-1.452579	-1.222995	-0.518728	-0.540939	0.303165
0.821236	-0.704606	1.551045	1.624618	0.298688	1.832129	-1.405853	-0.050751	-0.922532	-1.407757	1.524505	0.311023	2.417531	-0.627148	2.257894	0.827028	-1.084251	-0.558831	0.802243	-0.091359	2.315791	-0.505438	-1.679422	0.408955	1.105541	-1.370208	-0.882261	1.297236	-0.426685	0.410672	-1.567631	-1.154559	0.481862	-0.157952	-1.186327	-0.425230	0.221233	-1.500793	-1.604639	-1.242462	0.080102	-1.401084	-2.070682	-0.875680	-0.027205	-1.582266	-0.766665	-0.700149	0.898900	-0.188785	-0.800155	-0.575226	-0.381344	-0.143681	-0.270323
2.131458	-0.009283	1.921877	1.948473	1.112582	1.849006	-0.570333	0.131959	0.331719	-0.539342	2.133190	1.233676	2.859762	0.799524	2.241162	1.587213	-0.247798	-0.427644	1.229760	0.564455	2.904196	-0.204171	-1.251833	1.055385	0.745562	-0.378047	-0.248349	0.684323	-0.475172	-0.040143	-0.935995	0.021695	1.265986	1.766625	-0.859754	0.391079	0.798263	-1.380052	-1.210536	-0.412306	0.412377	-0.192714	-0.199520	-0.377154	1.391752	0.600301	0.445588	-0.285442	0.647192	0.799952	0.436704	0.284845	0.290788	0.644745	-1.093102
2.121901	-0.028090	1.356954	1.637281	1.480085	1.082088	0.795978	0.204437	1.680700	1.011002	2.077470	1.815702	2.117001	1.547783	1.489109	1.901550	1.212413	0.620485	1.241623	0.530885	2.561399	0.805389	0.233135	1.622176	0.548141	0.322234	0.626779	-0.610570	-1.331449	-0.069479	0.175638	1.219923	1.538021	2.885767	0.431665	1.600974	0.483460	-0.041819	0.238625	0.945565	0.233872	0.528993	1.602040	-0.441564	1.744951	2.413932	1.540874	0.498884	-0.413627	1.427662	0.891944	0.462658	0.849658	0.734891	-1.960099
0.591982	-0.942196	-0.157563	0.806132	0.724738	-0.241071	1.092612	0.138378	1.938602	1.908273	1.207868	1.546373	0.675743	1.286417	0.601522	1.620047	1.660288	1.448996	0.457426	-0.326803	1.352442	1.486621	1.343199	1.617101	0.697535	-0.415556	0.540541	-1.796161	-2.507713	0.259571	1.036500	1.681939	1.065765	2.438440	1.487594	2.175754	-0.243986	1.255609	1.230364	1.510487	-0.623615	0.097178	1.637385	-1.204687	0.354457	1.987223	1.744365	0.524131	-1.385888	1.316124	0.059449	-0.366520	0.827724	0.004948	-2.136923
-1.399396	-2.082156	-1.755660	-0.097553	-0.725511	-1.459389	-0.089150	-0.020576	0.728663	1.357338	0.025419	0.657855	-0.458838	0.760672	0.263098	0.745346	0.421494	0.911369	-0.972999	-1.309563	0.097528	0.790476	0.926336	0.492122	1.078616	-1.870566	-0.333912	-2.054064	-2.933570	0.501759	0.895444	0.845439	0.185563	0.754663	1.339075	1.186654	-0.676893	1.594829	0.757108	0.491009	-1.646775	-0.950050	-0.172150	-2.007476	-1.829270	-0.400993	0.637409	-0.588441	-1.473971	0.415410	-1.150233	-1.488907	0.474550	-0.551759	-1.003101
-2.422223	-2.638333	-2.415574	-0.558377	-1.668105	-2.003304	-1.475742	-0.273954	-0.984698	-0.119471	-0.700262	-0.147680	-0.679476	0.521569	0.540824	-0.527779	-1.372795	-0.832022	-2.391502	-1.742579	-0.274289	-0.950205	-0.631195	-1.260571	1.426885	-2.518609	-0.603174	-1.191096	-2.202844	0.381633	-0.140211	-0.689550	-0.544926	-0.982948	0.291929	-0.850205	-0.581473	1.047239	-0.638181	-1.324313	-2.194925	-1.621426	-2.206152	-2.281997	-3.036278	-2.663888	-0.964914	-1.847836	-0.825616	-0.812388	-1.402376	-1.855879	0.406383	-0.221386	1.060169
-1.972405	-2.348987	-1.899708	-0.461112	-1.390031	-1.924776	-1.618336	-0.571327	-1.765411	-1.242555	-0.596737	-0.460293	-0.374871	0.221326	0.708149	-1.752552	-2.034776	-2.382780	-3.155801	-1.618405	0.229545	-2.196044	-1.795707	-2.115233	1.484724	-1.847904	0.552056	0.242715	-0.896846	0.078339	-0.948385	-1.328006	-0.763332	-1.747543	-0.523234	-2.106755	-0.097381	0.193964	-1.570274	-2.228992	-2.106061	-1.521351	-2.700476	-2.003004	-2.329159	-2.981539	-1.429765	-1.914905	-0.171882	-1.548306	-0.449497	-1.279165	0.830375	0.447093	2.687559
-0.907158	-1.613822	-0.920847	-0.212578	-0.523154	-1.776097	-0.548366	-0.673882	-1.128976	-1.310222	0.007959	-0.496040	-0.422673	-0.540323	0.028157	-2.468064	-1.175000	-2.600473	-3.166047	-1.406010	0.670207	-1.937405	-1.544940	-1.208464	1.199414	-0.726910	2.242656	1.396344	0.132905	-0.017339	-0.548452	-0.234000	-0.504826	-1.480322	-0.482045	-1.413231	0.620972	-0.599860	-1.372327	-1.435308	-1.762351	-1.073655	-1.515329	-1.424668	-0.570236	-1.526292	-0.155298	-0.628674	0.079387	-1.416311	0.509323	-0.595776	1.279710	0.385242	2.712758
-0.462518	-1.040578	-0.375159	-0.293920	-0.338669	-1.914143	0.390883	-0.322260	0.053453	-0.778320	0.408520	-0.649285	-1.096831	-1.281929	-1.315960	-2.592071	0.040375	-1.743481	-2.769763	-1.418256	0.329905	-0.846453	-0.422542	0.419197	0.779717	-0.233689	2.863960	1.683230	0.501054	0.209859	0.653908	1.428017	-0.127037	-0.926887	0.023502	0.291134	1.315023	-1.277579	-0.647348	0.066972	-1.568256	-0.828989	-0.151296	-0.735515	0.466983	-0.054872	1.444617	0.778481	0.074070	-0.992529	0.158033	-0.556922	1.147335	-0.564181	1.344005
-0.897817	-0.815563	-0.466535	-0.748059	-1.111523	-2.056684	0.264853	0.399195	0.657877	-0.409605	0.161290	-0.869788	-1.743110	-1.190797	-2.293366	-2.409023	0.451753	-0.880088	-2.166912	-1.455083	-0.532592	-0.305218	0.280872	1.031940	0.415649	-0.492825	1.944415	1.095541	0.428508	0.391848	1.272301	1.797312	-0.016733	-0.709255	0.328310	1.121083	1.515814	-1.685653	-0.260108	0.771932	-1.432483	-0.722097	0.173539	0.048071	0.119991	0.228090	1.584639	1.105540	0.024972	-1.045215	-1.289224	-0.896037	0.375669	-1.400235	-0.066322
-1.360725	-0.514288	-0.628594	-1.176539	-1.657311	-1.648143	-0.334575	1.001264	0.542213	-0.240953	-0.544177	-0.732217	-1.653820	-0.398108	-2.095065	-2.131311	0.237453	-0.482855	-1.201504	-1.057270	-1.211986	-0.586015	0.177957	0.364360	0.008310	-0.708389	0.541807	0.164353	0.404581	0.081233	0.678892	0.699506	-0.275952	-0.713871	0.285268	0.564187	0.971232	-1.463516	-0.206777	0.456770	-0.912983	-0.196037	-0.041028	0.975820	-0.449332	-0.040348	0.427514	0.527205	-0.075554	-1.392492	-2.118990	-0.760042	-0.474140	-1.172047	-0.483900
-1.069364	0.330156	-0.285307	-1.185727	-0.899979	-0.604235	-0.157716	1.010001	0.365329	0.167824	-1.125940	-0.152006	-0.994312	-0.014034	-1.001936	-1.681098	0.338958	-0.135995	0.087615	-0.097598	-1.424066	-0.661590	0.086034	-0.319817	-0.615215	-0.183807	-0.162529	-0.418028	0.708309	-0.590209	-0.194543	-0.234901	-0.654920	-0.495526	0.175831	-0.209682	0.033636	-0.529522	0.129311	0.160712	0.119791	0.911255	0.381449	1.885772	0.061895	0.384323	-0.268360	0.157509	-0.211082	-1.100492	-1.044344	0.128673	-0.814028	-0.099912	-0.132010
-0.254869	1.515635	0.444543	-0.762993	0.543488	0.479090	1.014594	0.421644	0.449404	0.764436	-1.204816	0.312091	-0.566484	-0.671665	-0.079433	-0.965670	0.949282	0.464905	1.059757	0.965030	-1.359729	0.156805	0.641038	-0.240575	-1.282270	0.883141	-0.177427	-0.327603	1.177431	-0.889844	-0.093970	0.059193	-0.818749	-0.034752	0.175474	-0.262398	-0.693355	0.517217	0.828325	0.507467	1.204384	1.925762	1.380091	2.313613	1.289850	1.411845	0.238729	0.466315	-0.171707	0.134862	1.172100	1.099216	-0.608372	0.747148	0.175753
0.227876	2.291847	0.933779	-0.247719	1.075680	0.931638	2.078132	-0.303262	0.447113	0.958178	-0.907788	0.133547	-0.764981	-1.545907	-0.054172	-0.152596	1.283522	0.928509	1.087340	1.531431	-1.170231	1.156594	1.293468	-0.108155	-1.558631	1.718448	-0.375371	0.149158	1.458066	-0.357791	0.944655	0.657485	-0.713304	0.244094	0.166929	-0.077504	-0.976677	0.844660	1.164514	0.859743	1.813683	2.096365	1.806758	1.970460	1.844110	1.836097	0.659195	0.746704	0.137665	1.363938	2.459508	1.355994	-0.331673	0.729723	0.185855
-0.067982	2.220440	0.841514	-0.014555	0.235591	0.705216	2.000412	-0.665700	0.140805	0.514491	-0.608826	-0.464497	-1.122014	-1.376133	-0.633938	0.450460	0.846377	0.871269	0.478599	1.492570	-0.809862	1.249213	1.152186	-0.753641	-1.310811	1.899570	-1.179732	0.434869	1.424194	0.470861	1.681625	0.168178	-0.644200	0.085496	-0.036025	-0.465721	-1.009618	0.312136	0.647723	0.465234	1.938885	1.553463	1.259763	1.271708	1.304744	1.232888	-0.254166	0.309685	0.401475	1.412689	1.721893	0.876002	-0.399232	0.234835	0.187183
-0.770998	1.608442	0.472779	-0.176706	-0.738863	0.331705	0.964069	-0.536023	-0.106140	-0.111300	-0.536975	-0.826796	-0.960720	-0.252536	-0.998102	0.669761	0.176117	0.641103	0.261106	1.243819	-0.358017	0.511224	0.341911	-1.636106	-0.939335	1.653233	-2.017030	0.219259	1.227044	0.581785	1.194742	-1.139670	-0.898865	-0.340193	-0.456825	-1.128115	-1.010023	-0.362667	-0.199290	-0.259835	1.919299	1.018143	0.607139	1.003824	0.573894	0.519672	-1.684679	-0.416760	0.190291	0.241605	-0.088033	0.288477	-0.729767	-0.017152	0.167742
-1.152887	0.985099	0.326553	-0.507012	-0.593379	0.255865	-0.104065	-0.184267	0.047456	-0.414141	-0.692003	-0.700207	-0.203442	0.414076	-0.801150	0.540039	-0.001672	0.800610	0.892034	1.117038	-0.131538	-0.020268	-0.190043	-1.506331	-0.900095	1.289050	-2.099830	-0.316796	0.979997	-0.306943	-0.137755	-1.687522	-1.260312	-0.729844	-0.913294	-1.077378	-1.001053	-0.543257	-0.516268	-0.304225	1.860345	0.693675	0.556703	1.416859	0.411907	0.506811	-1.793467	-0.506669	-0.483348	-1.016467	-1.241817	0.035430	-0.910965	0.163570	-0.234127
-0.826452	0.478326	0.525492	-0.629211	0.433758	0.382223	-0.672518	0.060906	0.395901	-0.310766	-0.935197	-0.328063	0.649476	-0.107883	-0.471050	0.197944	0.227588	1.191494	1.602731	1.028618	-0.279128	0.111994	-0.047864	-0.217538	-1.143801	0.769768	-1.407589	-0.745093	0.594106	-1.408187	-1.216246	-0.805982	-1.098280	-0.843942	-1.120795	-0.155376	-0.921704	-0.464511	-0.223115	0.404369	1.528776	0.129347	0.770268	1.999825	0.665554	0.906507	-0.312492	0.106087	-1.159423	-1.317213	-1.095731	-0.073494	-0.718729	0.463413	-0.919773
-0.074303	-0.064529	0.772551	-0.373313	1.126904	0.291890	-0.881230	0.138974	0.578294	0.079897	-1.031460	0.119569	1.112180	-0.781100	-0.545348	-0.223331	0.301349	1.112736	1.335149	0.732141	-0.457862	0.249472	0.174263	0.955731	-1.215921	-0.003832	-0.644335	-0.753931	0.006623	-1.797012	-1.409442	0.376467	-0.192051	-0.505779	-0.903363	0.657747	-0.777550	-0.735820	0.038266	0.856332	0.787222	-0.716544	0.746921	2.171571	1.004143	1.091039	1.014574	0.576123	-1.467218	-0.763774	-0.392578	-0.463785	-0.354765	0.554329	-1.233835
0.430716	-0.586707	0.685107	0.027869	0.810016	-0.232885	-0.970402	0.197480	0.591011	0.616630	-0.781513	0.677756	1.031928	-0.347053	-0.955496	-0.632173	0.111432	0.349699	0.069446	0.210045	-0.196937	-0.229135	-0.063034	0.944909	-0.838451	-0.808906	-0.351962	-0.328850	-0.547682	-1.327099	-0.937459	0.521697	0.692648	0.178525	-0.403133	0.560519	-0.643450	-1.294196	-0.076335	0.414329	-0.135701	-1.043753	0.659275	1.801433	1.407439	0.959872	0.738488	0.415007	-1.381689	-0.273366	-0.067619	-1.141171	-0.159925	0.237754	-0.930070
0.304878	-0.779223	0.100290	0.170321	-0.066792	-0.945958	-0.886304	0.307057	0.630594	1.000801	-0.253259	1.183035	0.496885	0.761481	-1.083111	-0.959256	0.054924	-0.522778	-1.153706	-0.314810	0.447879	-0.920804	-0.401778	0.201988	-0.184334	-1.224509	-0.355239	0.245755	-0.684961	-0.489667	-0.314204	-0.186256	0.537547	0.654881	-0.005651	-0.022191	-0.519724	-1.369223	-0.175851	-0.297652	-0.863756	-0.278910	0.766867	1.035215	1.613903	0.633552	-0.457228	0.147156	-0.964084	-0.358694	-0.247709	-1.542921	-0.202623	-0.543761	-0.604370
-0.137456	-0.503132	-0.769785	-0.073034	-0.606648	-1.312431	-0.463646	0.418424	0.746276	0.931371	0.253262	1.277373	-0.218477	1.068944	-0.446282	-1.100512	0.324841	-0.914158	-1.424922	-0.658200	0.868470	-0.996415	-0.138293	-0.033921	0.419887	-1.022268	-0.149602	0.497371	-0.390302	0.260328	0.174491	-0.495734	-0.523940	0.419935	0.089207	-0.067945	-0.202061	-0.499714	0.229347	-0.290464	-1.206295	0.959003	0.684985	0.071754	0.958177	0.017545	-0.816093	0.448679	-0.266147	-0.592170	-0.421371	-1.073619	-0.259993	-1.427621	-0.802807
-0.240845	-0.042170	-1.377481	-0.403078	-0.374560	-0.926392	0.212143	0.557818	0.871233	0.544553	0.553128	0.939045	-0.635170	0.284343	0.726105	-0.878977	0.613135	-0.803281	-0.804352	-0.832513	0.610325	-0.331183	0.769402	0.609262	0.830798	-0.388362	0.404402	0.056690	-0.241910	0.728155	0.417334	0.133727	-1.086040	-0.269415	0.152004	0.700959	0.551107	0.871998	1.061948	0.512039	-1.225856	1.520194	-0.077518	-0.760101	-0.652864	-0.791826	0.162445	1.125456	0.394648	-0.333122	-0.203721	0.190443	-0.177636	-1.626202	-1.188450
0.263647	0.155803	-1.186670	-0.400772	0.314075	0.127381	0.715498	0.819082	0.947533	0.334523	0.741774	0.597438	-0.343662	-0.285802	1.620001	-0.107155	0.533584	-0.408050	0.028657	-0.921425	-0.074805	0.496332	1.650486	1.310271	1.040244	0.158029	0.989555	-0.923857	-0.811222	0.812824	0.342655	0.963629	-0.131130	-0.541044	0.563968	1.575358	1.578560	1.958247	1.815731	1.358245	-1.080729	1.083573	-1.162302	-1.094309	-2.105064	-1.161770	1.291833	1.389667	0.514414	0.395545	0.277409	1.405059	-0.064495	-0.673659	-1.025039
0.994020	-0.064600	-0.187130	0.065553	0.771643	1.222278	0.623944	1.085788	0.855111	0.479705	0.955945	0.532525	0.527036	0.276305	1.607124	1.191460	0.070531	0.234319	0.550332	-0.894804	-0.492339	1.080130	1.896665	1.264484	1.008775	0.177753	1.288677	-1.669917	-1.791660	0.570099	0.113737	1.146809	1.592761	0.128621	1.186289	1.827229	2.194630	2.386749	2.069870	1.695873	-0.879079	0.342914	-1.574882	-0.910174	-2.089967	-0.583666	1.426907	0.915019	0.033947	1.004499	0.605113	1.677143	-0.023043	0.884002	-0.191642
1.318772	-0.442864	0.916897	0.702169	0.550385	1.566648	0.010891	0.951204	0.413707	0.528590	1.122765	0.441550	1.255026	1.139193	0.882287	2.503566	-0.450070	0.987363	0.618896	-0.649785	-0.248040	1.446557	1.410743	0.576398	0.733552	-0.216564	1.216777	-1.395224	-2.102420	0.357378	0.155886	0.734266	2.371768	1.289981	1.361243	1.386501	1.793402	2.172105	1.644341	1.524291	-0.660208	-0.063644	-0.891773	-0.619361	-0.681055	0.485264	0.738875	0.131751	-0.435704	1.052088	0.496450	0.854985	0.112999	1.895656	0.685609
0.912219	-0.632263	1.196380	0.996238	-0.217766	0.840421	-0.545692	0.116704	-0.394524	-0.045015	1.021481	-0.158586	1.122341	0.979887	0.187859	2.902627	-0.721773	1.262084	0.263838	-0.232793	0.339876	1.471811	0.375431	-0.202846	0.362873	-0.471501	0.738753	-0.164834	-1.130862	0.478931	0.602586	0.246680	1.488074	1.930579	0.681660	0.504955	0.570870	1.308476	0.499252	0.864110	-0.433377	-0.285858	0.154869	-0.627921	0.614802	0.928424	0.041741	-0.496103	-0.313268	0.576437	0.024563	-0.429050	0.501837	1.730304	0.998551
0.008494	-0.544690	0.351776	0.644323	-0.998550	-0.412474	-0.601385	-1.112391	-1.285040	-1.113370	0.519240	-1.193428	0.116016	-0.072970	-0.067480	1.805264	-0.740659	0.526250	-0.343900	0.105935	0.577039	0.743621	-0.949880	-0.826512	0.064256	-0.304291	-0.132401	1.052176	0.426061	0.684080	0.906947	-0.174101	-0.155865	1.444368	-0.414046	-0.650368	-0.604975	-0.120454	-1.098691	-0.390065	-0.183490	-0.739857	0.504889	-0.918461	0.561434	0.190170	-0.402676	-0.977320	0.279252	-0.105406	-0.466988	-1.328359	0.875163	0.791261	0.764376
-0.748925	-0.296045	-0.904059	-0.086689	-1.317039	-1.142076	-0.313309	-1.894307	-1.811034	-1.897911	-0.238852	-1.905875	-0.988399	-0.667250	-0.124944	-0.179735	-0.707124	-0.831085	-0.790857	0.177631	0.164040	-0.631320	-2.048577	-1.241970	-0.141755	-0.002712	-1.023475	1.389330	1.347859	0.465188	0.475945	-0.677492	-1.272043	0.225245	-1.022418	-1.731532	-1.086302	-1.515983	-2.336698	-1.842075	0.110553	-1.233572	-0.011431	-1.125529	-0.401293	-1.079108	-0.843724	-1.361096	0.804816	-0.631253	-0.642218	-1.302555	0.776991	-0.080512	0.468500
-0.806224	0.041938	-1.462962	-0.492789	-1.053114	-0.772802	-0.049880	-1.601490	-1.633852	-1.700552	-0.799549	-1.576815	-1.294906	-0.198181	-0.263483	-1.526170	-0.652037	-1.655482	-0.697003	0.096720	-0.404822	-1.591532	-2.196629	-1.182688	-0.266023	0.161186	-1.294511	0.972106	1.287446	-0.078294	-0.370234	-1.075096	-1.432498	-0.675352	-0.717080	-2.036027	-0.984748	-1.974876	-2.286868	-2.434991	0.385125	-1.085699	-0.551740	-0.929500	-0.836680	-1.705884	-1.217233	-1.259660	0.981807	-0.738190	-0.428306	-0.408756	0.253531	-0.462648	0.463794
-0.228068	0.408247	-0.937514	-0.148773	-0.435830	0.153424	0.177841	-0.515557	-0.787043	-0.614315	-0.705387	-0.368460	-0.628277	0.427874	-0.311233	-1.287389	-0.358079	-1.270328	-0.205792	0.107066	-0.382118	-1.149257	-1.159715	-0.483068	-0.200738	0.344037	-0.759180	0.553756	0.879975	-0.209366	-0.627194	-0.906654	-0.992158	-0.590276	0.048463	-1.206811	-0.768789	-1.196166	-0.918727	-1.525520	0.463461	-0.159000	-0.367726	-0.361455	-0.225719	-1.200738	-1.071460	-0.363026	0.842015	-0.462954	-0.065106	0.601377	-0.089782	-0.492674	0.606652
0.319007	0.551494	-0.073889	0.488561	0.093736	0.547711	0.445110	0.366232	0.161955	0.439472	-0.055681	0.652352	0.256573	0.281039	-0.056675	-0.125163	0.148825	-0.251290	0.113633	0.202446	0.229842	0.223186	0.229664	0.339499	0.070558	0.598884	-0.058915	0.443859	0.614769	0.324040	0.019484	-0.202744	-0.411591	0.059244	0.480294	0.040720	-0.603017	0.029512	0.544004	0.066522	0.246457	0.656062	0.237889	0.169303	0.418803	-0.220324	-0.366087	0.705416	0.441709	-0.157631	0.099603	0.787303	0.083679	-0.389788	0.501963
0.261723	0.217823	0.109598	0.471706	0.137475	0.066720	0.326695	0.287786	0.377629	0.451516	0.365941	0.503255	0.412692	-0.167803	0.253600	0.526013	0.267625	0.272773	0.023434	0.146731	0.497131	0.846796	0.645984	0.425980	0.203815	0.462648	0.037877	0.236197	0.303468	0.631398	0.550312	0.264871	-0.040130	0.293469	0.227524	0.471848	-0.312202	0.525660	0.705919	0.689245	-0.062729	0.381903	0.321656	0.169599	0.088281	0.133760	0.180945	0.742381	-0.018724	-0.091272	-0.061158	0.092851	0.277934	-0.175540	0.064052
-0.235344	-0.377615	-0.477749	-0.470755	-0.262054	-0.470530	-0.703441	-0.563216	-0.445414	-0.690286	-0.106249	-0.645725	-0.257259	0.205469	0.309893	0.154136	-0.559991	-0.121344	-0.024179	-0.059595	-0.305830	-0.245468	-0.342109	-0.358761	-0.225794	-0.343650	-0.421336	-0.383960	-0.200155	-0.269110	-0.171308	-0.186036	-0.138650	-0.211522	-0.413453	-0.266989	0.150095	-0.050907	-0.499161	-0.294425	-0.079982	-0.784646	-0.420047	-0.441428	-0.702685	-0.533145	-0.115596	-0.551151	-0.032757	-0.100182	-0.293852	-0.357036	-0.238122	0.109451	-0.313011
-0.461789	-0.621105	-0.940326	-1.417529	-0.519337	-0.185179	-2.231473	-1.334238	-1.551173	-1.949821	-1.089651	-1.577187	-0.838181	1.428585	0.362365	-0.444621	-1.923506	-0.820605	0.448057	-0.014272	-1.561172	-2.002299	-1.681353	-1.126462	-1.109627	-1.210102	-0.692955	-1.053966	-0.469730	-1.931902	-1.746135	-1.211762	-0.619037	-0.772797	-0.893627	-1.202407	0.524183	-0.865697	-1.683182	-1.700077	0.315888	-1.623796	-1.167518	-1.135391	-0.646001	-1.476454	-0.965100	-1.950169	0.687831	0.153161	-0.213434	0.387750	-1.409351	0.226325	-0.248433
0.000484	-0.241668	-0.581719	-1.254016	-0.135544	0.650059	-2.943295	-1.395371	-1.791934	-2.119086	-1.442308	-1.355953	-0.491122	2.208349	0.836902	-0.427606	-2.608888	-0.976133	1.165257	0.516155	-1.847782	-2.424747	-1.921898	-0.978460	-1.735171	-1.294630	-0.356411	-1.206128	-0.144030	-2.683208	-2.418281	-1.688808	-0.936523	-0.640732	-0.855900	-1.196351	0.605142	-0.868648	-1.528080	-1.878002	0.744018	-1.333059	-0.974782	-1.292593	0.386273	-1.617815	-1.333484	-2.017009	1.605758	0.645157	0.219281	1.689327	-2.291464	-0.006060	0.092482
0.765168	0.304303	0.208367	-0.070144	0.541183	0.939469	-2.027417	-0.868647	-0.956310	-1.094302	-0.658440	-0.376327	0.421505	1.473829	1.386100	0.028223	-1.866945	-0.398697	1.355409	1.038719	-0.711146	-0.890328	-0.817508	-0.050823	-1.471574	-0.656370	0.185559	-0.772388	0.390682	-1.512596	-1.103450	-0.986446	-0.645642	0.063583	-0.310967	-0.259756	0.523101	0.019291	-0.214063	-0.631117	0.650531	-0.357653	0.027518	-0.924930	1.019593	-0.764339	-0.671776	-0.743419	1.800465	0.976097	0.558573	1.990145	-1.995241	-0.408129	0.190429
1.041483	0.425863	0.507722	0.873841	0.583718	0.203243	-0.148099	-0.324756	-0.042914	0.081016	0.384281	0.175948	0.677520	-0.347942	0.983006	0.178933	-0.229227	0.368553	0.701048	0.768554	0.622084	1.073368	0.468109	0.741983	-0.417567	-0.128101	0.337618	-0.113143	0.500640	0.686017	1.198853	0.295257	0.016968	0.542258	0.388006	0.608207	0.480387	0.848298	0.904944	0.661355	-0.099483	0.359207	0.798838	-0.607727	0.238083	0.184179	0.426724	0.565999	1.051831	0.876278	0.347660	0.811011	-0.587530	-0.619645	-0.114480
0.472997	0.123742	0.021008	0.631509	-0.326994	-0.792102	1.259837	-0.085378	0.019785	0.498330	0.422995	-0.220824	-0.280573	-1.731290	-0.748797	-0.184557	1.090069	0.726607	-0.285656	-0.328373	0.638203	1.560502	0.783792	0.856655	0.692801	-0.167775	0.089471	0.468447	0.197760	2.049782	2.418083	1.077270	0.422524	0.248112	0.761215	0.736416	0.398844	0.755841	0.915264	0.808726	-1.014033	0.492745	0.658395	-0.640260	-1.217567	0.326723	1.003552	0.894681	0.054742	0.433627	-0.316238	-0.692233	0.943145	-0.569233	-0.384989
-0.524763	-0.178004	-0.718183	-0.398151	-1.375641	-0.998925	1.404634	0.058310	-0.460682	0.340078	-0.621445	-0.874070	-1.554847	-1.529980	-2.692801	-0.525434	1.370037	0.620791	-0.876750	-1.321645	-0.669460	0.442957	0.261605	0.658251	1.155138	-0.398555	-0.112687	0.783751	-0.020092	1.671788	1.658514	1.053886	0.334898	-0.539099	0.619276	0.501486	0.088068	-0.052398	0.281398	0.183874	-1.424110	0.363000	-0.056867	-0.609405	-1.842462	-0.211884	0.886559	0.517193	-0.504955	-0.242100	-0.873890	-1.299919	1.547548	-0.563238	-0.208858
-1.229217	-0.333478	-1.155814	-1.103093	-1.568506	-0.348161	0.651908	0.425564	-0.455913	0.357949	-1.488700	-0.816226	-1.778534	-0.058984	-3.156928	-0.333805	0.831762	0.420551	-0.885244	-1.362226	-1.816620	-0.685672	-0.080003	0.763192	0.858875	-0.320259	-0.082033	0.573852	-0.055744	0.329023	0.042139	0.852221	0.071154	-0.986356	0.277021	0.611191	-0.334887	-0.594942	0.068122	0.026513	-1.150420	0.185378	-0.650390	0.011361	-1.228705	-0.567693	0.716499	0.342999	-0.675983	-1.218374	-0.977053	-1.138778	1.001610	-0.822329	0.181023
-1.264657	-0.583444	-1.210059	-0.933252	-0.896304	0.277266	-0.079598	0.928490	0.394053	0.801088	-1.019746	0.082297	-0.633054	1.178928	-1.603744	0.278178	0.191677	0.352465	-0.676644	-0.656902	-1.518811	-0.508625	0.284693	1.154340	0.292689	0.025705	-0.106700	-0.243498	-0.335503	-0.549748	-0.686966	1.042621	-0.052177	-0.496830	0.155105	1.046777	-0.479168	-0.299793	0.556903	0.731533	-0.642876	-0.141296	-0.854007	1.068783	-0.258258	-0.204569	0.942464	0.683888	-0.905187	-2.336874	-0.852415	-1.142236	0.031219	-1.077443	0.196417
-0.757276	-0.955154	-0.899656	-0.209118	-0.145809	0.213747	-0.132226	1.205607	1.459764	1.303877	0.619990	1.172061	0.950407	0.939946	0.788274	0.836343	0.052839	0.316331	-0.533245	-0.117810	0.050902	0.686212	0.901757	1.198102	0.062105	0.300369	-0.386476	-1.160507	-1.002124	-0.318941	-0.042988	1.384160	-0.022159	0.718189	0.246620	1.112347	-0.162387	0.395131	1.052414	1.413418	-0.416093	-0.484182	-0.688569	1.817757	0.280268	0.643841	1.185727	1.017058	-1.353869	-2.881953	-0.869576	-1.611461	-0.432116	-0.821675	-0.277364
-0.028697	-0.988359	-0.056485	0.553891	0.210297	-0.220834	0.540436	1.206712	2.073583	1.602725	2.312351	1.919403	1.939801	-0.476319	2.324142	1.083156	0.627053	0.298330	-0.241651	-0.241836	1.726877	1.777289	1.228480	0.491657	0.391059	0.434216	-0.578142	-1.350114	-1.524444	0.545504	0.928428	1.200822	0.157861	1.802515	0.303838	0.462557	0.315492	0.763680	1.021702	1.213068	-0.468038	-0.254276	-0.050041	1.729022	0.499648	1.443429	0.756381	0.870599	-1.808332	-2.117055	-0.932239	-1.868685	-0.124571	0.009137	-0.646340
0.663778	-0.310891	1.198423	1.123155	0.400949	-0.274356	1.507607	1.288887	2.158190	1.783166	3.205187	2.317181	2.104138	-1.543574	2.344289	1.096627	1.712113	0.606635	0.516903	-0.672903	2.620186	2.259878	1.435667	-0.498924	1.026326	0.668158	-0.205830	-0.524523	-1.343883	1.279711	1.059479	0.303976	0.606459	1.985029	0.463870	-0.310873	0.426440	0.808598	0.885286	0.494057	-0.378183	0.893691	1.005624	0.966714	0.777245	1.851979	-0.381193	0.569075	-2.006021	-0.207784	-0.555006	-1.193908	0.427107	0.777365	-0.301985
1.137294	0.771768	2.066051	1.379947	0.695308	0.241097	2.202619	1.592435	1.797034	1.787148	3.191788	2.430690	1.749468	-1.228876	1.501732	0.998977	2.734040	1.346606	1.472909	-0.777066	2.626399	2.388755	1.921283	-0.802383	1.505079	1.147250	0.581996	0.701115	-0.557545	1.625629	0.328451	-0.694557	1.200034	1.184926	1.106126	-0.325471	-0.110845	1.118086	1.300329	0.337631	0.128602	2.351377	1.800694	0.064006	0.958834	1.718226	-1.401505	0.830365	-1.736432	1.722268	0.463349	0.326765	0.597599	0.778577	0.612772
1.281051	1.581915	1.768963	1.185551	0.972800	0.837468	2.211884	1.660603	0.866536	1.253066	2.457408	2.028293	1.099533	-0.125912	0.769541	0.840498	2.917938	1.857392	1.817239	-0.291908	2.012114	2.232509	2.376995	-0.021420	1.456192	1.679177	1.019777	1.445895	0.302095	1.676719	-0.433773	-1.030702	1.449151	-0.006968	1.906008	0.509735	-1.042689	1.772805	1.982426	1.074385	0.903194	2.947705	1.518857	-0.594913	0.594653	0.999067	-1.450776	1.692144	-0.807369	2.630689	1.665645	1.907092	0.369573	0.163899	1.287776
1.176608	1.837847	0.649674	0.676945	1.157783	1.103570	1.459605	1.029511	-0.438469	0.163117	1.201862	1.000022	0.325081	0.417602	0.526426	0.754586	1.781976	1.239660	1.122350	0.603791	1.083093	1.414062	1.986539	1.038725	0.806262	1.910564	0.614327	1.429512	0.918845	1.337664	-0.719688	-0.626533	1.102161	-0.830710	1.710259	1.296691	-1.677533	1.990297	1.862350	1.802393	1.593068	2.119686	0.289669	-0.825983	-0.259408	-0.047555	-0.579983	2.190221	0.665383	2.469606	2.346837	2.740684	0.301530	-0.023639	1.097850
1.105806	1.777938	0.026255	0.391972	1.524021	1.145384	0.335869	0.017463	-1.211250	-0.749305	-0.077033	-0.110962	-0.137784	0.041218	0.586734	0.914043	-0.249649	-0.401417	-0.035753	1.507728	0.301399	-0.023742	0.602247	1.076697	-0.083405	1.668565	-0.186009	1.100263	1.322800	0.469869	-0.738479	-0.147562	0.634600	-0.860473	-0.012794	1.080182	-1.392391	1.179235	0.496275	1.459345	1.915559	0.499370	-0.705945	-0.481399	-0.870466	-0.793784	0.291475	1.383262	1.953329	1.940906	2.229914	2.530640	0.833052	0.981278	0.279829
1.259700	1.561690	0.660797	0.727518	2.121650	1.189623	-0.427848	-0.544584	-0.711257	-0.736483	-0.646789	-0.489456	0.113709	-0.313481	0.693482	1.205187	-1.880316	-1.727961	-0.672706	1.946487	0.166421	-1.163988	-0.833399	-0.235827	-0.566585	1.097006	-0.446834	1.002682	1.501291	-0.511406	-0.738896	-0.206938	0.679446	-0.223381	-2.000269	-0.130327	-0.255121	-0.093300	-1.191039	0.062160	1.709193	-0.751686	-0.571172	0.335610	-0.610045	-0.755614	0.363595	-0.418793	2.169006	1.579209	1.625262	1.575328	1.699098	2.531836	-0.334439
1.446234	0.980884	1.732777	1.340114	2.291510	1.127587	-0.343746	-0.397463	0.469420	-0.047765	-0.330814	-0.040204	0.792517	0.142234	0.693185	1.203773	-2.012078	-1.554916	-0.488778	1.607790	0.614789	-1.142284	-1.314824	-1.715267	-0.303720	0.469016	0.144517	1.144553	1.237388	-0.821848	-0.537259	-0.630444	1.061566	0.491498	-2.346849	-1.330142	0.882942	-0.719888	-1.877500	-1.305230	0.981342	-1.071829	0.168477	0.953740	0.219841	-0.213497	-0.190033	-1.809322	1.245730	1.345428	1.006752	0.510880	2.116899	3.029241	-0.245273
1.250794	-0.019316	1.790530	1.410550	1.390098	0.742279	0.266641	-0.162739	0.869446	0.314359	0.124255	0.398699	1.042099	0.904600	0.455656	0.699185	-0.882811	-0.201754	-0.054582	0.678029	0.848766	-0.242869	-0.856965	-1.893433	0.272100	-0.055531	0.872468	1.025344	0.460938	-0.333553	0.009397	-0.671294	0.963496	0.658499	-0.845365	-1.490591	1.161706	-0.427440	-1.274985	-1.598231	0.059213	-0.831580	0.271800	0.604480	0.631285	0.045861	-0.466399	-1.779518	0.134858	1.004402	0.599737	-0.084269	1.602227	1.766607	0.233013
0.528409	-0.876212	0.570693	0.592049	-0.090457	0.183091	0.575071	-0.331981	0.004677	-0.072448	-0.036313	0.100205	0.444788	0.922635	-0.012192	0.061103	0.191701	0.889842	0.027826	-0.188196	0.197760	0.393564	-0.255774	-0.694417	0.390025	-0.409958	0.890740	0.293462	-0.433902	0.091555	0.451042	0.017642	0.200921	0.218536	0.676623	-0.567510	0.636349	0.050868	-0.277867	-0.777270	-0.503943	-0.616210	-0.480881	-0.497208	0.151685	-0.211130	0.063220	-0.779861	-0.275471	0.548235	0.381908	-0.055593	0.544449	-0.018406	0.525177
-0.396619	-0.938954	-0.673347	-0.512898	-0.802440	-0.158389	0.238968	-0.415260	-0.888593	-0.468752	-0.524409	-0.568667	-0.397204	0.085622	-0.409770	-0.206449	0.320916	0.723139	-0.247070	-0.490795	-0.937555	0.073243	-0.068875	0.462562	-0.058267	-0.489697	0.386212	-0.685826	-0.885260	-0.285828	0.126335	0.815692	-0.248291	-0.185189	0.700566	0.442098	0.145436	0.141387	0.151095	0.248561	-0.448092	-0.502908	-0.966518	-1.042838	-0.538486	-0.278572	0.847683	-0.079118	-0.186161	0.137186	0.279058	0.171894	-0.137388	-0.429763	0.585558
-1.037733	-0.416101	-0.752514	-0.954366	-0.160916	-0.213376	-0.234138	0.406735	-0.426193	-0.021670	-0.423117	-0.591900	-0.560339	-0.646888	-0.387679	-0.174950	-0.103461	-0.400506	-0.587766	-0.428723	-1.383442	-0.783840	-0.219272	0.301614	-0.291968	-0.277557	0.450269	-1.087069	-0.804361	-0.992717	-0.940227	0.760751	0.532675	0.048816	-0.072829	0.505537	0.149314	0.119134	-0.085183	0.544704	-0.170662	-0.274004	-0.395943	-0.154712	-0.509411	0.402560	0.845522	-0.287485	-0.426525	-0.161567	0.212913	-0.096517	0.088484	0.849176	0.793545
-1.117805	-0.268057	0.062295	-0.409679	0.875578	-0.309784	-0.266298	1.946470	1.067693	1.033528	0.430458	0.392201	0.116299	-0.515565	-0.003454	-0.390433	-0.227046	-1.461270	-0.913912	-0.559515	-0.516373	-1.255840	-0.418486	-0.841402	0.308369	-0.026399	1.601654	-0.552776	-0.649356	-0.918262	-1.832424	-0.250799	1.961544	0.667390	0.112325	-0.326092	0.145078	0.389493	-0.366175	0.042949	-0.274977	-0.050579	0.462305	1.327156	0.200172	1.203596	-0.161974	-0.821163	-1.124978	-0.407537	0.061492	-1.072921	0.875128	2.166763	1.172122
-0.700523	-0.924104	0.555909	0.532271	1.026394	-0.607717	0.054159	2.844105	1.950165	1.695904	1.060196	1.614775	0.905219	0.168580	0.238283	-1.036526	0.094148	-1.722162	-1.241479	-0.926366	0.945783	-0.895485	-0.508951	-1.392313	1.179999	-0.019587	2.773072	0.277786	-0.706000	0.147933	-1.563710	-1.129541	2.349750	0.834788	1.450325	-0.911651	-0.411127	0.643936	-0.148529	-0.463287	-0.752752	-0.203598	0.446118	1.782667	0.794930	1.093578	-1.091061	-0.740125	-1.438617	-0.661867	-0.259197	-2.027861	1.380285	1.847575	1.193966
-0.191637	-1.582675	0.121534	0.951159	0.210854	-0.829905	0.244079	1.955190	1.317756	1.427100	0.521783	1.962640	1.006562	0.522053	-0.113117	-1.605623	0.338548	-1.107540	-1.308782	-0.921220	1.606788	-0.057187	-0.391515	-0.358252	1.094634	-0.207460	2.310050	0.394871	-0.623049	1.107225	-0.095656	-0.730779	0.811985	0.160322	2.176542	-0.328787	-1.069972	0.262715	0.479328	-0.256408	-0.972989	-0.676754	-0.218833	0.837924	0.849731	0.193128	-0.710862	0.159990	-0.779723	-0.962771	-0.688689	-1.929572	0.998303	-0.018532	0.518120
-0.142556	-1.260825	-0.691603	0.357221	-0.683031	-0.754136	0.006952	-0.301236	-0.075682	0.504644	-0.932450	0.954239	0.236342	0.124590	-0.941345	-1.606125	0.152529	-0.014770	-0.750921	-0.215831	0.746542	0.495112	-0.053154	1.418612	-0.279118	-0.407441	0.041928	-0.438965	-0.020491	0.813910	1.471003	0.709917	-1.616595	-0.919005	0.961133	0.909217	-0.912642	-0.685936	0.890052	0.420629	-0.584225	-0.931815	-0.348080	-0.332190	0.552267	-0.396445	0.765891	1.108053	0.255641	-1.315654	-1.079626	-0.684817	-0.252389	-1.983061	-0.468689
-0.715126	-0.207044	-1.066640	-0.978286	-1.129351	-0.644274	-0.700159	-2.265875	-1.035101	-0.618703	-2.125248	-0.924257	-0.973915	-0.581141	-1.587318	-1.239457	-0.332068	0.965620	0.327638	0.580085	-1.046890	0.234834	0.217065	2.119085	-1.818836	-0.737729	-2.200464	-1.406657	0.715286	-0.612255	1.855619	1.695606	-3.011286	-1.737634	-1.229652	1.368235	0.133537	-1.410940	0.513955	0.619977	-0.026663	-0.711131	0.286651	-0.687913	0.078141	-0.244497	1.764784	1.101688	0.653239	-1.534908	-1.302621	0.600909	-1.806873	-2.908091	-1.129846
-1.347684	0.397808	-0.837943	-2.216362	-1.302265	-0.840659	-1.686034	-2.704134	-1.282420	-1.616154	-2.208624	-2.498160	-1.939590	-0.809609	-1.462741	-1.027916	-0.796787	1.335769	1.246741	0.638489	-2.459594	-0.658865	0.020652	1.073794	-2.216161	-1.362373	-2.546672	-1.580615	0.798343	-1.948570	0.886925	1.231742	-2.528427	-1.982788	-2.331863	0.505189	1.148621	-1.381556	-0.532003	-0.100418	0.114975	-0.396254	0.666358	-0.452162	-0.486061	-0.040682	1.264343	-0.038422	0.308078	-1.245280	-1.235305	0.849708	-2.855964	-2.719515	-1.318519
-1.309723	0.072332	-0.386927	-2.497279	-1.276138	-1.112744	-2.296164	-1.866763	-1.198918	-2.008239	-1.401101	-2.678144	-2.090517	-0.313815	-0.699202	-1.014532	-0.955510	1.005907	1.360098	0.055301	-2.550985	-1.384865	-0.543517	-0.439280	-1.433713	-1.848599	-1.194057	-0.924966	0.164919	-2.156770	-0.316280	0.026586	-1.084296	-1.666665	-1.693832	-0.599584	1.323861	-0.896241	-1.395789	-1.006266	-0.072188	-0.367554	0.234789	-0.309919	-0.727601	-0.241587	0.058907	-1.308481	-0.023378	-0.377751	-0.801438	0.206099	-2.760150	-1.847464	-1.278100
-0.597340	-0.366081	-0.026380	-1.566510	-0.777538	-0.867242	-1.722273	-0.824435	-0.873564	-1.365530	-0.525881	-1.420380	-1.303228	0.275063	-0.067708	-0.780313	-0.626511	0.373644	0.693309	-0.276391	-1.407104	-1.223254	-0.796985	-0.800389	-0.509638	-1.404765	0.039456	-0.166232	-0.326713	-1.280354	-0.605235	-0.496135	-0.123405	-0.927780	-0.527272	-0.677392	0.719448	-0.534543	-1.259812	-1.024396	-0.065179	-0.401282	-0.228449	-0.266844	-0.233354	-0.310639	-0.398652	-1.414989	0.069939	0.404966	-0.175860	-0.308329	-1.526767	-0.713826	-1.007322
0.093686	-0.060758	0.193923	-0.021743	0.083877	-0.023036	-0.066977	-0.180551	-0.152654	-0.063620	-0.079165	0.089653	-0.038569	0.155590	-0.104147	-0.197446	0.049284	-0.042830	-0.097891	0.101635	0.072280	-0.254955	-0.322119	0.022390	-0.161930	0.012511	0.069169	0.161318	-0.003851	-0.142272	0.002763	-0.019191	-0.080931	-0.033757	-0.060397	0.074193	-0.023274	-0.433022	-0.257745	-0.103918	0.234816	-0.053154	0.093482	0.088187	0.614474	0.208833	0.084162	-0.188827	0.193041	0.274761	0.201037	-0.111652	0.000106	0.120748	-0.248466
0.258056	0.666901	0.248365	1.136509	0.569321	0.726296	1.315058	0.167238	0.648646	0.746974	0.070127	0.564049	0.968607	-0.578657	-0.466807	0.282161	0.536291	-0.115198	-0.398385	0.657355	0.968391	0.676474	0.336561	0.633916	-0.127449	1.321530	-0.381470	0.213382	0.736000	0.538170	0.597341	0.420998	-0.312840	0.638368	-0.223355	0.354824	-0.308064	-0.386760	0.549977	0.655606	0.369880	0.612184	0.720197	0.607502	0.879188	0.697635	0.406745	1.078766	-0.032175	-0.634900	0.050329	0.356926	0.691800	0.070410	0.818892
-0.008732	0.836935	0.040462	1.302635	0.195018	0.702524	1.171593	0.296649	0.873580	0.341759	0.173826	-0.093717	1.256731	-0.931891	-0.452441	0.227287	0.372698	-0.176873	-0.221500	0.694837	0.999453	0.758556	0.227733	-0.003271	0.084074	1.401903	-0.259936	0.355645	0.963797	0.587877	0.523079	-0.116452	-0.282460	0.809825	-0.413082	-0.499211	0.055482	-0.410713	0.280930	0.298436	0.075375	1.028930	0.528701	0.596895	0.289544	0.277194	-0.184919	0.970547	-0.347974	-1.189817	-0.387550	0.318629	0.160350	-0.726062	1.352612
-0.458890	0.137265	-0.399161	0.654640	-0.604866	0.033502	-0.167078	-0.042195	0.388716	-0.758942	0.121832	-0.923825	0.871567	-0.290806	-0.033540	-0.210417	-0.301238	-0.537017	-0.082484	0.261808	0.504782	-0.061149	-0.802141	-1.483468	0.321890	0.267854	0.160559	0.527266	0.383702	0.196526	-0.107435	-1.347780	-0.267780	0.481810	-0.681344	-1.779577	0.748606	-0.805691	-0.827626	-0.910726	-0.291901	0.732423	-0.696848	-0.204723	-0.363603	-0.855861	-1.201910	-0.492457	-0.353255	-0.670300	-0.655427	-0.430754	-0.854880	-1.263082	0.689118
-0.966131	-0.808477	-0.778518	-0.142604	-1.071447	-0.531968	-1.255486	-0.867900	-0.279747	-1.519567	-0.338229	-1.215093	0.169768	0.657354	0.088475	-0.569314	-0.934659	-1.051181	-0.328946	-0.074707	-0.042698	-1.125119	-1.884543	-2.585633	0.070730	-1.112018	-0.104241	0.388428	-0.394008	-0.370498	-0.842444	-2.235394	-0.718716	-0.084685	-1.437461	-2.414621	1.111619	-1.646971	-1.777918	-1.911810	-0.269744	-0.275190	-2.035666	-1.168341	-0.303209	-1.677224	-1.755333	-1.916997	-0.105004	0.232268	-0.661785	-1.380433	-1.336078	-0.821441	-0.720188
-1.241382	-1.282912	-0.718419	-0.486622	-0.992989	-0.432324	-1.317091	-1.592694	-0.711368	-1.566713	-1.049523	-1.162914	-0.428697	0.745575	-0.450507	-0.700957	-1.227727	-1.314503	-0.745233	-0.032900	-0.374470	-1.753171	-2.175339	-2.541986	-0.640259	-1.847975	-0.982483	-0.006624	-0.630841	-0.864945	-1.385065	-2.212705	-1.345215	-0.543519	-2.355455	-2.155808	0.672909	-2.453724	-1.946754	-2.072208	0.099680	-1.545958	-2.548848	-1.429986	0.279047	-1.674739	-1.686437	-2.106040	0.133952	0.327458	-0.682932	-1.832901	-1.099727	0.057264	-1.568728
-0.881714	-1.102927	-0.111032	-0.179015	-0.621173	0.213175	-0.890364	-1.558363	-0.915497	-1.200721	-1.430166	-1.153513	-0.571285	-0.166166	-1.062522	-0.819615	-1.291802	-1.172368	-0.876727	0.175171	-0.404339	-1.781643	-1.703431	-1.544755	-1.089148	-1.674885	-1.276481	-0.112943	-0.204384	-1.079152	-1.585448	-1.598828	-1.352911	-0.694044	-2.393441	-1.487906	-0.306912	-2.519804	-1.531841	-1.619534	0.423370	-2.330518	-2.057785	-0.751533	0.683793	-1.210671	-1.460272	-1.183528	0.366597	-0.468993	-0.826838	-1.417744	-0.795009	0.234988	-1.052839
-0.017093	-0.541456	0.652864	0.495481	-0.130440	0.766943	-0.728039	-0.772698	-0.838434	-0.610324	-1.108791	-0.988549	-0.175043	-1.059474	-0.987494	-1.013032	-1.201529	-0.842484	-0.606938	0.251710	-0.156357	-1.455994	-1.007684	-0.276163	-0.704394	-0.845033	-0.421812	0.316628	0.377403	-0.897885	-1.257490	-0.918471	-0.550731	-0.618040	-1.055117	-0.743744	-0.953403	-1.575243	-0.952647	-0.997559	0.457538	-1.997919	-0.961699	0.294315	0.640379	-0.687572	-1.235879	-0.117667	0.680114	-1.053279	-0.851100	-0.296977	-0.902554	-0.614156	0.177914
0.543295	-0.066425	0.884316	0.910174	0.323766	0.628922	-0.812320	0.131625	-0.224452	0.235468	-0.387301	-0.275695	0.354078	-1.082293	-0.334175	-1.037175	-0.820233	-0.576279	-0.266175	0.059086	0.174585	-1.009550	-0.359262	0.743464	0.249737	0.007244	0.638961	0.673934	0.464781	-0.362661	-0.318767	-0.247548	0.257747	-0.541271	0.838964	0.174437	-0.674412	-0.096712	-0.284722	-0.305463	0.176719	-0.707290	0.128620	0.830771	0.329796	-0.131154	-0.604865	0.420237	0.849001	-0.625368	-0.606913	0.850224	-1.132077	-1.661816	0.669775
0.234392	-0.086623	0.212962	0.518796	0.319147	-0.217153	-0.719402	0.548108	0.728424	1.003927	0.087911	0.703417	0.305454	-0.455808	0.123017	-0.684328	-0.168931	-0.368884	-0.170533	-0.447150	0.237103	-0.509930	0.300367	1.367615	0.963544	0.119259	0.761436	0.169584	-0.170050	0.268997	0.885565	0.600374	0.236727	-0.500551	1.931144	1.247569	0.101686	1.055443	0.507065	0.469186	-0.417379	0.513886	0.656450	0.462083	-0.099162	0.376198	0.652316	0.467990	0.566490	0.304380	-0.319270	1.178267	-0.926223	-1.856393	-0.230770
-0.444684	-0.562611	-0.934721	-0.631430	-0.424894	-1.126417	-0.378658	0.313915	1.118910	1.008790	0.022475	1.072003	-0.667222	0.074782	0.039024	-0.113583	0.424649	-0.003240	-0.175017	-1.172014	-0.218251	0.011183	0.916768	1.706943	0.878513	-0.690240	0.089177	-1.019938	-1.034851	0.610078	1.679992	1.556794	-0.433772	-0.241468	1.699035	2.045119	0.351375	1.341273	1.124788	1.075386	-1.182972	0.759457	0.586695	-0.289656	-0.476390	0.572452	1.991063	0.380134	0.010602	0.633956	-0.219551	0.424179	-0.258104	-0.944094	-1.666156
-0.510480	-0.918750	-1.661878	-1.847342	-1.465885	-1.421598	-0.099180	-0.359853	0.258681	0.031350	-0.310648	0.357625	-2.061530	0.226832	-0.151744	0.331882	0.700798	0.679568	0.144406	-1.780023	-1.048150	0.485652	1.238634	1.950589	0.134449	-1.619707	-0.360712	-1.770610	-1.281547	0.471142	1.666861	2.253235	-0.855971	0.383413	0.825050	2.202127	-0.313107	0.910545	1.124822	1.201453	-1.669792	0.208206	0.533874	-0.521989	-0.436833	0.445645	2.594242	0.384508	-0.229818	0.025989	-0.202781	-0.666326	0.318095	0.331701	-2.262641
0.119450	-0.703632	-1.554200	-2.424396	-2.049406	-1.160894	-0.147393	-1.076763	-1.350906	-1.265336	-0.492289	-0.935746	-2.915095	0.284061	-0.093445	0.471516	0.696819	1.496522	0.806869	-1.948937	-1.768535	0.820080	1.136315	2.142386	-0.587896	-1.703266	-0.191877	-1.338814	-0.632522	0.084805	1.112996	2.388503	-0.638309	0.945314	0.278424	1.866394	-1.085532	0.298502	0.496134	0.887493	-1.493988	-0.248046	0.913918	-0.081204	0.059816	0.226015	2.272459	0.436159	0.077777	-0.826452	-0.135905	-1.054805	0.299844	0.908196	-1.583567
0.321117	-0.248015	-1.126548	-2.318011	-2.044833	-1.029786	-0.494923	-1.380618	-2.349008	-1.940893	-0.393570	-1.845846	-2.737131	0.449972	-0.149089	0.307193	0.553844	1.928735	1.166108	-1.742583	-1.985414	0.843891	0.734059	2.055396	-0.611851	-0.965482	0.001183	-0.283949	0.159520	-0.171874	0.590059	1.985389	-0.332207	0.688199	0.293798	1.424161	-0.848720	-0.147666	-0.252283	0.454530	-0.898060	-0.151113	1.200385	0.211741	0.332233	-0.039971	1.617300	0.299144	0.406447	-1.149456	-0.213289	-0.606973	-0.262165	0.373669	-0.358527
-0.808459	-0.205228	-1.056785	-2.006213	-1.879648	-1.320048	-0.759549	-0.959761	-1.845013	-1.587307	-0.143964	-1.799396	-1.884919	0.501814	-0.689385	-0.128953	0.424682	1.598373	0.655695	-1.458584	-1.728525	0.363711	0.223656	1.421580	0.151286	-0.247791	-0.291738	0.267708	0.115386	-0.241911	0.341528	1.325830	-0.480598	-0.516597	0.408229	0.981173	0.452561	-0.416461	-0.644888	0.084232	-0.533039	0.249232	0.691182	-0.213788	-0.193588	-0.348325	1.253778	-0.191683	0.092988	-0.885787	-0.564831	-0.141310	-0.832559	-0.631494	0.530624
-2.496563	-0.465182	-1.131303	-1.715861	-1.572837	-1.353742	-0.410658	0.077975	-0.291459	-0.515570	0.158095	-0.901360	-0.983381	0.152344	-1.109686	-0.703310	0.550561	0.767708	-0.300934	-1.103568	-1.263658	-0.510524	-0.268309	0.328623	1.067121	0.010988	-0.709073	0.068914	-0.725671	-0.346105	0.151753	0.678141	-0.689522	-1.686298	0.351209	0.361271	1.559661	-0.486854	-0.665418	-0.300509	-0.558984	0.735929	-0.215333	-0.671689	-0.942897	-0.306738	1.112244	-0.868461	-0.745195	-0.431486	-0.678252	-0.206205	-0.829060	-0.983898	0.898310
-2.865948	-0.134726	-0.463994	-1.119105	-0.592018	-0.351209	0.625532	1.149028	0.951015	0.583249	0.532257	0.331693	-0.251480	-0.477077	-0.359266	-1.025397	1.014449	0.136460	-0.597084	-0.368655	-0.684388	-1.167734	-0.611334	-0.698662	1.355461	0.203142	-0.611727	0.004922	-1.230958	-0.481421	-0.206703	0.098876	-0.168850	-1.591369	0.481276	-0.432845	1.199267	-0.156998	-0.539768	-0.717494	-0.367402	1.446528	-0.341312	-0.066517	-0.700275	0.455973	0.641687	-1.294919	-1.199903	0.082030	0.214187	-0.361196	-0.076913	-0.081307	1.093233
-1.109370	1.144502	1.082439	0.011213	1.054391	1.280427	1.614592	1.572089	0.912984	1.095692	0.947883	1.353384	0.423814	-0.901037	1.477527	-0.659802	1.414795	0.061215	0.174567	0.738310	0.074164	-0.938741	-0.627970	-1.056350	0.850768	0.752639	-0.061312	0.804665	-0.502369	-0.286323	-0.549998	-0.427930	0.952154	-0.107343	1.108184	-0.971284	-0.446502	0.595481	-0.314025	-0.885303	0.498896	2.288555	0.684835	1.453651	0.827846	1.489500	-0.251926	-1.138517	-0.575906	0.863867	2.021763	0.051434	1.001580	1.626488	1.374738
1.388892	2.385605	2.245381	1.157142	2.276334	2.125138	1.696297	1.162873	-0.043707	0.863767	1.226545	1.843586	1.017371	-0.730927	2.876494	0.355739	1.221966	0.198235	1.070377	1.567603	0.859644	0.138535	-0.231072	-0.577988	0.078325	1.489580	0.284058	1.887228	0.957384	0.390653	-0.453457	-0.740191	1.521229	1.600749	1.765955	-0.781912	-1.879254	1.311458	0.130925	-0.466127	1.479071	2.640992	1.902700	2.417470	2.503776	1.822738	-0.867253	-0.430587	0.720559	1.830364	3.478411	0.911493	1.680590	2.989532	1.649881
2.506547	2.295706	1.706874	1.511524	2.066839	1.429542	0.947463	0.464026	-0.623251	0.294376	1.195763	1.791034	1.319100	-0.001997	2.532093	1.343851	0.523900	0.053364	0.917001	1.471833	1.269847	1.215595	0.423019	0.225440	-0.399255	1.993429	0.157184	1.914242	1.710219	1.030840	0.110914	-0.649761	0.839674	2.294584	1.719295	0.023448	-1.987603	1.434142	0.750298	0.479720	1.572512	2.045978	2.224957	1.774238	2.926452	1.173790	-0.640696	0.533623	1.461043	2.271540	3.277374	1.535309	1.574556	3.071251	1.651897
1.722218	0.925603	-0.108411	1.027867	0.889712	0.121859	0.354440	0.264897	-0.012075	0.053923	0.887410	1.425606	1.304724	0.930313	0.843500	1.573137	0.029678	-0.314244	-0.159080	0.682142	1.122864	1.523189	1.031274	0.599680	-0.523694	2.142662	0.059766	0.454699	1.045327	0.936013	0.516319	-0.321601	-0.281593	1.806585	1.027761	0.760503	-1.191126	0.976658	1.305591	1.462549	0.732288	0.891490	1.624592	0.214212	1.809714	0.336610	-0.067152	1.476248	0.841297	1.506164	1.433262	1.599254	1.005420	1.891200	1.216300
0.533217	-0.286630	-1.262066	0.554542	0.243705	-0.260425	0.623977	0.831479	1.223309	0.527800	0.510445	1.061623	1.258685	1.705418	-0.653252	1.064559	0.212840	-0.366297	-0.846653	0.186414	0.735042	1.262658	1.455011	0.382739	-0.605264	2.104562	0.464133	-1.339314	-0.142667	0.156304	0.132844	-0.154574	-0.468150	0.916427	0.431050	0.970236	-0.553405	0.568859	1.709634	2.081681	0.101205	0.023750	0.892419	-0.636918	0.110702	0.183256	-0.104387	2.292220	-0.628236	-0.162795	-0.698214	1.387760	0.610281	0.380956	0.458805
0.551433	-0.224542	-0.534368	0.761360	0.824225	0.611603	1.364388	1.655048	1.794290	1.438169	0.247317	0.869707	1.430781	2.098536	-0.984896	0.634700	0.732058	0.175620	-0.324320	0.590282	0.558684	1.304150	1.813284	0.138749	-0.836587	1.994706	1.026062	-1.971959	-0.462675	-0.463874	-0.867279	-0.266363	0.474490	0.401588	0.169686	0.896344	-0.274541	0.765259	2.121807	2.394258	0.571788	-0.202366	0.538980	-0.159557	-1.045571	0.601716	-0.858026	2.937658	-1.640065	-1.505676	-1.734205	1.200030	0.597477	-0.415589	-0.233409
1.676847	0.641170	1.082912	1.319049	1.697256	1.631966	1.617852	1.951968	1.092848	1.941085	0.134948	0.677151	1.715855	1.949898	-0.442490	0.973176	0.828234	0.842038	0.689343	1.360450	0.656870	1.937011	2.105081	0.192882	-1.075731	1.748986	0.996805	-1.217927	0.227854	-0.315061	-1.691883	-0.490200	1.367008	0.435466	-0.321428	0.834316	0.169178	1.407829	2.501424	2.546702	1.549256	-0.163511	0.266079	0.592912	-1.394413	0.646811	-1.559287	3.197864	-1.458927	-1.574505	-1.422311	0.939580	0.581093	-0.171842	-0.446238
2.463692	1.066932	1.600856	1.474654	1.608542	1.782821	0.974485	1.335651	-0.285316	1.295834	0.101869	0.110096	1.786733	1.189250	0.170396	1.776861	0.129192	0.781396	0.881190	1.537421	0.693377	2.286916	1.881112	-0.027123	-1.075444	1.318890	0.269546	-0.092526	0.840615	0.241312	-1.852255	-0.883295	1.207469	0.720420	-1.306143	0.387098	0.700623	1.739330	2.311547	2.227331	1.709409	-0.266713	-0.414318	0.343187	-1.393843	-0.293251	-1.789090	2.707062	-0.506551	-0.632532	-0.492513	0.461923	0.214281	0.590351	-0.042674
1.990385	0.767061	0.517188	1.178076	0.696354	1.294697	-0.046143	0.063203	-1.296014	-0.301156	0.020249	-0.866202	1.492058	0.039526	0.434001	2.033178	-1.017494	-0.323574	0.028285	1.084058	0.416984	1.371567	0.692707	-1.090975	-0.819708	0.872345	-0.424704	0.587676	0.810548	0.449340	-1.500209	-1.672037	0.356686	0.856212	-2.076680	-0.934482	0.559912	1.163615	1.099276	0.975158	0.830157	-0.367024	-1.255368	-0.735700	-1.277246	-1.617039	-1.922732	1.371272	0.418531	0.342122	0.335673	0.048125	-0.252628	1.074396	0.733030
0.852296	0.639069	-0.555676	1.128386	0.307475	1.037694	-0.626886	-1.161545	-1.402072	-1.614543	-0.219894	-1.639134	1.022602	-0.945120	0.390323	1.188010	-1.886115	-1.717498	-0.760740	0.978886	0.031796	-0.389794	-1.027407	-2.353908	-0.535339	0.639302	-0.424904	0.967678	0.861673	0.210115	-0.881769	-2.527087	-0.062950	0.541986	-1.896339	-2.505640	-0.283845	-0.068939	-0.612611	-0.869444	0.141005	-0.130389	-1.390451	-1.350385	-0.786814	-2.008372	-2.200932	-0.265109	1.014979	0.827387	0.875562	0.136707	-0.284483	0.885649	1.354759
0.248018	1.220143	0.048473	1.672372	1.159684	1.221530	-0.469318	-1.576783	-0.741131	-1.416714	-0.494534	-1.447883	0.686853	-1.212850	0.206325	-0.176494	-1.957791	-2.139328	-0.496306	1.750546	0.013194	-1.318043	-1.968609	-2.526614	-0.355279	0.532739	0.112373	1.366294	1.500669	0.108481	-0.030612	-2.542219	0.448735	-0.259733	-1.061622	-2.881865	-0.677992	-0.959980	-1.489716	-2.047009	0.600970	0.275368	-0.517253	-0.869572	0.014097	-0.912942	-2.174423	-1.301183	1.276336	1.020026	1.109457	0.573117	0.192290	0.281348	1.230751
0.519980	1.712858	1.894425	2.157711	2.328203	1.228668	0.073753	-0.823004	0.318169	0.263807	-0.339907	-0.205831	0.612257	-0.630328	0.101078	-0.941163	-1.226493	-1.125527	0.457203	2.469241	0.559047	-0.441176	-1.242624	-1.437846	-0.101944	0.191775	0.533380	1.443021	1.710344	0.448271	0.802992	-1.376700	1.357467	-1.112105	-0.394974	-1.587994	0.195195	-0.683495	-0.776422	-1.641750	1.482939	0.329019	0.513328	0.011174	0.359296	0.744880	-1.506781	-1.242881	0.918673	1.075022	0.833186	0.582948	0.686727	-0.120582	0.117336
0.930312	1.082578	2.899270	1.721401	2.363724	0.606125	0.534033	0.689050	1.444038	2.091065	0.596827	1.347725	0.684138	0.375334	0.361965	-0.590872	-0.082236	0.359769	0.868295	1.784026	1.288480	1.146575	0.485888	-0.314519	0.457534	-0.411865	0.470650	0.727231	0.286944	0.800055	1.028502	0.086825	1.834726	-1.230178	-0.051679	0.136746	1.542171	0.529917	0.719518	-0.211521	1.280840	-0.012999	0.711170	0.449522	-0.239011	1.556342	-0.668734	-0.418758	-0.270841	0.734326	0.007425	-0.202221	0.835562	0.054962	-1.420351
0.715692	-0.397158	1.754459	0.470424	0.958428	-0.321690	0.761726	1.875996	2.180807	2.628611	1.862296	2.271886	0.664261	1.025008	1.015044	0.384755	0.935625	0.874972	0.114218	-0.287396	1.581148	1.529390	1.589300	-0.060450	1.222130	-0.736017	0.071349	-0.371682	-1.974992	0.758498	0.535903	0.781396	1.473801	-0.191484	0.472499	0.859144	1.844739	1.557873	1.423534	0.783820	-0.315902	-0.181785	0.145328	0.425636	-1.129768	1.058923	-0.226706	0.363562	-1.597784	-0.039610	-0.826785	-1.061277	0.872572	0.532384	-2.160843
-0.023910	-1.446170	-0.682560	-0.553625	-0.929316	-0.971385	0.785732	1.722697	1.929857	1.497532	2.318066	2.059578	0.309858	0.693644	1.536500	1.134963	1.296738	0.061603	-1.180228	-2.267733	1.227339	0.376326	1.189412	-0.149011	1.815478	-0.407653	-0.342783	-0.779566	-2.803607	0.705801	0.241855	0.764777	0.364438	1.399787	1.327540	0.588514	0.640161	1.535302	0.697352	0.569132	-2.055444	0.090113	-0.414913	0.193394	-1.325496	-0.128363	0.077138	0.466549	-1.754851	-0.622187	-0.967828	-1.045475	1.187385	0.673112	-1.296652
-0.606963	-1.442980	-2.500713	-0.593475	-2.266554	-1.232006	0.531395	0.190365	0.530384	-0.485318	1.341728	0.859897	-0.471287	-0.512395	1.288279	1.262075	0.726711	-1.058428	-1.948562	-2.924319	0.618097	-0.722062	-0.068392	0.246455	2.011461	0.079441	-0.537280	-0.053337	-1.336317	1.294854	1.100899	0.849705	-1.019222	2.256358	1.993646	0.282414	-1.120059	0.704447	-0.618397	-0.336599	-2.676453	0.243861	-0.687579	-0.358273	-0.816559	-1.219053	0.801906	-0.199993	-0.337178	-0.451573	-0.377936	-0.342177	1.650059	0.274098	0.552698
-0.696306	-1.067424	-2.742095	0.000745	-2.725525	-1.400505	-0.041000	-1.586963	-1.176819	-1.998771	-0.244304	-0.570733	-1.399863	-1.673215	0.323904	0.941536	-0.434121	-1.387519	-1.828313	-2.477524	0.240734	-0.460217	-0.960562	0.814269	1.916435	-0.075669	-0.372065	1.017413	0.653465	2.328188	2.638936	1.222445	-1.877542	1.662362	2.016699	0.278919	-2.240391	-0.023099	-1.341958	-1.008725	-2.201761	-0.304197	-1.004716	-1.159737	-0.369199	-1.788473	1.651386	-1.173444	1.389813	0.092257	0.251635	-0.132836	1.733106	-0.099073	1.773308
-0.653961	-1.215362	-1.973088	0.329803	-2.464477	-1.609435	-0.615507	-2.194514	-1.849773	-2.119252	-0.887513	-1.228008	-1.846099	-1.803763	-0.545159	0.471282	-1.269119	-0.922782	-1.357687	-1.958266	0.170656	0.546064	-0.968741	0.672492	1.746046	-0.850682	0.166904	1.320516	0.952731	2.758911	3.208951	1.264585	-1.524708	0.266482	1.545090	0.128553	-2.291313	-0.167452	-1.183394	-1.091525	-1.543238	-1.229969	-1.444984	-1.495969	-0.293203	-1.654282	1.705685	-1.714226	1.723153	0.096301	0.275217	-0.991115	1.270441	0.154491	1.458756
-0.954875	-1.874564	-1.174793	0.041840	-1.759716	-1.655117	-0.654811	-1.172591	-0.972789	-0.931458	-0.022468	-0.618261	-1.359054	-0.786876	-0.648707	-0.025233	-0.992914	-0.337167	-1.165193	-1.896693	0.194847	0.902748	-0.413227	-0.042701	1.620032	-1.375715	0.885467	0.630048	-0.502300	1.966285	1.969540	0.785393	-0.130590	-0.632979	1.030127	-0.204148	-1.520334	-0.034064	-0.658499	-0.743979	-1.321428	-1.677592	-1.570142	-0.896057	-0.243547	-0.868436	0.867696	-1.327988	0.330453	-0.698291	-0.336097	-2.036562	0.739461	0.735266	0.403241
-1.498352	-2.338244	-0.654897	-0.467313	-0.991715	-1.393493	-0.003913	0.637791	0.581620	0.582423	1.299423	0.686741	-0.264663	0.578098	-0.219937	-0.472269	0.296157	0.186500	-1.190229	-2.008579	0.209626	0.468412	0.280369	-0.183825	1.555855	-1.090832	1.431846	-0.361270	-1.957667	0.540902	0.008091	0.579085	1.200818	-0.554888	0.743436	0.016059	-0.281991	-0.053655	-0.193615	-0.112620	-1.393844	-1.350369	-1.100574	0.003209	-0.150044	0.132086	0.262058	-0.247248	-1.558684	-1.623407	-1.177235	-2.064404	0.629138	0.705012	0.012427
-1.719062	-2.143979	-0.209602	-0.833047	-0.577367	-1.044073	0.751360	1.936927	1.535337	1.372590	1.684082	1.490229	0.494734	1.472129	-0.041416	-0.704209	1.640688	1.031875	-0.837895	-1.853765	0.213701	0.255384	0.923732	0.727556	1.423503	-0.447594	1.452517	-1.008708	-2.196644	-0.526147	-0.990430	1.283545	1.400070	-0.243566	0.643058	1.107164	1.149899	-0.223414	0.199942	0.678424	-1.302307	-0.741661	-0.351474	0.277337	-0.420094	0.770233	0.787079	0.663462	-2.576703	-1.979536	-1.835630	-1.079690	0.739162	-0.237556	0.426063
-1.324438	-1.452248	0.129544	-1.211938	-0.629332	-0.924179	0.762042	2.012744	1.487060	1.127788	0.926164	1.110384	0.310862	1.769100	-0.436303	-0.642064	2.047905	2.088793	0.149513	-1.333837	0.054284	0.581477	1.240565	1.679081	0.905347	-0.225980	0.763352	-1.316252	-1.627731	-1.056382	-0.762390	2.223189	0.419749	-0.479005	0.413418	2.123506	2.399431	-0.390237	0.458568	1.190969	-0.837484	-0.361166	0.165541	0.011981	-0.974600	0.831686	1.827550	0.668808	-2.368606	-1.712962	-2.032040	-0.139318	0.359978	-1.270087	0.381275
-0.694987	-0.661824	0.057239	-1.769027	-0.803335	-0.964815	-0.121273	1.038510	0.972440	0.316337	-0.093056	-0.023270	-0.416028	1.749034	-0.916494	-0.494698	1.348303	2.385317	1.195824	-0.573458	-0.438782	0.457567	0.780586	1.439906	-0.191423	-0.495852	-0.440815	-1.540579	-1.137399	-1.597319	-0.484665	2.071482	-0.859998	-0.919459	-0.342038	1.817161	2.976675	-0.708118	0.224809	0.867137	-0.150787	-0.181247	0.299159	-0.025992	-0.910973	0.567716	1.984457	-0.132781	-1.430258	-1.120171	-1.619529	0.110187	-0.833410	-1.534345	-0.878499
-0.435285	-0.015611	-0.374576	-2.063427	-0.674914	-0.731081	-1.028708	-0.278612	0.550427	-0.395709	-0.693079	-0.938606	-0.747649	1.400791	-0.910118	-0.566092	0.293922	1.278368	1.449583	0.286650	-1.039949	-0.814959	-0.469564	0.122134	-1.468299	-0.655399	-1.511762	-1.594549	-0.822390	-2.306215	-0.947915	0.560611	-1.562551	-0.654350	-1.553539	0.207974	2.591031	-1.381542	-0.618720	-0.246509	0.454885	0.062601	0.265083	0.277823	0.274545	0.325800	0.851987	-0.947602	-0.403006	-0.365094	-0.718025	0.039293	-2.218428	-1.229057	-2.258035
-0.628187	0.366939	-0.604103	-1.447397	-0.236234	-0.035578	-0.962717	-1.146477	0.297326	-0.627744	-0.948484	-1.088647	-0.291538	0.430503	-0.543518	-0.852631	-0.191831	-0.391974	0.769115	0.996095	-1.186961	-2.259254	-1.644824	-1.017271	-2.062227	-0.379442	-1.729605	-1.174704	-0.300959	-2.519539	-1.491750	-1.043645	-1.483224	0.319027	-2.319403	-1.323493	1.419509	-2.060393	-1.436475	-1.274570	0.707321	0.366522	0.258190	0.288069	1.652748	0.251401	-0.492211	-1.104148	0.253673	0.433286	0.199928	0.139541	-2.695734	-1.133295	-2.060665
-0.721247	0.375715	-0.236665	-0.023671	0.141658	0.663606	0.058029	-1.083205	0.154660	-0.321892	-1.053856	-0.635754	0.410644	-1.003873	-0.435529	-1.018729	0.137121	-1.024642	-0.097125	1.154317	-0.621134	-2.222996	-1.659119	-1.040997	-1.477579	-0.052337	-0.943338	-0.353819	0.327131	-1.623520	-1.036976	-1.335797	-0.938011	0.948669	-1.640618	-1.502144	0.036358	-1.972618	-1.302689	-1.302820	0.476674	0.488563	0.260862	-0.164268	1.825145	0.340784	-0.812677	-0.600139	0.318408	0.942529	0.591328	0.253587	-1.777275	-1.392604	-0.298944
-0.218132	0.053892	0.418815	1.239547	0.245013	0.738176	0.996797	-0.249753	0.247197	0.378912	-0.889923	-0.008797	0.604106	-1.999660	-0.841158	-0.827683	0.714426	-0.169959	-0.380875	0.589965	0.206116	-0.529996	-0.404655	-0.130443	-0.188600	-0.131092	0.266071	0.309045	0.538004	0.001213	0.330217	-0.287172	-0.232137	0.577287	0.206924	-0.367602	-0.909326	-0.854252	-0.067358	-0.316781	-0.085059	0.328982	0.205437	-0.350916	0.731314	0.553132	-0.092640	0.132295	-0.044824	0.821973	0.321893	0.059700	-0.168525	-1.416635	1.093854
0.665494	-0.271633	0.724027	1.485847	0.308013	0.214374	0.905859	0.609275	0.545844	1.111715	-0.479250	0.481457	0.188182	-1.736717	-1.282997	-0.422219	0.747853	0.841810	-0.099373	-0.248930	0.537386	1.118425	1.003311	0.924337	0.760827	-0.492241	1.162223	0.371812	0.263771	1.208330	1.308301	0.859862	0.544879	-0.235700	1.535430	0.997277	-1.067194	0.558508	1.308325	0.821646	-0.533949	0.039811	0.107791	0.239572	-0.288314	0.728858	0.665129	0.736962	-0.270100	0.185191	-0.176159	-0.229929	0.820640	-0.882289	0.582851
1.230261	-0.212405	0.508540	0.810832	0.648258	-0.154080	-0.199760	0.792366	0.533179	1.324955	-0.261538	0.627815	-0.302075	-0.491595	-1.075212	-0.093805	-0.107669	0.493901	0.201949	-0.571268	0.098860	1.085087	1.347271	1.525326	0.737136	-0.701775	1.464168	0.076262	0.120193	1.208901	0.867336	0.990316	1.280758	-0.699049	1.007646	1.590586	-0.645016	1.246517	1.676760	1.255812	-0.440708	-0.199373	-0.024498	0.998713	-0.268740	0.562797	0.736537	1.040586	0.195825	-0.327572	-0.255692	-0.186590	0.495106	-0.187802	-1.078415
1.128225	0.335695	0.302285	0.022250	1.170063	0.261632	-1.525876	0.263413	-0.299520	0.659934	-0.483793	0.314232	-0.421608	0.509401	-0.071517	0.054258	-1.483719	-1.041754	0.302316	-0.022437	-0.580317	-0.366461	0.486015	1.478300	0.021413	-0.649261	1.274448	0.155747	0.624666	0.326984	-0.525795	0.120824	1.637617	-0.888130	-0.727362	1.183384	-0.297890	0.956300	0.841098	0.810759	0.229084	-0.308362	-0.214458	0.962593	0.326803	-0.089124	0.347649	0.854600	1.360357	-0.061708	0.397417	0.124808	-0.625373	0.231989	-1.804535
0.691778	1.127590	0.710750	-0.251261	1.413850	1.198519	-2.257519	-0.467921	-1.641052	-0.596109	-0.759199	-0.306525	-0.264549	0.293021	1.145322	0.078790	-2.524801	-2.090070	0.528579	0.960481	-0.698102	-1.556685	-0.725188	0.846684	-0.628280	-0.557351	0.619453	1.000526	1.543270	-0.394942	-1.351986	-0.895458	1.244182	-1.287393	-1.761081	0.180401	-0.524252	0.276008	-0.404646	-0.126656	1.082690	-0.235522	-0.351529	0.174369	0.599926	-0.886809	0.060294	0.038489	2.599022	0.970872	1.442023	0.281024	-1.452616	0.465036	-0.721915
0.345504	1.751817	1.609967	-0.108003	1.062049	1.725309	-2.088327	-1.000668	-2.478575	-1.617547	-0.692609	-0.829935	-0.188110	-0.949734	1.739780	-0.035835	-2.482212	-1.451974	1.107105	1.638139	-0.097327	-1.416199	-1.443439	-0.070848	-0.818647	-0.517975	-0.564123	2.030215	2.160257	-0.332956	-0.714116	-1.322123	0.101906	-1.762087	-1.217502	-0.834260	-1.058029	-0.195738	-1.221068	-1.069785	1.626226	0.006810	-0.217887	-0.323680	0.514551	-1.207295	-0.046299	-1.126904	3.091700	1.920257	2.056656	0.200451	-1.484771	0.670257	0.897173
0.029153	1.818225	2.134693	-0.133083	0.301785	1.207392	-1.286933	-1.274733	-2.145548	-1.734572	-0.543782	-0.946129	-0.305160	-2.062171	1.294622	-0.378637	-1.317728	0.308874	1.664089	1.665566	0.442111	-0.489809	-1.449643	-0.781186	-0.842990	-0.395667	-1.919520	2.082124	1.960153	0.031167	0.587961	-1.080861	-1.221804	-1.715798	-0.155945	-1.381104	-1.053912	-0.404027	-1.373476	-1.604506	1.601021	0.214655	0.196326	0.122837	0.608904	-0.751260	-0.271825	-1.874578	2.366490	1.825251	1.605706	0.205513	-1.157269	0.572112	1.320380
-0.493280	1.153153	1.623188	-0.689649	-0.294660	-0.028424	-0.437819	-1.167181	-0.947917	-0.974170	-0.720541	-0.669467	-0.379950	-1.879232	0.136462	-0.875445	0.219429	1.716878	1.630326	1.242683	0.068380	0.080954	-0.901455	-0.953173	-1.161374	-0.175737	-2.526148	0.633394	0.956266	-0.306596	0.897613	-0.570940	-1.876001	-1.087515	-0.002912	-1.220628	-0.058814	-0.551624	-0.983180	-1.369913	1.102703	0.140895	0.608069	0.919135	0.881868	0.158157	-0.632429	-1.560939	0.602970	0.673782	0.297704	0.404785	-1.065871	-0.044959	0.377042
-1.008497	0.029383	0.442653	-1.459304	-0.262203	-1.028097	-0.013296	-0.417293	0.303514	0.069324	-0.972060	-0.218075	-0.187266	-0.229585	-0.930725	-1.226588	1.189538	2.007805	0.967851	0.759912	-1.021002	-0.026165	-0.012450	-0.752643	-1.714113	-0.077463	-1.709924	-1.437691	-0.369811	-1.578678	-0.356007	-0.186705	-1.406723	-0.530954	-0.756921	-0.500084	1.328534	-0.647249	-0.182270	-0.329035	0.487236	-0.171975	0.784824	1.017114	0.736420	0.907440	-0.744200	-0.392417	-1.376363	-0.473412	-0.904448	0.484899	-1.150029	-0.676326	-0.645834
-1.019249	-0.855879	-0.396944	-1.739689	0.286011	-1.186058	-0.030322	0.675357	1.027714	0.745494	-0.784184	0.150288	0.110097	1.666628	-1.284575	-1.205288	1.182241	1.465566	0.201518	0.460657	-1.688479	-0.304111	0.796059	-0.593939	-1.948464	-0.213973	-0.028166	-2.571170	-1.259247	-2.755862	-1.861237	-0.002230	-0.299263	-0.513228	-1.303279	0.235618	1.979040	-0.589813	0.642980	0.841564	0.129359	-0.438693	0.764436	0.264029	0.000589	1.123742	-0.383564	0.630754	-2.467030	-0.658387	-1.182264	0.245354	-0.906475	-0.638031	-0.802437
-0.494418	-0.880053	-0.382966	-1.203881	0.712830	-0.785755	-0.107118	1.005909	1.074192	0.740491	-0.356917	0.196554	0.054215	2.022112	-0.956977	-0.936531	0.510451	0.567997	-0.215957	0.377532	-1.181257	-0.406699	0.870040	-0.568513	-1.504466	-0.361359	0.983262	-2.036464	-1.074349	-2.568183	-1.822713	0.182163	0.337583	-0.718303	-1.065187	0.411255	1.375015	-0.480755	0.727200	1.068004	0.162793	-0.544140	0.655371	-0.443614	-0.633411	0.884016	0.174155	0.643630	-1.998322	-0.097532	-0.611790	-0.030986	-0.223524	-0.135633	-0.507015
0.022676	-0.095149	0.075458	-0.248857	0.535053	-0.488465	0.074193	-0.111805	0.606853	0.205037	-0.378250	-0.139686	-0.524389	0.289110	-0.453199	-0.721346	-0.191009	-0.440594	-0.289766	0.422007	0.018527	-0.495461	-0.014552	-0.419866	-0.659829	-0.236033	0.416434	-0.540303	0.101037	-0.957706	-0.026940	0.491641	-0.093729	-0.585305	-0.545025	-0.050471	0.077415	-0.518502	-0.276099	0.009258	0.411642	-0.619721	0.467527	-0.329280	-0.476173	0.517198	0.486997	-0.230026	-0.374240	0.273813	0.088175	0.025377	0.412715	-0.015064	-0.599214
0.152847	0.751250	0.336313	0.439106	0.008303	-0.448139	0.373900	-1.667803	0.013671	-0.374765	-0.833268	-0.567808	-1.100226	-1.866551	-0.157959	-0.619197	-0.507740	-1.179101	-0.233863	0.473912	0.822402	-0.653537	-1.081166	-0.113346	-0.025923	0.106286	-0.855563	0.628733	1.283774	0.708435	1.785135	0.683684	-0.937848	-0.119406	-0.310084	-0.633292	-0.890832	-0.631581	-1.481751	-1.291901	0.582058	-0.651444	0.242632	0.305584	0.207822	0.254427	0.392434	-1.018540	1.092046	0.100204	0.399046	0.327929	0.563374	-0.409085	-0.973319
0.088731	0.905892	0.219579	0.515707	-0.187101	-0.243677	0.377227	-1.812542	-0.308241	-0.555607	-0.883054	-0.658045	-0.907183	-2.081607	-0.054531	-0.407380	-0.441565	-1.113428	-0.136832	0.447802	0.657430	-0.594759	-1.189276	-0.008800	0.041624	0.342053	-1.134580	0.776360	1.386392	0.982318	1.707152	0.349463	-1.005817	0.186418	-0.255445	-0.753344	-0.947322	-0.515481	-1.479497	-1.375276	0.512573	-0.372362	0.122657	0.540813	0.535739	0.081286	0.021705	-0.868888	1.256841	-0.115649	0.362160	0.461313	0.298602	-0.490448	-0.746963
0.101989	0.342264	-0.089250	0.145446	0.157093	0.339993	-0.021917	-0.182480	-0.297163	-0.321298	-0.168870	-0.336926	0.122839	-0.027615	0.012561	0.018275	-0.195933	-0.246419	0.006434	0.341707	-0.213088	-0.182459	-0.177877	-0.273132	-0.326618	0.336692	-0.002882	0.142848	0.358940	-0.172320	-0.297687	-0.522920	-0.042172	0.119478	-0.104380	-0.358731	-0.290907	-0.087060	-0.056105	-0.055074	0.256001	0.282672	0.155449	0.080042	0.200770	-0.092357	-0.446563	0.158809	0.190972	0.000413	0.217877	0.274963	-0.098713	0.158968	0.347086
