X1	X2	X3	X4	X5	X6	X7	X8	X9	X10	X11	X12	X13	X14	X15	X16	X17	X18	X19	X20	X21	X22	X23	X24	X25	X26	X27	X28	X29	X30	X31	X32	X33	X34	X35	X36	X37	X38	X39	X40	X41	X42	X43	X44	X45	X46	X47	X48	X49	X50	X51	X52	X53	X54	X55
0.011945	-0.089885	0.042852	-0.067370	-0.107520	-0.241805	0.150916	-0.042160	0.131363	0.057684	0.006104	-0.022070	-0.093572	0.212626	-0.055044	0.070892	0.203205	0.140439	-0.080626	-0.123758	-0.096079	0.037402	0.089647	0.086939	0.150200	0.128374	0.130059	-0.067976	-0.106797	0.141159	0.167319	0.066682	-0.028625	0.032365	0.027716	0.025504	-0.024017	0.090350	-0.033900	0.054830	-0.142442	-0.133677	0.007099	-0.041023	-0.124575	-0.013496	0.092976	0.047915	0.206430	0.134963	0.173825	-0.213304	0.092335	-0.129609	0.140587
1.470017	0.643121	1.585415	1.253138	0.300613	0.851484	0.920290	0.204435	-0.026801	1.103153	0.542353	0.657428	0.666365	-0.285034	0.752053	0.957920	0.520949	0.439501	0.174646	1.474519	-0.227219	0.064705	0.552728	0.668273	0.441878	0.980058	-0.193854	1.129471	1.540588	0.716360	0.132264	0.178636	1.031554	-1.160780	-0.739246	0.841531	0.867964	0.361649	0.757431	1.248110	1.092023	0.793651	1.390742	1.435675	1.604294	1.456074	0.458277	1.273785	0.927523	1.401595	0.908552	1.672291	-0.726687	-0.507321	0.669693
1.592254	0.504053	1.507882	1.631733	0.245330	1.060288	0.649222	-0.255811	-0.634244	0.717839	0.115282	0.623059	0.612001	-0.644022	0.830564	1.234350	0.562562	0.440054	0.430724	1.714396	-0.241529	0.148127	0.594940	0.158517	0.257254	0.521926	-0.651876	0.950153	1.455971	0.248733	-0.301824	-0.117040	0.857117	-1.438303	-1.315643	0.438488	1.092293	0.039406	0.472602	1.233868	0.960520	0.793257	1.274392	1.346545	1.452802	1.216030	0.082164	1.413924	0.785797	1.401807	0.670096	1.718980	-1.329424	-0.386346	0.338594
0.368096	-0.573459	0.043338	0.898259	-0.448852	0.152634	-0.316130	-1.144598	-1.489825	-0.944367	-0.927604	-0.205558	-0.317553	-0.817716	0.213613	0.762524	0.507815	0.182689	0.382921	0.546473	-0.027359	0.271355	0.560781	-0.904173	-0.552846	-0.877763	-1.272975	-0.590633	-0.320070	-0.902325	-0.568572	-0.280036	-0.423343	-0.782934	-1.524536	-0.548383	0.582171	-0.504168	-0.419427	0.418479	-0.458500	-0.069148	0.002042	-0.185042	-0.436332	-0.386855	-0.517207	0.540523	-0.092553	0.028488	-0.521801	0.098113	-1.559708	0.200041	-0.590715
-1.021607	-1.670776	-1.143209	-0.231852	-1.282972	-1.075383	-0.885443	-1.595489	-1.990785	-2.385136	-1.426071	-1.112568	-1.311411	-0.888632	-0.488909	-0.128783	0.492578	-0.169402	-0.175139	-0.640269	0.522157	0.273965	0.844901	-1.015192	-1.750382	-1.639649	-1.806366	-2.004002	-1.954785	-1.592292	0.013295	0.556357	-1.396566	-0.141691	-1.312619	-0.471047	-0.171719	-0.541803	-0.654005	0.058717	-1.558737	-0.837972	-0.736927	-1.547480	-2.186168	-1.544884	-0.185899	-0.349065	-0.959877	-1.552316	-1.562372	-1.257991	-1.459963	0.672323	-0.973498
-1.527587	-1.716930	-1.034061	-0.828637	-1.336859	-1.353633	-0.819323	-1.278171	-1.852925	-2.436498	-0.939022	-1.236782	-1.433778	-0.980725	-0.840692	-0.947953	0.125263	-0.608724	-0.781949	-0.469408	1.274211	-0.010918	0.923493	0.190591	-2.752240	-1.022994	-1.788614	-1.834563	-1.747454	-1.421802	0.904838	2.073472	-0.952780	-0.420722	-0.792759	0.910797	-0.648303	-0.151804	-0.053558	0.336292	-0.950713	-0.769461	-0.138328	-1.494472	-2.325283	-1.330615	1.109653	-0.593558	-1.429190	-2.022638	-1.365362	-0.878760	-1.206562	0.553121	-0.154491
-1.146390	-0.665413	-0.286671	-0.586408	-0.347995	-0.280659	-0.806923	-0.652556	-1.287062	-1.351806	-0.175153	-0.529260	-0.591851	-1.063899	-0.869594	-1.264351	-0.806416	-1.030870	-0.635081	0.763115	1.622299	-0.459548	0.047105	1.322225	-2.776842	-0.044218	-1.020810	-0.290214	-0.038050	-0.914787	0.857475	2.638098	0.371870	-1.323582	-0.137782	1.910344	-0.671618	-0.029697	0.291955	0.233841	0.716048	-0.160378	0.691680	-0.480513	-1.210986	-0.623242	1.917112	-0.495191	-1.576124	-1.198338	-0.132967	0.608119	-0.825485	0.071937	1.155847
-0.524350	0.413900	-0.003867	0.012791	0.766857	1.075292	-1.047311	-0.209027	-0.573693	-0.204267	0.098459	0.191065	0.383576	-0.882993	-0.718283	-0.906623	-1.495145	-1.004693	0.328851	1.391677	0.986707	-0.673796	-1.270818	1.068154	-1.458237	0.052768	0.056698	0.987657	1.208143	-0.484855	-0.280922	1.259696	1.066853	-1.536014	0.461199	1.203323	-0.390298	-0.317765	-0.237382	-0.625517	1.439801	0.118961	0.377300	0.102744	-0.233471	-0.547868	1.124124	-0.566833	-1.352543	-0.073962	0.805260	1.343880	-0.220984	-0.177847	1.612367
-0.059788	0.593456	-0.160522	0.341397	0.961245	1.336127	-0.796964	0.037039	0.159428	0.388746	-0.017975	0.301737	0.708229	-0.256664	-0.369286	-0.217980	-0.947145	-0.335879	1.057486	0.567326	-0.225689	-0.452970	-1.544686	-0.031332	0.427264	-0.383006	0.697412	0.899364	0.811444	-0.049361	-1.162695	-0.797965	0.582481	-0.382572	0.729865	-0.260319	-0.097795	-0.407426	-0.817981	-1.131183	0.544231	-0.175116	-0.659834	-0.226622	-0.035117	-0.805185	-0.406678	-0.627985	-0.608140	0.390737	0.580165	0.579073	0.402591	-0.122584	0.759723
0.296740	0.082504	0.071810	0.304314	0.386908	0.423355	0.246045	0.219220	0.695919	0.600732	-0.000260	0.116281	0.432344	0.514068	0.149881	0.063038	0.335550	0.286377	0.500163	-0.586599	-0.733721	-0.099011	-0.394129	-0.403814	1.345321	-0.060555	0.614149	0.124633	-0.243659	0.388008	-0.646353	-1.311535	-0.064519	1.090868	0.452540	-0.559040	-0.040248	0.002459	-0.442333	-0.325230	-0.409147	-0.337923	-0.752654	-0.519111	0.003106	-0.282171	-0.850156	-0.165190	0.318895	0.224129	-0.201520	-0.395517	0.540376	-0.223513	-0.440757
0.607272	-0.317090	0.805787	0.305712	0.110939	-0.453662	1.022022	0.261487	0.664366	0.697139	0.192650	0.234437	0.087516	0.781496	0.532142	-0.429780	0.583181	-0.070566	-1.001062	-0.578508	0.069962	-0.030067	0.650404	0.305912	0.628791	1.038570	0.252565	0.024214	-0.281697	0.548568	0.728728	0.041686	0.200033	1.296614	-0.175395	0.463399	-0.181061	0.369318	0.533651	0.921969	0.049600	0.209387	0.510458	0.167220	0.563475	1.028696	0.115649	0.622064	0.721881	0.090856	-0.359812	0.030476	0.116794	-0.520467	-0.699475
0.756893	-0.326510	1.150022	0.625505	0.627076	-0.340755	0.429411	0.104515	0.007131	0.588702	0.174797	0.564892	-0.081805	0.260177	0.434152	-1.069986	-0.868012	-1.161566	-1.888307	0.386206	1.151654	-0.181379	0.124541	0.786402	-0.576753	1.367150	0.236961	0.782044	0.787450	0.431426	1.449170	1.183863	1.073231	0.126675	-0.547915	0.980826	-0.134800	0.150111	0.886429	0.914668	1.184137	0.942716	1.517013	1.381305	1.276284	1.695314	0.851038	0.831540	0.429768	0.351007	0.295254	1.562435	-0.150399	-0.339939	0.136055
0.673307	-0.258648	0.513381	0.966323	1.252477	0.440380	-0.965655	-0.018911	-0.661564	0.246664	-0.077330	0.559699	-0.146490	-0.587001	-0.067078	-0.810098	-2.356856	-1.532684	-1.121016	0.849688	1.032398	-0.084126	-1.280549	-0.019309	-0.571064	0.072091	0.676031	1.290008	1.481605	0.431524	0.837125	0.371253	1.398588	-0.985431	-0.243469	-0.207043	0.430994	-0.352957	0.263289	-0.501085	1.265630	0.843191	0.818158	1.821827	1.240215	0.709359	0.016640	0.083245	0.047527	0.738817	0.808289	2.221696	0.398429	0.651588	0.898995
0.419677	-0.236560	-0.538075	0.733418	1.115896	0.917986	-1.512039	0.151528	-0.534919	0.071908	-0.051788	0.198950	-0.053804	-1.029581	-0.451816	0.512618	-1.862920	-0.334034	0.600877	0.208402	-0.344748	0.414468	-1.581576	-1.436445	0.833001	-1.591350	1.094240	0.734551	0.835233	0.643699	-0.405212	-1.572720	0.674488	-0.996180	0.448810	-2.004721	1.234871	-0.428851	-0.417556	-1.661013	0.070429	-0.179451	-0.887321	0.992289	0.375996	-1.033094	-1.625683	-0.826699	0.069130	0.789905	0.388772	0.812258	1.348943	1.662768	0.472084
0.088320	0.053429	-1.001593	-0.175308	0.269724	0.691747	-0.570130	0.507189	0.470471	0.413933	0.558348	0.077037	0.297483	-0.759422	-0.264377	1.841185	0.407029	1.453145	1.675113	-0.645445	-1.594160	0.822604	-0.178748	-1.984575	2.124882	-1.850644	0.949756	-0.351534	-0.412402	0.566478	-1.330454	-2.542995	-0.463293	-0.371950	0.808243	-2.524682	1.456406	0.074126	-0.342241	-1.276521	-1.036528	-1.045052	-1.751327	-0.258107	-0.341865	-1.708187	-2.300561	-0.869271	0.274021	0.365086	-0.599182	-1.554338	1.581917	1.613740	-0.811590
-0.160631	0.798156	-0.536087	-0.987864	-0.465858	0.244048	0.881321	0.696470	1.518239	0.947865	1.307239	0.443796	0.651275	0.016340	0.402612	2.102266	2.336497	2.215479	1.470521	-0.761968	-1.642381	0.640000	1.383698	-1.206002	2.039786	-0.650797	0.144858	-0.813688	-0.944869	-0.118513	-1.784405	-1.953632	-1.078220	0.015520	0.519565	-1.442260	0.609406	0.649648	0.194790	0.057784	-1.115685	-0.786748	-1.146805	-0.859742	-0.092929	-0.683372	-1.490170	-0.028858	0.328626	-0.198960	-1.132231	-2.766915	0.672882	0.475782	-1.505658
-0.063228	1.659046	0.404380	-0.755418	-0.517603	0.212400	1.698548	0.578876	1.729319	0.995583	1.413342	0.730266	0.607171	0.913880	0.955279	1.387749	2.492758	1.683802	0.884166	-0.294964	-0.878579	0.118868	1.493042	-0.018029	1.028336	0.545960	-0.888025	-0.266116	-0.522960	-0.871139	-2.077910	-1.165162	-0.867147	0.310278	0.054505	-0.088824	-0.748640	0.839775	0.472255	0.927360	-0.590740	0.339196	-0.151448	-0.682231	0.799749	0.923210	-0.342027	0.787484	0.464543	-0.398206	-0.769082	-2.063125	-0.507725	-0.713666	-0.914784
0.437325	2.055620	1.158777	0.496201	-0.079733	0.647926	1.700204	0.339826	1.114373	0.437436	0.591947	0.333957	0.292448	1.572316	0.865550	0.571475	1.390415	0.918104	0.941453	0.067665	-0.371053	-0.018736	0.368357	0.444259	0.411352	0.722842	-1.495742	0.562009	-0.023441	-0.907568	-2.144493	-1.335893	-0.283657	1.268903	0.052705	0.320773	-1.454116	0.626962	0.386000	0.848464	-0.184838	1.206575	0.062109	-0.334335	1.328807	1.667689	-0.081220	0.851043	0.991431	-0.071114	-0.112102	-0.573884	-0.769718	-1.050832	-0.112799
0.904393	1.633259	1.301298	1.590900	0.320882	1.025347	1.154939	0.178127	0.460817	-0.108069	-0.644140	-0.483660	0.320612	1.693128	0.241768	0.046152	0.195932	0.544594	1.345063	0.130221	-0.420956	0.363264	-0.611733	-0.131772	0.591406	0.211512	-1.247718	0.754040	-0.146708	-0.268315	-1.579526	-1.962592	0.028316	2.770565	0.409287	-0.227847	-0.951416	0.164802	0.269720	0.340729	0.056560	0.993539	-0.533366	-0.193838	0.971278	1.196597	-0.739955	0.224045	1.459585	0.413569	-0.012130	0.220342	0.059147	-0.606799	-0.535162
0.743001	0.420644	0.742783	1.364374	0.408151	0.801838	0.099575	0.073522	0.389757	-0.119609	-1.438447	-0.922427	0.864223	1.188142	-0.242697	-0.570355	-0.706095	0.020943	0.903651	0.104072	-0.397632	0.494039	-0.743732	-1.158110	0.773211	-0.178367	-0.259611	0.156872	-0.656357	0.277021	-0.389372	-1.864013	-0.181831	3.538518	0.293986	-0.997889	0.134007	-0.470157	0.113645	-0.135300	0.308295	-0.180366	-1.217404	-0.113313	0.092873	0.162105	-1.460441	-0.570418	1.035650	0.506247	-0.549666	-0.027681	1.000342	-0.107527	-1.900719
-0.147802	-1.198618	-0.266260	-0.159157	0.165933	-0.098545	-1.244279	-0.092233	0.741803	0.154840	-1.299776	-0.736115	1.180990	0.318504	-0.111921	-1.498529	-1.397279	-1.094275	-0.753125	-0.081309	0.098913	-0.294933	-0.412241	-1.714629	0.288506	-0.127771	0.802290	-0.677604	-0.931595	0.284004	0.763550	-0.812410	-0.689438	2.560638	-0.755398	-1.297570	0.736061	-1.127416	-0.336301	-0.510563	0.291202	-1.522063	-1.459627	0.002636	-0.679629	-0.764030	-1.505953	-1.072206	-0.277238	-0.055072	-0.998370	-0.652365	1.076509	-0.064564	-2.456824
-1.230949	-2.492962	-1.214056	-1.862015	-0.382203	-1.191153	-2.035269	-0.306492	0.896964	0.103950	-0.437671	-0.501163	0.460789	-0.474831	0.319443	-2.217259	-1.594300	-2.075321	-2.454835	-0.669983	0.536039	-1.549269	-0.115064	-1.288360	-0.502209	0.197983	1.152621	-1.208523	-0.797977	0.001913	1.143901	0.369071	-1.115336	0.353786	-2.000186	-0.844977	0.446309	-1.478301	-0.862962	-0.663795	-0.268048	-2.156261	-1.185541	-0.124848	-1.108635	-1.393615	-0.821147	-1.102993	-1.429615	-1.083604	-0.696902	-0.987706	0.369953	-0.311735	-1.367242
-1.819440	-2.614587	-1.609824	-2.617148	-1.058117	-1.752276	-1.587187	-0.397822	0.497171	-0.377710	0.533334	-0.682512	-1.037190	-0.932529	0.305652	-2.145658	-0.978644	-1.932035	-2.713633	-1.342112	0.257043	-2.113253	0.068813	-0.213335	-0.799121	0.526737	0.542474	-1.304118	-0.542876	-0.303595	0.579453	0.932174	-1.190090	-1.487667	-2.121870	0.092814	-0.297258	-1.302378	-0.859687	-0.413468	-0.859063	-1.589735	-0.526698	-0.654042	-1.272341	-1.699704	0.101734	-0.796945	-1.552213	-2.044254	0.254343	-0.846727	-0.224539	-0.322416	0.121234
-1.622363	-1.303060	-1.358323	-2.174574	-1.403980	-1.452902	-0.370247	-0.247431	-0.259987	-0.778458	1.150998	-0.915325	-2.120556	-1.107821	-0.458925	-1.493710	0.025892	-0.882661	-1.385394	-1.302945	-0.424433	-1.520516	0.126757	0.663333	-0.408232	0.582786	-0.487650	-1.116940	-0.405081	-0.742610	-0.436599	0.900844	-0.858622	-1.826866	-0.716540	0.841375	-0.889286	-0.806123	-0.221562	0.055862	-0.638883	-0.033835	0.306394	-1.195106	-1.181450	-1.482417	0.741500	-0.479357	-0.948305	-2.320782	1.121705	-0.338128	-0.211509	0.064817	0.364707
-0.940023	0.509865	-0.884243	-1.180398	-1.104051	-0.805929	0.385826	-0.027880	-0.933252	-0.735016	1.285951	-0.598717	-1.976071	-1.143622	-1.529163	-0.999984	0.557896	-0.167261	0.163777	-0.404180	-0.539016	-0.561781	-0.055839	0.836482	0.058422	0.156252	-1.145402	-0.922124	-0.418169	-1.322391	-1.109822	0.756376	-0.412925	-0.868489	1.100092	0.947651	-1.103309	-0.500107	0.365347	0.299410	0.288291	1.550680	0.965136	-1.276232	-0.805795	-0.660636	0.976742	-0.361103	-0.580420	-1.699335	1.169412	0.240031	-0.147038	0.336196	-0.620828
-0.437524	1.228167	-0.768997	-0.499922	-0.509273	-0.748598	0.095536	-0.141028	-1.267951	-0.552523	0.887033	0.089586	-1.019851	-1.019969	-2.171664	-1.001741	0.355205	-0.508995	0.475705	0.363187	0.207826	-0.300608	-0.368333	0.553704	-0.121824	-0.627795	-1.158420	-1.023371	-0.622780	-1.629368	-0.906458	0.815889	-0.427041	0.311167	1.775288	0.677696	-1.045379	-0.709308	0.223321	0.190657	0.698029	2.027522	1.058912	-1.029852	-0.366100	0.300776	1.021997	-0.351355	-0.842234	-0.732423	0.232152	0.407594	-0.855121	-0.117679	-1.474788
-0.567381	0.165200	-1.130549	-0.451772	-0.361667	-1.558005	-0.596847	-0.782732	-1.296025	-0.724561	-0.101529	0.297570	-0.309115	-0.609469	-1.926925	-1.160188	-0.007205	-1.355461	-0.594363	0.009103	0.992982	-0.796250	-0.438561	0.384484	-0.986369	-1.215505	-0.868499	-1.455613	-1.026310	-1.326495	0.016121	1.014524	-1.153961	0.798064	0.904827	0.630025	-0.912756	-1.224014	-0.550475	0.018503	-0.276630	1.072003	0.507589	-0.977080	-0.230215	0.689505	1.030910	-0.234720	-1.167464	-0.347226	-1.065024	-0.074431	-2.170676	-1.162000	-1.302272
-1.076190	-1.548011	-1.413538	-0.616768	-0.893481	-2.348467	-0.714273	-1.617318	-1.170841	-1.170035	-1.409788	-0.380691	-0.372925	0.005720	-0.855485	-1.059572	0.037642	-1.716046	-1.853168	-1.099658	0.917781	-1.138765	-0.126907	0.578288	-1.765846	-1.034004	-0.662106	-1.739068	-1.329869	-0.656890	0.880623	1.124953	-1.952619	0.402765	-0.452132	0.920283	-0.876465	-1.468400	-1.283354	-0.018323	-1.856481	-0.422236	-0.227024	-1.197739	-0.455001	0.340949	0.937369	0.039458	-0.840338	-0.831543	-1.655467	-0.693290	-2.885515	-1.935169	-0.379554
-1.223715	-2.049398	-0.975057	-0.409074	-1.473038	-1.912143	-0.114103	-2.055196	-1.029550	-1.318293	-2.311491	-1.320220	-0.823091	0.371786	0.463890	-0.706791	0.329063	-1.286950	-1.955736	-1.561472	0.078187	-0.689212	0.208760	0.867788	-1.657685	-0.072913	-0.600555	-1.262266	-1.066102	-0.158948	0.919002	1.039314	-1.752676	-0.464490	-0.980697	1.053864	-0.952448	-1.021472	-1.445915	-0.072832	-2.284273	-1.154857	-0.461274	-1.153095	-0.684706	-0.189987	0.660890	0.292116	0.035352	-1.372891	-0.936088	-0.522223	-2.082076	-1.764079	0.639744
-0.601743	-0.742855	0.124287	0.239216	-1.298522	-0.030881	0.454114	-1.822594	-0.931558	-0.890400	-2.160663	-1.570542	-0.919183	0.012527	1.229462	-0.322877	0.279237	-0.515073	-0.560828	-0.542275	-0.629147	0.144052	0.155267	0.775095	-0.765481	0.994690	-0.606805	-0.022358	-0.156284	-0.012111	0.110346	0.825719	-0.280537	-1.199886	-0.385253	0.632212	-0.869164	0.035709	-0.987588	-0.296254	-0.743499	-0.666820	0.040020	-0.418646	-0.578662	-0.345998	0.269071	0.277551	0.585805	-0.923159	0.507701	0.714907	-0.236395	-0.808999	1.411796
0.420367	1.129585	1.130249	0.890765	-0.268515	2.213695	0.312924	-1.098686	-0.806467	-0.220871	-1.047835	-0.874297	-0.281569	-0.967305	1.030746	0.077477	-0.314669	0.137468	1.488225	1.377470	-0.491910	0.571919	-0.203357	0.136380	-0.047440	1.331094	-0.668539	1.280858	0.911517	0.116531	-0.683721	0.585711	1.503837	-1.385599	0.541093	-0.101464	-0.263665	1.195606	-0.162665	-0.501804	1.723384	0.342831	0.791415	0.730034	-0.152874	-0.155575	-0.096387	-0.075423	0.198373	0.515972	1.326866	2.174629	1.233754	0.266040	1.787700
1.155604	1.904163	1.443780	1.207049	0.982640	3.430867	-0.421170	-0.197751	-0.536768	0.249406	0.252982	0.213388	0.830168	-1.795751	0.276208	0.617909	-1.042358	0.597280	2.895326	2.913576	0.426012	0.485685	-0.431220	-0.645437	-0.203373	0.615707	-0.701634	1.978038	1.570804	0.531880	-0.566220	0.319785	2.396234	-1.052948	0.795266	-0.599111	0.836482	1.814463	0.672742	-0.423897	3.259727	0.857309	1.045862	1.585270	0.329111	0.002354	-0.343442	-0.527827	-0.742543	1.801322	0.788933	2.678093	1.377227	0.990416	1.640746
1.314144	1.109471	1.226929	1.293256	1.773346	3.127728	-1.130714	0.613622	-0.193493	0.460878	0.986004	1.022378	1.728230	-1.737948	-0.137772	1.153246	-1.442802	0.904181	2.864367	3.223511	1.455287	0.419111	-0.372825	-1.013520	-0.859788	-0.711623	-0.476981	1.982558	1.633799	0.928571	0.263155	-0.054877	2.113259	-0.646957	-0.024684	-0.715646	1.884261	1.449159	1.116102	-0.175544	2.908839	0.489215	0.472080	1.650596	0.609399	-0.073065	-0.478062	-0.701797	-1.332917	1.928226	-0.430907	1.804633	0.479281	1.334099	1.046631
1.146794	-0.363019	1.061746	1.423207	1.927528	1.972974	-1.400579	1.063100	-0.036852	0.590462	0.976818	1.336360	1.848996	-0.794243	0.320519	1.258365	-1.480529	0.927087	1.594761	2.353124	1.880732	0.664518	-0.311175	-0.904005	-1.058864	-1.784966	0.070010	1.561023	1.234236	0.610863	0.567162	-0.551899	1.314783	-0.572243	-1.462881	-0.770715	2.330367	0.237940	0.890303	-0.125284	1.248729	-0.350560	-0.586547	0.972023	0.570233	-0.267740	-0.573395	-0.433909	-1.137543	1.102507	-1.072252	0.151868	-0.440242	1.473018	0.373154
1.069909	-1.249746	1.247305	1.654426	1.738255	1.000345	-1.182331	1.021348	-0.087117	0.723064	0.607984	1.359282	1.259011	0.463284	1.307949	0.773743	-1.306177	0.566698	0.017763	0.989755	1.477422	0.967157	-0.422916	-0.692675	-0.332962	-1.892992	0.595530	0.964726	0.644568	-0.505873	-0.363026	-0.990900	0.785632	-0.705168	-2.459318	-0.890630	2.124809	-0.966328	0.159205	-0.284153	-0.358721	-0.955681	-1.369125	0.077676	0.334178	-0.324932	-0.636669	0.149233	-0.402197	0.351549	-0.717569	-1.214658	-0.613478	1.464620	0.027579
1.302677	-0.889946	1.614160	1.816002	1.588855	0.629001	-0.481226	0.788352	0.135547	0.879439	0.427988	1.381036	0.587755	1.581580	1.947774	0.157309	-0.822476	0.071628	-0.972382	-0.063042	0.674969	1.095629	-0.433679	-0.505469	0.950210	-0.901423	0.691272	0.486763	0.258654	-1.360367	-1.522498	-1.096472	0.850357	-0.501667	-2.052984	-0.673524	1.539985	-1.139928	-0.460715	-0.155482	-0.923130	-0.904092	-1.222188	-0.337545	0.258523	-0.018061	-0.515064	0.883379	0.513691	0.336783	-0.028292	-1.479298	0.015038	1.127241	0.156331
1.726846	0.389631	1.837210	1.730607	1.632254	0.462981	0.678060	0.895996	1.070465	1.147526	0.727131	1.539517	0.393471	2.432552	1.687176	0.051505	0.137748	-0.102088	-1.131191	-0.442861	0.143460	1.202846	-0.083436	-0.054235	2.100021	0.675603	0.471429	0.471109	0.391932	-0.720431	-1.216783	-0.794886	1.325052	0.296447	-0.219554	0.177495	0.732820	-0.038939	-0.433044	0.550501	-0.438825	-0.290133	-0.117257	0.073158	0.613291	0.663127	-0.092375	1.613179	1.417857	0.863946	0.352772	-0.605808	1.021767	0.307368	0.552278
1.943485	1.536046	1.685742	1.353706	1.722340	-0.023693	1.900928	1.446267	2.315076	1.523187	1.267152	1.773299	0.671262	2.802891	0.830993	0.563909	1.241678	0.216614	-0.846944	-0.450862	0.144251	1.454633	0.316218	0.686755	2.617745	1.946290	0.565927	0.902308	0.875163	1.254899	0.784220	-0.352940	1.692808	1.178828	1.946458	1.132693	-0.151689	1.450033	0.144032	1.270219	0.301306	0.468545	1.207713	0.955600	1.224193	1.380465	0.412556	1.948887	1.998995	1.402271	0.593374	0.589654	1.922467	-0.633763	0.778548
1.584667	1.623556	1.072919	0.792666	1.607539	-0.760217	2.441364	1.900640	2.791345	1.751671	1.422166	1.914719	1.018879	2.268527	0.181060	1.203379	1.697953	0.717956	-0.629175	-0.622491	0.349426	1.689862	0.202791	1.181070	2.316742	2.165649	1.389049	1.248303	1.132163	2.946117	2.810411	-0.087694	1.449664	1.285647	3.113931	1.272831	-0.600658	2.118709	0.672557	1.085095	0.444842	1.004544	1.787291	1.568890	1.638466	1.680542	0.608201	1.444251	1.833807	1.650738	1.114751	1.093004	2.374081	-0.842616	0.478341
0.733090	0.716543	0.133192	0.268717	1.216589	-1.142734	1.920150	1.736454	1.942614	1.595756	0.812871	1.840213	1.119971	0.774810	0.162889	1.525340	1.140738	1.010690	-0.610102	-1.048608	0.301212	1.667734	-0.412099	1.055655	1.351867	1.287311	2.531671	1.074863	0.890583	3.049492	3.213534	0.024864	0.599719	0.336570	2.844519	0.471583	-0.072592	1.636535	0.730962	-0.097749	-0.176548	1.184034	1.305383	1.538984	1.653264	1.475539	0.472956	0.297585	0.991916	1.528118	1.651759	0.623199	2.186888	0.109501	-0.265526
-0.061961	-0.231536	-0.744694	-0.029634	0.733633	-0.756928	0.884338	1.101963	0.471421	1.201327	-0.162033	1.533746	0.930703	-0.900590	0.465367	1.567130	0.232365	1.095590	-0.479257	-1.287055	-0.111151	1.351548	-0.872351	0.655140	0.243020	0.072255	3.059529	0.624589	0.540373	2.014334	2.120765	0.242132	-0.233509	-0.969955	1.751853	-0.398693	1.066225	0.779733	0.394829	-1.287894	-0.952201	1.009194	0.376880	1.149860	1.424161	1.113782	0.398135	-0.570249	0.252974	1.009163	1.410417	-0.196727	1.340023	1.407306	-0.867033
-0.360298	-0.466523	-1.199618	-0.168480	0.339483	0.090438	0.307656	0.581835	-0.412017	0.938024	-0.653476	0.998958	0.512103	-1.652270	0.547191	1.504765	0.017271	1.250826	0.072922	-1.011829	-0.714331	0.735964	-0.724554	0.450430	-0.394114	-0.546929	2.457947	0.407616	0.514479	1.303138	0.911476	0.543633	-0.458929	-1.519580	0.691832	-0.622008	1.481942	0.404410	-0.107014	-1.530940	-1.206797	0.530507	-0.147770	0.842229	1.048527	0.881976	0.524745	-0.559224	0.304361	0.240326	0.166461	-0.615916	0.074324	1.633045	-0.694300
-0.347266	-0.202763	-1.287806	-0.492152	-0.081832	0.573492	0.542019	0.478731	-0.291355	0.866976	-0.295934	0.178289	-0.126037	-1.071119	0.213502	1.160937	0.743097	1.514808	0.815961	-0.569633	-1.410995	-0.283234	-0.214148	0.331694	-0.323101	-0.335390	1.187206	0.368682	0.582005	1.538645	0.472686	0.535164	-0.258497	-0.726659	0.117792	-0.448130	0.268212	0.455620	-0.673423	-0.905334	-0.974206	-0.063756	-0.039351	0.638649	0.410563	0.672412	0.443570	-0.128481	0.899118	-0.403498	-1.249857	-0.457966	-1.066254	0.408648	0.270803
-0.582242	-0.157103	-1.414447	-1.269100	-0.837050	0.059699	1.017835	0.574708	0.192450	0.593532	0.391429	-0.930998	-0.977174	0.203336	-0.417000	0.252005	1.632674	1.568159	1.042076	-0.661361	-2.209554	-1.547296	0.238618	-0.040794	0.138828	0.094264	0.202148	-0.059830	0.144865	1.937184	0.523338	0.027123	-0.395807	0.937407	0.117496	-0.457743	-1.818310	0.266121	-1.115546	-0.157946	-0.887079	-0.476019	0.239453	0.217095	-0.442484	0.251937	-0.152514	-0.053397	1.161036	-0.647462	-1.813907	-0.053891	-1.473057	-1.064987	1.265052
-1.271114	-0.596568	-1.796596	-2.275739	-1.934298	-1.278269	0.955172	0.489481	0.229627	-0.249081	0.628611	-2.047089	-1.867509	1.159081	-1.171833	-0.911608	1.788996	1.203914	0.375080	-1.415767	-2.854375	-2.399314	0.608602	-0.589790	0.411918	0.010528	-0.039603	-1.033810	-0.873006	1.490584	0.396086	-0.572471	-1.229706	2.188436	0.522725	-0.700576	-3.004299	-0.357118	-1.070210	0.220432	-1.284871	-0.622535	0.133591	-0.530762	-1.127765	-0.405820	-0.906554	-0.380951	0.611341	-0.585323	-1.388633	0.156565	-0.964392	-1.388178	1.377412
-1.973864	-1.087976	-2.148728	-2.857050	-2.797552	-2.471946	0.157870	0.074842	-0.337052	-1.464814	0.206959	-2.588597	-2.353824	1.276342	-1.775228	-1.405499	1.065278	0.681438	-0.584448	-1.969959	-2.708957	-2.216957	1.021971	-0.999393	0.089394	-0.688633	0.073022	-1.851627	-1.772500	0.198954	-0.050617	-0.703115	-2.154413	1.892576	0.833412	-0.890036	-2.331926	-0.772194	-0.420629	0.201109	-1.673571	-0.741804	-0.441956	-1.131854	-1.300139	-1.133693	-1.246094	-0.653516	-0.382838	-0.442431	-0.657293	-0.100658	-0.031687	-0.457274	0.446936
-2.036599	-0.986017	-1.991690	-2.500777	-2.691442	-2.505586	-0.818059	-0.447271	-1.050542	-2.342767	-0.418574	-2.085125	-1.947724	0.737967	-1.791212	-0.606428	0.096710	0.458428	-0.749611	-1.265690	-1.359711	-1.107961	1.360440	-1.142393	-0.753747	-1.421727	-0.018619	-1.663444	-1.726840	-0.988775	-0.317225	-0.293350	-2.166366	0.171911	0.548690	-0.918623	-0.484953	-0.260631	0.500497	-0.057983	-1.254118	-0.902756	-0.938138	-0.814957	-0.921628	-1.582248	-1.046016	-0.716020	-1.023350	-0.238176	-0.166205	-0.666756	0.590341	0.765134	-0.673406
-1.231616	-0.017846	-1.170650	-1.340434	-1.550558	-1.269716	-1.133600	-0.646578	-1.406598	-2.299227	-0.716954	-0.764135	-0.674669	0.059897	-1.033075	1.040176	-0.320730	0.643471	0.226156	0.649856	0.620530	0.180010	1.481054	-0.906480	-1.537944	-1.461208	-0.285911	-0.476969	-0.569262	-1.218286	0.126494	0.293144	-0.944916	-1.487167	-0.180706	-0.702874	1.125940	1.097682	1.340775	-0.220011	0.085259	-0.674945	-0.576614	0.633930	-0.144059	-1.241035	-0.494190	-0.652813	-0.699908	0.102596	0.162890	-0.905310	0.625730	1.498925	-0.864399
-0.064295	1.335339	-0.033880	-0.081888	-0.267701	0.225586	-0.517407	-0.375619	-1.268732	-1.511332	-0.623528	0.344487	0.641998	-0.340194	-0.041293	2.319015	0.002964	0.784511	1.444061	2.365236	1.855348	0.940407	1.496545	-0.093413	-1.651240	-0.595970	-0.328800	0.686412	0.921884	-0.644181	1.056372	0.762315	0.653336	-1.636262	-0.684098	-0.030366	1.651542	2.287579	1.990161	0.153137	1.458386	0.189420	0.686660	2.215360	0.641830	-0.033372	0.313694	-0.313291	0.511236	0.440793	0.567857	-0.362624	0.357757	1.581582	0.074963
0.523955	1.952898	0.811508	0.553169	0.068957	0.767245	0.238303	-0.122601	-0.841461	-0.831362	-0.524993	0.206740	0.986658	-0.400303	0.232969	2.255260	0.379179	0.261067	1.642787	2.408811	1.449626	0.942074	1.477944	1.011857	-1.147358	0.586538	-0.192893	0.682082	1.479626	-0.300722	1.419430	1.053529	1.236828	-0.422994	-0.773416	0.923747	1.139493	2.041342	2.245908	1.053474	1.757347	0.950953	1.637070	2.296567	0.676533	1.048747	1.208623	0.386767	1.613366	0.473102	0.916206	0.482969	0.058422	0.999676	1.026439
0.043537	1.066625	0.977675	0.390039	-0.693511	0.144846	0.071949	-0.501457	-0.381061	-0.912207	-0.732195	-1.094164	0.174726	-0.399151	-0.483945	0.871421	0.007809	-0.953374	0.493167	0.753923	0.009983	0.431687	1.207268	1.513075	-0.737277	1.213370	-0.433066	-0.587479	0.473115	-0.886899	0.454587	1.150167	0.240840	0.634407	-1.052475	1.424421	0.105035	0.049387	1.780781	1.825249	0.800042	0.555183	0.950677	0.317068	-0.516938	0.724238	1.729742	0.987576	1.330093	0.094113	0.912959	0.652804	-0.333120	-0.183560	0.672571
-0.807763	-0.620369	0.692042	-0.068998	-1.532817	-0.662440	-0.855063	-1.288928	-0.015164	-1.433098	-1.008425	-2.204190	-0.922177	-0.544790	-1.201068	-0.844963	-0.873551	-1.942141	-1.085656	-1.173285	-0.952981	-0.034240	0.624141	0.983632	-0.800689	1.070430	-1.152930	-1.873453	-1.203288	-1.763357	-1.128583	1.050548	-1.277523	0.471585	-1.846302	1.091843	-0.842550	-2.242994	0.807691	1.921842	-0.359711	-0.795226	-0.926044	-2.243973	-2.121506	-0.812541	1.597457	1.035623	-0.448707	-0.397257	0.647072	-0.042258	-0.814713	-1.367561	-0.841607
-0.687728	-1.375243	0.644067	-0.097160	-1.286404	-0.565557	-1.133616	-1.484498	0.185955	-1.400805	-0.795798	-1.783766	-1.272341	-0.530154	-0.632057	-1.696975	-1.123793	-1.649720	-1.838465	-1.925613	-0.665778	0.025388	0.198965	0.236630	-0.713437	0.783894	-1.481971	-1.731178	-1.789940	-1.653463	-1.716094	0.867962	-1.533027	-0.402403	-2.399517	0.551140	-1.160815	-2.638750	0.198519	1.572858	-0.481610	-1.574648	-1.905095	-3.188043	-2.447389	-1.728366	1.188169	0.889765	-2.127736	-0.486949	0.572247	-0.704877	-1.003847	-1.634793	-1.793758
0.777354	-0.435224	1.215837	0.550026	0.099270	0.466424	-0.061463	-0.652800	0.145892	-0.293834	0.017589	0.037179	-0.658390	0.176327	1.144393	-1.257017	-0.287019	-0.258232	-1.341157	-1.256131	0.206420	0.490875	0.342889	0.304594	0.320690	0.855721	-0.587255	-0.130276	-0.595152	-0.433054	-0.779907	0.683804	0.033323	-0.812846	-1.805368	0.557637	-0.642509	-0.661293	0.366075	1.274047	0.456582	-0.839147	-0.819355	-1.960850	-0.900594	-0.769944	1.027893	1.211173	-1.996353	0.081719	0.876564	-0.564339	-0.639737	-0.843327	-0.840693
2.279163	0.946831	1.918176	1.356251	1.478610	1.411577	1.119157	0.280699	-0.060137	1.277039	0.806961	1.737663	0.281950	1.385508	2.469711	-0.254877	0.589799	0.669868	-0.311834	0.012895	0.596937	0.645509	0.637721	0.963333	1.918584	0.925510	0.956016	1.389695	1.081891	0.471048	0.311561	0.363049	1.954100	-0.473743	-0.407717	0.866653	0.318476	1.430882	0.485030	0.950499	1.204220	0.507592	0.942549	-0.171595	1.060950	1.029647	0.968771	1.763065	-0.261931	0.922904	1.147432	0.050706	-0.188535	-0.051148	1.224879
2.226194	1.056013	1.871342	1.554177	1.676625	1.310299	0.822195	0.124562	-0.112794	2.176744	0.890815	1.999706	0.799249	1.915443	1.943397	0.137020	0.354283	-0.074382	0.194058	0.973182	0.367306	0.014058	0.251811	1.052694	2.649592	0.441230	1.481027	1.427834	1.430472	-0.076572	-0.008361	-0.178550	2.255649	-0.149839	0.503641	0.695336	0.961493	1.058741	-0.433913	0.211801	0.774200	0.969231	1.248289	0.415035	1.597664	1.682767	0.433108	1.560187	1.183526	1.210203	0.883612	0.317221	-0.386759	-0.344779	2.264353
0.646478	-0.087766	0.869698	0.927021	0.627074	0.259540	-0.566623	-0.985306	0.218826	1.866158	0.285766	0.970899	0.706531	0.809123	0.168787	-0.472702	-0.570841	-1.741248	-0.100996	1.314065	0.254814	-0.893906	-0.864423	0.161322	1.680326	-0.293192	0.152787	0.265920	0.252084	-1.272625	-1.409978	-0.573552	0.627164	-0.420768	0.390370	0.044895	0.859332	-1.414948	-1.955349	-0.767449	-0.316571	0.461264	0.083146	-0.172509	0.681800	0.830512	-0.544171	0.332271	1.045052	0.505220	0.195390	0.081990	-1.139210	-1.451345	1.270195
-0.874602	-0.855385	-0.321086	0.016856	-0.692578	-0.729483	-1.148063	-1.740746	0.644363	0.762806	-0.468383	-0.199894	0.393709	-1.245432	-0.917405	-1.290830	-0.806699	-2.403079	-0.442396	1.245180	0.698092	-1.043154	-1.767691	-0.790655	-0.193866	-0.422160	-1.888757	-0.671434	-0.967597	-1.342053	-1.998117	-0.295570	-1.322440	-0.832321	0.127747	-0.283795	0.298032	-2.948387	-2.560799	-1.310828	-0.751319	0.223872	-0.603599	-0.585760	-0.157149	-0.015531	-1.122053	-0.951478	-0.031110	-0.636326	-0.285322	-0.068353	-1.421757	-2.041393	-0.529591
-1.109126	-0.180764	-0.845137	-0.493481	-1.294373	-0.785408	-0.192082	-1.327283	0.548367	-0.351280	-1.008719	-0.770056	0.273775	-2.320756	-0.409851	-1.264584	-0.064644	-1.282178	0.031808	1.032446	1.162347	-0.157245	-1.697600	-0.814265	-1.426751	0.198598	-2.692584	-0.597562	-0.970957	0.097297	-0.721194	0.509252	-1.898042	-0.550667	0.689296	-0.000776	-0.152865	-1.573276	-1.616901	-1.217485	-0.099702	0.874048	0.207915	-0.090492	-0.027252	0.248508	-0.734438	-1.360578	-0.609801	-1.143479	-0.179528	0.277019	-0.551586	-1.397466	-1.187596
-0.447059	1.187774	-0.679679	-0.496136	-0.981073	0.005956	0.843175	-0.262148	-0.208774	-0.982825	-1.300477	-0.934120	0.320818	-1.357357	0.549781	-0.286627	0.443499	0.394020	1.214833	0.726739	0.797242	0.768558	-0.998977	-0.084561	-1.312282	0.714045	-1.547662	-0.031000	-0.051569	1.496912	1.231112	0.882800	-0.953610	0.413047	1.728923	0.164702	-0.281633	1.197476	-0.202328	-1.063058	0.783990	1.433690	1.166096	0.697692	0.350488	0.842391	0.072260	-1.176454	-0.305759	-0.565549	0.215507	0.851121	0.866540	-0.233607	-0.188744
-0.075285	1.755962	-0.454231	-0.442925	-0.203919	0.843342	0.374358	0.561567	-0.900768	-1.002194	-1.222521	-1.051136	0.274647	0.541189	0.425832	0.698485	-0.230212	1.028447	2.078851	0.313333	-0.405866	0.532756	-0.560610	0.421658	-0.433653	0.393962	0.474869	0.228130	0.659753	1.346442	1.805904	0.089636	0.372173	1.089278	1.994481	-0.434484	-0.232683	2.372119	0.322059	-1.326150	0.998878	0.678457	0.513348	0.919956	0.033380	0.370835	0.247066	-1.291729	0.054488	0.482060	0.358236	1.157546	1.653339	0.369905	1.223834
-0.401385	1.014312	-0.502833	-0.667975	0.598985	1.141512	-1.128571	1.039235	-0.619491	-0.414783	-0.475916	-0.899258	0.207478	1.352257	-0.629522	0.758812	-1.456862	0.506676	1.823278	-0.019815	-1.363676	-0.766401	-0.671929	0.161186	0.244716	-0.433721	1.791844	0.153534	0.655979	-0.024259	0.482166	-1.390922	1.074931	0.748571	0.946365	-1.337795	-0.034736	1.087790	-0.068188	-1.695197	0.628332	-1.059256	-1.409771	0.581988	-0.658824	-1.114329	-0.506302	-1.849577	-0.210178	1.048752	0.123801	1.033387	1.457654	0.355901	1.606497
-0.711983	-0.174640	-0.436857	-0.916693	1.334162	1.060933	-1.742023	1.675553	0.706879	0.664164	0.953149	-0.025124	0.556823	0.479549	-1.012806	-0.038287	-1.881036	-0.001219	0.784024	0.046977	-0.952699	-1.645125	-0.848900	-0.451291	0.401089	-0.789006	1.709140	0.287746	0.417402	-1.020273	-1.231862	-2.256449	1.101904	-0.131504	-0.536887	-1.487074	0.460237	-0.739673	-0.346433	-1.549842	0.374415	-2.037846	-2.487876	0.265965	-0.658274	-2.073788	-1.386288	-2.090847	-0.740715	0.783221	-0.095297	0.608627	1.018802	0.513421	0.787997
-0.242135	-0.610676	0.222363	-0.666785	1.980643	1.092779	-0.499480	2.590837	2.168582	1.833569	2.479856	1.392075	1.441400	-0.662205	0.178310	-0.805808	-1.047874	0.302252	0.040921	0.569595	0.713742	-0.893866	-0.662406	-0.612719	0.460902	-0.113119	0.714008	0.867404	0.578026	-0.734060	-1.651146	-1.759737	0.973404	-0.384328	-1.155966	-0.489069	1.095521	-1.047123	0.050135	-0.821799	0.620661	-1.077926	-1.393178	0.210104	0.293837	-1.380905	-1.379810	-1.476031	-0.725501	0.041999	0.135060	0.009669	1.091569	1.138232	-0.255385
0.809803	0.033440	1.216611	0.173217	2.228592	1.294736	1.470425	3.144266	2.688423	2.418582	3.224559	2.406000	2.188907	-0.489620	1.901359	-0.893890	0.276725	0.946042	0.186653	1.128820	2.220256	0.865871	-0.296667	0.036866	0.860930	1.191847	-0.164064	1.486484	1.125192	0.199037	-0.760225	-0.435933	0.992149	0.477116	-0.598397	0.991117	1.245216	0.093369	0.587974	-0.010140	1.098449	0.999731	0.901869	0.118312	1.271602	0.337511	-0.293382	-0.405987	0.008716	-0.655328	0.784222	-0.615362	1.478352	1.490471	-0.664650
1.501958	0.928489	1.673036	1.057478	1.653677	1.160486	2.313151	2.568025	1.856814	1.899105	2.645575	2.159348	1.874263	0.819966	2.342160	-0.523332	1.166741	0.981121	0.691311	1.132183	2.188670	1.726023	-0.121213	1.123391	1.384213	2.127664	-0.248045	1.542755	1.460786	0.607935	0.087881	0.613669	0.966132	1.688375	0.243156	2.001139	0.449482	1.049883	0.531987	0.559763	1.231003	2.196870	2.330564	-0.265718	1.305168	1.477339	1.126160	0.399695	0.824682	-1.010804	1.289966	-0.937513	1.288902	0.778291	-0.505342
1.245474	0.955978	1.101266	1.331689	0.322021	0.308748	1.537676	0.847749	0.153991	0.471096	0.993993	0.790030	0.388325	1.654064	0.997294	-0.275106	1.458497	0.267806	0.595387	0.373228	0.649202	0.713577	-0.009170	1.858195	1.372455	1.949012	0.225175	0.833773	1.056490	0.189834	0.023525	0.905771	0.585364	2.072799	0.358616	2.143461	-0.876344	0.787898	-0.006261	1.086070	0.651745	1.514259	1.992252	-0.756224	0.424315	1.246703	1.922384	0.840483	1.073876	-0.938477	1.031427	-0.694285	0.063751	-0.677595	-0.363391
0.424111	-0.109969	0.005264	0.877525	-0.990008	-0.864770	0.331077	-1.070398	-1.361545	-0.910217	-0.756518	-0.630258	-1.224847	0.970721	-0.801866	-0.237483	1.511999	-0.370283	-0.306657	-0.689506	-1.021184	-0.966890	0.464866	1.561325	0.582267	0.761934	0.396959	-0.265779	-0.035317	-0.307030	-0.362576	0.778362	-0.125590	1.256388	-0.271101	1.553546	-1.651048	-0.156276	-0.284258	1.684838	-0.443732	-0.034781	0.786470	-0.936254	-0.545046	0.323033	1.624144	1.254614	0.725353	-0.527888	-0.029831	-0.173155	-1.502755	-1.608982	-0.536510
-0.165953	-1.355073	-0.701392	0.181167	-1.421492	-1.458000	-0.126292	-2.022110	-1.707294	-1.287701	-1.579253	-1.099416	-1.697889	-0.575483	-1.424391	-0.034716	1.379029	-0.251392	-1.222799	-1.261322	-1.506091	-1.337870	1.116200	0.106790	-0.422653	-0.662801	-0.171738	-1.093207	-1.202486	-0.108127	-0.066408	0.560173	-0.812168	-0.066455	-0.729867	0.383310	-1.181878	-0.672229	-0.032035	1.768070	-1.366287	-0.735431	-0.038190	-0.580648	-0.876545	-0.181380	0.365547	1.488090	0.164085	-0.080870	-1.220854	-0.083963	-2.093594	-1.128551	-0.843556
-0.245982	-1.703892	-0.709850	-0.193282	-0.855798	-1.032554	-0.018880	-1.646609	-0.743508	-0.588230	-1.197465	-0.566597	-0.814089	-1.559533	-0.649301	0.407303	0.713576	0.295208	-1.328896	-0.948631	-0.773132	-0.053169	1.052080	-1.789890	-0.885386	-1.590513	-0.869457	-1.171313	-1.709079	0.675468	0.807621	0.090187	-1.130487	-0.935616	-0.275622	-1.161433	0.059071	-0.407514	0.192630	0.670541	-1.495301	-0.161686	-0.293307	0.162759	-0.453055	0.031082	-1.245484	0.929720	-0.293328	0.070251	-1.790050	-0.657776	-1.125455	0.283018	-0.977348
-0.152186	-1.026356	-0.445854	-0.136885	0.018886	-0.125997	-0.163672	-0.631375	0.585768	0.351748	-0.247935	0.203165	0.391304	-1.353838	0.362164	0.633850	-0.368262	0.465340	-0.706065	-0.183681	0.135140	1.240989	-0.033268	-2.799821	-0.659052	-1.735378	-0.795653	-0.562715	-1.261167	1.226541	1.170434	-0.662345	-0.968011	-0.993199	0.717229	-2.295473	0.868197	0.125515	-0.059091	-1.034789	-0.858552	0.574887	-0.482326	0.848459	0.304221	0.404737	-2.248064	-0.288455	-0.508350	-0.088947	-1.599980	-1.177106	0.493482	1.246425	-0.779223
-0.170393	-0.171241	-0.306341	0.016828	0.442885	0.353039	-0.544240	0.049935	1.054736	0.659985	0.366350	0.482243	0.755216	-0.535444	0.547119	0.333197	-0.960015	0.094590	-0.125646	0.232716	0.357274	1.040789	-1.016653	-2.078640	-0.205284	-1.187933	-0.044473	0.131992	-0.340035	0.950941	0.498720	-1.057885	-0.462012	-0.572097	1.095351	-2.006036	0.596506	0.336287	-0.381330	-1.691352	-0.096674	0.445761	-0.656629	0.966021	0.728602	0.388178	-1.881674	-0.975241	-0.431108	-0.245772	-1.046656	-0.873543	1.197481	0.951442	-0.328775
-0.199156	0.027576	-0.224159	-0.019977	0.244033	0.112606	-0.476515	0.025153	0.386748	0.227402	0.255729	0.172506	0.169453	-0.024085	-0.005089	-0.188154	-0.481724	-0.274420	-0.089996	0.020186	0.018655	-0.192048	-0.685885	-0.370881	0.030635	-0.336789	0.360200	0.257609	0.151378	0.097684	-0.411165	-0.568767	0.015153	-0.146060	0.326658	-0.463325	-0.162389	0.073191	-0.212995	-0.612415	0.159497	-0.231996	-0.445630	0.356290	0.395789	-0.007092	-0.514699	-0.422412	-0.161968	-0.187958	-0.474751	-0.062174	0.453432	-0.006092	0.020555
-0.104389	-0.347174	-0.073411	-0.160765	-0.179323	-0.343920	0.062006	-0.311993	-0.465975	-0.326293	-0.226526	-0.287850	-0.477701	-0.097663	-0.456854	-0.419429	0.345285	-0.277838	-0.358841	-0.363056	-0.229270	-0.827069	0.418436	0.561115	0.020544	0.206288	-0.070605	-0.215576	-0.154522	-0.510495	-0.535465	0.196529	0.052784	0.127964	-0.668825	0.662922	-0.399693	-0.380095	0.164219	0.746182	-0.144178	-0.445067	0.023224	-0.450179	-0.328304	-0.348209	0.410665	0.432503	0.058177	-0.064417	-0.025297	0.253543	-0.624544	-0.450623	-0.102468
-0.010047	-0.484269	-0.032097	-0.184463	-0.333880	-0.437173	0.320682	-0.340397	-0.424769	-0.340914	-0.398092	-0.389254	-0.412968	-0.256618	-0.291242	-0.235421	0.417015	-0.084036	-0.387317	-0.413000	-0.138720	-0.244294	0.647405	-0.010347	0.018881	0.077143	-0.564161	-0.586549	-0.617086	-0.324478	0.021074	0.142936	-0.329592	0.329176	-0.552934	0.163199	-0.011580	-0.502879	0.085860	0.586931	-0.484368	0.039575	0.132530	-0.579690	-0.485725	-0.235859	-0.005300	0.285393	0.104046	-0.106957	0.077850	-0.184409	-0.598601	-0.093138	-0.549773
-0.076628	0.037840	-0.252388	-0.123545	-0.046943	-0.116491	-0.032783	0.094071	0.467594	0.223792	0.034406	0.002351	0.207064	-0.009052	0.203461	0.085521	-0.254667	0.061912	-0.020462	-0.167432	-0.004077	0.530730	-0.355242	-0.918293	0.171664	-0.400634	-0.224893	-0.254781	-0.425166	0.316153	0.279346	-0.671292	-0.550478	0.395625	0.603896	-1.014701	0.221975	-0.009809	-0.309520	-0.783162	-0.316521	0.416375	-0.248974	0.196849	0.293785	0.255589	-0.921339	-0.613136	0.051598	-0.267079	-0.332852	-0.572282	0.551088	0.333763	-0.626345
-0.232591	0.572577	-0.470967	-0.147044	0.441498	0.285274	-0.528256	0.462074	1.109903	0.733667	0.598499	0.501232	0.622498	0.366382	0.371340	0.198929	-0.794302	0.065129	0.330600	0.054688	-0.010606	0.384095	-1.164856	-0.785589	0.270766	-0.597338	0.642808	0.457318	0.273602	0.516388	-0.197952	-0.978707	-0.136497	0.070393	1.231173	-1.054136	-0.058853	0.615342	-0.264714	-1.433972	0.302856	0.033192	-0.541509	1.007070	1.075601	0.504172	-0.887430	-0.876304	-0.074346	-0.299158	-0.844649	-0.270349	1.413480	0.330679	0.041318
-0.251168	0.232652	-0.270759	-0.135576	0.699587	0.495753	-0.695082	0.178716	0.618631	0.534797	0.575477	0.572654	0.387937	0.184005	-0.007192	-0.027616	-0.776003	-0.165770	0.183038	0.178586	0.085812	-0.389200	-0.705100	0.149068	-0.006108	-0.331070	0.925169	0.703833	0.621144	-0.061496	-0.711292	-0.104633	0.596505	-0.624615	0.308754	0.193513	-0.250674	0.484163	0.263179	-0.486292	0.713303	-0.659376	-0.324084	0.783885	0.668602	-0.004010	0.164119	-0.056898	-0.336895	-0.117471	-0.662475	0.316642	0.850393	0.222961	0.822799
0.003744	-0.760896	0.353390	0.227095	0.472533	0.435776	-0.480859	-0.540238	-0.678620	-0.305052	-0.074773	0.124535	-0.225027	-0.547914	-0.427073	-0.398158	-0.391889	-0.551536	-0.392114	0.321597	0.456455	-0.622952	0.325864	0.632489	-0.544263	0.084422	0.145725	0.255075	0.301236	-0.661484	-0.420997	1.014368	0.879153	-1.067410	-1.200089	1.123788	0.141580	-0.482451	0.386078	0.877778	0.392106	-0.682174	0.149597	-0.449283	-0.759980	-0.882528	0.919596	0.777270	-0.561810	0.087040	0.354439	0.389173	-0.711770	0.277133	0.736098
0.391474	-1.232870	0.867117	0.809230	-0.089950	0.128210	0.013068	-0.844427	-1.618907	-1.028696	-0.659070	-0.407724	-0.661306	-0.977165	-0.334300	-0.556099	0.227909	-0.642983	-0.759028	0.381775	0.706176	-0.003077	0.675846	0.238160	-0.744124	0.342550	-0.982988	-0.300791	-0.170276	-0.454004	0.425638	1.069210	0.414490	-0.595763	-1.617395	0.676971	0.591781	-1.240630	-0.338118	1.191180	-0.404123	0.108797	0.390046	-1.566472	-1.785407	-1.169147	0.544408	0.620932	-0.387803	0.093666	1.263992	-0.143025	-1.837531	0.123482	-0.294293
0.520629	-0.662397	0.668431	0.893151	-0.563556	-0.289985	0.512271	-0.398154	-1.414918	-0.980851	-0.693038	-0.596829	-0.681588	-0.568032	0.019397	-0.372433	0.902009	-0.106205	-0.430395	0.054373	0.242787	0.461049	0.285610	-0.292260	-0.250963	0.296843	-1.364791	-0.516799	-0.430540	0.156173	0.711317	0.064906	-0.338554	0.580445	-0.721261	-0.378753	0.342746	-0.953335	-1.050828	0.499573	-0.921064	0.687647	0.194552	-1.577921	-1.446522	-0.573916	-0.307202	-0.172623	0.134327	-0.074614	1.023048	-0.561598	-1.595462	-0.381184	-1.303156
0.148428	0.107073	-0.258110	0.081881	-0.604401	-0.558568	0.485454	0.162266	-0.325563	-0.207286	-0.406812	-0.408928	-0.449361	0.194986	-0.129626	-0.057348	0.980810	0.668169	0.302899	-0.669830	-0.868358	-0.076505	0.076874	-0.291308	0.524231	-0.154853	-0.546145	-0.584752	-0.711107	0.037463	-0.070117	-0.803534	-0.722906	1.436893	0.231909	-0.683756	-0.336970	-0.074381	-0.616218	-0.057716	-0.730622	0.147970	-0.269408	-0.522140	-0.203986	0.167376	-0.517339	-0.504384	0.414157	-0.182220	-0.311509	-0.206913	-0.286201	-0.490672	-1.448989
-0.386008	0.104714	-1.139947	-0.892519	-0.185512	-0.515827	-0.227715	0.193016	0.759974	0.709028	-0.132493	-0.010263	-0.204850	0.601912	-0.825495	0.168270	0.023292	0.884631	0.631025	-1.282444	-1.688618	-0.944865	0.425780	0.032727	0.899102	-0.856697	0.954414	-0.667258	-1.043647	-0.854200	-1.005464	-0.732428	-0.473876	1.287791	0.397847	-0.055187	-0.482656	0.442519	0.838678	0.105894	-0.072555	-0.981705	-0.580378	0.821971	0.926440	0.413181	0.044022	0.033099	0.121614	-0.064908	-1.658889	0.764666	1.084094	0.405091	-0.869473
-0.451266	-0.495934	-1.084659	-0.854232	0.417240	-0.331379	-0.884055	-0.091165	1.135488	1.149239	0.227413	0.471032	-0.063870	0.641925	-1.094813	0.270351	-1.254480	0.273210	0.118727	-1.268414	-1.283904	-0.793316	0.619881	0.062946	0.717080	-1.214637	2.040722	-0.451850	-0.891988	-1.177314	-0.868155	-0.214035	0.139536	0.553913	0.249211	0.433327	0.084686	0.486308	1.888853	0.376947	0.506181	-1.268475	-0.376837	1.623661	1.472613	0.421193	0.446202	0.716200	-0.267356	0.172503	-2.076116	1.491432	1.708481	1.550361	-0.244470
-0.008492	-0.845334	-0.126768	0.240554	0.770536	-0.364436	-0.587822	-0.131872	0.697688	0.788703	0.729137	0.806253	-0.113675	0.700135	-0.292522	0.178934	-1.518492	-0.597800	-0.816482	-0.808285	0.142753	0.412419	-0.057583	-0.413930	0.369235	-0.729926	1.858580	0.144709	-0.131171	-0.148035	0.190011	-0.247432	0.525495	0.139545	0.477649	-0.103771	0.390118	0.623729	1.340674	-0.093838	0.577790	-0.223975	0.151499	1.329304	1.407292	0.606500	-0.104563	0.602715	-0.152632	0.241033	-1.588526	1.232011	1.428970	1.511238	0.048936
0.174603	-0.634276	0.619081	0.985884	0.504239	-0.756543	0.512803	0.066635	-0.107932	-0.223295	0.887047	0.594871	-0.486408	0.804696	0.778471	-0.291922	-0.352002	-0.967380	-1.398736	-0.723555	1.194183	1.103758	-1.200849	-0.949521	0.219620	0.284238	0.549946	0.415140	0.321417	1.137081	0.723696	-1.021407	0.207374	0.314100	0.921406	-1.232129	-0.361895	0.927664	-0.439100	-1.160573	-0.025560	0.990711	0.279417	-0.100077	0.652139	0.638953	-1.277302	-0.350423	0.270365	-0.089765	-0.875274	0.079604	0.638882	0.003072	0.058041
-0.494738	-0.248042	0.159766	0.166423	-0.386210	-1.264920	1.310485	0.064071	-0.606723	-1.240503	0.239421	-0.324420	-1.174102	0.673928	0.740324	-1.055218	1.231222	-0.678042	-1.351964	-1.505948	0.625495	0.117461	-1.661880	-0.876498	0.306340	0.895541	-0.783308	-0.296319	-0.356565	1.107978	-0.092403	-1.739976	-0.729440	0.533143	1.020176	-1.705165	-1.677024	0.765118	-1.865201	-1.738864	-1.126824	1.001077	-0.422492	-1.872844	-0.639807	-0.027404	-1.958082	-1.231848	0.312791	-0.774855	-0.363529	-1.171431	-0.110336	-1.678153	-0.110274
-1.544000	-0.016256	-1.158776	-1.654408	-1.379203	-1.523438	0.986697	-0.256060	-0.391808	-1.517963	-0.779402	-1.454521	-1.807095	0.256127	-0.582968	-1.539491	1.823015	-0.290454	-1.096342	-2.485379	-1.223412	-1.697880	-0.958005	-0.102942	0.483429	0.536445	-1.069627	-1.478867	-1.521444	-0.150627	-1.316300	-1.672971	-1.634889	0.230621	0.675380	-1.016846	-2.359294	-0.235539	-1.771290	-1.114925	-2.124913	-0.122686	-1.446772	-2.653041	-1.648378	-1.082753	-1.521471	-1.222321	-0.122775	-1.399033	0.163379	-1.829697	-0.533088	-2.134756	-0.357836
-1.932278	0.116105	-2.002314	-2.716260	-1.747542	-1.378152	-0.193854	-0.529813	0.277684	-0.880607	-1.109723	-1.914428	-1.796285	-0.172987	-1.897636	-1.193322	0.923215	-0.421830	-1.086576	-2.327757	-2.612371	-2.474229	0.156583	0.585790	0.568856	-0.400658	-0.246380	-1.884496	-1.650241	-1.104521	-1.473491	-0.957923	-1.852551	-0.538616	0.135123	-0.044852	-1.815477	-1.567360	-0.534892	0.145792	-2.259178	-1.091908	-1.841439	-1.711201	-1.487444	-1.554452	-0.494722	-0.453099	-0.338827	-1.370696	1.037393	-1.821260	-0.741218	-1.254350	-0.470909
-1.296335	0.266378	-1.603665	-2.119948	-1.248358	-0.941889	-1.273248	-0.442991	0.643158	0.039773	-0.336129	-1.279461	-0.876210	-0.349405	-1.976354	-0.124050	-0.658644	-0.972794	-1.161495	-0.571321	-2.203783	-1.554633	0.715137	0.366378	0.372843	-0.974354	0.809270	-1.063259	-0.238840	-0.852892	-0.430346	-0.170325	-1.293995	-1.249142	-0.517238	0.147233	-0.412630	-2.324184	0.540289	0.900094	-1.245894	-1.003618	-1.210304	0.209283	-0.324268	-1.044735	0.216811	0.351358	0.155714	-0.471685	1.984792	-1.408882	-0.941580	-0.000660	-0.321290
-0.311831	0.398167	-0.584961	-0.758143	-0.459904	-0.423094	-1.504595	-0.114787	0.161147	0.357039	0.645472	-0.110627	0.470263	-0.242928	-0.933844	0.987535	-1.501073	-1.144245	-0.748609	1.593133	-0.490318	-0.077717	0.723009	-0.467674	-0.194403	-0.612190	1.169615	0.087479	1.510892	-0.093613	0.633600	0.521450	-0.452658	-1.455965	-1.211613	-0.237644	1.104549	-2.010297	0.711388	0.784125	0.308381	-0.251641	-0.021534	1.509501	0.586307	-0.249818	0.466297	0.773023	0.869002	0.732438	2.226458	-0.732321	-1.075992	0.684500	-0.104105
0.187899	0.446683	-0.059715	-0.048263	-0.210343	0.024267	-0.932227	0.047873	-0.928887	-0.245192	0.492807	0.476087	1.299156	-0.027518	0.197532	1.547553	-0.862878	-0.378908	0.341760	2.445198	0.839246	0.566070	0.863503	-0.673349	-0.957465	0.340822	0.553210	0.463535	2.015604	0.092865	0.862346	1.312312	0.102006	-1.120978	-1.518541	-0.106152	2.064297	-0.863362	0.276028	0.392127	1.282139	0.092096	0.892782	1.290935	0.224171	-0.116125	0.806202	0.820931	0.853461	1.319955	1.396582	0.142251	-0.905076	0.491521	-0.006369
0.110656	0.400404	-0.236651	-0.223239	-0.615035	0.333025	-0.268802	-0.251680	-1.791969	-1.222215	-1.073703	-0.105551	1.074175	0.044649	0.701845	1.434028	0.528192	0.837883	1.560762	1.562403	0.824135	0.221837	1.257061	0.431824	-1.509544	0.962455	-0.595347	0.038441	0.949762	-0.319478	0.585916	2.041330	0.224329	-0.540391	-0.994799	0.850511	1.963215	0.371035	-0.274592	0.223021	0.990076	-0.538881	0.967414	0.121169	-1.034580	-0.755076	1.455741	0.410559	-0.124294	1.010577	0.132424	0.976325	-0.423265	-0.339415	0.267988
-0.028298	0.231246	-0.321803	-0.331339	-0.919988	0.493597	-0.162743	-0.903201	-1.761438	-1.669926	-2.790131	-1.248528	0.196110	-0.162679	0.640272	0.812664	1.161902	1.400258	2.147703	0.171313	0.135676	-0.267152	1.170275	2.034563	-1.521811	0.700864	-1.412400	-0.287647	-0.561955	-0.492316	0.505682	2.119288	0.218532	-0.077291	0.125775	1.640028	0.753759	0.965605	-0.902871	0.061125	-0.183642	-1.677262	0.259818	-0.751847	-1.800411	-1.351045	1.900338	-0.597759	-1.211109	0.476790	-0.515531	1.473503	0.006793	-1.216931	1.144400
0.091127	-0.090059	0.253030	0.275718	-0.455597	0.532671	-0.542950	-1.418857	-0.919673	-1.149074	-3.020376	-1.707992	-0.446658	-0.480403	0.362275	-0.096969	0.367115	0.821311	1.864126	-0.325949	0.001434	-0.288235	0.118785	2.673841	-1.060391	-0.083085	-1.177394	0.079088	-1.170230	0.010202	0.668585	1.356726	0.402930	0.055056	0.973911	1.329068	-0.807386	0.725727	-1.572285	-0.427759	-1.133562	-2.298805	-0.593603	-0.716171	-1.216352	-1.098981	1.647057	-1.772203	-1.363724	0.451158	-0.206950	1.495309	0.034930	-1.416584	2.285269
0.227362	-0.449009	0.995222	1.064895	0.503756	0.525001	-0.790805	-1.308529	0.054715	-0.076662	-1.413117	-0.884621	-0.376881	-0.516603	0.023703	-0.920124	-0.965485	-0.198488	1.090959	0.211296	0.634269	0.006958	-1.222587	1.786900	-0.555932	-0.625228	0.044988	0.738446	-0.556493	0.635895	0.600620	0.429640	0.724932	-0.138126	0.883649	0.310500	-1.538526	0.098271	-1.702628	-0.950062	-1.030855	-1.788793	-0.884768	-0.190684	0.069721	-0.140887	0.939874	-2.108073	-0.514194	0.782803	0.399054	1.003783	-0.250828	-0.571306	2.611207
0.052685	-0.538857	1.033241	1.149076	1.131457	0.600187	-0.518320	-0.462129	0.563062	0.684726	0.753395	0.584844	0.157190	-0.072344	-0.343995	-1.045839	-1.443576	-0.544459	0.334466	0.844945	1.104886	0.289005	-1.600328	0.185474	-0.391458	-0.640291	1.310094	0.942408	0.508854	0.596576	0.157074	0.157230	0.898495	-0.481427	0.049765	-0.205105	-0.904852	-0.223662	-0.649601	-0.799498	0.024302	-0.500660	-0.454057	0.144703	0.676781	0.561110	0.445136	-0.976086	0.341698	0.720086	0.504571	0.098869	-0.381226	0.901419	1.559314
-0.237153	-0.080013	0.355077	0.573258	1.135196	0.877145	0.053472	0.815098	0.551701	0.647349	1.925436	1.597622	0.655485	0.571737	-0.553241	-0.039538	-0.725728	0.145715	-0.144218	0.839519	0.663341	0.687791	-0.562637	-0.876365	-0.512412	-0.435464	1.621584	0.630073	1.196868	-0.082173	-0.182680	0.486004	0.875178	-0.742190	-0.710269	0.297725	0.422354	0.170728	1.345891	0.267231	1.250780	0.622021	0.223470	0.215424	0.150290	0.343966	0.430879	1.108532	0.304903	0.046767	0.091961	-0.688423	0.013299	2.098284	-0.046582
-0.026530	0.834017	-0.068796	0.302699	1.027449	1.330434	0.517201	1.999063	0.336726	0.122276	1.749675	1.729073	0.892983	0.966614	-0.289500	1.747680	0.266287	1.224466	-0.242637	0.412916	-0.255332	1.510943	1.035012	-0.886026	-0.481742	-0.255154	0.953482	0.484345	1.451098	-0.553293	0.062738	0.563356	0.988330	-0.740017	-0.816557	1.037263	1.317495	1.136316	3.091506	1.595579	1.933227	0.953124	0.604745	0.490334	-0.497019	-0.331733	0.534714	2.818863	-0.304408	-0.413459	-0.157099	-0.593191	0.806456	2.460939	-0.813254
0.983107	1.664057	0.568452	0.974903	1.264855	1.694306	0.795086	2.510447	0.129465	-0.164532	1.039334	1.396657	0.914481	1.060503	0.510161	3.197911	0.557642	1.799297	0.100117	0.251887	-0.575420	2.485753	1.970147	-0.292005	0.066439	0.086828	0.264192	0.996099	1.691926	-0.177400	0.715230	-0.124267	1.507479	-0.384486	-0.505465	0.899874	1.410545	2.055986	3.490411	2.193373	1.903990	0.676046	0.650334	1.200952	-0.039225	-0.375363	0.335212	3.108835	-0.232538	0.345915	0.254676	0.493914	1.446460	2.127394	-0.293945
2.268737	1.820017	1.912476	2.048370	1.522575	1.544835	1.011732	1.956116	-0.123965	0.146431	0.565705	1.077975	0.710406	1.156704	1.398046	3.276231	0.124956	1.516195	0.670307	0.562624	0.091724	2.748207	1.864746	0.245364	1.004651	0.755465	0.342965	1.789841	1.975537	0.707057	1.128291	-0.996985	2.126411	0.285309	-0.488911	-0.233012	1.267744	2.235985	2.525322	1.701502	1.441296	0.419740	0.745561	1.920833	1.463006	0.671042	-0.072524	2.038992	1.186501	2.148965	1.011520	1.666450	1.420034	1.453718	0.673303
2.824541	1.164052	2.718603	2.354588	1.113353	0.629981	1.018843	0.547257	-0.468931	0.696274	0.352782	0.770090	0.134837	1.235422	1.711934	1.892942	-0.427104	0.616583	0.831645	0.822467	1.020142	1.798780	1.245629	0.491319	1.694998	1.357197	0.788385	2.018528	1.827127	1.188922	0.960503	-1.027460	2.092314	0.966079	-1.045199	-1.368030	1.413274	1.433861	1.099743	0.673290	0.873052	0.553409	1.098846	2.039588	2.704134	2.069747	-0.240251	0.600084	2.983710	3.359425	1.293918	1.928277	0.710368	0.572181	1.015340
2.075831	0.124845	2.066103	1.336980	-0.021950	-0.732307	0.464774	-0.776519	-0.669225	0.876502	0.164698	0.301947	-0.769540	0.738367	1.232021	-0.072522	-0.759204	-0.444973	0.085707	0.512749	1.320908	0.224246	0.600058	0.472936	1.471565	1.252712	0.461331	1.281480	0.935283	0.836658	0.521411	-0.018646	1.006006	1.118415	-1.584121	-1.580890	1.580439	0.119579	0.049735	-0.136282	0.360863	0.958897	1.416447	1.493926	2.572624	2.661121	-0.021106	-0.285160	3.360016	2.368270	0.679711	1.218734	-0.138749	-0.357705	0.456585
0.524554	-0.604140	0.326205	-0.362740	-1.036895	-1.657993	-0.497249	-1.000129	-0.351792	0.593497	0.155693	-0.154102	-1.481427	-0.588972	0.477504	-1.500929	-0.942166	-1.229208	-1.122809	-0.090811	1.014429	-0.800764	-0.158388	0.112671	0.347895	0.457543	-0.967721	0.063467	-0.260737	0.205428	0.324342	1.089852	-0.532201	0.480496	-1.218582	-1.013231	1.163532	-0.859738	-0.472450	-0.532557	-0.001744	1.409749	1.316197	0.830041	1.294395	2.097727	0.189580	-0.529898	1.649882	-0.459413	-0.342315	0.199344	-0.454462	-0.874553	-0.423177
-0.567967	-0.491795	-1.055628	-1.467595	-0.991993	-1.376409	-0.949484	-0.006805	0.529004	0.392625	0.623599	-0.190209	-1.295351	-1.870471	0.220309	-1.793592	-0.932383	-1.380658	-1.600733	-0.175630	0.844514	-0.675083	-1.180962	-0.564728	-0.736773	-0.138017	-2.304658	-0.656065	-0.863285	0.277009	0.487843	1.264709	-1.313251	-0.383961	0.265562	-0.503905	0.157480	-0.993378	-0.736130	-0.778550	-0.087859	1.862725	0.895788	0.541315	0.101847	1.164425	-0.024635	-0.587615	-0.757131	-2.685774	-0.852165	-0.620107	-0.055017	-0.712833	-0.801036
-0.345397	0.437945	-0.905892	-1.198427	0.120983	-0.056835	-0.150097	1.221766	1.475138	0.741246	1.299278	0.272451	-0.081176	-1.698128	0.676957	-1.155212	-0.478533	-0.811564	-0.714763	0.504637	1.120724	0.132390	-2.086844	-1.072238	-0.690120	0.225738	-2.074964	-0.260645	-0.403832	1.383802	0.686453	0.486967	-0.757202	-0.455550	2.059274	-0.453111	-0.712350	-0.497331	-0.947063	-0.989862	0.109111	2.186657	0.591503	0.514457	-0.086753	0.831083	-0.509708	-0.615734	-1.745427	-2.171191	-0.483096	-1.092638	0.536568	-0.392169	-0.258503
0.718799	1.450620	0.430400	0.034110	1.264495	1.201932	1.356238	1.548914	1.873753	1.386785	1.382812	0.794200	1.381148	0.199411	1.291967	-0.328902	0.356304	0.160932	0.783563	1.176147	1.225841	0.729118	-2.254746	-0.840473	0.483822	1.125486	-0.354650	0.867368	0.602260	2.702296	0.627963	-0.336800	0.357048	0.541872	2.966439	-0.432333	-0.820557	0.037440	-1.174066	-1.006048	0.310303	1.911447	0.526062	0.268041	0.478031	1.149614	-0.686712	-0.354466	-0.697395	0.484479	0.225213	-1.085590	0.633152	-0.677376	0.863852
1.269038	1.585267	1.384563	1.035368	1.348837	1.410276	2.147747	0.816037	1.648099	1.659233	0.513493	0.907047	2.093009	2.240416	1.410720	0.037892	1.060224	1.063366	1.612333	1.012636	0.545649	0.773322	-1.558257	-0.014431	1.462025	1.364788	1.153911	1.586679	1.081803	2.959645	0.451171	-0.415369	0.683623	1.595343	2.460613	0.059146	-0.366023	0.303124	-1.440547	-0.801466	0.167765	0.755772	0.386046	-0.324652	0.850672	1.328279	-0.268113	0.149441	0.905594	2.424855	0.523057	-0.549376	0.182426	-1.398917	1.640091
0.584093	0.630963	0.888986	0.984682	0.332808	0.656268	1.618427	-0.091781	1.253345	1.289117	-0.582584	0.625122	1.849619	2.447445	1.044157	-0.067068	1.313758	1.659176	1.430617	0.256255	-0.497068	0.647979	-0.490348	0.587367	1.020962	0.508481	1.037061	1.085645	0.498818	1.756674	0.522678	0.183653	-0.172597	1.454736	1.163065	0.836876	-0.098253	0.452541	-1.603244	-0.616724	-0.299455	-0.635642	0.052651	-0.778504	0.547909	0.850232	0.387115	0.258366	1.234091	1.685588	0.298008	0.108943	-0.181415	-1.491756	1.323860
-0.596989	-0.512359	-0.434225	0.155899	-0.784934	-0.134439	0.692052	-0.329174	0.965641	0.619774	-0.842285	0.283507	1.289838	0.618934	0.730889	-0.152047	1.380735	1.911054	0.982057	-0.128415	-0.883842	0.695103	0.379131	0.504239	-0.450375	-0.470273	-0.262421	-0.234397	-0.539847	0.063617	0.842749	0.779982	-1.247563	0.129041	0.212118	1.282724	-0.385208	0.666040	-1.342429	-0.565455	-0.660516	-1.086901	-0.067193	-0.597408	-0.012459	0.122041	0.722609	-0.421645	0.156027	-0.656856	0.026062	0.288221	-0.010515	-0.529506	0.139761
-1.030767	-0.800757	-1.125033	-0.557258	-1.083531	-0.319627	0.455433	-0.025460	0.543460	0.063100	-0.210652	0.015360	0.940351	-1.428113	0.685677	0.054034	1.513905	1.647709	0.857394	0.201500	-0.358680	0.618446	0.784634	0.206519	-1.354122	-0.433964	-1.125329	-1.160736	-0.970159	-0.782244	0.901540	0.838982	-1.427845	-1.083999	0.134059	1.123329	-0.785066	0.774871	-0.599654	-0.446512	-0.577613	-0.293446	0.326294	0.020669	-0.222200	-0.195184	0.597572	-1.281312	-0.859386	-1.958755	0.035227	-0.055481	0.332578	0.447657	-0.818020
-0.510287	-0.272253	-0.692240	-0.665012	-0.615015	-0.130071	0.654575	0.096065	-0.139766	-0.276442	0.308353	-0.275197	0.640404	-1.898915	0.504574	0.228833	1.358151	0.718703	0.747981	0.554891	0.259318	0.007216	0.682917	0.293369	-0.834745	0.371009	-0.702066	-1.000981	-0.522320	-0.494374	0.346951	0.400567	-0.716770	-1.127903	0.450983	0.634492	-0.674662	0.493630	0.112778	-0.148220	-0.225638	0.639523	0.756604	0.352507	-0.087772	-0.126396	0.282843	-1.346436	-0.743937	-1.205399	0.146738	-0.372505	0.258197	0.304325	-0.715816
0.026115	0.111366	-0.019717	-0.415772	-0.078489	-0.095039	0.307657	-0.146131	-0.540542	-0.380333	0.108723	-0.447925	0.126998	-0.804188	-0.060370	0.012464	0.536976	-0.396889	0.187093	0.265197	0.241408	-0.741252	0.203639	0.513687	0.239446	0.634418	0.299653	-0.284145	0.024093	-0.001674	-0.384813	-0.087805	-0.014320	-0.343688	0.426804	0.196924	-0.105192	-0.050486	0.228182	0.070796	-0.046098	0.503866	0.459890	0.031994	-0.084586	-0.198449	0.028467	-0.540022	-0.095270	0.093787	0.068284	-0.356008	-0.116754	-0.475011	0.057490
-0.131214	-0.189548	0.029686	-0.219950	0.103989	-0.232231	-0.516059	-0.175082	-0.090817	-0.143390	-0.180286	-0.117602	-0.270640	0.494629	-0.479938	-0.328344	-0.373408	-0.701580	-0.507027	-0.371741	-0.147844	-0.672997	-0.212087	0.207844	0.521059	-0.155588	0.703122	-0.014273	-0.099734	-0.199106	-0.500675	-0.211160	0.086397	0.165031	-0.029731	0.022655	0.272079	-0.299592	-0.085411	0.031193	-0.162232	-0.460428	-0.474670	-0.544562	-0.430097	-0.509052	-0.076817	0.294827	-0.133999	0.176472	-0.162205	-0.339630	-0.189058	-0.430196	0.360016
-0.601561	-0.651938	-0.271784	-0.132385	0.055376	-0.133928	-0.598293	0.297329	0.797924	0.322014	0.196509	0.644392	-0.058637	0.941751	-0.159906	-0.223375	-0.246661	0.139296	-0.594284	-0.614410	-0.270413	0.336928	-0.021336	-0.466358	-0.100900	-0.905206	0.250700	-0.490463	-0.739598	-0.931385	0.022691	0.078563	-0.177148	-0.004452	-0.408615	0.267830	0.075249	0.045043	-0.080352	0.105813	-0.271324	-0.915166	-1.028529	-0.871237	-0.874048	-0.607892	0.066554	0.626015	-0.958759	-0.789248	-0.315013	-0.647425	0.065867	0.637411	-0.300277
-0.710664	-0.613390	-0.214967	-0.071140	-0.051961	0.269559	0.513771	0.627883	1.038835	0.504544	0.798933	1.018710	0.480881	0.543002	0.454875	0.289951	1.022061	1.099835	-0.021111	-0.421304	-0.188830	1.032857	0.747394	-0.584338	-0.575510	-0.439276	-0.302886	-1.161133	-1.226871	-1.476250	0.141120	0.410919	-0.358007	-0.235257	-0.397544	0.927910	-0.384125	0.494072	0.513815	0.723108	-0.159660	-0.310811	-0.620367	-1.080509	-1.182461	-0.411709	0.468022	0.774263	-1.563561	-1.354158	-0.391005	-0.989747	-0.043528	1.240024	-1.246994
-0.602330	-0.329986	0.057703	-0.209983	-0.307444	0.449394	1.455528	0.138421	0.228313	-0.021216	0.596448	0.310596	0.405471	-0.117060	0.234606	0.458231	2.012115	0.868040	0.423081	-0.496997	-0.525836	0.157014	1.222646	0.096693	-0.233809	0.703684	-0.201040	-1.481624	-1.312612	-1.612610	-1.027667	0.268801	-0.440843	0.005801	-0.294446	1.472335	-0.628845	0.273358	0.989452	1.444688	-0.067257	0.260789	-0.062146	-1.601540	-1.441857	-0.584227	0.728525	0.988317	-1.407683	-0.924087	-0.630446	-0.833206	-0.789313	0.391322	-1.577730
-0.929632	-0.590620	-0.271086	-0.743874	-0.759372	-0.044879	0.652547	-0.767366	-0.858398	-1.006838	-0.418688	-1.064672	-0.656707	-0.506229	-1.054579	-0.227230	1.349960	-0.490168	0.155967	-1.151933	-1.387420	-1.869646	0.506682	0.552921	0.403818	0.835104	0.544999	-1.482613	-1.224057	-1.625438	-2.805864	-0.532197	-0.639884	0.326613	-0.518304	1.076996	-0.587975	-0.626062	0.522484	1.173019	-0.322384	-0.473350	-0.538913	-2.200166	-1.725047	-1.561206	0.276410	0.728240	-1.102580	-0.314316	-1.061761	-0.123857	-1.370999	-0.830076	-1.140196
-1.636870	-1.478704	-1.291412	-1.356990	-1.100025	-0.884390	-1.497480	-1.037962	-1.270831	-1.690923	-1.095950	-1.903321	-1.815742	-0.363411	-2.184603	-1.286489	-0.539059	-1.472323	-0.437045	-1.695818	-2.054404	-3.230712	-1.137470	-0.126732	0.505497	-0.607832	1.378124	-1.419650	-1.029540	-1.493644	-3.374841	-1.534500	-0.876758	0.012485	-0.962794	-0.368573	-0.429038	-1.259663	-0.675355	-0.397742	-0.763225	-2.124750	-1.860441	-2.005271	-1.767318	-2.647738	-0.813023	-0.486005	-1.286677	-0.320548	-1.285525	0.598950	-0.846483	-0.717513	-0.406057
-1.750398	-2.096728	-1.889125	-1.356666	-0.898885	-1.214483	-2.908966	-0.383845	-0.892629	-1.527428	-0.636388	-1.496655	-1.788847	0.211131	-1.872634	-1.726157	-1.815298	-0.876867	-0.558751	-1.337914	-1.915718	-2.721888	-2.225950	-1.335234	0.123316	-2.190029	1.870653	-1.239664	-0.545228	-0.857485	-1.874875	-1.928621	-0.796132	-0.840817	-1.091221	-1.763313	-0.172041	-0.816740	-1.443300	-1.987777	-0.835842	-2.966923	-2.502349	-0.743697	-1.269558	-2.687247	-1.578749	-1.924534	-1.545315	-0.609166	-0.900797	0.697350	0.606847	0.681047	0.147803
-0.602055	-1.626104	-1.047278	-0.484719	-0.107598	-0.602482	-2.242664	0.362698	-0.236130	-0.594840	0.425037	-0.293714	-0.333101	0.723056	-0.371082	-1.136712	-1.339172	0.718599	-0.070698	-0.308395	-1.221770	-1.015102	-1.502285	-1.597622	0.099681	-2.185462	1.944271	-0.679680	0.123025	0.126650	0.386993	-1.347429	-0.238627	-1.262935	-0.605655	-1.803934	0.182610	0.320243	-0.945010	-1.940665	-0.288789	-2.004662	-1.526976	0.603220	-0.370979	-1.454784	-1.182923	-2.146134	-1.027430	-0.343365	-0.031964	0.020522	1.790801	1.561871	0.277671
1.143645	-0.271032	0.744848	0.642801	0.777446	0.432453	-0.338791	0.376659	0.295916	0.582735	0.941607	0.676123	1.400748	0.635233	0.793080	-0.097939	0.100435	1.480732	0.324257	0.426082	-0.600390	0.253743	0.604687	-0.424882	0.890238	-0.568043	1.576418	0.213432	0.488496	0.621392	1.350119	-0.351821	0.510292	-0.524193	0.198425	-0.477444	0.388046	0.937938	0.413256	-0.142306	0.480851	-0.044924	0.212241	0.886879	0.452983	0.124725	-0.038586	-0.717210	0.245761	0.559906	0.758995	-0.824960	1.748155	0.642055	-0.015762
2.013198	0.997162	1.846237	1.077111	1.069414	0.900377	0.977381	-0.175589	0.536116	1.331365	0.441802	0.740108	1.920560	-0.053643	0.528726	0.496794	0.872948	0.300330	-0.038806	0.387636	-0.213837	0.246356	2.273749	1.068051	1.845876	1.135862	0.689195	0.899974	0.302347	0.124577	0.528099	0.084751	0.948558	0.934241	0.747336	0.846314	0.218589	0.391426	1.467292	1.733424	0.863311	1.411929	1.156130	0.219302	0.862623	1.043544	0.510345	1.114402	1.322424	1.232878	1.014485	-0.897744	0.636298	-1.305203	-0.428592
1.200240	1.349527	1.217898	0.448348	0.455999	0.313405	0.899522	-0.550674	0.276532	1.075826	-0.526885	-0.044059	0.741096	-0.768745	-0.764113	0.329853	0.390137	-1.952582	-0.979113	0.001497	0.156426	-0.565899	2.139150	1.441065	1.847972	1.601791	-0.526526	0.792656	-0.134010	-0.837642	-0.725411	-0.367933	0.752133	1.835898	0.693717	0.908135	-0.123101	-0.703792	1.510865	2.011421	0.641376	1.728205	0.824494	-0.271155	0.788117	1.023456	-0.269583	1.721961	1.482107	0.862466	0.670534	0.041971	-0.610618	-2.409103	-0.557954
-0.618376	0.662533	-0.473109	-0.708389	-0.653302	-0.834334	0.036058	-0.474848	-0.507091	-0.172767	-1.082632	-1.073036	-1.184777	-1.049552	-1.851858	-0.210620	-0.546695	-3.315912	-1.694087	-0.192382	0.460345	-1.298238	0.623343	0.434739	0.579566	0.820914	-1.458853	-0.099078	-0.451737	-1.376285	-1.136980	-1.053761	0.013472	1.350130	0.135020	-0.151974	-0.246096	-1.317279	0.845180	0.729629	0.077519	1.299236	0.009242	0.010803	0.284423	0.371564	-1.614942	0.799105	0.925253	-0.358860	-0.066588	1.011865	-1.201641	-1.758498	-0.372690
-1.906815	-0.478533	-1.618689	-1.455638	-1.347058	-1.541924	-0.694084	-0.301518	-1.156109	-1.421234	-0.790989	-1.575085	-2.267625	-1.029453	-1.966020	-0.626219	-1.028422	-2.780712	-1.668472	-0.201627	0.414331	-1.462603	-0.716671	-0.933727	-0.980728	-0.318110	-1.545323	-1.018545	-0.639313	-1.210307	-0.846083	-1.149344	-0.789530	0.016958	-0.461322	-1.153562	-0.135154	-1.195267	0.236890	-0.631735	-0.419671	0.734404	-0.463888	0.477250	-0.355909	-0.373416	-2.149435	-0.499800	0.263112	-1.410542	-0.831950	0.812264	-0.980180	-0.164970	-0.281873
-1.678658	-1.152706	-1.354453	-1.273699	-0.999926	-1.258784	-0.884576	-0.213992	-0.720431	-1.349638	0.103517	-1.101403	-1.669347	-0.986260	-1.226416	-0.804503	-1.002846	-1.173457	-1.124154	-0.264085	0.137267	-0.972438	-0.953703	-1.531512	-1.439931	-0.960272	-0.859385	-1.105080	-0.760450	-0.626517	-0.588094	-0.620185	-1.111583	-0.726735	-0.563736	-1.273009	-0.090889	-0.862421	0.077750	-0.917086	-0.561449	0.373271	-0.502148	0.410108	-0.508878	-0.587355	-1.452962	-0.979020	-0.178412	-1.501983	-1.117938	-0.427296	-0.249123	0.937102	-0.588198
-0.357748	-0.801818	-0.273749	-0.486865	0.042541	-0.365651	-0.546600	0.117516	0.770641	0.166705	0.933851	0.012601	-0.092214	-0.741163	-0.146438	-0.906367	-0.870162	0.007793	-0.555769	-0.308927	0.129214	-0.049783	-0.588800	-1.157241	-0.416735	-0.730366	-0.031302	-0.280498	-0.619719	0.122367	-0.421448	-0.146651	-0.776238	-0.076328	-0.068381	-0.781821	-0.151935	-0.670291	0.135172	-0.433913	-0.254462	0.319430	-0.348579	0.043654	0.183480	0.016046	-0.423283	-0.640727	-0.348638	-0.787547	-0.573277	-1.267031	0.586418	0.958371	-1.057775
0.739292	0.183214	0.467967	0.103662	0.759897	0.312194	0.089814	0.820744	1.904560	1.581112	1.088145	0.786868	0.900912	-0.016120	0.789277	-0.965115	-0.750682	0.210058	-0.119109	-0.094078	0.470281	0.646901	-0.604242	-0.479654	1.004222	0.205942	0.425076	0.653000	-0.055182	0.875047	0.027352	-0.223148	-0.103221	1.194642	0.489579	-0.441910	-0.005670	-0.372537	0.010107	-0.247646	0.348963	0.459723	-0.075236	0.123705	1.119295	0.857593	-0.094213	-0.383539	-0.202101	0.000857	0.511637	-0.697033	1.184838	0.446836	-1.165845
0.816547	0.825346	0.457004	0.085982	0.605842	0.421576	0.553775	1.307403	1.349808	1.342468	0.513916	0.555642	0.525455	0.759672	1.176202	-0.771282	-0.545018	-0.008528	0.301593	0.360331	0.632493	0.432680	-1.093424	-0.115130	1.401783	1.198267	0.535466	0.972593	0.709002	1.305210	0.590419	-0.592008	0.497488	1.551749	0.500158	-0.501190	0.437262	0.291244	-0.280257	-0.674340	0.896726	0.533992	0.328383	0.765696	1.278822	0.942327	-0.439293	-0.684046	0.196588	0.413791	1.302159	0.683780	1.324656	0.195826	-0.620624
0.397677	0.741013	0.260252	-0.104704	0.160925	0.385705	0.441672	0.979674	-0.485773	-0.188727	-0.159713	-0.222622	-0.393355	0.674093	0.855455	-0.156782	-0.339014	-0.071230	0.627300	0.830184	0.380829	-0.452518	-1.175235	0.071621	0.525944	1.526481	0.571297	0.927590	1.367931	1.205223	0.727705	-0.566781	0.995694	0.411896	0.075064	-0.498507	0.746241	1.022317	-0.269604	-0.903907	1.139473	0.482857	0.788122	1.346802	0.601405	0.162798	-0.543276	-0.949792	0.546212	0.605992	1.311009	1.531780	0.971191	0.314003	0.460285
0.542328	0.623150	0.534708	0.252848	0.347902	0.744255	-0.046210	0.100616	-1.865833	-1.201555	-0.263536	-0.479420	-0.469115	-0.440014	0.148866	0.685925	-0.304272	-0.067526	0.557498	1.226141	0.286532	-0.804070	-0.215102	0.666503	-0.581568	1.086495	0.542710	1.322691	1.941595	0.929516	0.533344	0.255247	1.593554	-1.242043	-0.083625	0.069685	0.458083	1.233071	0.363704	-0.139262	1.186924	0.576783	1.257725	1.397853	0.146815	-0.384674	0.233421	-0.322983	0.641638	0.937101	1.026370	1.322472	0.265806	0.213649	1.707157
1.383473	1.180282	1.191465	1.178146	1.128580	1.359721	-0.252769	-0.586436	-1.732752	-0.745504	0.043387	0.093705	0.503128	-1.518901	-0.402222	1.235950	-0.366104	-0.319039	0.054336	1.531513	0.847867	0.124126	1.223510	1.758469	-0.918126	0.502910	0.215358	2.231707	2.434743	1.005051	0.739329	1.565988	2.126433	-1.972948	0.312022	1.099438	-0.315085	0.729642	1.260472	1.286972	1.261091	0.914905	1.666932	1.035504	0.567745	0.161392	1.503886	1.099649	0.664079	1.462398	1.278705	0.616676	-0.557554	-0.532330	2.617364
1.853639	1.926987	1.537363	1.839437	1.440082	1.519541	0.058011	-0.889131	-0.707948	0.222217	-0.127618	0.625051	1.276584	-1.382481	-0.607321	1.064339	-0.343664	-0.749493	-0.427742	1.521203	1.537542	1.518281	1.857531	2.504452	-0.561746	0.316541	-0.393220	2.613233	2.314272	1.278171	1.524976	2.465011	1.978919	-1.319700	0.695364	1.863482	-0.940958	-0.079174	1.579352	2.159559	1.217511	0.998575	1.628067	0.513470	1.089965	1.146392	2.219068	2.136217	0.817983	1.825245	2.026918	0.100761	-1.198767	-1.438977	2.644027
1.028044	1.648221	1.101660	1.531208	0.574322	0.813562	0.291775	-1.242289	-0.016959	0.329749	-1.204002	0.235901	0.724420	-0.084979	-0.671770	0.279618	-0.345289	-0.989891	-0.403578	0.936429	1.384334	1.900511	1.019645	1.893199	-0.259931	0.243796	-0.816113	1.533617	0.976223	0.964636	1.966100	2.098296	0.848645	-0.027066	0.431826	1.554211	-0.886693	-0.649705	0.776362	1.581633	0.602817	0.231781	0.619934	-0.096693	0.611298	1.201497	1.645134	1.681195	0.879988	1.582076	2.205498	-0.101870	-1.361308	-1.463782	1.554449
-0.608476	0.033029	0.148378	0.560027	-0.780692	-0.350711	-0.225975	-1.775258	-0.006760	-0.390451	-2.357050	-0.740394	-0.714830	1.166398	-0.687199	-0.463378	-0.655523	-0.895458	0.025414	-0.047028	0.346868	0.958936	-0.616826	-0.023589	-0.386172	-0.423279	-0.673070	-0.507173	-1.163029	-0.248440	1.130111	0.465922	-0.653326	0.863666	-0.331656	0.007010	-0.202235	-0.866485	-0.808733	-0.166453	-0.709393	-1.172699	-1.206460	-0.621432	-0.618181	0.108518	0.038860	-0.069066	0.550848	0.660992	0.959995	-0.246711	-1.013869	-0.254792	-0.124742
-1.594503	-1.744550	-0.631774	-0.109773	-1.264882	-1.213188	-1.242452	-1.856013	-0.056205	-0.736226	-2.285939	-1.116145	-1.512053	1.347513	-0.431717	-0.484347	-1.149316	-0.630598	0.218152	-0.844641	-0.514039	-0.077043	-1.638840	-1.919508	-0.631611	-1.717387	-0.274634	-1.921250	-2.616977	-1.517704	-0.564651	-1.366558	-1.531999	0.941800	-0.939711	-1.914938	0.594283	-1.041710	-2.126492	-1.806055	-2.157654	-2.168626	-2.688730	-0.664801	-1.177644	-0.838576	-1.529722	-1.637586	0.158045	-0.463199	-1.239902	-0.569683	-0.532946	1.203751	-1.296899
-1.071133	-2.279241	-0.783792	0.027137	-0.452372	-1.423682	-1.633674	-0.869374	0.388289	-0.018175	-0.730481	-0.289973	-0.823609	0.634088	0.237032	0.313948	-1.143896	-0.287161	-0.253829	-1.047819	-0.330129	0.046625	-1.188961	-2.422783	-0.529481	-2.623035	-0.311480	-1.689032	-2.261128	-1.614805	-1.597886	-2.107889	-1.454959	0.595879	-1.083123	-2.815954	1.032368	-1.350748	-2.249468	-2.069356	-2.911405	-1.891080	-2.576701	-0.092393	-0.281748	-0.446496	-2.060288	-1.607127	0.446373	-1.095127	-2.937504	-1.137656	-0.341765	1.546304	-1.281240
0.385760	-1.368102	-0.380443	0.530512	0.677206	-1.172735	-0.583321	0.796043	1.109421	1.137244	1.137982	1.053736	0.575393	0.050399	1.077646	1.330039	-0.125934	0.267369	-1.009713	-0.807230	0.519798	1.136289	0.299209	-1.437177	0.041490	-2.003462	-0.872911	-0.341309	-0.579956	-0.318124	-1.038387	-1.417871	-0.932150	0.468553	-0.965463	-1.987390	1.026961	-1.429255	-1.163628	-0.765033	-2.555448	-0.515840	-0.833796	0.621702	1.242602	0.944289	-1.409150	0.012601	1.473920	-0.883915	-2.996109	-1.708011	-0.410438	0.562860	-0.575178
1.478538	0.042240	0.181657	0.617336	0.895683	-0.760480	1.406913	1.912377	1.422359	1.655308	1.912544	1.720821	1.198045	0.233734	1.658473	1.777486	1.472632	1.057186	-1.182375	-0.590933	0.847384	1.834949	1.602194	-0.041073	0.809942	0.126936	-1.196660	0.747847	0.837132	1.236963	0.364801	-0.129794	-0.508284	0.750892	-0.749480	-0.162521	0.738301	-0.745028	0.241455	1.034494	-1.328065	0.942045	1.230483	0.820887	1.960593	1.935101	-0.220626	1.789359	2.177100	-0.094612	-1.469129	-1.632682	-0.357120	-0.596273	-0.319209
1.434191	0.994748	0.497645	0.013772	0.004978	-0.335532	2.856017	1.613441	0.922625	1.170338	1.302968	1.199504	0.417688	0.725205	1.652104	1.364553	2.533255	1.735639	-0.366022	-0.690449	-0.018691	1.204478	1.886138	0.795688	1.303317	2.361844	-0.670858	0.743033	0.938533	1.696914	1.060982	0.730129	-0.210387	0.977320	-0.322951	1.188522	0.251766	0.620556	1.016459	1.970528	0.128208	1.533623	2.199860	0.339098	1.361034	1.656094	0.826219	2.257984	1.499505	0.650458	0.563920	-0.360947	-0.064585	-0.828990	-0.897041
0.479610	1.248374	0.327761	-0.850759	-1.151936	-0.024636	2.698344	0.248078	-0.141151	0.146526	0.201541	-0.002848	-1.020652	0.611065	0.924733	0.509906	2.361222	1.849558	0.879048	-0.999811	-1.494024	-0.258144	1.337473	1.060964	1.104407	3.050424	0.257105	-0.099923	0.094429	0.818358	0.478747	0.941010	0.091450	0.557302	0.294187	1.354752	-0.456266	1.787709	0.960332	1.611837	1.133319	1.073672	1.791349	-0.402611	0.133529	0.528280	1.530009	1.270722	-0.209451	0.864497	1.769078	1.646086	0.102638	-0.306634	-1.373465
-0.632440	1.042055	-0.312373	-1.352118	-1.636060	0.007011	1.237333	-0.986939	-1.086773	-0.756923	-0.356600	-0.941841	-1.861887	-0.246694	-0.339827	-0.101158	1.324745	1.315956	1.553752	-1.188101	-2.313867	-1.248854	0.667569	1.222584	0.183288	1.782118	0.594231	-0.978888	-0.587511	-0.478719	-0.493639	0.979089	0.220972	-0.497758	0.720662	0.924440	-1.232330	1.861006	0.554508	0.623539	1.284543	0.124967	0.819755	-0.867942	-0.780313	-0.440641	1.939322	-0.040374	-1.454696	0.465092	1.388147	2.880655	-0.137815	-0.001124	-0.661193
-1.304223	0.577981	-1.095092	-1.262471	-1.139498	-0.197553	-0.325889	-1.097987	-1.274881	-1.117598	-0.090052	-0.969647	-1.471119	-0.921925	-1.438287	-0.177760	0.294205	0.532655	1.207005	-1.021048	-1.762345	-1.078490	0.180478	1.266762	-0.919199	-0.269313	0.070381	-1.317722	-0.520196	-1.195678	-0.803331	1.115274	-0.037765	-1.447025	0.646709	0.755676	-1.557578	0.864588	0.210112	-0.196463	0.690688	-0.605184	0.100783	-0.866213	-1.082263	-0.782944	1.888442	-0.565499	-1.378763	-0.306476	-0.237228	2.176019	-0.429172	-0.253512	0.907934
-1.370349	-0.081319	-1.498019	-0.846857	-0.013105	-0.256998	-1.120730	-0.006381	-0.504745	-0.793823	0.520576	-0.100977	-0.199710	-0.484601	-1.414259	-0.032886	-0.301947	0.035093	0.332880	-0.527827	-0.269885	-0.227101	-0.456352	0.628079	-1.418101	-1.511681	-0.542511	-1.026649	-0.082582	-1.088463	-0.472516	0.977666	-0.423381	-1.450582	0.271888	0.790264	-0.858363	-0.235878	-0.190144	-0.754787	-0.066669	-0.877360	-0.355418	-0.633649	-1.125856	-0.867513	1.058731	-0.338596	-0.803784	-1.088265	-1.853701	0.039944	-0.090708	-0.330528	1.709784
-0.997583	-0.759022	-1.190643	-0.469777	1.068661	0.167286	-1.181711	1.470426	0.779510	0.005824	0.825875	1.026958	1.047590	0.843066	-0.021684	-0.129634	-0.631112	0.054215	-0.199698	0.063548	1.108436	0.413890	-1.475403	-0.836079	-0.997480	-1.382148	-0.437110	-0.336293	0.032567	-0.534154	-0.242588	0.169928	-0.382715	-0.373933	0.068421	0.334800	0.766015	-0.495200	-0.875099	-1.360801	-0.374154	-0.933320	-0.958610	-0.536065	-1.276500	-1.196148	-0.420380	-0.236730	-1.075469	-1.538121	-2.276748	-1.769957	0.976696	0.460057	0.726398
-0.505918	-1.047573	-0.416241	-0.232523	1.480784	0.851219	-0.961543	2.178541	1.612874	0.653348	0.534190	1.537952	1.478788	1.794192	1.566552	-0.481574	-0.864602	0.324343	-0.047835	0.470922	1.591845	0.486670	-2.281876	-2.129488	-0.188262	-0.597207	0.222991	0.368428	-0.314558	-0.031913	-0.391483	-0.887969	0.177997	0.964816	0.230967	-0.610269	2.138152	0.083790	-1.479603	-1.839425	-0.109013	-0.946646	-1.597022	-0.649516	-1.416464	-1.623447	-1.641419	-0.671347	-2.138453	-1.454648	-1.377642	-1.975667	1.911645	1.610112	-1.084064
-0.204676	-0.610325	0.137036	-0.025892	0.997485	1.110113	-0.667998	1.442726	1.159599	0.478521	-0.178880	0.933676	0.879538	1.328699	1.570899	-0.627604	-0.836884	0.328207	0.344019	0.491861	1.085452	0.256777	-1.856522	-1.861950	0.125337	-0.148878	0.533973	0.668746	-0.614599	0.057600	-0.439829	-1.151594	0.663860	1.431053	0.552725	-0.986994	1.778631	0.660888	-1.168778	-1.464654	0.302450	-0.701786	-1.542256	-0.665235	-1.137787	-1.485642	-1.549904	-0.998129	-2.443742	-0.905023	-0.060674	-0.827485	1.650300	1.823690	-1.745442
-0.201078	0.360071	0.031351	0.195425	-0.014319	0.584730	-0.258824	-0.299671	-0.413147	-0.510465	-0.874299	-0.423818	-0.266808	-0.267309	-0.415180	-0.251142	-0.395474	-0.127957	0.390207	0.155950	0.061568	0.078359	-0.072904	0.099339	-0.349316	-0.309697	0.015288	0.393319	-0.418550	-0.311215	0.015752	-0.183390	0.515311	0.656396	0.746477	-0.055597	-0.440334	0.573815	0.264894	-0.021908	0.393492	-0.025863	-0.471185	-0.316314	-0.370672	-0.533351	-0.098347	-0.497676	-1.012137	-0.216414	0.714859	0.472281	0.148531	0.616132	-0.513335
-0.308556	1.105487	-0.401607	0.324982	-0.792325	-0.219302	0.155541	-1.672222	-1.786991	-1.412087	-1.116341	-1.457847	-1.063859	-1.574148	-2.523239	0.320686	0.188060	-0.585081	0.108708	-0.218485	-0.755190	0.039811	1.683985	2.055423	-0.966427	-0.612574	-0.713436	-0.131251	0.071895	-0.716766	0.633703	1.081666	-0.048812	-0.514265	0.694708	1.313093	-2.614367	0.073391	1.695341	1.428621	0.164205	0.658826	0.786987	0.177149	0.362175	0.525789	1.420787	0.428948	0.981370	0.241330	0.737010	1.003470	-1.305460	-0.889705	1.231289
-0.237732	0.918991	-0.447155	0.257669	-0.748149	-0.441116	0.277888	-1.476735	-1.603415	-1.229876	-0.699438	-1.237216	-0.839741	-1.353173	-2.347362	0.447815	0.430529	-0.375532	0.006718	-0.262865	-0.823094	0.046946	1.722302	2.031290	-0.855179	-0.536492	-0.621616	-0.343535	0.287354	-0.570957	0.731331	1.234500	-0.315175	-0.878430	0.429334	1.459856	-2.465616	-0.092900	1.614391	1.436988	-0.020550	0.637359	0.999861	0.314755	0.449471	0.702885	1.540760	0.651188	1.403924	0.304199	0.396643	0.672414	-1.272463	-1.110878	1.538705
0.072389	-0.129718	0.086882	0.030664	0.022686	0.092887	0.046999	0.153999	0.107442	0.042264	0.202557	0.126315	0.269289	0.271122	0.298483	-0.007623	0.231859	0.554488	0.296971	0.056182	-0.215031	0.033730	-0.044334	-0.051095	0.075461	-0.046566	0.449099	-0.095664	0.056557	0.198699	0.185754	0.062759	-0.040061	-0.222619	0.043195	0.050344	0.111786	0.306929	-0.091818	-0.112828	0.019540	-0.177108	0.006017	-0.019296	-0.116153	-0.103414	0.185962	-0.141523	-0.150811	0.084732	0.035010	-0.120365	0.280280	0.152612	0.130691
