X1	X2	X3	X4	X5	X6	X7	X8	X9	X10	X11	X12	X13	X14	X15	X16	X17	X18	X19	X20	X21	X22	X23	X24	X25	X26	X27	X28	X29	X30	X31	X32	X33	X34	X35	X36	X37	X38	X39	X40	X41	X42	X43	X44	X45	X46	X47	X48	X49	X50	X51	X52	X53	X54	X55
0.074282	0.086167	0.028899	0.161922	0.104131	-0.027723	-0.091763	-0.070381	0.019021	-0.033357	-0.031625	0.012105	-0.082400	-0.016546	0.019614	-0.038358	-0.048692	-0.068917	0.096984	0.082061	0.041625	0.022710	-0.079567	0.038875	0.077797	-0.100397	0.151173	0.193532	0.262477	0.146573	0.160183	-0.016685	0.117313	-0.031784	0.031357	0.015416	0.150516	-0.148107	-0.097922	0.005862	0.099044	-0.025595	0.063392	0.027381	0.220856	0.273791	-0.025249	0.006835	0.270802	0.182019	0.076563	0.102479	0.011027	-0.069397	0.185985
0.296197	1.409873	0.269917	-0.236286	-0.111833	0.084314	1.319725	1.555637	0.542313	0.999689	0.150204	0.565903	1.111014	1.590664	-1.713890	-0.224104	1.530940	0.825918	1.530828	0.863550	0.835826	0.030645	-0.641457	-0.738023	-0.082325	-0.026270	1.009034	0.549738	0.299170	-0.439791	-0.628146	0.069406	1.961121	2.024109	2.125641	-0.527799	0.285511	1.368192	0.300402	-0.512500	0.673180	1.085984	0.273208	0.680037	1.314759	1.445139	0.031053	-0.386325	-1.142985	-0.567192	0.277334	-0.567695	0.222850	1.594317	1.807572
0.973345	1.450686	0.678447	0.082751	0.031033	-0.066313	1.468200	1.992933	1.338245	1.586359	0.501044	1.327859	1.161531	1.928244	-1.068817	0.270676	1.982921	1.564304	1.234727	1.836004	1.750662	0.728611	-0.046357	-0.728945	0.749775	-0.467777	1.650554	1.270107	0.603457	0.605479	0.141299	0.076210	2.807330	2.611076	2.954496	-0.167329	0.640450	1.537939	0.948599	-0.044165	0.295659	0.962303	0.422076	0.641462	1.693968	2.031157	-0.009557	0.018190	-1.063193	-0.353383	0.252671	-1.011173	1.057446	1.967276	2.375271
1.648628	0.075515	0.930500	0.711154	0.330628	-0.399445	0.348779	1.025607	1.860072	1.342263	0.736324	1.762328	0.001434	0.748254	1.232114	1.082514	1.072574	1.603889	-0.639835	2.266274	2.157870	1.647222	1.183811	-0.193046	1.975755	-1.143393	1.636290	1.751660	0.695108	2.411736	1.832927	0.005715	2.124301	1.341411	2.039835	0.698135	0.959881	0.249346	1.398545	1.033892	-0.841157	-0.439314	0.195550	-0.039757	1.059773	1.586021	-0.110518	0.860078	0.039637	0.304750	-0.121932	-1.069936	1.796446	0.679769	1.644927
1.444063	-1.635965	0.626607	0.700945	0.313919	-0.564734	-0.885179	-0.463498	1.397710	0.381583	0.476871	1.246390	-1.265584	-1.055509	2.491075	1.307837	-0.327918	0.639835	-2.335689	1.267216	1.365731	1.766729	1.611401	0.205932	2.146666	-1.306967	0.776932	1.054081	0.028433	2.726400	2.453625	0.032107	0.240373	-0.750399	0.126361	1.039791	0.827221	-1.234625	1.029003	1.499017	-1.724270	-1.941005	-0.509559	-0.718096	-0.245781	0.224585	-0.033598	1.167084	0.541120	0.280645	-0.702829	-0.719874	1.328185	-1.290262	0.263713
0.284274	-2.399376	-0.048556	-0.043837	-0.091999	-0.356259	-1.177497	-1.322602	0.221416	-0.514952	-0.123286	0.127648	-1.448214	-2.227737	1.520660	0.726799	-1.047429	-0.656580	-2.414135	-0.732636	-0.220923	0.932250	0.838517	0.449963	0.945111	-0.709625	-0.337760	-0.674338	-0.933359	1.001074	1.271467	0.359576	-1.707469	-2.001507	-1.341962	0.696257	0.228543	-1.515694	0.013294	0.873941	-1.701601	-2.289820	-1.106425	-0.908346	-1.421997	-1.166620	0.414822	0.696945	-0.064153	-0.417700	-1.129061	-0.123880	-0.083518	-2.288637	-0.892455
-0.906046	-1.822309	-0.530642	-0.639982	-0.489502	0.057825	-0.543871	-1.141904	-0.643639	-0.641299	-0.492721	-0.592301	-0.526435	-2.111502	-0.295162	-0.027993	-0.796674	-1.162004	-1.067198	-2.126859	-1.346734	-0.023886	-0.160995	0.791813	-0.390421	0.115725	-0.763569	-2.072901	-1.129495	-0.939181	-0.383729	0.847349	-2.527201	-1.552674	-1.515523	0.386393	-0.517382	-0.482559	-0.756592	-0.110972	-0.981326	-1.314852	-0.880384	-0.739743	-1.845081	-1.619300	0.956021	0.090317	-0.687150	-0.775378	-1.148033	0.396050	-1.022789	-1.499607	-1.424329
-1.323922	-0.630116	-0.662425	-0.497835	-0.555663	0.370495	0.166063	-0.474702	-0.758395	-0.257400	-0.365744	-0.578746	0.318352	-1.065073	-1.189262	-0.403249	-0.399516	-0.598379	0.372941	-1.990155	-1.386023	-0.482211	-0.501106	0.876859	-0.680779	0.506398	-0.257637	-2.098195	-0.404761	-1.393226	-0.994142	0.958647	-1.941765	-0.086509	-0.840415	0.437362	-1.190693	0.707531	-0.683023	-0.604092	-0.153473	0.042318	-0.059460	-0.693356	-1.657538	-1.183725	0.926898	-0.185743	-0.395063	-0.368491	-0.828751	0.524572	-0.825053	0.192411	-1.492351
-1.178102	0.130309	-0.859637	-0.118138	-0.405559	0.451546	0.229917	-0.104709	-0.741369	-0.290535	-0.071858	-0.525631	0.067823	-0.038292	-1.041964	-0.500301	-0.696957	0.172040	0.877123	-1.168640	-1.010535	-0.687644	-0.347701	0.241076	-0.204327	0.338679	0.362430	-1.220900	0.125681	-0.803858	-0.627509	0.372160	-0.817338	0.961138	-0.320878	0.373861	-1.658054	1.017503	-0.031625	-0.565687	0.395367	0.765120	0.263330	-0.963072	-1.538113	-0.931464	0.097105	-0.378279	0.276513	0.101615	-0.472015	0.166488	-0.333632	1.096882	-1.383122
-1.167832	0.135384	-1.372482	-0.283976	-0.342509	0.328130	-0.325181	-0.208549	-1.175439	-1.022562	-0.015079	-1.022580	-0.888658	0.332987	-0.889135	-0.625210	-1.433141	0.306797	0.574327	-1.017030	-1.110957	-1.017401	-0.263591	-0.541644	-0.160910	0.004585	0.079818	-0.692246	-0.435766	-0.700652	-0.370316	-0.421030	-0.277707	0.866015	-0.342708	-0.074513	-1.595507	0.536087	0.529416	-0.399029	0.620432	0.715656	-0.402372	-1.092194	-1.727008	-1.493468	-0.771401	-0.775366	0.208724	-0.048276	-0.348662	-0.422251	-0.528862	0.462089	-1.213643
-1.362774	0.029122	-1.711641	-0.841666	-0.385246	0.036330	-0.870602	-0.286565	-1.611593	-1.551045	-0.099795	-1.599478	-1.146932	0.232676	-1.174546	-0.684251	-1.553846	0.006422	0.345873	-1.520195	-1.517742	-1.193010	-0.277109	-0.267854	-1.093386	-0.053956	-1.185669	-0.898477	-1.426797	-1.444131	-0.664118	-0.510488	-0.531817	0.138892	-0.550477	-0.332636	-0.730943	0.077941	0.630135	-0.192350	0.691926	0.551599	-1.048500	-0.347908	-1.562471	-1.977199	-0.622001	-1.055506	-0.642482	-0.509098	-0.374541	-0.682695	-1.155142	-0.843014	-1.039935
-1.097331	0.609263	-1.163903	-0.859560	-0.208581	-0.287185	-0.758319	0.179531	-1.237405	-0.970996	0.089319	-1.363360	0.051238	0.226860	-1.211534	-0.362469	-0.555115	-0.001980	0.777030	-1.454917	-1.341605	-0.760004	-0.091892	1.153027	-2.274295	0.356737	-2.416384	-1.017039	-1.366108	-1.995362	-1.025424	0.292903	-0.721431	-0.277272	-0.667597	0.133872	0.566311	0.201390	0.313043	0.149345	0.864070	0.868753	-0.377428	1.379479	-0.383395	-1.040385	0.571428	-0.761690	-1.167981	-0.462619	-0.026911	-0.095566	-1.249770	-1.330473	-0.976618
-0.028210	1.854167	0.184504	0.045692	0.407160	-0.270669	0.159725	1.062082	-0.269268	0.219225	0.559121	-0.363903	1.817521	0.442157	-0.361321	0.232611	0.837455	0.301593	1.607932	-0.303724	-0.416182	-0.077554	0.136748	2.215819	-2.644186	1.191148	-2.502041	-0.326389	0.116090	-1.666540	-1.168596	1.027056	-0.063421	-0.025487	-0.888204	0.755120	1.367574	0.766620	-0.278298	0.287798	1.325113	1.600803	1.296167	3.086530	1.267078	1.013484	1.569964	-0.159755	-0.601749	0.349085	1.080506	1.274776	-0.613848	-0.402483	-1.046952
1.132903	2.870887	1.321254	1.113016	1.185291	0.403464	1.369475	1.554063	0.108206	0.557011	0.663624	0.252143	2.488679	0.442219	0.819127	0.487660	1.484354	0.154874	2.111575	0.868496	0.271431	-0.126463	-0.118552	1.556258	-2.011008	2.170063	-1.377157	0.721065	1.708526	-1.061980	-1.469857	0.623323	1.038190	0.443005	-1.357752	0.419863	1.099927	1.148833	-1.012224	-0.329275	1.989421	2.195648	2.176259	3.340299	1.961377	2.124286	1.220918	-0.041583	0.542424	1.383959	2.434808	2.586744	-0.072956	1.118925	-1.052114
1.259543	2.796143	1.352561	1.339057	1.521008	1.436198	2.004568	0.909548	-0.650355	-0.486337	-0.121246	-0.378263	1.403886	-0.028375	1.107683	-0.020507	1.055036	-0.785418	1.779225	0.775150	-0.179709	-1.197909	-0.872566	-0.340704	-1.100393	2.726129	-0.064391	1.096578	1.964590	-0.997486	-2.098199	-0.765119	1.372742	0.396459	-1.737190	-0.929411	0.154899	0.753030	-1.607116	-1.487530	2.416387	2.141758	1.235493	1.673986	1.116747	0.961648	-0.196993	-0.582363	1.230057	1.933079	2.887346	2.853210	-0.304240	1.868557	-0.741823
0.065273	1.645190	0.406223	0.527088	1.027070	1.899861	1.512938	-0.614166	-1.623187	-1.714418	-1.308290	-1.694943	-0.406532	-0.510582	0.202724	-0.958978	0.184305	-1.791125	0.638134	-0.469916	-1.388230	-2.350348	-1.381064	-1.744368	-0.588439	2.282443	0.463926	0.552418	0.970830	-1.277383	-2.450826	-1.884964	0.433074	-0.462960	-1.598866	-1.984662	-0.616528	-0.394715	-1.665924	-2.046708	2.089900	1.287227	-0.431735	-0.756925	-0.163227	-1.222968	-1.336733	-0.922484	1.118535	1.653251	1.941021	1.915024	-0.979731	1.357070	-0.079878
-1.500550	0.238045	-0.672278	-0.752829	-0.084108	1.162142	0.215062	-1.692023	-1.643265	-1.681526	-1.723060	-2.303049	-1.309321	-0.365764	-0.768353	-1.533578	-0.380970	-1.896887	-0.778814	-1.594685	-2.125103	-2.503607	-1.047773	-1.734884	-0.422879	0.916730	0.309120	-0.124895	0.101032	-1.141533	-1.962761	-1.834939	-0.852641	-1.616247	-0.998047	-1.667275	-0.839350	-1.411374	-1.047384	-1.221945	0.932792	-0.061211	-1.049192	-2.120151	-0.455715	-2.099101	-1.373129	-0.273990	0.679589	0.593979	0.376060	0.634062	-1.272752	0.481394	0.701816
-2.105036	-0.619298	-1.227496	-1.796378	-1.080566	-0.188103	-0.819628	-1.156957	-0.776714	-0.436174	-0.848369	-1.527110	-0.647564	0.321347	-0.573234	-1.234658	-0.382258	-0.933953	-1.648445	-1.709330	-1.704539	-1.641703	-0.175591	-0.956999	-0.152704	-0.373338	0.333089	-0.228408	0.327337	-0.475481	-1.000995	-0.927738	-1.150515	-2.068079	-0.327717	-0.439176	-0.830073	-1.189259	-0.073236	0.302793	-0.469944	-1.145223	-0.337663	-1.598082	0.208699	-1.115240	-0.722712	0.917215	0.449085	-0.847507	-0.685363	0.011167	-0.815098	0.464430	1.231860
-1.234606	-0.785282	-1.143323	-2.116874	-1.236800	-0.761868	-0.673814	0.665301	0.029443	0.757346	0.497127	-0.039373	0.815562	0.820071	0.661039	-0.193627	0.118393	0.535609	-1.404889	-1.089233	-0.576962	-0.542197	0.540094	-0.315633	0.369669	-0.490545	0.943672	-0.017894	1.206624	0.098378	-0.374405	0.050047	-0.235604	-1.264772	0.228819	0.494166	-0.965341	0.458563	0.785492	1.097218	-1.288974	-1.140374	0.523552	-0.074770	0.626445	0.220665	-0.090407	1.494778	0.542646	-1.914751	-0.938689	0.227847	0.091725	1.338209	1.164890
0.326231	-0.671872	-0.603859	-1.636045	-0.508768	0.049607	0.461715	2.153029	0.342364	1.078165	1.080842	0.999865	1.806799	0.747480	1.666847	1.019350	0.924282	1.832234	-0.372334	-0.508496	0.335870	0.268811	0.918843	0.151101	0.825365	0.526993	1.538236	-0.196928	1.543279	0.153671	-0.235124	0.843298	0.834697	0.312386	0.737419	0.742220	-1.057648	2.370010	1.322466	0.711618	-1.156258	0.015776	0.690294	0.877316	0.214865	0.645983	0.498346	1.119479	0.702267	-1.905838	-0.823721	0.600840	0.873878	1.837431	0.406895
1.156992	-0.658129	0.059060	-0.871776	0.315121	1.260986	1.354545	2.052985	0.529415	0.869799	0.655510	1.100281	1.708363	0.487906	1.508648	1.749176	1.526628	2.360600	0.393984	-0.261271	0.553002	0.752651	1.203343	0.600104	0.844192	1.417796	1.241917	-0.824350	0.701817	-0.124839	-0.071899	1.503723	0.933400	1.556891	1.096558	0.719787	-0.510401	2.970161	1.535509	0.085706	-0.432461	1.236280	0.446087	0.565502	-0.349215	0.460625	1.176215	0.572000	0.466961	-0.937460	-0.714668	0.353637	1.007637	0.942561	-0.666046
0.539500	-0.730831	0.434427	-0.541994	0.432234	1.465197	1.028342	0.722581	0.864114	0.835528	0.124201	0.696472	0.926548	0.433347	0.477995	1.567127	1.297138	1.736184	0.225070	-0.013402	0.315746	0.894965	1.324810	0.529561	0.429731	1.124989	-0.031874	-1.244793	-0.834162	-0.405048	0.333319	1.674848	-0.047716	1.684645	1.045549	0.523473	0.845628	1.725874	1.333558	0.149632	0.199464	1.223789	0.310276	-0.357712	-0.369978	0.403995	1.370323	0.473570	-0.474274	-0.025152	-0.623591	-0.574102	0.300842	-0.842862	-1.351535
-0.729767	-0.662128	0.392172	-0.631653	0.034122	0.581962	-0.078454	-0.410458	1.129663	1.145234	0.356345	0.528739	0.327553	0.340455	-0.363784	0.620427	0.272233	0.306581	-0.383811	0.610281	0.253008	0.723058	0.949780	-0.371882	0.019110	0.032472	-1.379085	-1.052251	-1.935579	-0.529353	0.594132	0.949613	-1.217786	0.798166	0.684854	-0.088925	2.212252	-0.311612	0.684121	0.669005	0.315048	-0.072899	0.284732	-0.837423	-0.155411	0.419632	0.469902	0.499786	-1.716398	-0.018272	-0.491137	-1.402217	-0.730883	-2.081380	-1.211630
-1.044690	-0.394987	0.348552	-0.271556	0.104273	-0.130971	-0.643360	-0.365575	1.152838	1.458374	1.180387	0.930566	0.355762	-0.111617	-0.236840	-0.246544	-0.627923	-0.757495	-0.461466	1.514898	0.811482	0.690047	0.266271	-1.123010	0.153893	-0.658724	-1.688348	-0.590521	-1.744229	-0.321633	0.475042	-0.161280	-1.455472	-0.243300	0.542415	-0.662593	2.442850	-1.428915	0.027745	0.873560	-0.050236	-1.375060	0.172851	-0.530797	-0.331206	0.126434	-0.797620	0.231559	-2.224303	-0.600256	-0.374053	-1.316637	-1.034645	-2.008747	-0.481777
0.319563	-0.149053	0.805497	1.009583	1.056613	0.226378	-0.123417	0.626254	1.112638	1.442545	1.722232	1.611113	0.641115	-0.550022	0.656898	-0.098680	-0.576705	-0.501729	0.111771	2.187961	1.816534	1.343835	0.039051	-0.454631	0.969476	-0.569694	-0.645939	-0.293331	-0.371823	0.419327	0.399133	-0.460100	-0.247752	-0.463134	0.881451	-0.160123	1.305753	-0.816385	0.069428	0.708965	-0.596719	-1.613285	-0.020493	0.070913	-0.724588	-0.259470	-0.772528	0.056543	-1.502826	-0.749563	-0.386352	-0.497589	-0.064803	-1.127463	0.245871
2.338362	-0.178969	1.595703	2.297920	2.003850	1.100639	0.659873	1.626161	1.167656	1.091178	1.510490	1.996960	0.483171	-0.357880	1.278264	1.065420	0.220935	0.755836	0.420321	2.144887	2.527172	2.468551	0.628622	1.234406	1.961148	-0.509762	0.962450	-0.005130	1.083053	1.511509	0.854955	0.477267	1.774180	0.407571	1.280458	1.467679	-0.161674	0.716447	0.932892	0.792427	-1.050861	-1.077768	-0.259804	0.323583	-0.675410	-0.220453	0.968653	0.540446	-0.421812	-0.144604	-0.655709	-0.060399	1.430165	-0.313153	0.623021
3.199099	-0.515692	1.887592	2.168861	1.715626	1.261792	0.723042	1.880724	1.187190	0.652740	0.903575	1.751334	-0.303434	0.280797	0.785529	2.090301	0.877999	1.793944	-0.263190	1.303708	2.238091	3.039781	1.427479	2.061107	2.372691	-1.159647	2.005300	0.584100	1.315646	2.271517	1.577102	1.628162	3.068530	1.589142	1.149439	2.684849	-0.779545	1.616489	1.817578	1.278380	-1.331750	-0.739825	-0.630912	-0.030249	-0.290399	0.153045	2.664453	1.307437	-0.267822	0.370943	-1.220902	-0.723433	2.074425	0.155892	0.681673
2.047225	-0.925079	1.050744	0.443000	0.054469	0.197126	0.105896	1.253217	0.961007	0.300381	0.401745	0.956656	-1.193980	0.502389	-0.446531	1.775975	0.831450	1.772932	-1.439864	0.027554	0.906044	2.249762	1.530544	0.962052	1.851085	-2.052235	2.053863	1.138649	-0.077378	2.065780	1.715956	1.653777	2.428716	1.972481	0.396759	2.009614	-0.476146	1.119814	1.731316	1.433756	-1.480059	-0.876296	-1.122811	-0.825883	-0.528380	0.203962	2.260279	1.298188	-1.130610	-0.057326	-1.778213	-1.818436	1.312130	0.513634	0.593095
-0.278148	-1.031928	-0.612486	-1.433222	-1.843329	-1.492975	-0.455844	0.127585	0.398938	-0.111983	-0.100329	-0.122344	-1.631175	-0.002035	-1.208256	0.155532	0.201105	0.823690	-1.835491	-1.072319	-0.784541	0.359389	0.652014	-1.021579	0.635102	-2.206903	1.506060	0.980487	-2.074031	0.939433	0.846477	0.375854	0.260354	1.284778	-0.586127	-0.154153	-0.123231	-0.216195	0.448450	0.566477	-1.407876	-0.875159	-1.488556	-1.605484	-1.666061	-0.315147	-0.132654	0.108711	-1.837315	-1.024228	-1.697546	-1.997888	-0.101437	0.856190	0.564045
-2.074310	-0.547286	-2.030909	-1.846090	-2.662641	-2.710987	-0.548441	-0.917526	-0.461823	-0.822826	-1.013078	-1.222794	-1.616220	-0.534168	-0.995969	-1.562543	-0.569873	-0.408745	-0.812086	-1.421991	-1.904482	-1.522993	-0.740617	-2.023642	-0.791600	-1.369973	0.757781	0.188153	-2.957365	-0.381958	-0.439327	-1.174425	-1.664373	0.288515	-1.296791	-1.894023	-0.311054	-1.371608	-1.286138	-0.963359	-0.857589	-0.242400	-1.437871	-1.766343	-2.377890	-0.810906	-2.329122	-1.445111	-1.427069	-1.200600	-0.607642	-0.785829	-1.014408	0.982373	0.793308
-2.220878	0.426237	-2.224165	-0.603133	-1.976652	-2.673439	-0.370731	-1.447445	-1.345934	-1.666987	-2.089260	-1.953349	-1.461577	-0.416698	-0.567031	-2.272428	-1.080855	-1.345083	0.840021	-0.860000	-1.871628	-2.342358	-1.847915	-1.333787	-1.958951	-0.244475	-0.228383	-0.291585	-1.888198	-1.078374	-1.104342	-1.938628	-1.931186	-0.253121	-1.334141	-1.841609	-0.737719	-1.862996	-2.314297	-1.952644	0.182493	0.677270	-0.910075	-0.951680	-1.201243	-0.656313	-2.528419	-2.169331	-0.129938	0.050591	1.021497	0.901412	-0.963089	0.797235	1.196388
-0.973299	1.283994	-1.130159	0.983374	-0.434419	-1.485549	-0.315832	-1.369008	-1.690983	-2.052363	-2.291021	-1.811871	-1.257640	0.105368	-0.607364	-1.938309	-1.140962	-1.669814	1.611137	0.076636	-0.827252	-1.838696	-1.996124	0.184018	-2.375063	0.312239	-1.294484	0.104306	0.209396	-0.818377	-0.741037	-1.712725	-0.742006	-0.427771	-0.617294	-0.418012	-0.850167	-1.789591	-1.898981	-1.549991	1.128107	1.087038	-0.216259	0.481809	1.299065	-0.095416	-1.089025	-1.590418	1.139232	1.755627	2.092839	1.727252	-0.308165	0.508399	1.291095
0.439052	1.330555	0.277294	1.449132	0.796797	-0.182407	-0.596932	-0.902072	-1.103268	-1.590731	-1.023589	-0.719276	-0.905712	0.388974	-0.601130	-1.256360	-0.858387	-1.372011	0.795000	0.466489	0.388437	-0.645278	-1.086646	1.229925	-1.699013	0.027185	-1.614205	0.750664	1.545033	0.099971	0.102038	-0.955559	0.623339	-0.723709	0.371169	0.901264	-0.622946	-1.320225	-0.378514	-0.139363	1.213047	0.609557	0.080423	1.573325	2.787062	0.089793	0.279724	-0.219506	1.735872	2.263152	1.802597	1.192805	0.351186	0.309321	0.730479
0.952904	0.453744	0.801401	0.561152	0.863545	0.093381	-1.085997	-0.405635	0.048962	-0.586923	0.761468	0.574082	-0.485207	0.336292	0.202274	-0.658813	-0.506625	-0.704787	-0.771373	-0.050925	0.821845	0.301322	0.187871	1.238450	-0.239719	-0.708663	-0.554902	0.710341	1.226139	1.014864	0.652473	-0.136120	1.182871	-1.060923	0.876243	1.125688	-0.398377	-0.552125	0.948635	0.995486	0.335113	-0.349370	-0.335094	1.583715	1.814383	-0.309657	0.553286	0.954269	1.575432	0.993521	0.381238	-0.039813	0.651606	0.108092	-0.092143
0.513512	-0.688714	0.159296	-0.592478	-0.125500	-0.726326	-1.298277	-0.172739	0.824244	0.272317	1.345621	1.069543	-0.192965	0.253835	1.259172	0.022314	-0.181210	0.041475	-1.583716	-0.740975	0.283092	0.573403	0.849138	0.573380	0.987988	-1.204285	1.152061	0.035234	-0.057560	1.317036	0.739730	0.540875	0.837234	-0.795845	0.670991	0.427158	-0.236536	0.265414	0.961561	0.908993	-0.750901	-1.012036	-1.016554	0.703517	-0.484126	-0.622624	0.178638	1.170209	0.907324	-0.916882	-1.042865	-0.861604	0.557790	-0.249413	-0.377896
-0.090463	-1.251972	-0.699183	-0.828186	-1.135060	-1.438093	-0.758139	-0.223876	0.687396	0.630380	0.272708	0.622544	0.049390	0.079487	1.245054	0.936884	0.271308	0.717555	-1.008903	-0.567417	-0.373174	0.496918	0.572422	-0.049554	1.132225	-0.933294	1.870179	-0.337231	-0.939691	0.832655	0.748508	0.980862	0.021060	0.277276	0.324618	-0.365774	0.137300	0.774432	-0.100610	-0.089619	-1.185377	-0.917669	-0.988911	-0.170910	-1.728181	-0.160065	0.083526	0.417004	0.149417	-1.732555	-1.348501	-0.695730	0.295929	-0.633391	0.048558
-0.129212	-0.951961	-0.572345	-0.090806	-1.102467	-0.842841	0.381724	-0.241378	0.112653	0.717347	-0.988372	0.107504	0.560533	-0.539385	-0.029367	1.654231	0.863812	1.184139	0.217360	0.497791	-0.123044	0.571054	-0.037840	-0.201156	0.430793	0.108403	0.901980	0.127929	-0.624340	-0.023609	0.920933	1.075819	-0.717601	1.358293	0.421679	-0.628070	0.742603	0.831772	-0.889985	-0.810344	-0.789197	-0.254984	0.238419	-0.337556	-0.838893	0.970391	0.466809	-0.537157	-0.246940	-0.822086	-0.335331	0.090065	0.187235	-0.728197	0.424559
0.373967	-0.225421	0.677859	0.632048	0.010996	0.857690	1.267135	0.112967	-0.005149	0.919437	-0.828091	0.295806	1.344580	-1.379515	-1.237975	1.514955	1.202230	1.154513	0.964501	1.393073	1.016716	0.798980	-0.247161	0.023319	-0.064780	1.358507	-0.695813	0.871122	0.628574	-0.547201	1.007833	0.797490	-0.948526	1.356902	0.760568	-0.374911	1.076694	0.575300	-0.547150	-0.496599	-0.043792	0.387908	1.976378	0.118136	1.141762	1.997302	0.741596	-0.792088	-0.122965	0.783186	1.119227	0.622529	0.370022	-0.452580	0.012988
0.810701	0.259902	1.965073	0.559277	1.189968	2.198496	1.142353	0.676180	0.558430	1.217012	0.505591	0.905976	1.807917	-1.533163	-1.238347	0.419262	0.843105	0.420145	0.869528	1.302692	1.937492	0.765645	-0.069311	0.220624	0.229401	2.030820	-1.455562	0.984035	1.793282	-0.341639	0.692008	0.276568	-0.623877	0.077183	0.668295	-0.079943	0.655601	0.170404	0.279906	0.356358	0.509536	0.558910	2.898768	0.570204	2.423514	2.174969	0.380091	-0.192399	0.225389	1.544477	1.784931	0.393332	0.674852	-0.108170	-0.875674
0.738631	0.181500	2.181109	0.039963	1.507641	1.975187	0.125349	0.746791	1.091522	1.140788	1.313096	1.077860	1.262354	-0.556268	-0.314911	-1.004907	-0.152337	-0.771693	0.387089	0.618293	1.726611	0.269158	-0.128094	0.098973	0.762155	1.614793	-1.139025	0.352964	1.808197	0.366458	0.126219	-0.318309	-0.126826	-1.484708	-0.036154	-0.143143	-0.319667	-0.326791	0.302015	0.608034	0.685027	0.243500	2.273351	0.531290	2.167585	1.306172	-0.486470	0.497789	0.448144	1.049891	1.078114	-0.274342	0.811777	-0.064107	-1.190770
0.331339	-0.256624	1.326951	0.032378	1.073895	0.421805	-1.003891	-0.186804	0.790388	0.314614	0.609910	0.519649	-0.290499	0.641943	0.495333	-1.991635	-1.213663	-1.771842	-0.016723	0.275333	0.703006	-0.394993	-0.770374	-0.279135	0.673738	0.215412	-0.558227	-0.211441	0.461439	1.007219	-0.191105	-0.931274	0.189787	-2.059605	-0.766489	-0.535314	-1.059367	-0.873749	-0.787288	-0.222960	0.595895	-0.289139	0.550296	0.049326	0.897489	-0.142842	-1.298773	0.403428	0.610921	0.323704	-0.451100	-0.672922	0.587887	-0.388339	-0.417508
0.046506	-0.545243	0.292920	0.812369	0.622802	-1.130873	-1.646697	-1.734093	-0.316739	-0.992264	-0.857311	-0.265482	-1.990628	0.612201	0.538606	-2.194226	-1.786310	-2.043086	-0.300928	0.501237	-0.099887	-0.811771	-1.604320	-0.609174	-0.018003	-1.430472	-0.206156	0.077148	-1.211781	1.168421	-0.027133	-1.539008	0.421024	-1.318365	-0.867900	-0.957587	-0.984297	-1.383014	-1.974673	-1.467749	0.444842	-0.791925	-1.134863	-0.438632	-0.298066	-1.322431	-1.668136	-0.551984	0.989701	0.515567	-1.509124	-0.561389	-0.047860	-0.836532	0.804563
-0.002571	-0.281395	-0.231440	1.604696	0.446862	-1.548736	-1.763337	-2.872975	-1.407269	-1.959876	-1.815607	-0.796444	-2.797048	-0.883072	-0.264566	-1.731117	-1.747811	-1.576005	-0.512106	0.698437	-0.229669	-0.894143	-1.958408	-0.668606	-0.496779	-2.328562	0.146806	1.098230	-1.729251	0.805047	0.305001	-1.968522	0.780329	-0.172976	-0.354988	-1.234698	-0.316529	-1.778938	-2.161268	-2.093659	0.422405	-1.117584	-1.851918	-0.570323	-0.711763	-1.594366	-1.612488	-1.633328	1.507439	1.562608	-1.101681	-0.327905	-0.955205	-1.145261	1.423295
-0.153645	0.438768	-0.309767	1.608723	0.213520	-0.788997	-1.524702	-2.976579	-1.750203	-1.968762	-1.947304	-1.147622	-2.349111	-2.359365	-1.571594	-0.985354	-1.387543	-0.843362	-0.464686	0.435309	-0.161709	-0.859636	-1.604727	-0.596322	-0.369003	-1.913489	0.534321	1.902328	-0.723974	0.113612	0.302415	-2.000510	0.976375	0.160321	0.094429	-1.411708	0.204484	-2.025443	-1.353270	-1.760534	0.617016	-1.142115	-1.445890	-0.448486	-0.394253	-1.062789	-1.362445	-2.097890	1.705439	2.317490	0.503561	-0.261078	-1.754572	-1.256869	1.042057
-0.674130	0.983045	-0.347045	0.991017	-0.247504	0.281072	-0.965898	-2.351734	-1.394677	-1.226858	-1.780188	-1.520379	-1.195120	-2.170195	-2.531912	-0.418279	-1.108855	-0.417330	-0.007945	0.032231	-0.419088	-0.892179	-0.929722	-0.837754	-0.295389	-0.571602	0.331660	1.573472	0.470804	-0.641435	-0.216112	-1.694396	0.404772	-0.616563	-0.176613	-1.522368	0.114549	-2.097716	-0.499786	-0.999726	0.887537	-0.820428	-0.546309	-0.566241	0.066840	-0.486456	-1.166658	-1.874023	1.247272	1.821561	1.835650	-0.063224	-2.064294	-1.227762	0.103573
-1.305062	0.744602	-0.494942	0.533870	-0.528789	0.772560	-0.115692	-1.678507	-0.916342	-0.514418	-1.625033	-1.693940	-0.239566	-0.405740	-2.221171	-0.307239	-1.061054	-0.521466	0.604327	0.006601	-0.833201	-0.931397	-0.477679	-1.582850	-1.044860	0.609701	-0.776098	0.090171	0.275663	-1.172774	-0.932590	-1.374878	-0.880633	-1.660985	-1.053125	-1.438511	-0.401596	-1.948048	-0.365148	-0.492004	0.907528	-0.308584	0.016147	-1.199152	0.118718	-0.494963	-1.200646	-1.444035	0.243804	0.271943	1.570810	0.549495	-1.838100	-0.987749	-0.687660
-1.448626	-0.157230	-0.559052	0.564309	-0.224828	0.499694	0.738852	-1.186084	-0.630951	-0.304455	-1.239271	-1.254749	0.001587	1.169387	-0.705443	-0.500603	-0.945726	-0.811995	0.848921	0.295843	-0.871659	-0.761418	-0.417431	-2.191047	-2.166680	0.776342	-1.853544	-1.507828	-1.105638	-1.166350	-1.226789	-1.168714	-1.819782	-1.926789	-1.591050	-0.986776	-0.856084	-1.481869	-0.749980	-0.366742	0.451089	0.121441	0.017564	-1.883584	-0.208579	-0.855894	-1.370074	-1.178571	-0.813650	-1.163816	-0.020448	1.040934	-1.255876	-0.352525	-0.824531
-0.793871	-0.920846	-0.337477	0.664274	0.411675	-0.077756	1.104440	-0.631810	-0.306094	-0.337740	-0.438869	-0.246613	-0.328997	1.157096	0.756627	-0.565144	-0.342804	-0.697473	0.399062	0.350096	-0.387417	-0.269806	-0.456523	-1.598415	-2.193678	-0.011868	-1.523486	-1.899047	-1.716473	-0.419141	-0.618812	-0.780255	-1.406860	-1.157515	-0.951330	-0.150179	-0.929149	-0.646264	-0.820161	-0.243343	-0.367099	0.302075	-0.014371	-1.764301	-0.325442	-0.714979	-1.202394	-0.914855	-1.296265	-1.370814	-1.275996	0.469707	-0.341879	0.626472	-0.095029
0.296437	-0.915637	0.020271	0.363910	0.656849	-0.516990	0.628520	0.071467	0.294844	-0.170761	0.437183	0.685831	-0.741785	0.119335	1.028088	-0.265253	0.599247	-0.047202	-0.575435	-0.126509	0.207829	0.365672	-0.233045	0.316604	-0.403780	-1.038034	0.257337	-0.699882	-0.232593	0.858467	0.735378	0.052435	0.028317	0.023624	0.536702	0.828699	-0.590905	0.339388	-0.102599	0.202568	-1.146209	0.212964	0.347877	-0.593112	0.180992	0.282096	-0.273756	-0.243420	-0.858001	-0.277238	-1.011249	-1.167245	0.922420	1.427175	1.283360
1.051985	-0.298351	0.020178	-0.278888	0.051351	-0.836932	-0.531188	0.584489	0.859616	0.118278	0.825966	0.860416	-0.860780	-0.235059	0.302970	0.247653	1.049294	0.545011	-1.447813	-0.820017	0.377917	0.767728	0.270923	2.112483	2.013890	-1.666967	1.886130	1.062428	2.221447	1.926533	1.956964	1.028517	1.050500	0.758783	1.561040	1.533660	-0.062299	0.963501	0.976443	0.889513	-1.461435	-0.110124	0.689252	0.847088	0.938999	1.352318	1.121394	0.857647	0.147476	1.002864	0.178377	-2.509246	2.089750	1.393904	2.503145
0.993752	0.344736	-0.652875	-0.854638	-1.141811	-1.222081	-1.583748	0.604077	0.863966	0.129585	0.571553	0.235540	-0.594441	0.758907	-0.323698	0.778295	0.473289	0.477389	-1.514841	-1.205103	-0.058894	0.705569	0.766562	2.181435	3.057311	-1.666889	1.900651	1.902462	3.296928	1.993075	2.120444	1.508516	0.745170	0.622438	1.285061	1.699240	0.252970	0.914333	1.621748	1.519460	-1.138774	-0.486269	0.341205	1.539536	1.234246	1.484116	2.038385	1.830285	0.856260	1.133584	0.883243	-2.143302	2.368986	0.442228	2.523764
0.387242	0.709274	-1.566994	-1.085808	-2.110179	-1.477656	-1.516740	0.368976	0.441519	-0.025266	0.186689	-0.440258	0.007726	1.954163	-0.169354	1.379028	-0.397656	0.032324	-0.610366	-1.084521	-0.746534	0.364717	1.083323	0.727624	2.128213	-1.017398	0.630289	1.304085	2.171879	1.010633	1.175720	1.293580	-0.255368	-0.097818	0.339734	1.521220	0.105617	0.577297	1.618121	1.920890	-0.414620	-0.464573	-0.396919	1.314514	0.989063	0.876339	1.893121	2.079313	0.705664	-0.156740	0.734815	-0.183051	1.525695	-0.665630	0.971239
-0.065318	0.860027	-1.763780	-1.011032	-2.116369	-1.123291	-0.000111	0.456637	0.476612	0.397324	0.415778	-0.236512	0.899736	1.958682	0.505937	2.094198	-0.161082	0.138542	0.594552	-0.654372	-1.016070	0.197476	1.392159	-0.331430	0.638282	0.175441	-0.409957	0.009522	0.254137	-0.153387	0.042675	0.943854	-0.659958	-0.620698	0.030034	1.462293	-0.174517	0.703499	1.502083	2.076412	0.189996	0.324048	-0.343751	0.891723	0.850792	0.795358	1.208852	1.630794	-0.051594	-1.811436	0.525459	1.754340	0.312510	-0.986913	-1.331337
-0.002113	0.813577	-0.787557	-0.796329	-1.111844	-0.101416	2.024077	1.058182	1.488844	1.733312	1.398335	0.991520	1.937324	0.877237	1.049698	2.581311	1.486929	1.118082	1.158391	-0.179477	-0.474622	0.438826	1.839941	0.327307	0.202898	1.473334	-0.483544	-0.987817	-0.811858	-0.570458	-0.342754	1.144562	-0.150712	-0.318407	0.702705	1.613299	0.136068	1.466800	1.726288	1.905613	0.326937	1.523820	0.934433	0.941317	1.210908	1.745316	0.996090	1.071134	-0.689858	-2.537526	0.642248	2.112993	-0.305701	-0.413585	-2.956604
0.256032	0.449749	0.644690	-0.493595	0.194993	0.922863	2.960301	1.662651	2.657776	3.046165	2.323730	2.231333	2.679734	0.018648	1.121553	2.308860	3.042350	2.055049	0.836436	0.240363	0.515250	0.798166	2.061157	1.799442	0.722550	2.158600	-0.301144	-1.341039	-0.882264	-0.215458	0.038076	1.824859	0.363981	0.707708	1.312795	1.451809	1.316488	2.141171	1.921008	1.244056	0.182492	2.102318	2.159082	1.394513	1.559151	2.443393	1.438138	0.811966	-0.707499	-2.012839	0.435910	0.783716	-0.154946	0.220248	-3.077727
0.215018	-0.130497	1.287445	-0.084990	0.942522	1.232171	2.045409	1.659633	2.504429	2.871715	2.204106	2.185868	2.542094	0.214876	0.883087	1.191319	2.734309	1.771174	0.252120	0.574370	1.079628	0.732104	1.439115	2.103428	0.783366	1.821343	-0.657273	-1.238100	-0.742607	0.103314	0.394849	2.133001	0.084986	1.730788	0.739520	0.491874	2.687585	1.920025	1.315888	0.165883	0.205331	1.389879	1.671363	1.692193	1.069228	1.282908	1.629572	0.657039	-0.198452	-0.937255	-0.467417	-0.949189	0.175230	0.234644	-2.034093
-0.100717	-0.491851	0.705463	0.253645	0.850126	0.871057	0.163930	1.172168	0.684352	0.967681	1.061408	0.694853	1.417783	1.024042	0.749605	-0.160958	0.646723	0.283747	0.026036	0.684639	0.703501	0.085982	0.071776	0.659147	-0.290897	0.859159	-1.130096	-0.887538	-0.674877	-0.273215	0.044629	1.427391	-0.625383	2.078493	-0.738779	-0.911847	3.142922	0.883277	-0.105726	-0.777274	0.441636	-0.042010	-0.437122	1.448805	-0.356290	-1.422211	0.833373	0.292559	0.303296	-0.134003	-1.136646	-1.584310	0.216145	0.034183	-0.771937
-0.183937	-0.298090	-0.247630	0.179416	0.376601	0.491516	-1.013802	0.968094	-1.377269	-1.142012	0.018595	-0.930811	0.083379	1.525324	1.016029	-0.951268	-1.227867	-1.119209	0.070424	0.442971	-0.192166	-0.627719	-0.894828	-0.986651	-1.537546	0.170024	-0.720065	-0.418125	-0.352337	-1.144640	-0.898949	0.140712	-0.779821	1.632507	-1.641256	-1.711714	2.206930	-0.080156	-1.269641	-0.904632	0.415054	-0.863910	-2.218426	0.771988	-1.824865	-3.389747	-0.380412	-0.017705	0.365447	0.161249	-0.452728	-0.597895	0.138479	0.520166	0.070879
0.232799	0.265002	-0.415418	-0.342227	0.158436	0.455554	-0.734623	1.395254	-2.056656	-1.789255	-0.007596	-1.297228	-0.411874	1.316137	1.536926	-0.934411	-1.259435	-1.353190	-0.004680	0.021515	-0.682136	-0.760488	-0.464651	-1.051948	-1.702469	0.275727	0.541115	-0.036470	0.194986	-1.761601	-1.695609	-0.653820	-0.044408	0.736453	-1.004364	-1.266608	0.508890	-0.283717	-1.172616	-0.155888	-0.136786	-0.408852	-2.081414	0.087677	-2.273792	-2.835008	-0.771377	0.307674	0.091906	0.225992	1.165063	1.168234	0.299718	1.671529	0.456672
0.720603	0.671301	0.350206	-0.789230	0.338835	0.479230	0.159227	1.718050	-1.419881	-1.058031	0.598330	-0.522892	0.075047	0.569524	1.668143	-0.604199	-0.067560	-0.744808	-0.099154	-0.183089	-0.359429	-0.326978	0.760585	0.278754	-0.862991	0.854293	1.377737	0.085799	0.350421	-1.683066	-1.737632	-0.554565	0.876996	-0.151411	0.455050	-0.168492	-0.790756	0.035902	-0.195204	0.644844	-0.647495	0.614037	-0.549701	-0.244495	-1.556690	-0.553950	-0.131270	1.141593	-0.093993	0.353366	2.039722	2.201064	0.577566	2.278702	0.541712
0.623845	0.665160	1.106848	-0.611300	0.558928	0.278275	0.335371	0.961216	-0.925666	-0.472014	0.736551	-0.002609	0.555464	-0.357943	0.754825	-0.628542	0.365683	-0.490793	0.273911	-0.042303	0.221293	-0.047019	1.020630	1.070409	-0.169231	1.192641	0.853245	0.075229	-0.130231	-1.170139	-1.122782	-0.298800	1.122799	-0.673037	1.209874	0.278355	-1.030532	0.151643	0.245415	0.543639	-0.241687	0.989062	0.621335	-0.189011	-0.595147	0.977583	0.311873	1.412620	-0.039082	0.557597	1.277053	1.678816	0.515893	1.358307	0.298558
-0.066017	0.550873	1.026499	0.070756	0.590964	0.158867	-0.454098	-0.639617	-1.346935	-0.860902	0.085390	-0.536573	0.159927	-0.990010	-1.038811	-1.092763	-0.733232	-1.113424	1.123466	0.116623	0.238915	-0.461210	-0.440503	0.143926	-0.266449	0.984495	-0.382131	0.234518	-0.483639	-0.751567	-0.491941	-0.647182	0.667071	-0.710325	0.735725	-0.480372	-0.533115	-0.127294	-0.552747	-0.473669	1.105871	0.439757	0.674004	0.044077	-0.268983	0.492857	-0.431929	0.370147	0.067527	0.691780	-0.128846	0.292205	0.062843	-0.527496	-0.308996
-0.571202	0.741024	0.385399	0.607783	0.719118	0.612519	-1.167285	-1.609818	-1.786155	-1.312168	-0.496140	-1.263895	-0.655288	-0.788783	-2.495731	-1.342249	-1.955735	-1.841899	1.712277	0.020261	-0.352812	-1.170790	-2.206577	-1.266261	-0.605806	0.557231	-0.889040	0.567745	0.176729	-0.594690	-0.326745	-1.188757	0.231863	-0.504197	-0.014950	-1.502066	-0.113602	-0.190428	-1.626530	-1.368287	2.289132	-0.103323	0.485836	0.259722	-0.342219	-0.713394	-1.562510	-1.192875	0.185753	0.713472	-0.502052	-0.482046	-0.286430	-1.771785	-0.945409
-0.222043	1.083256	0.167978	0.672716	1.296814	1.537771	-0.760765	-0.966466	-1.070421	-0.587779	-0.136808	-0.847096	-0.610196	0.276679	-2.324886	-0.655466	-1.529854	-1.560152	1.397629	-0.061188	-0.706631	-1.200747	-2.214990	-1.099731	-0.367861	0.383574	-0.239605	0.640560	1.494740	-0.458005	-0.474382	-0.849689	0.297856	-0.485259	0.036340	-1.368256	-0.172816	0.478785	-1.481106	-1.148992	2.181751	0.233983	1.015138	0.318998	0.075533	-0.605259	-1.390455	-1.659948	0.509574	0.730513	0.540146	-0.006273	-0.247461	-1.447322	-1.041307
0.662059	0.902626	0.809108	0.588173	2.062190	2.244080	0.640885	0.475957	0.555092	1.076283	0.886631	0.690063	0.719284	1.282275	-0.544198	0.887366	0.477228	-0.073852	0.434338	0.316097	-0.107289	-0.133296	-0.186896	0.620997	0.425826	0.555523	0.524646	0.081404	2.028280	-0.156622	-0.409413	0.513196	0.494574	-0.793660	0.775426	0.103312	-0.364288	1.444316	0.085942	0.029860	0.849219	1.079773	1.904302	0.001728	1.101469	1.008919	0.337250	-0.583145	0.881771	0.754202	1.653919	0.858561	-0.222144	-0.189261	-0.449356
1.030678	-0.128033	1.557767	0.603085	2.150576	2.156434	1.937150	1.077865	1.757604	2.247557	1.436224	1.911687	2.184933	1.031584	1.303319	2.275426	2.298027	1.701900	-0.388333	0.938193	1.027370	1.312157	2.049569	1.686580	0.982107	0.771269	0.311880	-0.896124	0.988195	0.157515	0.099953	1.725738	0.121997	-1.039910	1.248436	1.585823	-0.152724	1.729573	1.749332	1.073392	-0.602166	1.282356	2.088165	-0.790023	1.752927	2.392258	1.916836	0.736758	0.632119	0.509085	1.302240	0.853137	-0.625105	0.681499	0.257053
0.249820	-1.357289	1.223921	0.253541	0.903729	1.234419	2.157334	0.429157	1.773168	2.052131	0.811866	1.668734	2.288654	-0.518809	1.578258	2.436592	2.506994	2.632032	-0.721740	0.903348	1.426612	1.936806	2.642875	0.719272	0.699086	0.689079	-0.593252	-1.631227	-0.687366	0.208939	0.683072	1.713160	-0.869469	-0.698926	0.971542	1.790867	0.480814	1.011087	2.213028	1.202513	-1.262685	0.430610	1.287980	-1.578334	1.217209	2.140268	1.774320	0.955936	-0.560792	-0.306884	-0.502567	-0.183155	-1.044334	0.614069	0.386659
-1.181134	-1.722898	-0.452441	-0.992478	-1.325214	-0.190537	1.234463	-0.250664	1.035354	0.970903	-0.497666	0.295976	0.874938	-1.853889	0.200268	1.275886	1.320840	2.279632	-0.865897	-0.269953	0.360001	1.212601	1.555652	-1.038636	-0.167751	0.205379	-0.888259	-1.624618	-1.434141	-0.051816	0.738774	0.719366	-1.656071	0.256644	0.315778	0.827854	1.030824	-0.019462	1.500346	0.691720	-1.184170	-0.640792	0.232130	-1.527987	-0.107856	0.714784	0.292118	0.287547	-1.966774	-1.502061	-2.205568	-1.234854	-0.692373	0.194704	-0.027589
-2.118700	-0.982775	-2.341994	-2.571782	-3.230568	-1.631490	-0.133558	0.123515	0.276968	-0.034911	-1.414482	-0.998552	-0.770156	-1.453379	-1.340470	-0.245613	-0.085701	1.095568	-1.082278	-1.758310	-1.407374	-0.265034	0.130075	-1.669231	-0.775800	-0.539410	0.097827	-0.915657	-0.899194	-0.346865	0.101484	-0.254890	-1.409618	1.191558	-0.319367	-0.245115	1.029070	-0.587785	0.502926	0.236753	-0.966505	-1.026117	-0.448615	-0.481879	-1.148921	-0.466433	-0.959773	-0.171241	-2.447523	-2.324532	-2.439867	-1.416472	0.348830	0.210918	-0.210139
-1.865935	-0.093732	-2.987226	-3.012850	-3.575536	-2.521559	-1.174794	0.992948	-0.271494	-0.558592	-1.469497	-1.461580	-1.476317	0.277037	-1.656585	-1.100559	-0.933972	-0.034302	-1.211886	-2.155674	-2.286515	-1.336404	-0.636640	-1.114270	-0.542830	-1.333835	1.533505	0.076596	-0.106377	-0.257771	-0.666143	-0.748024	-0.295865	1.326560	-1.029730	-0.758536	0.430344	-0.720917	-0.237886	-0.023619	-1.006608	-0.924638	-0.884419	0.565359	-1.341154	-0.807470	-1.190868	-0.131120	-1.640994	-2.117156	-1.462284	-0.912780	1.008526	0.674874	0.480825
-0.700631	-0.175259	-2.035205	-1.610207	-2.303601	-2.483216	-1.614894	0.936903	-0.633195	-0.757129	-1.210526	-1.218039	-1.411900	1.272626	-0.841561	-1.129505	-1.248060	-0.440521	-1.136064	-1.090345	-1.491094	-1.239280	-0.860829	-0.668744	0.305561	-2.038709	2.051716	0.960541	0.044703	0.421351	-0.729737	-1.037009	0.649979	0.475513	-1.875416	-0.848010	-0.475061	-0.935930	-0.814968	-0.441584	-1.306449	-1.222084	-1.404206	0.503360	-0.951792	-0.857574	-0.888410	-0.255563	-0.165220	-0.996666	-0.663673	-0.483753	0.583354	0.910866	1.794116
0.559651	-1.240549	-0.444507	0.515279	-0.604692	-1.720735	-1.689542	-0.322753	-0.653909	-0.806588	-1.365304	-0.708111	-1.498206	0.314902	-0.026935	-0.912398	-1.319918	-0.129269	-1.150098	0.348251	0.203707	-0.197918	-1.034312	-0.787516	1.050005	-2.539811	1.343040	1.588637	-0.242308	1.393067	0.140227	-1.312603	0.738029	-0.699661	-2.375637	-0.826886	-1.319110	-1.365526	-1.307877	-1.024164	-1.681138	-2.139614	-1.845254	-0.540218	-0.484399	-1.134521	-0.699472	-0.813910	1.106846	0.251289	-0.860739	-0.438502	-0.315112	0.468938	2.801646
1.310473	-2.171864	0.619161	1.504990	0.254808	-0.914849	-1.653443	-1.411637	-0.247013	-0.714055	-1.804593	-0.186118	-1.956794	-1.367247	0.096007	-0.900893	-1.212037	0.297032	-1.492463	0.920269	1.356122	0.811797	-1.146948	-0.707677	1.266875	-2.610197	0.430311	1.922003	-0.295298	1.975466	1.192700	-1.301505	0.414020	-1.217484	-1.964766	-0.701435	-1.799465	-1.564049	-1.435022	-1.231048	-1.865080	-2.783324	-1.795719	-1.335851	-0.164075	-1.322768	-0.594881	-1.098795	1.617877	0.928625	-1.457496	-0.446624	-0.538158	-0.257415	2.821325
1.447907	-1.924606	0.794721	0.787947	0.147770	-0.528203	-1.383649	-1.038574	0.210029	-0.543020	-1.665900	0.207258	-2.036925	-1.663082	-0.076151	-0.956323	-0.805987	0.278693	-1.756027	0.512076	1.267942	0.952117	-0.825118	0.009505	1.140754	-2.006614	0.339904	1.808928	-0.007210	1.667657	1.376084	-0.822497	0.557729	-0.659192	-0.751806	-0.347129	-1.720635	-1.085532	-0.942284	-0.742923	-1.554548	-2.162582	-1.284849	-1.033723	-0.032155	-0.913603	-0.240795	-0.447553	1.250466	0.972570	-1.373481	-0.189017	0.163351	-0.446323	2.013586
1.122241	-0.561347	0.434813	-0.430576	-0.044770	-0.378491	-0.649166	0.280037	0.143487	-0.516828	-0.572175	0.246958	-1.239195	-0.305008	0.156846	-0.770719	-0.153151	-0.145112	-1.233798	-0.128673	0.365002	0.224320	-0.089766	0.689953	0.991746	-0.833400	0.855730	1.086336	0.109102	0.600468	0.411004	-0.266836	1.237319	0.448654	0.467241	0.139401	-1.043356	-0.034692	-0.062829	-0.031533	-0.621624	-0.426492	-0.807952	-0.091019	-0.199973	-0.199138	0.287774	0.713167	0.331764	0.783515	-0.478551	0.148708	0.847672	0.128733	1.054937
0.455272	0.946966	-0.078964	-0.746670	0.279055	-0.058424	0.303817	0.826855	-0.552987	-0.773780	0.639902	-0.229690	-0.194487	0.897727	0.719691	-0.453705	0.366477	-0.534385	0.131663	-0.463320	-0.554617	-0.721760	0.414134	0.514594	0.758348	0.336571	0.889820	-0.032219	-0.316512	-0.626698	-0.950534	-0.205708	1.613059	1.189467	0.930214	0.397576	0.041066	0.905969	0.553384	0.130085	0.665433	1.176735	-0.636573	0.432909	-0.675150	-0.032545	0.475379	1.247969	-0.549858	0.686200	0.252876	0.092783	0.507857	0.695076	0.381250
-0.424118	1.722244	-0.562171	-0.112910	0.735462	0.455620	0.845217	-0.127612	-1.324531	-1.105399	0.797192	-0.995121	0.121989	0.499920	0.781283	-0.403969	0.367191	-0.678980	1.481203	-0.497676	-1.052382	-1.300693	0.103606	-0.380768	0.162540	0.928432	-0.055401	-0.884375	-0.967792	-1.437649	-1.710286	-0.669614	1.062838	1.158092	0.550179	0.122732	1.109882	0.964591	0.400659	-0.414413	1.730120	1.606219	-0.453384	0.142075	-1.036429	-0.593307	-0.011853	0.569897	-1.006554	0.679233	0.023105	-0.520966	-0.732760	0.350782	-0.084877
-1.181396	1.599551	-0.739612	0.504209	0.739552	0.867235	0.786500	-1.426276	-1.449541	-1.075296	-0.116658	-1.421857	-0.285603	-0.827875	-0.097105	-0.641652	-0.013984	-0.715917	1.869467	-0.329983	-1.060246	-1.321968	-0.741195	-1.120413	-0.716503	0.909541	-1.219592	-0.960175	-1.158067	-1.538067	-1.499672	-1.079196	-0.028498	0.668975	-0.123371	-0.515390	1.683038	0.012507	-0.320211	-1.006406	2.056695	1.051298	0.114010	-0.474564	-0.737474	-0.981359	-0.825312	-0.737229	-1.126935	0.618208	-0.710860	-1.232640	-1.722357	-0.746723	-0.540992
-1.348794	0.965382	-0.299045	0.581138	0.458392	1.016214	0.679500	-1.559859	-0.692844	-0.480765	-0.844663	-1.003213	-0.485748	-1.357294	-1.167045	-0.636433	-0.139557	-0.665523	1.219283	0.022017	-0.642023	-0.830428	-1.127845	-1.109499	-1.316532	0.700387	-1.543731	-0.526928	-0.648132	-0.957056	-0.707577	-0.890451	-0.786867	0.160661	-0.499237	-0.859840	1.504044	-1.109734	-0.779430	-0.908965	1.561244	0.490559	0.818702	-0.836882	0.119662	-0.417553	-1.171544	-1.538728	-1.172771	0.453815	-0.752195	-1.299980	-1.574669	-1.446528	-0.925533
-0.789014	0.380892	0.514225	0.530742	0.427305	0.936678	0.958603	-0.546927	0.426607	0.307687	-0.433093	0.016359	0.032586	-0.497695	-1.270126	-0.046874	0.304554	-0.345318	0.347170	0.328879	-0.050018	-0.062561	-0.500833	-0.506229	-1.203640	0.615913	-0.975412	-0.320359	0.078465	-0.110547	0.014534	-0.166432	-0.856166	-0.224721	-0.434619	-0.412484	0.685758	-1.292046	-0.397813	-0.146279	0.717644	0.495360	0.984606	-0.780991	0.732617	0.558781	-0.622142	-1.278891	-1.066268	0.268561	0.347970	-0.428720	-0.625331	-0.955979	-1.064203
-0.004565	0.334868	0.804243	0.837713	0.568071	0.601391	1.174374	0.278238	0.982176	0.582269	0.518516	0.703496	0.642774	0.657778	-0.317320	0.623591	0.703037	0.104736	0.108084	0.238152	0.256909	0.462434	0.442698	0.211844	-0.683046	0.593529	-0.409444	-0.558128	0.470353	0.367569	0.279375	0.510790	-0.585349	-0.391579	-0.153278	0.495889	-0.406547	-0.379748	0.378105	0.484061	0.256273	0.803121	0.352420	-0.329518	0.584700	0.714907	0.358923	-0.463242	-0.410733	0.215497	1.679444	0.832669	0.101541	0.249711	-1.000941
0.311587	0.894590	0.074473	1.326385	0.337568	-0.002709	0.615319	0.100540	0.467665	0.022563	0.686466	0.410826	0.492414	0.807013	0.559776	0.565465	0.235613	0.168290	0.570209	-0.143837	0.074688	0.319876	0.533168	0.766838	-0.490673	0.437173	-0.415413	-0.643446	0.519733	0.227166	0.184863	0.631139	-0.356895	-0.133283	0.142206	0.975237	-1.355339	0.566994	0.538811	0.304843	0.510269	0.908893	-0.536789	0.441922	0.113764	-0.171393	0.844016	-0.030639	0.831952	0.439551	2.001489	1.507402	0.161243	1.075489	-0.936004
0.098406	1.433795	-0.833919	1.504085	-0.214814	-0.568417	-0.521836	-0.491127	-0.578097	-0.838764	-0.132265	-0.372559	-0.284248	-0.084280	0.470006	-0.187479	-0.831861	-0.253621	1.002515	-0.206957	-0.144867	-0.181386	-0.289325	1.069859	-0.807510	0.118943	-0.570536	-0.047347	0.476841	-0.028153	0.171206	0.253819	-0.141929	0.414126	0.405663	0.625918	-1.790390	0.499117	-0.177370	-0.409594	1.012851	0.641946	-0.908111	1.106400	0.062249	-0.943060	0.456324	-0.297660	1.905249	0.912406	1.171865	1.099639	0.021387	1.007540	-0.881047
-0.002436	1.117481	-0.567942	1.224250	-0.329740	-0.637021	-1.233598	-0.592499	-0.984363	-1.081597	-0.732274	-0.518571	-0.768165	-0.954083	-0.170883	-0.685736	-1.267820	-0.544019	0.668597	0.314746	0.219914	-0.195632	-0.816491	1.054325	-0.951337	-0.212819	-0.287481	0.869564	0.337132	0.278929	0.577391	-0.064764	0.158046	0.571621	0.600731	0.023279	-1.511543	-0.387245	-0.875919	-0.702801	0.954786	0.133026	-0.572266	1.019340	0.475941	-0.607799	-0.185374	-0.643358	1.934122	1.300757	0.254938	0.128535	0.195668	0.362154	-0.642308
0.445807	-0.060189	0.884644	0.709999	0.290698	-0.200967	-1.023397	-0.224740	-0.206948	-0.399515	-0.165836	0.350885	-0.499745	-0.949966	-0.343384	-0.300964	-0.524680	-0.291668	-0.337301	0.818861	1.031117	0.553756	-0.242587	0.821573	-0.327024	-0.392323	0.223661	1.269700	0.057855	1.065576	1.230475	0.154730	0.306570	-0.092302	0.678734	-0.037318	-0.707773	-0.971732	-0.650132	-0.061120	0.143769	-0.407957	-0.062515	0.205869	0.760763	0.366918	-0.187116	-0.293564	1.058574	1.163236	0.195267	-0.327199	0.562003	-0.346515	-0.231097
1.009324	-1.033987	1.916277	0.167673	0.872928	0.163344	-0.509464	0.051526	0.995405	0.569565	1.044944	1.403468	0.068069	-0.199350	0.251120	0.486187	0.427178	0.032140	-1.091755	0.604557	1.398061	1.284771	0.723105	0.752789	0.648382	-0.347971	0.361075	0.873839	-0.018937	1.512208	1.555739	0.829399	0.047785	-0.980984	0.721143	0.507914	0.077722	-0.565783	0.273848	0.990697	-0.686615	-0.731430	0.036017	-0.283057	0.548410	0.784470	0.556142	0.727326	0.378724	0.408207	0.736583	0.257840	0.730257	-0.834273	-0.035486
0.928047	-0.831573	1.267450	-0.305831	0.596814	-0.028649	-0.469536	0.213970	1.409101	1.017254	1.747000	1.671998	0.409262	0.604905	0.980003	0.843431	0.417241	-0.144395	-0.794548	-0.076563	0.815458	1.142042	0.954521	1.090702	1.021749	-0.143304	0.150799	0.177567	0.393253	1.090747	1.188255	1.415723	-0.367311	-1.045679	0.863181	1.060657	0.434300	0.424026	0.924193	1.538206	-0.710203	-0.633289	-0.223661	0.443053	0.071692	0.341534	1.253628	1.593593	0.529525	-0.519715	0.934762	1.219030	0.647790	-0.964353	-0.348034
0.129245	0.201757	-0.336261	-0.553938	-0.222368	-0.528576	-0.749651	0.598209	0.740797	0.812796	1.553169	1.116648	0.583229	0.917805	1.124878	0.650512	-0.332637	-0.512256	0.293198	-0.322742	-0.115294	0.313520	0.462864	1.406569	0.514105	0.071182	0.124112	-0.303817	0.773494	0.184234	0.379580	1.415642	-0.442573	-0.127428	0.994115	1.099926	0.465194	1.088900	0.807249	1.232732	-0.008151	-0.194560	-0.277058	1.689831	-0.295802	-0.144450	1.148378	1.536040	0.817705	-1.013158	0.446908	1.362685	0.476398	-0.701664	-0.868558
-0.667629	0.767509	-1.123557	-0.429458	-0.553520	-0.612805	-0.559037	0.863808	-0.192401	0.398293	0.830848	0.334934	0.762808	0.530704	0.551103	0.348470	-0.623444	-0.324227	1.056911	0.108919	-0.454622	-0.306595	0.046526	0.870838	-0.239751	0.224589	0.284369	-0.538634	0.294414	-0.483007	-0.294061	0.725923	-0.180515	0.763984	0.750794	0.508401	0.484943	0.923107	0.243555	0.376620	0.545944	0.208280	0.182177	1.709076	-0.460970	-0.016670	0.271935	0.511212	0.255411	-0.840095	-0.203725	0.339142	0.160337	-0.263012	-0.959845
-0.827871	0.163205	-0.484973	-0.089352	-0.074154	0.022524	0.333997	0.233092	-0.538310	0.137830	-0.142391	-0.289748	0.694735	-0.448169	-0.333421	0.114533	0.024207	0.473182	0.744722	0.459701	-0.106153	-0.310757	-0.111680	-0.666130	-0.575739	0.386784	0.049546	-0.625868	-0.772387	-0.647460	-0.501611	-0.344324	-0.083858	0.644749	-0.028035	-0.534985	0.467332	0.135304	-0.329528	-0.603932	0.345125	0.261990	0.818958	-0.073063	-0.436206	0.421366	-0.746159	-0.859546	-0.920220	-0.303390	-0.529401	-0.871050	-0.406332	-0.026615	-0.357034
-0.466258	-0.985157	0.482614	0.027858	0.416613	0.790367	1.158914	-1.034959	-0.245906	0.080465	-1.214730	-0.668520	0.162640	-1.448946	-0.966954	-0.201264	0.826686	1.156417	-0.259964	0.136646	0.235580	-0.071527	-0.462936	-2.087852	-0.428304	0.520738	-0.596245	-0.448006	-1.072131	-0.473246	-0.319834	-1.199153	-0.371693	-0.314725	-0.946712	-1.495652	0.132861	-0.656709	-0.769244	-1.331241	-0.361134	-0.028475	1.097938	-2.048389	-0.127424	0.555948	-1.285421	-1.729951	-1.456124	0.054681	-0.638440	-1.072489	-0.892639	-0.130176	0.588601
-0.143416	-1.620967	0.593333	-0.278951	0.152929	0.813334	1.049811	-1.526955	0.190725	0.144827	-1.842894	-0.631040	-0.413456	-1.664495	-1.014211	-0.496020	0.879236	1.144787	-1.015805	-0.417486	0.153411	0.041170	-0.931217	-2.028702	-0.080990	0.330205	-0.779003	-0.005713	-0.069177	-0.094016	0.012874	-1.262053	-0.664960	-1.076480	-1.327684	-1.583328	-0.427541	-0.947476	-0.933441	-1.377216	-0.953592	-0.469756	0.833399	-2.274910	0.379545	0.317227	-1.084567	-1.549458	-0.776164	-0.076898	-0.787519	-0.262922	-0.757902	-0.321523	1.288999
-0.133187	-1.393894	0.016316	-0.601819	-0.505965	0.011506	0.155255	-0.615554	0.385486	0.202477	-1.421674	-0.116346	-0.456077	-0.877595	-0.589979	-0.420137	0.251335	0.546806	-1.050644	-0.448803	-0.030648	0.108280	-0.845515	-0.571663	0.213433	-0.294345	-0.064735	0.295888	0.960764	0.382899	0.293099	-0.510899	-0.579566	-0.956036	-0.878979	-0.572572	-0.647885	-0.712198	-0.618829	-0.621327	-1.083208	-0.826189	0.225496	-0.875654	0.618129	0.049813	-0.365967	-0.561694	0.230892	-0.475079	-0.859710	0.466600	-0.076379	-0.321761	1.337709
-0.207989	-0.651598	-0.253029	-0.370589	-0.579667	-0.659510	-0.482729	0.467986	0.279095	0.114718	-0.230521	0.410606	-0.082399	0.162511	-0.129512	-0.013211	-0.267653	-0.122016	-0.536775	0.021406	0.066222	0.220744	-0.135851	0.645810	0.249209	-0.778749	0.647004	0.141087	0.652085	0.623982	0.364784	0.312905	-0.225300	-0.271077	-0.013371	0.574007	-0.239295	-0.330928	-0.009472	0.304549	-0.691951	-0.774721	-0.331728	0.280869	0.297974	-0.057634	0.232234	0.271349	0.432023	-0.566646	-0.527524	0.369545	0.375900	-0.158682	0.699998
-0.088444	0.205549	0.106317	0.326814	0.153058	-0.295326	-0.191119	0.333976	0.014789	-0.054921	0.610638	0.353151	0.125367	0.584589	0.078283	0.215661	-0.206603	-0.429779	0.197710	0.400896	0.253139	0.144986	0.371996	0.363450	-0.077690	-0.366555	0.299502	-0.172425	-0.466037	0.281576	0.138513	0.363000	0.060945	0.202490	0.527351	0.588358	0.283832	-0.117113	0.318825	0.515834	0.130810	-0.089329	-0.373597	0.135812	-0.123508	-0.035768	0.161792	0.232060	-0.083645	-0.068331	0.253592	-0.136749	0.099799	-0.027490	-0.241402
0.149026	0.859173	0.414178	0.740326	0.857816	0.799346	0.528673	-0.608715	-0.167274	-0.010462	0.416961	-0.171756	0.066368	0.403536	0.185584	0.032017	0.101872	-0.309845	0.839088	0.479697	0.120888	-0.257342	0.167432	-0.808109	-0.516349	0.754994	-0.783453	-0.171369	-0.803364	-0.516142	-0.317816	-0.360061	0.154971	0.109662	0.327614	-0.518508	0.227281	-0.007918	0.122178	-0.038242	0.987083	0.865640	0.305293	-0.392928	-0.010132	0.119027	-0.413621	-0.324806	-0.376368	0.574805	1.013335	-0.253106	-0.511783	-0.056378	-0.914590
0.254377	0.889132	0.127139	0.420700	0.793949	1.403202	0.716116	-0.898741	-0.059473	0.365233	-0.222550	-0.384467	0.190739	0.276523	0.481203	-0.119772	0.100373	-0.056232	0.975901	0.529956	-0.252326	-0.590634	-0.180702	-1.294513	-0.532208	1.395675	-1.345960	0.027422	-0.065482	-1.129464	-0.706795	-0.929982	0.129288	-0.286580	-0.348715	-1.322285	-0.285391	0.190356	-0.130777	-0.430820	1.199861	1.176870	1.190991	-0.093071	0.401422	0.379945	-0.695940	-0.443851	-0.179447	0.591001	1.053763	0.094312	-0.778199	-0.337553	-1.023861
0.237358	0.139218	-0.330133	-0.181863	0.208944	0.816830	0.204199	-0.123500	0.311477	0.727763	-0.176638	0.147108	0.602444	0.479955	0.894800	0.273809	-0.161853	0.033070	0.396478	0.582977	-0.344008	-0.270694	0.123253	-0.440230	0.125429	0.767254	-0.852961	-0.060196	0.545132	-0.922521	-0.583132	-0.468707	0.053058	-0.531402	-0.728659	-0.604811	-0.412013	0.432030	0.164140	0.134221	0.437583	0.380786	1.281248	0.750808	0.272994	0.491966	-0.079588	0.273821	-0.144023	-0.222476	0.195533	0.342138	-0.467109	-0.842430	-0.711368
0.369879	-0.754578	-0.211697	-0.344618	-0.176780	-0.353445	-0.300272	0.818050	0.675144	0.657876	0.869911	0.958350	0.750192	0.699353	1.079717	1.055950	-0.113639	0.020104	-0.466161	0.299276	0.099684	0.725142	0.996392	1.068702	1.037142	-0.494776	0.088422	-0.376946	0.387417	0.179865	0.270968	0.896639	0.013490	-0.386478	-0.195702	1.286658	0.237487	0.529013	1.021357	1.404090	-0.768162	-0.770891	0.184151	1.043532	-0.404327	0.214418	1.197802	1.360079	-0.486097	-1.174617	-0.753813	0.214704	0.294673	-1.110339	-0.230456
0.755767	-0.861399	0.451757	0.006740	-0.132460	-0.973083	-0.299237	1.194490	0.792485	0.228058	2.044240	1.314535	0.267694	0.761683	0.961687	1.551439	0.410788	0.137661	-0.848073	-0.293015	0.704417	1.668500	1.656788	2.178523	1.479446	-1.149047	0.762387	-0.271307	0.210255	1.519114	1.405821	2.110559	0.155072	0.014499	0.959234	2.839216	0.973897	0.477955	1.852723	2.408737	-1.455919	-1.094806	-1.220489	0.611515	-0.571610	-0.248094	2.245437	2.151624	-0.414833	-1.381206	-0.751645	0.043574	1.241990	-0.516784	0.286939
1.102776	-0.182006	0.887344	0.317367	0.019953	-0.652841	-0.106477	1.082867	0.661999	-0.081831	2.198031	1.043157	-0.382322	0.888694	0.837461	1.307886	0.787323	0.318220	-0.565047	-0.557087	0.912258	1.728618	1.598136	2.218109	1.150089	-0.849736	1.027267	0.476870	0.556908	2.092466	1.873426	2.180966	0.479681	0.244046	1.617939	2.822119	0.886969	0.419704	1.989027	2.416269	-1.222225	-0.481621	-1.658612	0.188202	0.231427	-0.411549	2.255518	2.293440	0.518235	-0.714634	0.105737	0.127939	1.785547	0.744353	0.665966
0.999499	0.204759	0.604723	0.132019	0.006171	-0.018946	-0.183648	0.641407	0.405822	-0.016629	1.051989	0.500816	-0.487641	1.022762	0.806987	0.460965	0.459564	0.288483	-0.261919	-0.173223	0.579479	0.777575	0.970698	1.068020	0.408999	-0.282882	0.973707	1.108203	0.653286	1.369889	1.159522	1.065334	0.694011	0.004382	1.038231	1.234634	0.065693	0.354387	1.172072	1.405979	-0.568710	0.017187	-0.904157	0.026938	0.868946	-0.160224	1.113149	1.642420	1.320175	0.096137	0.586806	0.221218	1.277739	1.454428	0.628500
0.323638	-0.394632	-0.079574	-0.477347	-0.180332	0.133162	-0.342461	-0.202779	0.079939	0.142464	-0.534711	-0.037909	-0.015546	0.545314	0.468136	-0.509807	-0.151289	0.125565	-0.511716	0.128312	0.002261	-0.481827	0.146024	-0.665221	-0.182296	0.018558	0.593773	0.751439	-0.253408	-0.127506	-0.127974	-0.384683	0.444850	-0.389799	-0.169314	-0.847050	-0.486795	0.153748	-0.231412	-0.118978	-0.224315	-0.218759	0.108361	-0.344580	0.187429	0.130586	-0.516903	0.232084	0.758354	0.326373	0.058040	-0.053494	-0.005578	0.790946	0.129564
-0.641823	-1.160027	-0.598133	-1.054364	-0.511640	-0.312868	-0.051108	-1.146489	-0.313262	-0.033551	-1.387792	-0.606768	0.420282	-0.821422	-0.488186	-1.151834	-0.117253	0.234871	-0.920554	-0.573631	-0.487369	-1.192773	-0.687519	-1.798314	-0.421733	0.308260	0.014165	-0.401356	-1.313264	-1.203265	-0.821631	-1.268741	-0.264933	-0.257172	-0.755937	-2.144258	-0.149154	-0.205498	-1.431121	-1.505594	-0.313990	-0.402750	0.577824	-0.950441	-1.022272	0.213138	-1.677529	-1.446572	-0.700586	0.056363	-0.492082	-0.547828	-0.712755	-0.401891	-0.435263
-1.389572	-0.697196	-0.765090	-1.090719	-0.919064	-0.807905	0.618869	-1.435767	-0.738172	-0.583429	-1.130537	-1.193731	0.373308	-2.168137	-1.541563	-1.256679	0.646101	0.590464	-0.516486	-1.872792	-0.743061	-1.141654	-1.454224	-1.579244	-0.517619	0.896481	-0.382455	-1.167830	-0.957786	-1.092567	-0.485961	-1.373574	-0.943285	0.509651	-0.446160	-2.118634	0.520702	-0.642661	-1.845946	-2.250434	-0.302702	0.467514	0.683661	-0.949011	-0.844335	0.304589	-1.866283	-2.506481	-1.202181	-0.023807	0.165020	-0.767446	0.041050	-0.574504	-0.582269
-1.472268	1.090667	-0.666065	-0.354811	-1.060048	-0.815474	0.836379	-0.808904	-1.142323	-1.119836	-0.457240	-1.492705	-0.016838	-2.078882	-1.687437	-0.969586	1.033717	0.450771	0.980067	-2.099443	-0.706262	-0.854335	-2.008028	-0.548848	-0.709397	1.364663	-0.357162	-0.624098	0.881039	-0.166460	0.128643	-1.130273	-0.943717	1.132380	-0.182165	-1.301252	0.490492	-1.091698	-1.622422	-2.207797	0.344051	1.916259	0.937476	0.222802	1.082919	0.593276	-1.380249	-2.377222	0.136623	0.481571	1.636868	-0.567895	1.314123	0.417256	-0.225386
-0.775440	2.699757	-0.338544	0.855710	-0.539075	-0.345125	0.012155	0.008432	-1.439582	-1.243777	-0.315063	-1.203585	-0.385694	-0.255900	-0.700679	-0.677433	0.071325	-0.735217	2.606086	-0.284977	-0.366950	-0.891712	-2.159102	0.110979	-0.998584	1.012435	-0.130158	0.910551	2.440219	0.514697	0.050686	-0.989197	-0.062547	0.910594	-0.602583	-0.653320	-0.482012	-1.356396	-1.334028	-1.594778	1.524129	2.342427	1.200128	1.887813	2.845805	0.775904	-0.863293	-1.374263	2.054418	1.199219	2.329249	-0.180456	1.323271	1.063850	0.298335
0.343344	2.686049	0.115289	1.818561	0.497433	0.182695	-1.288732	0.189433	-1.394578	-0.860593	-0.920736	-0.433596	-0.571999	1.918272	0.369225	-0.594278	-1.703551	-2.315737	3.032531	2.381783	0.108045	-1.154651	-1.773448	0.017896	-1.228971	-0.105674	-0.072423	2.162556	2.208927	0.292214	-0.724185	-0.932452	1.130732	0.136641	-0.997935	-0.541632	-1.553402	-1.009452	-1.146389	-0.745949	2.470050	1.043869	0.862461	2.730628	2.547819	0.457036	-0.566221	-0.332167	2.690514	1.475481	1.516782	0.360076	-0.268341	0.285866	0.579259
1.222653	1.186616	0.390650	1.936842	1.320097	0.470081	-1.805839	-0.127892	-0.729346	-0.138666	-1.595382	0.382505	-0.574668	2.696159	0.378516	-0.496108	-2.653430	-2.826753	1.855918	3.645406	0.420751	-1.046791	-0.846229	-0.154897	-1.245056	-1.081764	-0.192196	2.105767	0.635582	-0.490313	-1.264048	-0.597675	1.711739	-0.356925	-0.334171	-0.482222	-1.703346	0.135962	-0.642643	0.096761	2.375125	-0.856911	-0.134158	2.117454	0.533150	-0.172155	-0.225765	0.239408	1.653561	1.129872	0.118517	1.147421	-1.832171	-1.033685	0.446616
1.335778	-0.399246	0.284223	1.240041	1.341155	0.552741	-1.027958	-0.153407	0.403591	0.604766	-1.487142	0.845114	-0.384777	1.692400	-0.529934	-0.089749	-1.890081	-1.590933	-0.071818	2.598378	0.418315	-0.317632	0.336915	0.178391	-0.923455	-1.194047	-0.156380	0.880890	-0.648948	-0.939613	-0.862524	0.146324	1.270303	-0.279145	1.119602	0.034392	-0.759422	1.442981	0.327533	0.710370	1.174257	-1.756315	-0.997775	0.594341	-1.185312	-0.490905	0.332123	0.407189	0.116683	0.559742	-0.642480	1.708011	-1.780828	-1.178393	0.098109
0.655148	-0.936624	-0.042096	0.281051	0.659905	0.474938	0.104913	0.298313	1.180784	0.904099	-0.493812	0.720102	-0.122388	0.073840	-1.249698	0.390380	-0.339828	0.315091	-1.487119	0.455721	0.173105	0.478929	1.125320	0.710841	-0.246392	-0.735598	0.179870	-0.436444	-0.839925	-0.605360	0.091088	0.818060	0.250832	-0.083726	1.908131	0.715056	0.495203	1.770070	1.041732	0.801533	-0.293550	-1.321285	-1.032987	-0.756697	-1.280286	-0.326699	0.738163	0.363132	-0.655286	0.223708	-0.584312	1.207062	-0.462159	0.154001	-0.006237
-0.360532	-0.507513	-0.322040	-0.433516	-0.192213	0.065554	0.221665	0.474942	0.779565	0.372750	0.509032	-0.045683	-0.155868	-0.853581	-1.221361	0.292152	0.310641	1.035189	-1.787914	-1.041854	-0.228415	0.544834	0.914761	0.755958	0.536239	-0.576495	0.510181	-0.918596	-0.560139	0.061672	0.555322	0.693994	-0.607894	-0.244999	1.119866	0.762133	1.149515	0.616758	0.650278	0.257515	-1.034014	-0.554080	-0.551747	-1.262771	-0.334211	-0.245812	0.454687	0.125148	-0.388903	0.214571	-0.319060	-0.256967	0.440991	1.423895	0.429365
-1.109045	-0.015108	-0.499034	-0.822387	-0.778634	-0.675254	-0.834645	-0.148490	-0.528401	-0.721768	0.556184	-1.084502	-0.706518	-0.875951	-0.949068	-0.564153	-0.436313	-0.035275	-1.349858	-1.342638	-0.731037	-0.206940	-0.150491	0.146425	0.999712	-1.031304	0.499023	-0.568588	-0.590083	0.298755	0.060512	-0.317162	-0.953440	-0.692936	-0.536460	-0.063252	1.057492	-1.197149	-0.591294	-0.539997	-0.853100	-0.427205	-0.413566	-1.044056	0.196025	-0.697160	-0.464678	-0.237381	0.253798	0.286548	-0.276601	-1.339228	0.052539	1.130145	1.128653
-1.226511	-0.167114	-0.576681	-1.087962	-0.920754	-1.162434	-1.721827	-0.893693	-1.325318	-1.317599	-0.215242	-1.551177	-1.335211	-0.585912	-0.943659	-1.354797	-1.350512	-1.457408	-0.957726	-1.016247	-1.097462	-0.945499	-1.038505	-0.637997	0.987455	-1.467661	0.280419	-0.093995	-0.795248	-0.046993	-0.732435	-1.316257	-0.875359	-0.950981	-1.555863	-1.007384	0.866894	-2.165707	-1.336780	-0.882503	-0.471943	-0.883833	-0.764275	-0.685140	-0.279568	-1.210302	-1.222915	-0.400381	0.326820	0.113227	-0.424761	-1.096553	-0.788056	-0.385243	1.447360
-0.751154	-0.897974	-0.412347	-1.341831	-0.628817	-0.697802	-1.143811	-0.654715	-0.509809	-0.514208	-0.604507	-0.822148	-1.221859	-0.284344	-0.862005	-1.006652	-0.979621	-1.328177	-1.024000	-0.629744	-0.961727	-0.767029	-0.687464	-1.020997	0.840249	-1.149912	0.236774	-0.089400	-0.694003	-0.408160	-0.812568	-1.199047	-0.582498	-0.665628	-1.204283	-1.091735	1.144406	-1.452840	-0.572447	-0.314670	-0.639540	-1.179744	-0.796229	-0.648660	-1.039476	-0.932047	-1.008250	-0.024800	-0.618300	-0.463186	-0.639439	-0.326353	-0.809245	-1.403573	1.061176
-0.013237	-1.563825	0.057642	-1.406825	-0.097023	0.557112	0.549776	0.536617	1.332106	1.259757	0.173858	0.656487	-0.152284	0.290920	-0.172382	0.475866	0.577636	0.427360	-1.308343	-0.229404	-0.269615	0.316135	0.862266	-0.795790	0.971682	-0.227977	0.349582	-0.500590	-0.452477	-0.286064	-0.009223	0.137527	-0.254648	-0.035729	-0.043763	-0.169362	1.617827	0.321657	1.196757	0.936256	-1.240834	-0.887309	0.015141	-0.938684	-1.104008	0.138650	0.148484	0.838181	-1.973703	-1.226124	-0.881581	-0.405457	0.041222	-0.934376	0.269373
0.605856	-1.549687	0.572873	-0.955511	0.382378	1.551116	1.698597	1.414508	2.481247	2.481188	1.417933	1.643651	1.058727	1.135841	0.765390	1.801958	1.747644	1.867635	-1.296994	0.309090	0.543389	1.363233	2.319445	-0.162036	1.297836	0.425666	0.187388	-0.784756	-0.560532	0.149943	0.850033	1.563241	-0.047233	0.286523	0.892926	0.913612	1.511360	1.644863	2.384038	2.033997	-1.451956	-0.336586	0.968821	-1.188168	-0.355250	0.983584	1.307143	1.636186	-2.435545	-1.592930	-1.047819	-1.257660	0.670465	0.192644	-0.413388
0.869006	-0.782059	0.806766	0.074851	0.666921	1.525538	1.266146	1.121925	2.030544	2.162946	1.800570	1.438554	1.401117	1.516533	0.995299	1.760955	1.346256	1.369326	-0.830181	0.889107	0.976813	1.512721	2.366117	0.515895	1.348383	0.296692	-0.332539	-0.519116	-0.807222	0.404429	0.969282	1.858289	0.004333	-0.087158	1.131501	1.212388	0.628998	1.573254	1.938807	2.118538	-0.787372	-0.123478	0.980604	-1.023375	0.477928	0.801333	1.503133	1.700989	-1.354629	-1.080561	-0.960394	-1.538149	0.395243	0.587577	-0.696321
0.761793	0.188874	0.733757	1.142733	0.812486	0.814681	-0.006944	0.313177	0.804730	0.915715	1.056601	0.613781	0.767609	0.829065	0.304337	0.580239	-0.020855	-0.374321	-0.322598	1.199569	0.919316	0.860025	1.062880	0.971894	0.944588	-0.231699	-0.621207	0.123557	-0.482515	0.350180	0.468623	1.003845	0.031163	-0.700055	0.916629	0.684787	-0.205423	0.608497	0.413854	1.098664	0.211604	-0.395200	0.092160	-0.421302	0.720235	-0.000862	0.750778	0.928905	0.340143	0.065601	-0.599380	-0.700698	-0.180480	0.146771	-0.486728
0.440212	0.625261	0.496177	1.383758	0.791546	0.186913	-0.607890	0.133850	0.153375	0.084469	0.212291	0.149732	-0.015629	-0.398909	-0.385379	-0.384489	-0.733659	-1.244584	-0.249621	0.949472	0.565063	0.207216	-0.209386	1.105271	0.482985	-0.495190	-0.227248	0.483036	0.333762	0.263647	0.047730	0.096248	0.106555	-0.728287	0.591473	0.173266	-0.049405	-0.026877	-0.671611	-0.110331	0.525377	-0.723281	-0.536441	0.223028	0.384620	-0.392514	0.021102	0.037591	0.997934	0.876200	-0.236578	0.218569	-0.138425	-0.049464	0.166217
0.069348	0.294830	0.059619	0.484190	0.379991	-0.164755	-0.021162	0.594782	0.298071	0.118963	0.157785	0.162348	-0.140542	-0.968372	-0.193778	-0.215908	-0.097796	-0.301896	-0.455009	0.120651	0.059735	0.064765	-0.305395	0.867795	0.404994	-0.310170	0.357876	0.054012	0.601559	0.240370	-0.004591	-0.021759	0.062742	-0.074277	0.122833	0.332388	0.944446	0.171349	-0.458169	-0.449512	-0.144358	-0.570878	-0.160749	0.447206	-0.060114	-0.034289	0.083356	-0.154932	0.064273	0.546785	-0.228737	0.146033	0.383061	0.487220	0.836644
-0.295704	-0.223094	-0.657765	-0.832954	-0.480704	-0.541869	0.910298	0.727569	0.349174	0.278976	0.612048	-0.034849	0.404871	-0.434416	0.622101	0.625298	0.971762	1.204276	-0.284062	-0.912319	-0.557287	0.157980	0.476779	0.294653	0.596858	0.082325	0.250058	-0.918748	-0.163616	-0.017522	-0.084864	0.317438	-0.247655	0.453003	-0.640420	0.826689	1.561494	0.597394	0.462137	0.109616	-0.959214	0.212374	0.648329	0.221350	-0.262705	0.472252	0.598771	0.294141	-1.313387	-0.664097	-0.575191	-0.563217	0.453548	0.924432	0.817911
-0.626314	-0.135360	-1.328931	-1.477306	-1.353569	-0.977672	1.163826	0.163358	-0.275342	-0.137389	0.748316	-0.727594	0.938672	0.398819	1.097208	0.986349	1.221245	1.512281	0.451957	-1.570089	-1.113224	-0.030371	0.958356	-0.277058	0.566493	0.471342	-0.546631	-1.555318	-0.996614	-0.633962	-0.530744	0.265411	-0.590672	0.245069	-1.413331	0.856207	0.882508	0.479801	0.898106	0.579651	-0.913108	1.241330	0.885588	0.013577	-0.181648	0.566603	0.676359	0.583984	-1.586404	-1.590109	-0.707384	-0.733858	-0.148770	0.514737	-0.072180
-0.757753	0.553523	-1.277901	-1.117910	-1.580288	-1.084148	0.580727	-0.331333	-1.080111	-0.852929	0.360851	-1.253845	0.816174	0.504612	0.807949	0.398118	0.519649	0.430479	1.030235	-1.498304	-1.230731	-0.478183	0.558443	-0.362392	0.127112	0.752924	-0.965278	-1.186095	-0.747108	-1.093784	-0.978108	-0.316380	-0.544035	-0.244030	-1.517123	0.229620	-0.609529	-0.200263	0.419476	0.236986	-0.078954	1.816792	0.385905	0.222554	0.057948	0.365433	0.101353	0.301119	-0.413083	-1.296773	-0.006385	0.037459	-0.492063	-0.114088	-1.001905
-0.450064	0.918588	-0.241032	-0.380369	-0.905506	-0.612660	-0.251803	-0.088417	-1.269169	-1.124411	-0.045136	-0.889380	0.079915	-0.151773	0.299492	-0.485054	-0.231022	-0.678502	0.730306	-0.827666	-0.639414	-0.643408	-0.203479	0.011522	-0.399692	0.795986	-0.199608	-0.076329	0.314599	-0.751485	-0.778185	-0.746935	-0.047401	-0.143208	-0.668883	-0.511392	-1.493590	-0.821650	-0.367703	-0.519947	0.486597	1.447094	-0.212465	0.624733	0.237816	0.153041	-0.488041	-0.100658	1.155463	-0.009276	1.293967	0.959830	0.164798	0.109585	-0.991361
0.315451	0.282426	1.124304	0.073280	0.267254	0.209692	-0.673460	0.456698	-0.783062	-0.768550	-0.103562	0.130731	-0.584209	-0.626392	0.282699	-0.787323	-0.301658	-0.695605	-0.069459	0.014349	0.456406	-0.223430	-0.574062	0.143955	-0.692178	0.589813	1.166225	0.837285	0.911964	0.260309	0.072823	-0.514382	0.524711	0.616958	0.473363	-0.874972	-0.957790	-0.855379	-0.717862	-0.828257	0.154158	0.384881	-0.450197	0.605070	0.120775	-0.141528	-0.563154	-0.121763	1.828895	1.163519	2.044929	1.066801	1.225796	0.972550	-0.198625
1.169113	-0.736485	1.792951	0.313059	1.220298	0.947414	-0.327774	0.514448	-0.203785	-0.268495	-0.019052	0.874372	-0.571811	-0.167220	0.725995	-0.417026	0.211148	0.085537	-0.275137	0.679316	1.413678	0.401608	-0.430616	-0.393474	-0.807862	0.415987	1.766644	0.961646	0.523879	1.041481	0.809486	0.105449	0.893243	1.305396	0.951896	-0.824048	0.297579	-0.297466	-0.520634	-0.491756	-0.428046	-0.416575	-0.431572	-0.023884	-0.235120	-0.519545	-0.282308	0.037662	1.213224	1.380844	1.406758	0.237806	1.562212	1.263312	0.260417
1.584788	-0.804128	1.398439	0.782344	1.433727	1.272524	0.703167	0.195597	0.065315	-0.066785	-0.121395	0.802779	0.001903	0.809130	0.965604	0.057317	0.822184	0.683451	0.471782	1.020545	1.633707	0.633425	-0.133917	-0.964945	-0.903614	0.556419	1.107979	0.639369	-0.030205	0.973964	0.811964	0.489626	1.193091	1.506850	0.665394	-0.461289	0.832026	0.468591	-0.143761	-0.054662	-0.248705	-0.163021	-0.315982	-0.641690	-0.313176	-0.479826	-0.023357	-0.072962	-0.020204	0.833423	-0.040303	-0.797377	1.101715	0.742936	-0.117508
1.313073	0.493221	0.467169	1.424831	0.822751	0.950769	1.763128	0.236942	0.054771	-0.206493	-0.426284	0.170758	0.446598	1.094702	0.580630	0.239762	1.206721	0.711215	1.315154	0.952477	1.028036	0.329889	0.038230	-0.643967	-0.898434	0.857197	0.120696	0.623426	0.141596	0.426933	0.317770	0.350396	1.581208	1.501113	0.363792	0.139973	0.047037	0.975429	0.087337	0.006007	0.663224	0.898200	-0.022659	-0.460921	0.309322	0.316827	0.132934	-0.392647	-0.808546	0.360971	-0.844176	-1.177640	0.797271	0.625422	-0.493776
0.558650	2.020526	-0.346522	1.577675	-0.294313	-0.115198	1.885482	0.610318	-0.211048	-0.619467	-0.800802	-0.581367	0.217755	0.090145	-0.153847	0.158502	1.157755	0.467365	1.349602	0.400071	0.000782	-0.225161	-0.027106	0.390683	-0.689959	0.845614	-0.132930	1.089199	0.768671	0.141957	-0.047987	-0.178491	1.746333	1.401465	0.374734	0.669808	-1.230835	0.861007	0.013221	-0.308049	1.307953	1.675169	0.371456	0.498731	1.199154	1.215492	0.208051	-0.533130	-0.555261	0.460509	-0.347209	-0.590179	1.014216	1.581304	0.054217
-0.276895	2.327789	-0.939040	0.788166	-1.345421	-1.540764	0.687717	0.354486	-0.842217	-1.258789	-1.204950	-1.304122	-0.546786	-1.347680	-0.706071	-0.174596	0.476141	0.155205	0.753410	-0.524319	-0.960454	-0.825601	-0.456940	0.926576	-0.470012	0.311649	0.200826	1.398254	0.877617	0.168111	-0.197133	-0.838753	1.183358	0.792997	0.036281	0.604973	-1.759672	0.095618	-0.446026	-0.806971	1.073467	1.412816	0.432447	1.339231	1.341372	1.157059	0.016856	-0.495508	0.419635	0.807492	0.587881	0.494968	0.872400	2.330107	1.094756
-0.961064	1.256179	-1.530164	-0.556821	-1.812779	-2.436709	-1.021536	-0.878827	-1.627502	-1.805691	-1.553864	-1.872780	-1.155586	-1.727695	-0.887404	-0.864352	-0.688832	-0.314372	0.377148	-1.404399	-1.586469	-1.459898	-1.225833	0.235728	-0.494927	-0.416400	0.215406	0.917273	0.202088	-0.121573	-0.576176	-1.397357	-0.006498	-0.308725	-1.119431	-0.230637	-1.208304	-0.824666	-1.143560	-1.344631	0.445054	0.481918	-0.044765	1.311183	0.413325	0.101674	-0.593265	-0.693711	1.169544	0.752442	0.719037	1.146630	-0.330904	1.259958	1.382036
-1.475085	-0.006145	-2.052910	-1.592099	-1.622387	-2.179596	-1.946273	-1.972216	-1.949263	-1.732956	-1.633163	-1.960768	-1.055496	-0.632851	-0.889843	-1.661678	-1.628776	-0.827007	0.534147	-1.767313	-1.808630	-1.985491	-1.920567	-1.055219	-0.668327	-0.828294	-0.302974	-0.120569	-0.427670	-0.956042	-1.278700	-1.662053	-0.965219	-0.947687	-2.213391	-1.328234	-0.351957	-1.195586	-1.598270	-1.705001	0.215679	-0.151678	-0.564588	0.665023	-0.686219	-0.839850	-1.362481	-1.255588	1.008421	0.147584	-0.007150	0.772177	-1.757611	-1.125736	0.597854
-1.752930	-0.378756	-2.135783	-1.833832	-1.184040	-1.148112	-1.675882	-1.690548	-1.492539	-0.982130	-1.362483	-1.435139	-0.455404	0.764436	-0.893025	-1.892175	-1.663953	-0.982141	0.684533	-1.521068	-1.660680	-2.053176	-2.007616	-1.774008	-0.661146	-0.750220	-0.555518	-0.825388	-0.194987	-1.624702	-1.685366	-1.554688	-0.969304	-0.391069	-1.889710	-1.895329	-0.138009	-0.823542	-1.350311	-1.603025	0.433018	-0.063185	-0.527688	0.226431	-0.968502	-0.861072	-1.745480	-1.661232	0.204731	-0.496328	-0.482757	-0.211509	-1.889784	-2.562761	-0.256061
-1.543267	-0.030402	-1.622176	-1.513016	-0.894853	-0.323618	-1.011261	-0.314183	-0.736712	-0.246659	-0.918638	-0.675611	-0.140043	1.181166	-0.776117	-1.203203	-0.943397	-0.656617	0.271591	-1.026179	-1.245162	-1.485775	-1.345316	-1.459250	-0.397322	-0.468062	0.114620	-0.675462	0.635170	-1.311420	-1.246040	-1.128949	-0.227183	0.732231	-0.206736	-1.539654	-0.702962	-0.228126	-0.461925	-0.950464	0.466704	0.253338	-0.171615	0.326555	-0.588205	-0.415354	-1.401893	-1.245145	-0.309485	-0.652504	0.004039	-0.712253	-0.502683	-1.780482	-0.280087
-0.649022	0.058162	-0.728193	-1.080994	-0.654790	-0.154017	-0.859886	0.761864	-0.386742	-0.216163	-0.454373	-0.141445	-0.543565	0.770912	-0.257836	-0.155683	-0.320151	-0.259343	-0.524510	-0.623138	-0.630386	-0.539086	-0.299534	-0.582705	-0.140340	-0.391006	1.278039	-0.003370	1.057855	-0.149810	-0.250614	-0.464202	0.478497	1.166550	1.181900	-0.544805	-1.255428	0.002582	0.474358	0.001024	-0.064520	0.073731	-0.392481	0.509499	-0.428474	-0.428666	-0.477417	0.024793	0.059175	-0.308885	0.817246	-0.183534	0.980355	0.064086	0.235229
0.719667	-0.601238	0.354649	-0.575794	-0.041523	-0.144269	-1.180611	0.732876	-0.466759	-0.700754	0.081244	0.218182	-1.172459	0.563070	0.648481	0.304334	-0.330097	-0.200870	-1.036747	-0.225774	0.258899	0.366262	0.593724	0.216653	-0.070230	-0.613671	1.873372	0.629807	0.556863	0.960414	0.575487	0.352610	0.743097	0.581592	1.045261	0.438281	-0.920257	-0.162968	0.884708	0.847741	-0.797925	-0.724479	-1.500794	0.229688	-0.768465	-1.062253	0.544527	1.374272	1.003149	0.234598	0.879709	0.711128	1.210002	0.952519	0.435943
1.918351	-1.436607	1.586281	0.319146	1.018765	0.349942	-1.238718	0.062275	-0.315309	-0.820367	0.700328	0.785170	-1.170665	0.723444	1.387834	-0.024078	-0.570058	-0.331528	-0.930566	0.420985	1.446880	1.066965	1.005200	0.764215	-0.019562	-0.817753	1.376448	1.148247	-0.307629	1.445636	1.037453	1.098936	0.795337	-0.248726	0.141083	0.932843	0.236248	-0.360831	0.737771	1.327214	-1.109779	-1.590622	-2.547637	-0.494857	-0.975900	-1.626170	1.190415	1.876919	1.728911	0.761542	0.093535	0.906142	0.416135	0.273463	0.054437
2.256316	-1.545344	2.627407	1.592270	1.928388	1.229353	-0.655854	-0.443147	0.499846	-0.044537	1.146439	1.540745	-0.370382	0.349991	1.248141	-0.324108	-0.320222	-0.178699	-0.539369	1.188706	2.528503	1.627765	0.928521	1.144080	0.246191	-0.638298	0.250391	1.715513	-0.565407	1.525346	1.553529	1.414140	0.859177	-0.665169	0.144249	0.885685	1.117265	-0.416755	0.457387	1.424433	-0.828650	-1.926210	-2.227698	-1.171563	-0.459940	-1.434504	1.222647	1.263056	1.680359	1.077986	-0.618005	0.154275	-0.141182	-0.956423	-0.509674
1.489628	-0.753133	2.729505	2.563174	1.951131	1.787551	0.159697	-0.661925	1.533387	1.179031	1.117630	1.866979	0.503691	-0.971022	0.087532	0.185599	0.410994	0.340321	-0.370881	1.566793	2.757941	1.963946	0.550183	1.186393	0.639719	-0.074236	-0.750269	2.039672	0.097522	1.567920	2.279008	1.079831	0.636789	-0.903233	1.352916	0.486295	0.706398	-0.506228	0.346315	1.246773	-0.284350	-1.622475	-0.362331	-1.365759	0.568062	-0.442545	0.676717	0.061956	0.829140	0.858330	-0.509989	-0.834098	0.139909	-1.670343	-0.909665
0.035410	0.230616	1.547387	2.479944	1.064687	1.599274	0.658109	-0.992052	1.932098	1.914321	0.690417	1.288549	0.752694	-2.328045	-1.373716	1.201295	0.864927	0.762191	-0.474684	1.260548	1.775012	1.803077	0.106396	0.613533	0.820887	0.568856	-1.428375	1.451169	1.052331	1.428845	2.631933	0.324983	-0.317262	-1.511576	2.291423	-0.024379	-0.772496	-0.709510	0.298147	0.879174	0.204398	-0.961411	1.801949	-1.071641	1.370080	0.802322	-0.133644	-0.932191	-0.414244	-0.037756	0.163468	-1.166585	0.574235	-1.816272	-1.150165
-1.287387	0.640673	-0.140785	1.372472	0.075396	0.981733	0.846944	-1.456104	1.443845	1.715229	0.333318	0.206201	0.551824	-2.540996	-2.087476	1.717694	0.548592	0.690101	-0.448989	0.556870	0.128474	1.114477	-0.157374	-0.312360	0.613775	1.053739	-2.061472	-0.213956	1.394856	0.702604	1.938908	-0.260667	-1.807539	-2.404720	1.662730	-0.328758	-1.987508	-0.689887	0.141476	0.394451	0.628862	-0.186620	2.804550	-0.653443	1.388282	1.561360	-0.683412	-1.225963	-1.404017	-1.176246	0.551243	-0.396101	0.193137	-1.837723	-1.283035
-1.845682	0.422977	-1.035230	0.079046	-0.222359	0.539567	1.038785	-1.504674	0.666395	0.959696	0.367137	-0.453271	0.594327	-1.491461	-1.586151	1.307706	-0.176093	0.250761	0.007314	-0.000247	-1.164346	0.293224	-0.103482	-0.815009	0.183335	1.312287	-2.665805	-2.141884	0.740725	-0.580535	0.299336	-0.258034	-2.909990	-2.841900	-0.075882	-0.165914	-1.805157	-0.129132	-0.035676	-0.093879	1.074475	0.594647	2.257733	-0.473254	0.583708	1.320227	-0.600467	-0.851948	-1.626749	-1.789249	0.185767	1.221642	-1.095724	-1.786873	-1.247289
-1.618371	0.112339	-0.685580	-0.570354	0.187302	0.494507	1.168627	-0.846218	0.248706	0.301293	0.514841	-0.290304	1.032468	-0.093931	-0.376501	0.521577	-0.664690	-0.198543	0.729045	-0.110433	-1.529421	-0.259180	0.094953	-0.529528	-0.243324	1.236672	-2.778039	-3.192790	-0.546446	-1.800043	-1.434128	0.134089	-2.850484	-2.259674	-1.438197	0.292352	-0.341442	0.624727	-0.111691	-0.497518	1.439328	1.173211	0.928128	-0.537487	-0.603486	0.183272	-0.089869	-0.300579	-1.107998	-1.425838	-0.528768	2.683236	-2.507233	-1.408991	-1.041461
-1.046026	0.126066	0.095525	-0.443364	0.736594	0.586028	0.861959	-0.010362	0.169792	0.047563	0.229665	0.208428	1.230200	0.720751	0.622097	0.005395	-0.725238	-0.515340	1.282878	0.196129	-1.141600	-0.525855	0.066814	-0.017288	-0.656764	0.699483	-2.058656	-2.925251	-1.662813	-2.279655	-2.409254	0.310290	-1.799425	-0.851940	-1.630633	0.472970	1.276697	0.796774	-0.201104	-0.816251	1.488589	1.254634	-0.128364	-0.490982	-1.410028	-0.954998	0.221520	-0.154782	-0.389901	-0.267819	-0.761812	2.797582	-3.194810	-0.778609	-0.744368
-0.507685	0.346979	0.289855	-0.032584	0.960750	0.461323	0.144714	0.304877	0.018091	0.105176	-0.508452	0.417515	0.704613	0.747269	1.004996	-0.216806	-0.525247	-0.689512	1.386493	0.711762	-0.468127	-0.669882	-0.264975	-0.027149	-1.101535	-0.116282	-0.803247	-1.843391	-1.917509	-1.843673	-2.342464	-0.032009	-0.595279	0.682742	-1.065067	0.074877	2.002607	0.188191	-0.416031	-1.028001	1.089389	0.837416	-0.368244	-0.015247	-1.174091	-0.983756	0.006413	-0.531199	-0.016330	1.025252	-0.185031	1.300013	-2.817055	-0.302868	-0.357935
-0.054192	0.353903	-0.164394	0.102740	0.735461	0.012990	-0.370785	0.182004	-0.270600	0.264306	-0.999524	0.313457	-0.076509	0.403873	1.106453	-0.355381	-0.116769	-0.540797	1.075597	1.060411	0.170855	-0.628151	-0.475585	-0.482249	-1.329797	-0.647272	0.307028	-0.764877	-1.264607	-0.861999	-1.484938	-0.485909	0.151760	1.705067	-0.516148	-0.463765	1.611561	-0.452776	-0.553287	-0.968905	0.313349	0.350431	0.026612	0.729247	-0.049350	0.248399	-0.355659	-0.874102	-0.100295	1.609311	0.581126	-0.683770	-1.527108	-0.097874	0.083984
0.376611	-0.079327	-0.489303	-0.207740	0.095437	-0.575146	-0.149272	0.323200	-0.310929	0.376017	-0.594376	0.284352	-0.186944	0.141597	1.331949	-0.262073	0.566475	0.154607	0.570003	0.784843	0.601719	-0.173621	-0.124516	-0.577994	-0.909567	-0.417978	0.804556	-0.153177	-0.366634	0.120797	-0.309991	-0.347632	0.422413	1.898612	-0.318381	-0.427637	0.566155	-0.298426	-0.311867	-0.476472	-0.611803	0.243335	0.476827	1.151755	0.839800	1.532323	-0.231993	-0.506023	-0.386891	0.894383	0.584691	-1.622157	0.210723	0.198798	0.298209
0.697195	-0.735491	-0.162854	-0.692358	-0.752057	-0.987824	0.633088	1.004351	0.118167	0.382923	0.497797	0.486783	0.588057	0.065209	1.580169	0.280589	1.336218	1.193306	0.087475	-0.166474	0.709093	0.623482	0.651398	0.121161	0.167780	0.415822	0.710248	0.004887	0.051059	0.737818	0.698004	0.529576	0.434917	1.326871	-0.341841	0.302853	-0.477338	0.571523	0.250366	0.307448	-1.364160	0.510174	0.564715	0.859126	0.519855	1.581807	0.480055	0.553392	-0.587907	-0.826541	-0.354566	-1.054558	1.722801	0.815307	0.030897
0.743581	-1.125705	0.433910	-0.923335	-1.288580	-1.000467	1.216662	1.602769	0.658235	0.323354	1.347363	0.673389	1.392020	0.061942	1.468961	0.909185	1.678229	1.833339	-0.235370	-1.072540	0.526928	1.212826	1.204677	1.004186	1.169121	1.077412	0.372563	-0.047292	-0.071697	0.881074	1.147375	1.392271	0.318424	0.469353	-0.342673	1.039549	-0.956568	1.277085	0.691711	0.894653	-1.606000	0.708480	0.350234	0.174099	-0.525132	0.592815	1.150876	1.454062	-0.587030	-2.225614	-1.325565	0.048761	2.311092	1.336585	-0.416416
0.488672	-0.899963	0.550207	-0.667675	-0.984729	-0.608111	0.966152	1.313032	0.745059	0.285103	1.202835	0.561475	1.208077	0.070138	0.856752	0.896352	1.181359	1.390146	-0.353412	-0.995195	0.251837	1.023094	1.013403	1.074024	1.222077	0.837632	0.133108	-0.087238	-0.228333	0.615328	0.881219	1.292333	0.134823	-0.054406	-0.187665	1.004474	-0.576403	1.085640	0.628918	0.843728	-1.162692	0.426694	0.159242	-0.198512	-0.825881	-0.098283	1.053564	1.325167	-0.419693	-1.949299	-1.257995	0.405567	1.638145	1.113678	-0.373195
0.060677	-0.163781	0.031671	-0.042706	0.087881	0.018789	-0.033871	0.131380	0.298095	0.301028	0.183511	0.165197	-0.002995	0.096934	-0.065523	0.111291	-0.001977	-0.011795	-0.324228	0.125475	0.023446	0.105750	0.178971	0.184036	0.300698	-0.250591	0.071395	-0.047115	-0.123588	0.110860	0.109089	0.177429	-0.064580	-0.090174	0.100198	0.178101	0.463836	0.096251	0.117526	0.218352	-0.214828	-0.302422	0.135231	-0.041721	0.100725	0.100905	0.174960	0.206789	-0.170533	-0.054721	-0.107939	-0.210986	0.050194	0.119955	0.322355
