X1	X2	X3	X4	X5	X6	X7	X8	X9	X10	X11	X12	X13	X14	X15	X16	X17	X18	X19	X20	X21	X22	X23	X24	X25	X26	X27	X28	X29	X30	X31	X32	X33	X34	X35	X36	X37	X38	X39	X40	X41	X42	X43	X44	X45	X46	X47	X48	X49	X50	X51	X52	X53	X54	X55
-0.101294	-0.146781	0.043797	-0.229351	-0.131839	-0.240305	0.271215	-0.130997	-0.117385	-0.021055	0.012009	-0.154635	-0.235277	-0.115879	-0.177546	0.002798	0.257487	0.033193	-0.107906	-0.258502	-0.130929	-0.204714	0.014930	-0.089171	-0.021443	0.310549	0.143088	0.096988	0.098384	-0.045637	-0.039814	-0.080997	-0.301016	0.025572	-0.069814	-0.089936	-0.265575	-0.018788	-0.073896	-0.050396	-0.174384	0.153106	0.030139	-0.044234	0.051259	0.090308	0.000882	0.115406	-0.057576	0.026362	0.304428	0.397963	0.072724	0.003456	0.182754
0.046495	-0.342672	-0.230420	-0.332118	-0.516779	-0.676225	-0.213545	0.015170	0.208449	-0.072394	-0.255836	0.654435	-0.444969	0.026634	-0.664890	-0.119617	-0.466010	0.120567	-0.378214	-0.112184	0.425626	0.168443	0.045621	0.119526	-0.822631	-0.285367	-0.501357	0.880388	0.324005	0.666208	0.775565	0.549768	-0.468858	-0.582294	0.240101	0.300743	-0.418954	-0.117720	0.257133	0.156655	-0.184324	-0.945436	-1.064240	-1.086581	-0.930646	-0.688684	0.147392	-0.282528	0.396793	-0.151242	0.025687	0.046229	0.050091	-0.421841	0.429703
0.156171	-0.269710	-0.104184	-0.091085	-0.347381	-0.414343	0.002057	0.247040	0.336055	0.096037	0.010770	0.373823	-0.104442	0.477293	-0.152618	-0.272018	-0.105281	0.171283	-0.294597	-0.179993	0.176511	0.038575	0.179583	0.406689	-0.298640	-0.184676	-0.087227	0.583066	0.264866	0.414031	0.509606	0.627813	-0.035598	-0.321520	0.104985	0.624740	-0.415803	-0.042389	0.282925	0.226573	-0.134701	-0.578354	-0.565747	-0.409312	-0.559001	-0.171119	0.482753	-0.058332	0.090892	0.163088	0.034807	-0.078541	0.259047	-0.207768	0.362085
0.155346	0.006342	0.306657	0.123362	0.102251	0.072109	0.588281	0.745797	0.392323	0.436500	0.795305	-0.402510	0.248417	0.927539	0.807331	-0.718319	0.799586	-0.003278	-0.343452	-0.522445	-0.397309	-0.395080	0.057116	0.561282	1.124912	0.319161	0.868034	-0.205870	0.105284	-0.218076	-0.287553	0.266836	0.837156	0.596606	-0.214341	0.705016	-0.245313	0.157751	0.062091	0.130407	-0.103002	0.697037	0.819669	1.115004	0.733688	1.022037	0.811274	0.409432	-0.281574	0.683667	0.212155	0.054849	0.579213	0.552021	0.006433
0.083149	0.304564	0.562039	-0.146142	0.187534	-0.025783	0.680167	1.360442	0.536416	0.719088	1.461901	-0.298408	-0.076483	0.833070	0.956468	-1.298257	0.944484	-0.405437	-0.889046	-0.794614	-0.255766	-0.453407	-0.393766	0.340243	1.856175	0.421658	0.985465	-0.164576	0.205754	-0.023570	-0.331814	-0.044049	1.336368	1.092996	-0.136201	0.386846	-0.069115	0.262763	-0.053756	-0.025902	-0.114764	1.167872	1.207560	1.353242	1.383551	1.279715	0.744822	0.347341	0.325817	0.812726	0.291949	0.226316	0.652706	1.111807	-0.321239
0.052585	0.510576	0.402527	-0.616028	-0.182120	-0.494602	0.058826	1.298909	0.468523	0.684762	1.280050	0.704006	-0.658335	0.067180	0.132986	-1.134902	0.168649	-0.644894	-1.168880	-0.480372	0.571745	0.054381	-0.483737	-0.201829	1.105909	-0.006388	-0.088469	0.623091	0.420861	0.831777	0.395064	-0.188702	0.802053	0.431907	0.244954	-0.274068	-0.094565	0.036710	0.053864	-0.070121	-0.066632	0.345541	0.258466	-0.024089	0.727515	0.261557	0.129146	-0.160661	1.309049	0.443846	0.212803	0.124251	0.223621	0.808055	-0.406517
0.034799	0.436330	-0.096031	-0.639044	-0.520438	-0.471729	-0.690872	-0.011378	-0.234521	0.140235	0.157200	1.153646	-0.589583	-0.984149	-0.667268	0.188142	-0.509681	-0.439733	-0.319229	0.404063	0.956614	0.467024	0.162636	-0.767144	-0.384526	-0.348150	-1.293007	0.708365	0.181365	0.916407	0.626421	-0.429769	-0.562880	-0.905606	0.152115	-0.974914	-0.296865	-0.566737	0.017821	0.097804	0.050910	-0.573678	-0.569559	-1.261347	-0.383511	-0.827744	-0.785215	-0.293698	0.940845	-0.152581	-0.059029	-0.369175	-0.601374	-0.273508	-0.415608
-0.072353	-0.013814	-0.666649	-0.099109	-0.463118	0.177642	-1.025860	-1.708576	-1.189879	-0.768916	-1.136966	0.233567	0.113934	-1.631518	-0.738932	1.590167	-0.522314	-0.108530	1.099294	1.145907	0.262528	0.163660	0.720582	-1.012532	-1.462637	-0.291535	-1.570399	-0.457745	-0.587691	-0.320169	-0.265568	-0.734276	-1.743605	-1.609742	-0.631172	-1.288014	-0.297514	-1.145592	-0.457528	0.355127	0.118404	-0.552243	-0.322539	-1.012467	-0.897556	-1.024861	-1.442480	0.165496	-1.015659	-0.824429	-0.653946	-0.948505	-1.255533	-1.260614	-0.668486
-0.227647	-0.492814	-0.979924	0.482139	-0.145098	0.667859	-0.933359	-2.122285	-1.339725	-1.424592	-1.646291	-1.077755	0.558558	-1.289220	-0.381451	1.594838	-0.361906	-0.118670	1.643288	1.059421	-0.797406	-0.539845	0.243678	-0.773152	-1.727990	-0.203849	-0.985404	-1.566487	-1.156533	-1.613904	-1.306917	-0.696277	-1.832434	-0.910750	-1.159233	-0.970683	0.174609	-1.038628	-0.983937	0.383537	0.110642	0.001918	0.242604	0.113842	-0.743435	-0.644541	-1.359364	0.414570	-2.593719	-1.407330	-1.353696	-0.962917	-1.090378	-1.268263	-1.077899
-0.308036	-0.515966	-0.775696	0.607267	0.083109	0.426672	-0.574983	-0.912517	-0.394959	-1.246969	-1.144805	-1.361287	0.260936	-0.136404	-0.185756	0.313474	-0.430541	-0.276914	0.859749	0.203460	-1.106404	-0.788322	-0.819842	-0.316674	-1.363075	-0.276475	-0.261643	-1.277254	-0.890481	-1.504890	-1.198786	-0.290239	-0.902293	0.486669	-0.524885	-0.271795	0.692390	-0.103049	-0.848649	0.012155	0.121894	0.145992	0.121800	0.686078	-0.462357	-0.363174	-0.646184	-0.120895	-2.045845	-1.410095	-1.411817	-0.022116	-0.132644	-0.378989	-1.009364
-0.238125	-0.081206	-0.074678	0.355363	0.130152	-0.156670	0.010178	0.465736	0.591781	-0.356264	-0.196202	-0.458865	-0.222940	0.831387	-0.198374	-0.651065	-0.299820	0.017707	-0.244483	-0.663616	-0.397146	-0.236955	-1.114621	-0.143323	-0.448265	-0.122036	0.210266	0.030818	-0.018558	-0.097064	0.062008	-0.075928	0.261769	1.142463	0.814434	0.244113	0.503171	0.921964	0.048937	-0.459112	0.206329	-0.167638	-0.368960	0.283465	-0.231453	-0.164393	0.023563	-0.805238	0.074218	-0.443626	-0.416277	1.295801	0.804136	0.388288	-0.048021
0.032150	0.417012	0.704370	0.212989	0.221850	-0.301956	0.574145	0.794130	0.629467	0.513097	0.589936	0.674235	-0.103439	0.844866	-0.041663	-0.370914	0.328902	0.654207	-0.604978	-0.771007	0.662173	0.630202	-0.252963	-0.302682	0.851571	0.322210	0.455600	0.985343	0.722853	1.237214	1.231990	-0.325206	1.060378	0.562903	1.548072	0.279997	-0.361035	1.149385	0.942958	-0.516688	0.342530	-0.228950	-0.279539	-0.300996	0.185892	0.259660	0.197960	-0.683738	1.823192	1.001992	0.847313	1.729175	1.016528	0.301692	1.125841
0.412567	0.700897	0.973330	0.364711	0.450629	0.123271	0.567184	0.410914	0.036415	0.748472	0.958628	1.190865	0.519793	0.167821	0.363228	0.324326	0.783308	0.750590	-0.244972	-0.072914	1.231019	1.070839	0.649971	-0.300967	1.709960	0.345135	0.414524	0.907541	0.820361	1.393507	1.228281	-0.535049	1.235096	-0.321454	1.061512	0.024858	-0.926545	0.481360	0.977042	-0.105788	0.430264	0.227672	0.400754	-0.303460	0.723445	0.662670	0.104505	0.065675	2.020364	1.692408	1.091730	0.735593	0.559064	-0.242393	1.225178
0.550020	0.682070	0.516981	0.396999	0.516851	0.472622	-0.065129	0.056758	-0.329043	0.392426	0.753293	0.937138	0.753174	-0.459655	0.543413	0.319743	0.412584	0.074421	0.182981	0.693238	0.966693	0.765740	0.516674	0.060691	1.218066	-0.345497	0.012477	0.159457	0.270450	0.454962	0.210893	-0.245036	0.573840	-0.492042	-0.075556	-0.223501	-0.521935	-0.391589	0.126214	0.216561	0.287944	0.685495	0.821344	0.175644	0.896379	0.557450	0.073607	0.368392	0.968114	0.904756	0.183003	-0.703570	-0.169184	-0.418967	0.037765
0.208379	0.354556	-0.193324	-0.027574	0.197744	0.267264	-0.467961	-0.315739	-0.350268	-0.016692	-0.085152	0.262174	0.192345	-0.729007	0.121143	-0.148905	-0.225938	-0.404712	0.401216	0.844315	0.214843	0.036419	-0.310810	0.296085	-0.299575	-0.788032	-0.423019	-0.589390	-0.455412	-0.594836	-0.719925	0.199273	-0.673520	-0.102227	-0.945544	-0.364197	0.350844	-0.774351	-0.763959	-0.013897	-0.080849	0.701488	0.652856	0.591596	0.529810	0.103161	-0.044624	-0.175521	-0.274726	-0.620665	-0.602098	-1.176509	-0.896862	-0.121101	-1.039245
-0.284745	-0.022985	-0.478322	-0.500346	-0.180146	-0.123342	-0.024526	-0.888899	-0.399624	-0.069772	-1.069651	-0.310920	-0.433265	-0.730869	-0.503669	-0.104245	-0.230232	-0.044696	0.569983	0.504488	-0.346695	-0.508265	-0.723233	0.028566	-1.395142	-0.124167	-0.459150	-0.891693	-0.710217	-0.858919	-0.762166	0.216459	-1.426316	-0.011887	-1.069094	-0.389230	0.756158	-0.578806	-0.899368	-0.548840	-0.254642	0.469554	0.436725	0.674647	0.075106	-0.073581	-0.469961	-0.798495	-0.797845	-1.384402	-0.325506	-0.489820	-1.267465	0.079344	-0.778468
-0.418010	-0.016250	-0.273391	-0.386834	-0.181243	-0.102128	0.550879	-1.215954	-0.396415	0.105223	-1.315947	-0.421556	-0.345272	-0.460813	-0.533551	0.511879	0.112980	0.374550	0.647793	0.212085	-0.380044	-0.544350	-0.419722	-0.390602	-1.195521	0.881876	-0.206313	-0.690053	-0.300132	-0.320036	-0.157249	-0.123517	-0.834502	-0.451063	-0.470290	-0.288468	0.516918	-0.204357	-0.353848	-0.783538	0.133303	0.332309	0.526370	0.485377	-0.037675	0.143092	-0.899408	-0.817649	-0.411512	-0.799230	0.311340	0.320912	-0.845434	-0.122530	0.201507
-0.238345	0.349335	-0.112797	0.168594	0.026826	0.177526	0.254458	-0.913174	-0.007056	0.135947	-0.530307	-0.137681	0.051453	0.131259	0.169380	0.761994	-0.093980	0.059215	0.319178	0.021014	-0.160685	-0.225388	-0.124942	-0.476395	-0.235093	0.876720	-0.075419	-0.344148	0.216950	0.328145	0.337682	-0.328511	0.454752	-0.754771	0.478108	-0.129569	0.258453	0.042502	0.212477	-0.564103	0.677891	0.241179	0.549952	0.129691	0.075669	0.269864	-0.837361	-0.580172	0.328286	0.256301	0.126400	0.454599	0.177833	-0.410917	0.463059
-0.213683	0.419664	-0.225841	0.391028	-0.055961	0.071812	-0.493522	-0.403179	0.489739	-0.024906	0.493375	0.162678	-0.216035	0.746507	0.858192	0.171298	-0.607882	-0.240942	-0.355524	-0.417334	-0.095607	0.114738	-0.362587	-0.293091	0.609030	-0.007811	-0.011421	-0.305525	0.156255	0.551330	0.391387	-0.256506	1.013507	-0.473458	1.145324	0.025954	0.477624	0.236424	0.445030	-0.301771	0.526794	0.013103	0.178301	-0.273362	0.121936	0.121655	-0.281604	-0.703185	0.799742	0.677329	-0.626402	0.178680	0.814093	-0.462805	-0.067210
-0.400488	-0.209314	-0.158626	0.054863	-0.362625	-0.390094	-0.433894	-0.282400	0.392294	-0.092730	0.718897	0.223788	-1.075384	0.803140	0.867911	-0.601337	-0.331241	0.575981	-0.730584	-0.937819	-0.156949	0.286886	-0.734609	-0.091160	1.128925	-0.460391	0.330972	-0.593868	-0.465751	0.407711	0.221673	-0.125075	0.487753	-0.176259	1.023050	0.292440	0.910976	0.497426	0.506305	-0.329560	-0.378486	-0.250489	-0.293193	-0.554018	0.101433	0.090473	0.359410	-0.991687	0.977597	0.450833	-0.575081	0.129537	0.370436	-0.456504	-0.180150
-0.276217	-0.944358	0.452566	-0.078400	-0.220404	-0.309684	0.384819	-0.428200	-0.325724	0.036505	0.039217	0.165684	-1.294614	0.045322	0.401097	-0.703513	0.663684	1.829278	-0.318285	-0.736767	0.016343	0.346228	-0.605517	0.216059	1.380738	-0.175625	0.710766	-0.755742	-1.011136	0.162942	0.037721	-0.024918	-0.147013	-0.634034	0.312178	0.722077	0.836712	0.623930	0.489953	-0.475898	-0.931448	-0.350685	-0.502331	-0.647592	0.113305	0.367405	0.823682	-0.768829	1.155059	0.375456	0.612608	0.350347	-0.602461	-0.716461	0.474201
0.467519	-0.821184	1.181993	0.683018	0.626938	0.817342	0.445926	-0.336786	-0.817319	0.098263	-0.696708	0.274931	-0.170547	-1.031947	0.110267	-0.062366	0.902641	1.653894	0.545682	0.520628	0.557994	0.492869	-0.003247	0.621680	1.120540	-0.247749	0.403521	-0.452058	-1.033935	-0.089702	-0.178783	0.029048	-0.139783	-1.468412	-0.160046	0.884070	-0.091994	0.329209	0.149452	-0.364846	-0.162100	-0.332443	-0.565092	-0.634528	0.061845	0.518915	0.997173	0.015805	1.192062	0.769820	1.512280	0.376311	-0.960799	-1.100473	0.662307
1.339276	0.235997	1.271819	1.796788	1.409339	2.125205	-0.895030	-0.022879	-0.528461	-0.137671	-0.753206	0.571845	1.333496	-1.566734	0.197487	0.787135	-0.247457	-0.311953	1.087824	1.924838	1.098560	0.728213	0.455283	0.498984	0.233841	-1.058114	-0.666360	0.052731	-0.700779	-0.287256	-0.361989	-0.233460	0.117737	-1.397651	0.061561	0.153405	-1.315331	-0.262503	-0.604093	0.079628	1.412813	-0.272431	-0.582873	-0.509438	-0.079300	0.175080	0.542147	0.650306	0.587154	0.986823	0.820790	0.027458	-0.376099	-1.091426	-0.546763
1.517338	1.267626	0.564566	1.908325	1.126951	2.178987	-2.110052	0.055210	0.018032	-0.517218	-0.260198	0.706938	1.628765	-1.195081	0.262938	1.330444	-1.359539	-2.157288	0.986096	2.145249	1.106660	0.634475	0.336806	-0.669164	-0.749739	-1.204299	-1.594967	0.171849	-0.376898	-0.224901	-0.257372	-0.995706	-0.050545	0.011636	0.445951	-1.322020	-1.735465	-0.619269	-1.266870	0.574432	2.251094	0.061259	-0.120038	-0.143795	-0.005750	-0.317632	-0.776925	0.629444	-0.581172	0.340544	-0.851111	-0.278997	0.416091	-0.485895	-2.154028
0.778643	1.418032	-0.365392	0.529701	-0.201042	0.639621	-1.406073	-0.162606	0.034680	-0.688730	0.189218	0.403793	0.403100	-0.367275	-0.045684	1.285636	-0.813016	-1.993309	0.577077	0.920901	0.476042	-0.098310	-0.107654	-2.131547	-1.085608	0.413987	-1.579079	-0.244944	-0.109450	0.205793	0.185698	-1.720783	-0.554886	1.541596	0.304128	-2.349298	-0.789798	-0.355250	-1.120888	0.819602	1.503522	0.831820	1.089090	0.351367	0.450974	-0.385211	-2.261980	0.260821	-1.317928	-0.810373	-1.755501	-0.114136	0.690470	0.278332	-2.329907
-0.300306	0.755243	-0.954645	-1.214165	-1.496683	-1.313520	0.706514	-0.256403	-0.406496	-0.524150	0.316027	-0.130337	-1.074729	0.252600	-0.565829	0.599339	0.885327	-0.175123	0.229479	-0.675875	-0.329110	-0.967075	-0.275322	-2.354901	-0.621339	2.360589	-0.810642	-0.675181	0.223532	0.698477	0.558957	-1.522761	-0.821601	1.674403	-0.141340	-1.890542	0.812460	0.262339	-0.089496	0.726309	-0.181691	1.459768	2.149117	0.496106	0.767131	-0.112781	-2.538347	0.079337	-0.825427	-1.338219	-1.192719	0.254423	0.458569	0.582052	-0.744960
-1.059331	-0.141931	-1.190364	-1.915140	-1.861880	-2.295766	1.853615	-0.126962	-0.625392	-0.216267	0.239208	-0.449983	-1.558647	0.449263	-0.905768	-0.450678	1.658826	1.258936	-0.156415	-1.481217	-0.769932	-1.109172	-0.053745	-0.966379	0.061773	2.083020	-0.035440	-0.575770	0.448118	0.697430	0.407629	-0.349206	-0.690253	0.299829	-0.220921	-0.374092	1.630489	0.423139	0.935611	0.326429	-1.548748	0.988889	1.671879	0.018657	0.239492	-0.102135	-1.172098	-0.002980	0.304946	-0.763995	-0.185092	0.065780	0.019459	0.288270	1.009453
-1.318341	-0.856376	-1.245575	-1.508961	-1.419367	-2.057210	0.839537	-0.107579	-0.362388	0.045786	0.091556	-0.389302	-1.118648	0.411716	-0.934172	-1.331489	0.565771	0.965197	-0.817730	-1.335269	-0.719453	-0.493659	-0.032876	0.624736	0.289974	-0.515248	0.348319	-0.000211	0.264964	0.062935	-0.131398	0.813335	-0.443093	-1.280728	-0.031955	0.783433	0.925740	-0.363472	0.927890	-0.272120	-1.913488	-0.543643	-0.287977	-0.576944	-0.856459	-0.451654	0.561000	-0.468627	0.747946	0.097140	0.077191	-0.853779	-0.536950	-0.127487	1.372061
-1.095579	-1.104158	-0.894011	-0.936250	-0.750276	-1.290093	-0.781010	-0.075739	0.084704	0.365839	-0.023154	-0.068418	-0.528831	0.346794	-0.739891	-1.632690	-0.972678	-0.356123	-1.480455	-0.795989	-0.342701	0.066623	-0.520761	1.092438	0.028678	-2.522876	0.469098	0.657713	-0.078762	-0.528475	-0.366710	1.206681	-0.123195	-1.734349	-0.213165	0.965818	-0.576947	-1.411764	0.007372	-0.712659	-1.336090	-1.684338	-1.804973	-0.466103	-1.254790	-0.452309	1.220556	-1.150311	0.294379	0.304684	-0.178018	-1.532008	-0.986013	-0.079278	0.537259
-0.290503	-0.617064	0.170708	-0.569594	-0.039790	-0.504708	-0.829148	0.595594	0.522219	0.930978	0.104097	0.429843	-0.012033	0.348139	-0.298323	-1.299523	-1.042608	-1.026987	-1.469654	-0.228108	0.233409	0.148983	-0.772768	0.840584	-0.105841	-1.709783	0.557773	1.180182	0.086001	-0.243931	0.102960	1.137252	0.503487	-0.842051	-0.637242	0.906303	-1.527120	-1.365686	-0.562822	-0.533021	-0.209725	-1.175240	-1.288463	0.413120	-0.263190	0.376201	0.965924	-1.103742	0.102257	0.122134	0.166679	-0.937560	-0.769819	0.493819	-0.138820
0.858744	0.385183	1.428367	0.035309	0.730631	0.345488	0.508328	1.673682	0.950429	1.506823	0.461969	0.976425	0.654675	0.392612	0.426786	-0.514068	0.229313	-0.507436	-0.604225	0.386540	0.811163	0.123709	-0.031213	0.924305	0.256756	0.559814	0.607507	1.396238	0.741148	0.702298	0.749752	1.121229	1.207971	0.419738	-0.495869	1.185320	-1.360758	-0.007116	-0.068995	0.173451	0.897376	0.334972	0.425118	1.154799	1.124949	1.350027	0.856116	0.018382	0.738901	0.384473	1.213011	0.409099	0.155911	0.993888	-0.047078
1.447792	1.011096	1.671134	0.864626	1.172890	1.214644	1.008064	1.694473	1.069201	1.436869	0.479887	1.111486	1.149786	0.284940	1.075937	0.415282	0.844655	0.051733	0.428579	0.982026	0.920511	0.177077	0.957983	1.139478	0.470350	1.360505	0.366501	0.930499	0.872663	1.000019	0.652820	0.930529	1.196916	0.778673	0.140392	1.129465	-0.588546	1.028171	0.513239	0.579859	1.387598	1.037361	1.140768	0.979179	1.324114	1.295251	0.912794	1.050913	1.043008	0.828646	1.580947	0.744268	0.726629	0.760789	0.045296
0.831687	0.656841	0.517965	1.049851	0.824451	1.600552	-0.311853	-0.020497	0.465357	0.448341	-0.349769	0.411806	0.763755	-0.126420	1.030474	1.020846	-0.290048	-0.436506	0.906074	1.272187	0.259478	-0.112711	0.704232	0.515522	-0.412510	0.256039	-0.340154	-0.262312	-0.095288	-0.121102	-0.307359	0.223306	0.172072	-0.028613	0.087790	0.009241	0.113366	0.223762	-0.118108	0.122187	1.135122	0.371426	0.255184	0.204633	0.175986	0.110184	0.233653	0.660586	-0.138802	0.274214	0.364870	-0.566670	-0.037164	-0.133131	-0.621593
-0.283692	-0.086610	-0.794075	0.183989	-0.021136	1.122737	-1.613240	-1.769169	-0.527319	-0.699372	-1.427818	-0.735731	-0.330529	-0.527209	0.165212	0.865093	-1.667044	-1.344492	0.878298	1.078177	-0.672927	-0.825393	-0.664577	-0.696642	-1.983258	-0.469203	-1.130977	-1.300257	-1.121208	-1.569963	-1.154011	-0.482184	-0.965046	-0.802464	-1.050299	-1.378607	0.543828	-1.521267	-1.481934	-0.587753	0.634605	-0.297589	-0.544130	-0.186685	-0.846807	-0.925758	-1.057936	-0.630565	-1.871511	-1.266891	-1.218421	-1.807134	-1.364689	-0.790781	-1.439420
-0.530112	-0.169922	-0.888607	-0.854271	-0.532103	0.074573	-0.734927	-1.283616	-0.843475	-0.863152	-1.351507	-1.264128	-0.926648	-0.284201	-0.786153	0.005897	-1.068680	-1.233108	0.702229	0.444193	-0.951116	-1.195667	-1.197616	-1.038970	-2.360268	0.517150	-1.104570	-1.079659	-0.727683	-1.483773	-0.923975	-0.403798	-1.022711	-0.186018	-1.837687	-1.462653	0.671082	-1.773080	-1.702933	-0.468050	0.284482	0.246845	0.157372	0.232963	-0.569565	-0.682394	-1.472270	-0.865425	-2.109330	-1.964492	-1.233228	-1.042818	-1.298806	-0.347675	-1.099550
0.274881	0.416262	-0.132307	-1.050727	-0.452080	-0.903675	1.692587	1.153857	0.040081	0.076821	0.305053	-0.674277	-0.369172	0.717695	-0.875417	-0.855373	1.312147	-0.037737	0.226118	-0.523224	-0.430981	-0.676028	0.153494	0.007496	-0.467889	1.680086	0.171681	0.291776	0.877801	0.346918	0.179884	0.258374	0.052667	1.530662	-0.828842	-0.017723	0.333284	0.223615	-0.065828	0.549510	-0.143378	1.275505	1.413721	0.898352	0.441467	0.408726	-0.255858	0.688033	-0.536457	-0.565818	0.225514	1.058368	0.778426	1.059932	0.525615
0.814714	0.628587	-0.058243	-0.593631	-0.351211	-1.425884	2.927106	2.817260	1.310127	0.931316	2.074610	0.220206	0.462362	1.666783	0.076503	-0.942174	2.838704	0.790384	-0.816626	-1.560196	-0.056428	0.141058	1.861053	1.157884	2.155958	1.158095	1.752146	1.377710	1.869620	1.961824	1.041748	0.578055	1.133511	2.520566	1.227010	1.485082	-0.377513	2.418558	1.878115	1.393544	-0.874859	1.188825	1.318469	1.002338	0.796612	0.961836	1.336473	2.350353	0.894441	1.513707	1.002719	1.871636	3.033215	2.271193	1.892775
0.129918	-0.104143	-1.008594	-0.314420	-0.592530	-1.382884	1.615960	1.912033	1.726225	0.632066	2.130849	0.264979	0.407061	1.606357	1.261875	-0.198923	1.714966	0.440171	-1.839362	-2.037429	-0.552711	0.350200	1.830069	1.097910	2.900474	-0.407902	2.044210	1.030465	1.121066	1.554022	0.929942	0.285318	1.235097	1.567484	2.118430	1.737188	-0.887822	2.491729	2.170854	1.231771	-1.384201	-0.209616	-0.263504	0.386015	0.144830	0.426312	1.676959	2.136777	0.543883	1.775077	-0.148968	0.274082	3.172409	2.116750	1.518821
-0.958636	-1.081198	-1.502143	-0.248238	-0.673362	-0.698994	-0.716364	-0.343749	1.017315	-0.441862	0.495786	-0.499504	-0.272991	0.549100	1.690874	0.575748	-0.796569	-0.117305	-1.741343	-1.355762	-1.236959	0.039641	0.185581	0.223055	1.258673	-1.040936	0.707238	-0.262382	-0.422160	-0.317479	0.227695	0.073670	0.491703	-0.443692	0.924084	0.998338	-0.779583	0.578303	0.684366	0.392687	-0.957696	-1.527243	-1.606649	-0.414888	-0.574198	-0.381424	0.907726	0.280991	-0.907181	-0.073425	-1.803628	-1.865681	1.048160	0.518545	-0.230293
-0.912958	-1.353522	-0.365871	0.331811	-0.010836	0.484593	-1.927063	-1.463416	-0.038660	-1.045867	-0.965282	-0.838148	-0.266143	-0.464439	1.167310	0.501398	-2.127584	0.280010	-0.394771	0.230651	-0.782988	0.049272	-1.119786	-0.084087	-0.637467	-0.498078	-0.766875	-0.995187	-1.096423	-1.508626	-0.184538	0.460503	-0.212472	-1.581287	-0.969772	0.388559	-0.350927	-1.227359	-1.003444	-0.240761	0.149384	-1.734659	-1.576083	-0.811232	-0.612502	-0.588086	0.503785	-1.211564	-1.660616	-1.741846	-1.840202	-2.145478	-1.341053	-1.375981	-1.564335
0.439317	-0.986306	1.460703	1.518719	1.012417	1.505035	-1.788827	-0.651069	-0.695841	-0.725773	-0.784040	0.027942	0.876102	-0.493946	0.359524	-0.479316	-1.567339	1.166550	0.916950	1.546477	0.929875	0.640588	-1.030110	0.591732	-0.835690	-0.434522	-0.835285	-0.399965	-0.578476	-0.940897	0.001733	1.045089	-0.286578	-1.059307	-1.761402	0.394322	-0.101030	-1.512071	-1.519017	-0.307233	0.794824	-1.330314	-0.938038	-0.697977	-0.400533	-0.410202	1.073489	-1.135870	-1.187970	-1.383190	-0.316562	-0.533419	-2.192992	-2.207064	-1.292097
1.642145	-0.777806	2.073736	2.280756	1.341282	1.568032	-1.480652	0.650860	-0.895647	-0.230623	0.477011	1.287748	2.011034	0.281449	-0.093563	-1.552164	-0.633645	1.163995	0.945218	1.600474	2.417774	1.107678	-0.451470	1.273365	0.134300	-1.581499	0.197836	0.796226	0.082060	0.328972	0.322604	1.184042	0.030878	0.102529	-1.305610	0.557760	-0.005512	-0.875173	-0.952496	-0.186327	0.311135	-1.256842	-0.899519	-0.422841	-0.732444	-0.562767	1.652468	-0.275013	-0.502333	0.236618	0.806727	0.995404	-1.581618	-1.637761	0.072752
1.459011	-0.960665	1.054283	1.703413	0.563494	0.632911	-1.391043	0.797307	-0.842684	-0.216988	1.132443	1.503706	1.837203	0.868659	-0.282222	-1.895943	-0.620637	0.075368	-0.072409	0.627151	2.296239	0.782008	-0.503229	1.102086	0.384839	-2.376087	0.722989	1.379512	0.165630	0.719353	0.319520	0.940024	0.113570	0.511048	-0.818531	0.404773	0.151808	-0.706526	-0.348356	-0.377782	-0.671925	-1.409345	-1.329011	-0.326633	-1.450532	-0.994083	1.331825	0.002150	-0.418089	1.156996	0.526667	1.059931	-0.753227	-0.541533	1.201996
0.344529	-0.824098	-0.155230	0.210138	-0.489488	-0.402766	-0.699343	-0.138009	-0.441071	-0.240053	0.504810	0.469178	0.527358	0.715661	-0.620593	-1.468298	-0.999456	-0.776372	-0.845793	-0.253132	0.908592	-0.063224	-0.849178	0.564919	-0.659237	-1.154131	0.030537	1.065805	0.180467	0.071150	0.176912	0.957051	-0.179454	0.003742	-1.048000	0.167277	0.099500	-1.322225	-0.371614	-0.893863	-1.000693	-0.923221	-1.183309	-0.350666	-1.533043	-0.900503	0.653608	-0.498896	-0.534774	0.828264	0.047665	0.126187	-0.424925	0.069406	1.431436
-0.307374	0.164878	-0.246162	-0.905041	-0.662644	-0.663680	0.880701	-0.670566	0.465735	0.478688	-0.402125	-0.499017	-0.522785	0.283906	-1.012316	-0.849392	-0.627716	-0.411117	-0.672181	-0.334771	-0.189043	-0.551329	-0.443253	0.762620	-1.684818	1.287290	-0.845377	0.632978	0.841950	-0.445780	0.374595	1.540357	-0.274711	-0.422140	-1.452913	0.387909	-0.493615	-1.736124	-0.671908	-1.251457	-0.336820	0.310728	-0.219161	-0.143052	-0.472578	0.015028	0.739670	-0.864894	-0.142853	0.311094	0.732698	-0.602405	-0.311309	0.095599	1.102930
-0.016960	1.350717	0.433302	-0.972131	0.203496	-0.244794	2.105946	0.121223	1.472551	1.672033	-0.327582	-0.248578	-0.388337	0.217257	-0.908096	-0.449768	0.363158	0.423088	-0.142123	0.010724	-0.146242	-0.262203	0.715225	1.763463	-1.434907	2.457944	-0.667119	0.762505	1.791419	-0.017485	0.868581	2.173609	0.302240	-0.044259	-1.183767	1.021312	-1.092249	-1.096690	-0.499376	-0.999470	0.545547	1.215739	0.593015	0.429523	0.925711	0.907255	1.525758	-0.437967	0.556697	0.354168	1.898612	-0.557796	-0.027294	0.169927	0.771324
0.293460	1.537573	0.641504	-0.558207	1.149739	0.086416	1.647811	1.391358	1.736581	2.118299	0.701487	0.762779	0.421397	0.416838	-0.198030	-0.106866	0.749274	0.252049	-0.176616	0.000176	0.314641	0.300710	1.507550	2.328330	-0.306503	1.254716	0.362795	1.164296	1.948494	0.807404	0.985580	2.027633	1.123968	0.651153	-0.266740	1.308143	-0.678481	0.208151	0.301730	-0.191688	0.703232	0.882782	0.406615	0.979088	1.406140	0.756715	1.710253	0.472820	0.667725	0.437978	1.731783	0.090755	0.294806	0.708147	0.529665
-0.284142	0.515390	-0.070538	-0.553030	1.267723	-0.036819	0.004932	1.597091	0.963101	1.182643	1.563037	1.118208	0.796524	0.400046	0.457560	0.515194	0.020910	-1.088769	-0.785582	-0.537139	0.027752	0.391293	1.319891	1.460972	0.384418	-0.759281	1.079270	1.073597	0.985439	0.927796	0.275800	0.862212	1.320520	0.667525	0.578279	0.719258	0.818433	1.213567	1.202401	0.740668	-0.004487	-0.182635	-0.397043	0.942454	0.696409	-0.308164	0.500335	1.196916	-0.143821	-0.095652	-0.007508	0.882928	0.481205	1.521605	0.194098
-1.346751	-0.632135	-0.963776	-1.018835	0.678992	-0.235682	-0.861094	0.478965	-0.032846	-0.283485	1.439402	0.205546	0.411376	0.200510	0.446459	1.351605	-0.821676	-2.086709	-1.099609	-1.032798	-1.117357	-0.031345	0.896231	-0.252835	0.189801	-1.376838	1.065260	0.327222	-0.152465	0.124356	-0.798888	-0.666088	0.764692	-0.101286	1.005552	-0.246457	2.207571	1.751612	1.787386	1.460410	-0.925905	-0.670434	-0.742538	0.266715	-0.244894	-1.069753	-1.276109	1.521409	-1.063838	-0.851641	-1.405724	1.203968	0.821033	2.224431	-0.137430
-1.757923	-0.857506	-1.189548	-1.260108	0.161285	-0.128900	0.165672	-0.659078	-0.164816	-0.910164	0.556052	-1.208297	-0.110665	0.233256	0.018216	1.941465	-0.529477	-1.394743	-0.512170	-0.970379	-2.181588	-0.354296	1.171876	-1.323628	-0.051997	-0.252311	1.105740	-0.475805	-0.393518	-0.719282	-1.343135	-1.629683	0.218510	-0.608054	1.370785	-0.605463	2.397084	2.440105	2.127828	1.807641	-1.361964	-0.066249	-0.137417	-0.356280	-0.363957	-0.598097	-2.153988	1.655558	-0.987642	-0.889970	-0.804234	0.592788	1.595885	2.554298	-0.024722
-1.189867	-0.280492	-0.764967	-0.883686	0.057044	0.045592	2.021826	-0.684502	0.576679	-0.373999	-0.391382	-2.043122	-0.242861	0.422234	-0.085693	1.944899	0.822001	0.429539	0.555004	-0.528871	-2.410167	-0.250645	1.835242	-1.136338	0.489520	1.124406	1.875808	-0.816785	0.182058	-0.776990	-1.097860	-1.694483	0.177704	0.069222	1.940950	-0.146113	1.526406	3.316391	2.223163	1.554482	-1.126155	0.899288	0.909286	-0.144825	0.386531	0.712470	-1.709808	1.672242	0.198892	-0.049731	1.086099	-0.556770	2.361206	2.283435	0.737512
-0.471652	0.273230	-0.370195	-0.355449	-0.033055	-0.170343	2.728047	0.041870	1.029450	0.388505	-1.044801	-1.984866	-0.245625	0.206795	0.318019	1.481653	1.939608	1.507386	1.158097	-0.320210	-1.966097	-0.120402	1.720702	-0.494352	1.485493	1.449341	2.806246	-0.819142	0.539570	-0.252341	-0.686337	-1.287447	0.199382	1.528486	2.303182	0.314966	0.527253	3.370631	1.677191	0.584934	-0.486508	1.332046	1.557522	0.796081	1.144391	1.584154	-0.820758	1.384604	1.445008	0.780517	2.101076	-1.052304	2.260051	1.308961	1.631586
-0.405325	0.417462	-0.458560	-0.329374	-0.472698	-0.703126	1.621542	0.435810	0.272541	0.418385	-1.415575	-1.435353	-0.636215	-0.495881	0.552444	0.919743	1.836946	0.818876	0.904750	-0.617037	-1.444173	-0.420941	0.436186	-0.424463	1.886348	0.881391	2.663507	-0.863175	-0.009337	0.022456	-0.745622	-1.017659	-0.249019	2.473557	1.920506	0.008319	0.054766	1.940949	0.380874	-0.611059	0.181327	1.148190	1.424457	1.393230	1.149449	1.205864	-0.472082	0.750827	1.700058	0.709856	1.205039	-0.249689	1.120926	0.042492	1.731996
-0.772574	0.438928	-0.787982	-0.696651	-0.932640	-0.950832	-0.074383	0.225223	-1.166231	-0.211289	-1.465972	-0.882151	-1.323218	-1.005544	-0.055761	0.501389	0.870365	-0.688474	0.316779	-1.023564	-1.112613	-0.891439	-1.035821	-0.986636	1.263352	0.358171	1.080587	-1.010868	-1.059189	-0.298399	-1.132783	-1.104904	-0.794271	2.210320	1.011427	-0.862607	0.138714	-0.043367	-0.872743	-1.127829	0.593912	0.816865	0.763583	0.798545	0.528185	0.051574	-0.764084	0.089444	1.060413	-0.140693	-0.512123	0.967527	-0.180170	-0.675566	0.649251
-0.746635	0.610579	-0.783351	-0.661137	-0.781237	-0.505364	-0.785447	0.104955	-1.836297	-0.678252	-1.070156	-0.554410	-1.635073	-0.836007	-1.227585	0.306544	0.191961	-1.258244	0.176133	-0.941796	-0.842987	-0.755860	-1.437401	-1.447200	0.327043	0.285488	-0.828246	-1.040650	-1.688723	-0.718388	-1.194252	-1.329163	-0.606141	1.316234	0.433958	-1.456053	0.494086	-0.936968	-1.020432	-0.576459	0.592657	0.596282	0.110782	-0.480828	0.092037	-0.638242	-1.080452	-0.202906	0.549983	-0.779628	-1.299425	1.176384	-0.672927	-0.402008	-0.887490
0.009400	0.766403	-0.199969	0.199654	0.041450	0.359621	-0.260190	0.567585	-1.042333	-0.462012	-0.349321	-0.402689	-1.166187	-0.425627	-1.914132	0.387931	0.426750	-0.254739	0.665421	-0.253324	-0.490633	0.320580	-0.551821	-1.267366	0.053825	0.277488	-1.527113	-0.814155	-1.486747	-0.629238	-0.636117	-1.358725	0.369438	0.745750	0.665004	-1.281084	0.763140	-0.282195	0.053150	0.455955	0.211206	0.384669	-0.179177	-1.094060	0.411363	-0.164202	-0.891480	-0.024828	0.842497	-0.422698	-0.619125	0.191049	-0.334843	0.333175	-1.600820
0.937358	0.628072	0.642424	1.236859	0.836012	0.963493	0.435794	1.199394	0.319123	0.137194	0.291771	-0.167392	-0.309087	-0.490121	-1.466375	0.630546	1.068276	1.234456	1.184626	0.554339	-0.032962	1.630098	0.662717	-0.646430	0.558246	-0.061968	-0.682384	-0.354039	-0.807152	-0.061063	0.147510	-1.076963	1.209130	0.649196	1.201766	-0.637142	0.583939	0.757930	1.257989	1.058889	-0.241888	0.119540	-0.151872	-0.536713	1.150921	0.888572	-0.275259	0.342546	1.507439	0.645364	0.592047	-0.808797	0.074524	0.576177	-0.976068
1.226575	0.252432	1.215662	1.369035	0.882944	0.873587	0.302700	1.286200	0.770758	0.444767	0.573581	0.386001	0.194962	-0.934681	-0.391848	0.567981	1.119861	1.592708	0.998046	0.918999	0.553024	1.948844	1.052321	-0.183958	1.036050	-0.560635	0.455696	0.293847	-0.179909	0.442001	0.599068	-0.643143	1.108728	0.406480	1.149923	-0.180985	-0.186217	0.838607	1.351795	0.923196	-0.333474	-0.058344	-0.086566	0.172703	1.392551	1.266864	0.231192	0.454718	1.633778	1.352118	1.156960	-0.879065	0.010005	0.007569	0.123038
0.701915	-0.032269	1.260012	0.375587	0.204637	0.269194	-0.547163	0.726854	-0.083040	0.131959	0.573435	1.106543	0.098334	-0.921599	0.250883	-0.225252	0.212741	0.380034	0.088497	0.771674	1.241191	0.816527	0.351755	-0.205397	0.744974	-0.779784	0.422463	0.991188	0.202693	0.485534	0.607440	-0.283089	0.266450	-0.358088	0.266901	-0.242355	-1.176563	-0.167216	0.164384	0.476973	0.087520	-0.070118	-0.138766	-0.176424	0.612141	0.382938	0.220995	0.084335	0.940718	1.000899	0.825083	-0.324040	-0.367115	-0.804200	0.412086
0.006336	-0.051824	0.888187	-0.742703	-0.530956	-0.279380	-1.212085	0.042522	-1.204089	-0.564004	0.442928	1.435050	-0.175482	-0.049192	0.070821	-1.428003	-0.974598	-1.163890	-0.703880	0.519652	1.760590	-0.787914	-0.636848	-0.501336	-0.165213	-0.621239	-0.850049	1.349772	0.371316	0.177863	0.481763	-0.087719	-0.498594	-1.248442	-0.783855	-0.594161	-1.641710	-1.297245	-1.268773	0.225930	0.658713	-0.082311	-0.213470	-1.370134	-0.746515	-1.061180	-0.161034	-0.552555	-0.001144	0.019819	0.222153	0.096186	-0.608880	-1.174898	-0.291404
-0.093274	0.000610	0.333509	-0.853037	-0.773522	-0.364738	-1.107908	-0.370121	-1.425361	-1.162270	0.130815	0.955963	-0.189379	0.961678	-0.318440	-2.020210	-1.445956	-1.397745	-0.562034	0.508593	1.708352	-1.320252	-0.966770	-0.642914	-0.861905	-0.426285	-2.008791	0.964826	0.264700	-0.084648	0.470872	-0.026704	-0.710627	-1.647733	-1.203844	-0.772894	-1.140427	-1.655583	-1.773792	0.160200	0.821059	-0.308742	-0.224867	-2.043778	-1.710896	-1.816521	-0.403219	-1.020446	-0.553928	-0.595135	-0.116680	0.290528	-0.534898	-1.036123	-0.894492
0.460932	-0.199734	-0.248925	0.058906	-0.565650	-0.071151	-0.566432	-0.668180	-0.771459	-1.359358	-0.419052	-0.044467	-0.045887	1.028561	-0.163775	-1.310035	-0.978163	-0.029911	0.333223	0.630259	1.001258	-0.286343	-0.537070	-0.386729	-0.763958	-0.549251	-1.809499	-0.060771	-0.218527	-0.052617	0.484033	-0.021810	-0.582048	-1.447886	-0.892780	-0.490699	-0.073991	-1.201988	-1.172110	-0.084533	0.382551	-0.745512	-0.357095	-1.475299	-1.745647	-1.375759	-0.171094	-1.094146	-0.689811	-0.451034	-0.337354	0.633440	-0.308120	-0.815143	-0.495914
0.960765	-0.735970	-0.684546	1.007862	-0.252663	0.254781	-0.342310	-1.183427	-0.249295	-1.206062	-1.003841	-0.770229	-0.070978	-0.048257	0.516243	0.240948	-0.311579	1.644588	0.986171	0.566439	0.108487	1.235920	0.031754	0.230552	-0.165983	-0.961025	-0.442632	-1.029954	-0.945867	0.111150	0.280439	0.078514	-0.577292	-1.081778	-0.420742	0.226436	0.607420	-0.552092	-0.297322	-0.586511	-0.309118	-1.196485	-0.874236	-0.490476	-1.224577	-0.422261	0.418451	-0.852523	-0.764227	-0.071500	-0.747224	1.034393	-0.228872	-0.853517	0.434093
0.763696	-1.336219	-0.632518	1.305264	0.032038	0.477351	-0.668986	-1.830699	-0.513734	-0.956987	-1.361352	-0.700672	-0.135390	-1.379917	1.053139	1.408546	-0.225465	2.291307	0.791639	0.354047	-0.273428	1.786558	0.294675	0.978923	0.100058	-1.254578	0.730601	-1.281071	-1.532897	-0.018983	-0.147510	0.442317	-0.871479	-1.042768	-0.301884	1.097093	0.294114	-0.256078	0.000402	-0.952706	-0.703734	-1.468877	-1.638193	-0.328289	-0.932211	-0.001943	1.001760	-0.477989	-0.845676	-0.040298	-1.030174	0.897148	-0.550539	-1.117338	0.731604
0.084627	-1.572686	0.191058	1.313771	0.390090	0.751667	-0.990724	-2.082856	-1.111302	-0.740128	-1.482285	-0.019356	0.295079	-1.918433	1.008167	1.330302	-0.674348	1.908293	0.213383	0.465443	0.212885	1.013827	0.273691	1.498503	-0.386782	-1.005824	0.649206	-0.820276	-1.618504	-0.597617	-0.429060	1.002230	-1.175345	-1.444693	-0.481236	1.681026	-0.708454	-0.345541	-0.351239	-0.908219	-0.476854	-1.435058	-1.992150	-1.023239	-1.145496	-0.373768	1.293950	-0.229279	-0.585696	-0.221616	-0.512718	0.004641	-1.268790	-1.304513	0.079035
-0.247581	-1.174938	1.503608	1.664148	0.781005	1.117820	-0.705216	-1.543442	-1.139939	-0.412233	-1.450757	0.729578	1.304386	-1.334304	0.649079	0.170037	-1.010692	1.369934	0.057272	1.150003	1.260135	-0.204947	-0.048695	1.447857	-1.107125	-0.191518	-0.355628	-0.196350	-1.105148	-1.147041	-0.147461	1.353337	-0.985244	-1.855833	-0.565004	1.587151	-1.462383	-0.493406	-0.826905	-0.772033	0.246291	-0.993209	-1.319105	-1.377380	-1.307166	-0.794624	1.206753	-0.473173	0.200783	-0.083188	0.763511	-1.061131	-1.948897	-1.097294	-0.682747
0.169875	-0.272055	2.370046	2.089187	0.908251	1.263036	0.005450	-0.446837	-0.377361	0.173206	-1.124678	1.143931	2.057155	-0.067573	0.474470	-1.129976	-0.844369	1.041069	0.390405	1.847415	2.025860	-0.893648	-0.823001	0.806722	-1.130204	0.700454	-0.980214	0.140078	-0.219536	-0.973337	0.598851	1.124033	-0.113051	-1.565680	-0.386746	0.815250	-1.235113	-0.464501	-0.966979	-0.973728	0.928501	-0.176784	0.235562	-0.481943	-0.685028	-0.413312	0.820701	-1.285097	1.101454	0.476162	1.790292	-1.522001	-1.951006	-0.482467	-0.709278
0.833365	0.601202	1.992465	1.679859	0.604261	0.916188	0.356237	0.516946	0.529885	0.830646	-0.314253	1.079614	1.596480	1.143573	0.523683	-1.592811	-0.394264	0.522365	0.572850	1.634237	1.739686	-0.794421	-1.691244	0.037844	-0.137013	1.031203	-0.390742	0.168854	0.558600	0.001278	1.112730	0.483246	0.980142	-0.307422	-0.144842	-0.081006	-0.138224	-0.286658	-0.679468	-1.241709	1.015778	0.654525	1.690091	1.117228	0.697842	0.760923	0.380377	-1.986704	1.507525	1.020314	1.710871	-1.115925	-1.047187	0.077950	-0.102894
1.093903	0.877027	0.682089	0.366164	0.193752	0.374480	-0.019076	0.875564	0.923249	1.184369	0.780424	0.638778	0.111226	1.711657	0.464582	-0.891747	-0.072685	-0.296107	0.239044	0.405161	0.495181	-0.073574	-1.723328	-0.210010	1.248862	0.580394	0.907034	0.077023	0.765360	1.090128	0.833456	0.087603	1.551756	1.215954	-0.003469	-0.352247	0.972043	-0.034710	-0.105771	-0.798310	0.543649	0.958657	2.027516	1.990112	1.959213	1.867024	0.238836	-1.613491	1.336998	1.223229	0.813978	-0.125353	0.239246	0.029799	0.397290
1.061131	0.526703	-0.273410	-0.571297	0.264363	0.328547	-0.530829	0.724768	0.842502	1.144133	1.609901	0.232654	-1.004857	1.471833	0.276126	0.442122	-0.004949	-0.704631	-0.170874	-0.703754	-0.605783	1.156230	-0.529590	0.289960	2.138782	-0.192963	1.677321	-0.040061	0.389044	1.617033	0.096643	0.356411	1.338988	1.832733	0.154813	0.224585	1.220361	0.309567	0.503481	0.495127	0.257958	0.581177	1.179050	1.441643	2.261330	2.102225	0.578991	-0.130250	1.032685	1.203416	0.057417	0.966656	1.071345	-0.584345	0.299857
1.269546	0.210906	-0.023047	-0.035295	0.987597	1.036423	-0.348488	0.361527	0.731246	0.968425	1.749143	0.288558	-0.646884	0.744386	0.397699	1.503407	0.004429	-0.102147	0.035450	-0.470031	-0.517735	2.534153	0.976860	0.998495	2.140486	-0.514892	1.256491	-0.179421	0.005863	1.524978	-0.210214	0.864929	0.757325	1.112715	0.402419	0.962545	0.420477	0.658465	0.827349	1.655518	0.794635	0.096621	0.144271	0.276354	1.653600	1.468381	1.073996	1.238989	0.823548	1.099816	-0.126632	1.657216	1.072047	-1.063909	-0.239249
1.598624	0.602226	0.747536	1.248640	1.758348	1.836215	0.503329	-0.143632	0.696568	0.768269	1.170208	0.625154	0.683752	0.091856	0.984980	1.801290	0.193779	0.987414	0.935070	0.889295	0.445291	3.072827	1.525139	1.006923	1.386105	-0.043107	0.093847	-0.281845	0.221621	1.072419	0.168777	0.705315	0.287571	-0.107910	0.449255	0.816870	-0.795035	0.703705	0.681174	1.619912	1.737067	0.251304	-0.035496	-0.199142	0.829735	0.556751	0.998398	1.329213	0.380009	0.693847	-0.137227	1.557607	0.584001	-0.848887	-0.692509
1.204109	1.482403	0.593666	1.440956	1.685745	1.696343	1.100217	-0.748661	0.425929	0.282432	0.193248	0.504286	1.446932	-0.112427	1.365267	1.517781	0.545695	1.361641	1.785296	1.776267	0.851649	1.919694	0.963355	-0.025590	0.159699	0.733598	-0.892386	-0.228175	0.917920	0.346866	0.465882	-0.405293	-0.069705	-0.603185	0.010353	-0.463702	-1.472456	0.267837	0.253871	0.536646	1.908205	0.976378	0.587513	0.280542	0.208323	-0.220099	-0.036991	0.408874	-0.571666	-0.213456	-0.454637	0.715956	0.208477	-0.164508	-0.692804
-0.254105	1.788462	-0.816680	-0.067202	0.507372	0.296457	0.731741	-1.107275	-0.187796	-0.594523	-0.622324	-0.348461	0.842926	0.029889	0.689699	1.018981	0.698787	0.500229	1.643606	0.984490	-0.057888	-0.374568	0.219891	-1.346867	-1.171760	0.975564	-1.238510	-0.018782	1.285121	-0.553824	-0.022207	-1.572224	-0.581020	-0.101898	-0.609815	-1.850071	-1.108811	-0.350982	-0.066142	-0.408935	0.772332	1.315385	0.982086	0.752173	-0.367823	-0.900569	-1.461898	-0.269522	-1.604517	-1.226206	-1.015610	-0.245215	0.183844	0.325264	-0.365387
-1.879840	0.818794	-2.199055	-1.847755	-1.098523	-1.545848	-0.236236	-0.921165	-0.734689	-1.335354	-0.760160	-1.177633	-0.442221	0.038238	-0.910034	0.389638	0.278938	-0.934732	0.253891	-0.897877	-1.338978	-2.079548	-0.050680	-1.793349	-2.049440	0.418684	-1.138581	0.112983	0.744037	-1.172594	-0.856177	-1.617737	-1.240368	0.417002	-0.724138	-2.033516	-0.119558	-0.692397	-0.173165	-0.426901	-0.844443	0.621814	0.453456	0.363977	-1.003085	-1.489503	-2.180765	-0.135181	-1.950709	-1.594501	-1.393835	-0.628883	0.232097	0.353016	-0.169633
-2.470844	-0.765340	-2.263485	-2.306736	-2.179052	-2.625415	-0.861096	-0.482305	-0.783504	-1.249716	-0.242356	-1.081801	-1.279856	-0.442463	-2.212633	-0.414370	-0.588885	-1.965600	-1.591200	-2.160455	-1.545091	-2.190603	-0.130598	-1.090303	-2.026131	-0.338136	-0.954773	-0.069856	-0.325144	-1.022809	-0.967761	-0.496915	-1.644222	-0.089995	-0.149333	-0.927351	0.570392	-0.720621	-0.343753	0.034719	-1.709384	-0.496711	-0.458114	-0.545337	-1.304757	-1.606963	-1.770669	0.115343	-1.422862	-1.142335	-1.324403	-0.374896	0.001854	0.313183	-0.380925
-1.838991	-1.537440	-1.233498	-1.609716	-2.348617	-2.502626	-0.814763	-0.319164	-0.418635	-0.384679	0.303450	-0.101900	-1.319578	-1.082205	-2.119654	-1.213492	-1.295445	-2.268337	-2.661620	-1.856223	-0.512013	-1.533142	-0.494730	-0.167733	-1.300919	-0.551075	-0.828304	-0.393705	-0.955889	-0.189180	-0.052772	0.609226	-1.367974	-1.339100	0.446989	0.226122	0.588193	-0.759596	-0.751253	0.070290	-1.516814	-0.929814	-0.680712	-1.000378	-0.920858	-0.968343	-0.939136	-0.279357	-0.628001	-0.615669	-0.949867	-0.063112	-0.387554	0.663845	-0.785850
-0.784211	-0.939338	-0.291893	-1.086712	-1.893639	-1.805597	-0.669962	-0.380114	-0.064179	0.399702	0.350182	0.988127	-0.937741	-1.047057	-0.811476	-1.653417	-1.378848	-2.113283	-2.371982	-0.640954	0.647225	-1.422169	-0.991836	-0.011692	-0.637087	-0.149662	-0.797125	-0.311593	-0.625835	0.741991	1.067768	0.725241	-0.483999	-1.932779	0.293625	0.349846	0.507670	-0.898467	-1.112973	-0.391545	-0.930758	-0.548136	-0.012681	-0.730102	-0.247504	-0.024461	-0.572541	-0.948915	-0.231255	-0.809282	-0.672179	-0.152469	-0.406100	1.164712	-0.943155
-0.032776	0.124378	-0.032086	-1.252556	-1.269914	-1.374331	-0.922778	-0.162352	0.038322	0.363487	0.092476	1.589362	-0.511422	-0.088447	0.430865	-1.510751	-0.886309	-1.690373	-1.180983	0.217127	1.017340	-1.777721	-1.031738	-0.558454	-0.558607	0.298759	-0.975245	0.412733	0.272453	1.266821	1.437248	0.112094	0.244369	-1.152311	-0.552846	-0.335412	0.839009	-0.869987	-0.997847	-0.509792	-0.597867	-0.229117	0.646668	-0.440982	-0.091485	0.364058	-0.674381	-0.854154	-0.320596	-1.519899	-0.760737	-0.443965	0.194866	0.941525	-0.650896
0.326456	0.541453	-0.126169	-1.335480	-0.743981	-1.290198	-1.172303	0.402546	-0.016284	-0.293215	0.108810	1.553495	-0.219955	0.860470	0.520782	-0.836676	-0.034188	-0.897501	0.080053	0.229869	0.687474	-1.427366	-0.285670	-1.025571	-0.825646	0.270587	-1.342677	1.257210	0.976927	1.220321	0.882433	-0.396286	-0.019829	0.052273	-1.218653	-0.898123	1.030238	-0.554280	-0.299925	0.298156	-0.556926	-0.387685	0.512270	-0.695007	-0.607653	-0.033521	-0.633135	0.296500	-0.601278	-1.746146	-1.003047	-0.430063	0.943434	-0.419156	-0.073922
0.485893	0.346800	-0.217617	-0.692787	-0.438240	-0.976862	-0.673829	0.865727	-0.017910	-0.684071	0.563463	0.952040	-0.261748	0.779196	-0.352994	0.048487	1.068910	0.223911	0.975582	-0.113232	0.206722	-0.051965	0.951732	-1.016712	-0.872869	-0.235361	-1.513214	1.521215	1.132277	0.644992	-0.080194	-0.563675	-1.076418	0.402821	-0.945248	-0.920340	0.208696	-0.218350	0.734380	1.513443	-0.520329	-0.335589	-0.125908	-1.012558	-1.024546	-0.523515	-0.291440	1.569864	-0.858953	-0.937426	-0.838223	-0.004769	1.106889	-1.961688	0.482097
0.474761	0.321108	-0.366471	0.158765	-0.439261	-0.199387	0.515047	1.067312	0.146931	-0.256561	1.026297	0.059251	-0.724960	-0.011564	-0.962415	0.621873	2.140989	1.179370	1.402901	-0.248657	-0.130874	1.126637	1.908310	-0.847595	-0.558070	-0.747844	-1.067376	1.195442	0.900297	-0.218593	-0.883652	-0.746748	-1.584817	0.048414	0.072782	-0.701277	-1.272218	-0.131928	1.705508	2.015363	-0.348533	0.503957	-0.435900	-0.511040	-0.640689	-0.429149	-0.199151	1.820856	-0.946843	0.339881	-0.002031	0.412113	0.490369	-2.084232	0.783084
0.190009	0.628462	-0.566579	0.272602	-0.710409	0.433790	1.486392	1.297870	0.418432	0.604895	1.033676	-0.673766	-1.256751	-0.309929	-0.385619	0.476988	2.612923	1.383025	1.164740	-0.236956	-0.349357	0.860003	1.876130	-0.851243	-0.196696	-0.663359	-0.132267	0.828552	0.533541	-0.892517	-1.307000	-1.027678	-0.638078	0.128374	0.836549	-0.532491	-1.950740	-0.203961	2.128764	1.251499	-0.138795	1.490193	-0.160000	0.774440	0.247264	0.054407	-0.724779	0.924832	-0.601946	1.171566	1.067770	0.474419	-0.396504	-0.368130	0.706322
-0.348966	0.647245	-0.458953	-0.453563	-0.960381	0.225132	1.629454	1.534850	0.605762	1.089883	0.606713	-1.018152	-1.272804	0.194606	0.961426	-0.242382	2.199311	0.784427	0.127457	-0.495674	-0.568558	-0.563567	0.883974	-0.781053	0.042539	0.298241	0.685377	0.636258	0.152143	-0.980824	-1.421570	-0.972501	0.901763	0.933262	0.566741	-0.286566	-1.132473	-0.140691	1.634719	-0.218647	-0.012737	1.575238	0.248930	1.758438	0.750880	0.287940	-1.332587	-0.168582	0.272069	1.397656	1.660879	0.365772	-0.889673	1.772852	0.258553
-0.916058	0.137000	0.161964	-1.201677	-0.762649	-0.612127	1.319930	1.256517	0.578057	0.932939	0.159487	-1.200294	-0.647248	0.520065	1.774276	-0.931229	1.338577	-0.045944	-1.261935	-1.103657	-0.894214	-1.721810	-0.218382	-0.145201	0.399393	1.687013	1.025510	0.295529	-0.110529	-0.574037	-1.314192	-0.312935	1.433924	1.509466	-0.454262	0.228051	0.106465	0.161514	0.426991	-1.296929	0.045225	0.802472	0.435282	1.626519	0.540486	0.202103	-1.079566	-0.538016	1.212283	1.543845	1.531775	0.393604	-0.734475	2.611141	-0.332869
-1.184809	-0.210212	0.927976	-1.239642	0.078444	-1.098412	1.238276	0.360902	0.481248	0.651065	0.016337	-1.446352	0.079583	-0.058674	1.317936	-1.187762	0.702770	-0.497043	-2.107702	-1.593031	-1.265830	-1.681909	-0.612144	1.006256	1.043741	2.451074	1.134050	-0.277429	-0.068842	-0.097242	-0.896278	0.576480	0.811097	1.134965	-1.162873	0.850134	0.266290	0.515909	-0.647277	-1.387384	0.150205	0.240510	0.593901	0.874554	0.215258	0.410485	0.253809	-0.241703	1.540183	1.813162	1.038748	0.325625	-0.162351	1.935533	-0.634914
-0.860688	0.277125	1.365929	-0.546403	1.302799	-0.575810	1.434597	-0.311858	0.687813	0.859339	0.150959	-1.414187	0.426335	-0.872841	0.258889	-1.138570	0.430919	-0.428898	-1.890778	-1.391078	-1.270577	-0.717292	-0.330042	1.981199	1.612519	1.826523	1.367444	-0.501972	0.289717	0.245001	-0.016020	1.145885	0.523378	0.334840	-0.851774	1.252194	-0.681582	0.734030	-0.811661	-0.815756	0.391826	0.550567	1.038406	0.711660	0.535065	1.318963	1.836111	-0.028400	1.186983	1.717000	0.680364	-0.343879	0.419682	0.966556	-0.306656
0.141870	1.231153	1.554528	0.496013	2.378882	0.645206	1.456704	0.077880	1.376916	1.583993	0.379289	-0.463892	0.695721	-0.757573	-0.083604	-0.969551	0.186904	-0.073781	-0.934333	-0.368787	-0.396507	0.419279	0.056814	2.262325	1.539813	0.187965	1.659614	0.112808	0.709747	0.586798	1.189035	1.379512	1.488984	0.104990	0.077197	1.422129	-1.331194	0.882807	-0.117474	-0.252039	0.718598	1.290598	1.660774	1.615337	1.565923	2.505778	2.674275	-0.238122	0.782019	0.879059	0.692182	-1.418932	0.748000	0.716323	0.557272
1.433133	1.608330	1.829644	1.481284	2.847651	1.681113	1.131046	1.167037	2.121911	2.276094	0.613951	1.357443	1.545585	0.377363	0.721512	-0.532656	-0.159430	0.300860	0.023288	0.979350	1.224801	1.286534	0.304684	2.097903	0.817932	-1.230330	1.732515	1.075528	0.892808	0.920685	2.116834	1.669721	2.610286	0.663935	0.567243	1.634327	-0.630039	1.108291	0.657901	0.034584	0.852638	1.689335	2.010038	2.798262	2.647158	3.133060	2.567734	-0.370887	0.744491	-0.271151	0.969763	-1.896882	0.779319	1.013361	1.471769
2.153241	0.876527	1.937367	1.920324	2.480237	1.847842	0.724251	1.688911	2.096241	2.323058	0.804207	2.890449	2.831322	1.439979	1.618853	0.227775	-0.366743	0.440265	0.485715	1.819594	2.502208	1.675580	0.507841	1.978602	0.135642	-1.550211	1.575577	1.276796	0.729425	0.888682	2.094992	2.043704	2.216108	1.361591	0.074942	1.886985	0.929168	1.261405	0.769978	0.143637	0.426125	1.490492	1.746775	3.087251	3.004136	2.752941	1.994174	0.077890	0.687604	-0.970641	1.136104	-1.161860	0.585699	1.163787	1.936744
1.645567	-0.473647	1.139572	1.395661	1.333566	1.099792	0.363923	0.980089	0.953674	1.531167	0.768899	2.827642	3.392411	1.513905	1.230305	0.809037	-0.398688	0.076231	0.379015	1.584908	2.260360	1.357101	0.420605	1.828050	0.098475	-0.977204	1.361401	0.283104	0.304527	0.325487	1.093850	1.989156	0.395612	1.520353	-0.798128	1.745672	1.991677	0.960859	0.073610	0.046211	-0.521311	0.794933	0.879459	2.092643	2.316571	1.576584	1.341169	0.713258	0.084141	-0.992656	0.761217	0.166156	0.285025	0.953041	1.663572
0.277165	-1.493152	-0.587357	0.190915	-0.135618	0.026599	-0.203074	-0.277923	-0.543453	0.297497	0.311160	1.142651	2.326193	0.866068	-0.434075	0.688849	-0.675390	-0.763425	-0.091622	0.502146	0.538639	0.386497	-0.428820	1.206562	0.475254	-0.240331	1.028606	-1.090280	-0.180217	-0.279602	-0.084887	1.243484	-1.023395	0.989257	-0.927750	1.003025	1.756242	0.145296	-0.954671	-0.387314	-1.205907	-0.358982	-0.302684	0.462001	0.874072	0.164500	0.656827	0.645508	-0.765977	-0.661680	-0.188167	0.969162	0.045245	0.607958	0.605385
-0.761044	-1.611251	-2.033369	-0.641104	-1.182286	-0.545372	-1.032201	-0.992058	-1.130825	-0.641604	-0.484778	-0.782056	0.169944	0.446693	-1.819693	0.198628	-1.391445	-1.467001	-0.521741	-0.530562	-1.309589	-0.628533	-1.739265	0.165768	0.464259	0.367942	0.356424	-1.673038	-0.468255	-0.298084	-0.556800	0.324618	-0.813276	0.038522	0.051930	0.158777	0.522847	-0.655153	-1.557384	-0.900630	-0.712682	-1.733330	-1.351666	-0.838542	-0.649411	-0.937393	0.023207	-0.277025	-0.984513	-0.238634	-1.096846	0.869608	-0.005685	0.151883	-0.851541
-0.766700	-1.016329	-2.008273	-0.383342	-1.346082	-0.243886	-1.533692	-0.949281	-0.450046	-0.838149	-1.215701	-1.647201	-1.604667	0.635336	-1.614687	0.187231	-1.913783	-1.253008	-0.466109	-0.796048	-2.013069	-1.041573	-2.294312	-0.686458	-0.302085	1.025038	-0.539224	-1.208981	-0.425822	0.129059	-0.282301	-0.124527	0.174184	-0.887183	1.239038	-0.187792	-0.750182	-0.837096	-1.232075	-0.936995	0.778846	-2.560402	-1.853233	-1.382592	-1.653097	-1.436978	-0.337905	-1.144709	-0.353195	0.214798	-1.207589	0.308080	0.032019	-0.621178	-1.780400
-0.369522	-0.441908	-0.880927	0.376921	-0.936099	0.425934	-1.090137	-0.825787	0.441922	-0.617570	-1.493405	-1.575252	-2.145240	0.801432	-0.365359	0.703979	-1.438291	-0.068896	0.122355	-0.490381	-1.636979	-0.866952	-1.393650	-1.022166	-1.257435	1.580961	-1.160173	-0.520286	-0.251481	0.142695	-0.041749	-0.236288	0.291735	-1.323696	1.449247	-0.216642	-1.133612	-0.429956	-0.216673	-0.420605	1.762967	-2.196142	-1.777719	-1.491930	-2.016649	-1.488942	-0.430122	-1.084438	0.229087	0.452603	-0.526123	-0.298408	-0.151593	-1.542756	-1.367590
-0.648931	-0.499124	-0.215803	0.453190	-0.672347	0.561324	-0.024800	-1.099588	0.297055	-0.724184	-1.269291	-1.618695	-1.851360	0.202460	0.166063	0.742576	-0.205550	1.127277	0.653664	-0.406253	-1.195843	-0.619729	-0.002242	-1.151907	-1.530336	1.352155	-1.190745	-0.466419	-0.320363	-0.713291	-0.430411	-0.647846	-0.713410	-1.067604	0.625437	-0.612411	-0.341077	-0.037017	0.591037	-0.029966	0.963953	-1.095927	-1.581376	-1.657863	-2.041596	-1.575870	-0.541371	-0.320885	-0.126915	0.119814	0.054729	-0.878414	-0.684963	-1.939036	0.075914
-1.573639	-1.017687	-0.780124	-0.332699	-0.783574	-0.082730	0.594057	-1.409511	-0.773909	-1.330339	-0.785232	-2.138868	-1.482056	-0.904953	-0.793118	-0.240084	0.571695	1.267002	0.468701	-0.872201	-1.243038	-0.535990	0.281685	-1.357234	-0.902652	0.127198	-0.809194	-0.967260	-0.663859	-1.733641	-1.093708	-1.417412	-1.510603	-0.409309	-0.113057	-1.417590	0.899358	-0.048859	0.473043	-0.328557	-0.964854	-0.439630	-1.628702	-1.821518	-1.903009	-1.874108	-0.753285	0.202461	-1.025805	-0.594154	-0.183038	-1.234727	-1.151286	-1.371040	1.198467
-1.895609	-1.164456	-1.521988	-0.878524	-0.735775	-0.704509	0.266063	-1.088933	-1.416621	-1.667077	-0.253238	-2.257581	-1.117891	-1.390088	-1.967378	-1.158269	0.234463	0.349115	-0.273164	-1.287263	-1.294527	-0.317495	-0.644174	-1.332865	0.074631	-1.045825	-0.299557	-1.178255	-0.785478	-1.722458	-1.160769	-1.756964	-1.014732	0.171795	0.096107	-1.726887	1.314980	-0.140698	-0.255940	-0.860941	-1.932178	-0.596548	-1.555311	-1.422531	-1.320818	-1.807462	-0.717907	0.103478	-1.173735	-0.853436	-0.807442	-0.853382	-0.849701	-0.261008	1.052449
-0.742858	-0.465369	-0.966062	-0.301898	-0.014745	-0.368766	-0.317376	-0.018092	-0.698554	-0.953740	0.313553	-1.100414	-0.309252	-0.565828	-1.495989	-0.500605	-0.438923	-0.531982	-0.662702	-0.893700	-0.699024	0.329600	-1.094243	-0.643958	0.811231	-0.868487	0.333332	-0.522730	-0.257039	-0.357021	-0.341240	-1.026481	0.345079	0.586093	0.839320	-0.789558	0.433913	0.295363	-0.469454	-0.566495	-0.811002	-0.689398	-0.718754	-0.279485	-0.063955	-0.703110	-0.169899	0.032569	-0.068487	-0.129038	-0.787753	0.453361	0.391094	0.527794	0.131925
1.126332	0.420437	0.743967	0.843856	1.041951	0.768265	-0.277062	1.203763	0.746073	0.448599	0.897461	0.834063	0.945825	0.846706	0.748194	1.496129	-0.328093	-0.435078	-0.206793	0.181066	0.323338	1.198391	0.193174	0.497479	1.172181	0.408157	1.097583	0.615818	0.575568	1.333603	0.645807	0.347106	1.334037	1.055617	1.127009	0.919594	-0.664825	1.299453	0.465582	0.874124	1.156678	-0.091553	0.583542	0.829636	1.296759	1.011030	0.552351	0.744010	1.196129	0.953557	0.009914	1.916621	1.753171	0.629479	-0.385623
1.989013	0.328544	1.847949	1.237034	1.472930	1.472218	0.247474	1.725700	1.384681	1.184857	1.191632	1.933249	1.786808	1.281513	2.743597	2.846138	0.504376	0.387357	0.484862	0.962782	0.808818	1.701196	2.212022	1.243743	1.197129	1.041959	1.594263	1.226895	0.790267	1.882156	0.775166	1.191444	1.245098	1.388097	0.675354	2.034350	-0.520082	2.094414	1.750942	2.455225	1.741783	0.424419	1.028218	0.841954	1.622380	1.826524	0.765638	2.021719	1.146837	1.122070	0.480338	2.279717	2.046251	0.384345	-0.128581
0.954042	-0.973996	1.060003	0.373893	0.746656	0.814270	0.372420	1.066558	0.383522	0.313143	0.732919	1.094359	1.322075	-0.083285	2.428875	2.233027	0.998518	0.905639	0.560737	0.742785	0.141871	1.359789	2.792741	0.911827	0.765490	0.005989	1.272114	0.621099	-0.104687	0.714424	-0.270842	0.733587	0.199425	0.901251	-0.002938	1.609009	0.832323	1.793628	1.891700	2.812049	0.224634	-0.169174	-0.081177	-0.329280	0.460982	0.794455	0.176334	2.823914	-0.311315	-0.154955	-0.289195	1.125186	0.897031	0.184849	0.192822
-1.106938	-2.368123	-0.900784	-0.921021	-0.612023	-0.689896	-0.313496	-0.409118	-1.588808	-1.623346	-0.546493	-1.049457	-0.193779	-2.299610	0.015667	0.597279	0.537125	0.568198	0.111126	-0.092987	-1.175461	0.233600	1.259453	-0.309751	-0.128672	-1.648628	0.145946	-0.909003	-1.576020	-1.365667	-1.799032	-0.664166	-1.320756	-0.514256	-0.522106	-0.027445	1.859195	0.355705	0.406474	1.630648	-1.917799	-1.431350	-1.632362	-1.560605	-1.251818	-1.222667	-0.794671	2.387068	-1.801221	-2.027092	-1.756333	-0.515664	-0.829590	0.029082	-0.161600
-2.420332	-2.611288	-2.199609	-1.502776	-1.541646	-1.590623	-1.339335	-1.614982	-3.078811	-3.106629	-2.023984	-2.631093	-1.390645	-3.383509	-2.167922	-0.207570	-0.457432	-0.192880	-0.046948	-0.513313	-1.942206	-1.006451	-0.843099	-1.465567	-1.028409	-2.241725	-1.032745	-2.302624	-2.645770	-2.912830	-2.730716	-1.850749	-2.688820	-1.759718	-1.035782	-1.634817	1.547396	-1.279254	-1.572442	-0.081519	-2.731174	-1.927839	-1.956868	-1.750952	-2.134683	-2.472516	-1.426353	0.944514	-2.102611	-3.090320	-2.555788	-1.260908	-1.952464	-0.208791	-1.096033
-1.969213	-1.664332	-1.917225	-1.037684	-1.457278	-1.038701	-2.019592	-1.714427	-3.249737	-3.142047	-2.844393	-2.346123	-1.223883	-2.354268	-2.191280	0.293496	-1.241514	-0.617955	0.472554	0.044855	-1.425585	-1.522421	-1.717495	-1.678786	-1.338356	-1.586722	-1.486489	-2.636305	-2.871012	-3.050568	-2.519441	-1.938970	-3.173826	-1.681515	-1.666347	-2.168120	0.574023	-2.074967	-2.566365	-1.066298	-1.730082	-1.208314	-0.923378	-1.043244	-1.808342	-2.245827	-1.356282	-0.597854	-1.361379	-2.675039	-2.043319	-0.967994	-2.161932	-0.484541	-1.883649
-0.223068	-0.437265	-0.684914	0.016596	-0.611285	0.469796	-1.994536	-1.009736	-2.434999	-2.010321	-2.652470	-0.671312	-0.115928	-0.433059	-0.524825	0.949785	-1.409388	-0.386718	1.275466	1.225606	-0.019086	-0.988555	-1.207562	-0.909584	-0.933211	-0.809984	-1.150697	-1.860266	-2.467661	-2.005814	-1.489378	-1.043702	-2.380793	-0.640137	-1.952615	-1.552070	-0.006867	-1.807050	-2.238513	-0.966594	0.025496	-0.223202	0.120315	-0.465808	-0.976831	-1.268633	-0.785513	-1.456683	-0.460025	-1.189554	-0.700655	-0.711617	-1.990470	-0.739527	-1.926345
1.577013	0.505512	0.467692	1.168349	0.378041	1.764109	-1.196058	-0.513797	-1.353763	-0.592362	-1.738226	0.830707	0.649118	0.267968	0.700707	0.666740	-0.860458	0.281164	1.834789	2.220581	1.269648	0.148607	-0.391488	0.147082	-0.199873	-0.532308	-0.581561	-0.670064	-1.664440	-0.585173	-0.320801	-0.006820	-0.761977	-0.104703	-1.195324	-0.497203	-0.377205	-1.018318	-1.349481	-0.400086	1.315974	0.275125	0.335197	-0.491251	-0.254722	-0.345688	-0.103942	-1.443740	0.247039	0.551566	0.719406	-1.120875	-1.724884	-0.999299	-1.252607
2.485323	1.360555	1.156971	2.124379	1.022324	2.015115	0.094412	-0.645650	-0.216998	0.581662	-0.556282	1.250523	0.424639	-0.725233	0.146837	-0.431983	0.186620	0.856965	1.835327	2.322485	1.810566	1.058165	0.007281	0.810338	0.415806	-0.294641	-0.271631	0.229614	-0.479729	0.641873	0.669898	0.503062	0.634553	-0.644194	0.613416	0.264113	-1.296017	-0.291831	-0.625127	-0.124631	1.687627	0.649269	0.276677	-0.511876	0.423613	0.501222	0.499069	-0.934058	0.939077	1.918681	1.797282	-1.407133	-0.937275	-1.102393	-0.426617
2.222205	2.203821	1.401667	2.404699	1.030939	1.108490	1.070094	-0.776472	1.057267	1.374316	0.634982	1.032498	-0.315657	-1.658924	-1.432121	-1.497866	0.965140	0.714201	0.955512	1.181421	1.708119	1.124430	0.120715	0.899673	0.684763	0.259233	-0.234632	0.651662	0.794748	1.552123	1.619750	0.489903	1.123708	-1.181363	2.392033	0.478825	-2.336736	0.191516	-0.166214	-0.343623	1.213426	1.301484	0.604047	0.055714	1.124395	1.327631	0.962694	-0.531188	1.396871	2.443112	2.237875	-0.544412	0.640588	-0.645821	0.043243
1.036618	2.426248	1.066919	1.461895	0.344215	-0.469138	0.917105	-0.189108	2.106535	1.586797	1.637753	0.999282	-0.826964	-0.796187	-2.278142	-1.973411	0.588877	-0.412713	-0.892391	-0.887275	1.366606	0.326974	0.190601	0.576186	0.569265	0.630492	-0.200955	0.861797	1.487191	2.127526	2.586991	0.318550	0.992804	-0.604283	2.808673	0.284512	-2.045267	0.492712	0.181452	-0.761961	0.108271	1.622828	0.904449	0.693263	1.346212	1.567104	1.101230	-0.623767	1.006156	1.821310	1.760897	1.029646	2.277196	0.468997	0.303279
-0.395723	1.526411	0.147589	-0.446370	-0.635627	-1.822727	-0.159216	0.867167	2.228246	1.046251	2.102877	1.212368	-0.889398	1.357458	-1.595777	-1.884885	-0.872282	-1.858199	-2.853681	-2.699453	1.032260	-0.707320	0.096066	0.035794	0.201448	0.296041	-0.022376	1.177904	1.321286	2.247540	3.209252	0.192299	1.030988	0.614455	1.643933	-0.097484	-0.026483	0.617433	0.407137	-1.064797	-1.094030	0.806399	0.425376	0.382431	0.639073	0.718869	0.728625	-1.103141	-0.080717	0.379205	0.576098	1.716378	2.809429	1.566784	1.021431
-1.203618	0.094818	-0.696373	-1.991567	-1.099786	-2.048698	-0.875558	1.367169	1.252650	0.101242	1.690505	1.124155	-0.668322	2.742971	-0.203427	-1.495884	-2.135441	-2.296467	-3.354122	-2.855580	0.793947	-1.082969	-0.269151	-0.494318	-0.163259	-0.323015	0.194283	1.609511	0.926725	1.834257	3.041290	0.078845	1.541392	1.077699	0.074716	-0.488901	2.107940	0.473058	0.412308	-1.197956	-1.478645	-0.726929	-0.626414	-0.914046	-0.556878	-0.677540	0.049759	-1.523126	-0.590548	-0.775737	-0.388671	0.800947	1.895782	1.636691	2.434874
-0.948009	-0.598172	-0.568838	-1.970769	-0.493232	-0.910918	-0.285145	0.700993	-0.131424	-0.475613	0.459394	0.537891	-0.258120	2.335632	0.585612	-0.998033	-1.990956	-1.090366	-1.641569	-1.069589	0.719933	-0.415579	-0.663522	-0.703497	-0.361944	-0.313009	0.272832	1.788298	1.061973	0.989144	2.091251	-0.043895	2.024131	0.350456	-0.605482	-0.741166	2.412677	0.019614	0.201037	-1.267210	-0.471441	-1.542167	-1.265588	-2.005099	-1.251796	-1.465281	-0.376065	-1.569022	0.422287	-0.662984	-0.236287	-0.583594	0.303445	0.398530	3.671020
-0.074162	-0.033448	0.565340	-0.649212	0.825131	0.796915	1.009981	-0.524480	-1.047251	-0.280090	-0.981420	-0.061561	0.300544	1.138931	0.381642	-0.488793	-0.671224	0.758254	1.097756	1.316299	0.781306	0.651941	-0.795799	-0.428761	-0.444813	0.487288	0.189443	1.337010	1.518626	-0.031132	0.855363	-0.107683	1.860793	-0.593028	-0.320212	-0.764344	0.735905	-0.594223	-0.158150	-1.317398	1.349307	-0.870634	-0.995826	-1.836625	-1.017543	-1.184052	-0.240664	-1.308237	2.170124	0.452760	0.881637	-0.942342	-0.946268	-1.201225	3.448990
0.560725	0.955435	1.635548	0.553868	1.775451	1.797051	1.558594	-1.023452	-1.148957	0.306692	-1.795533	-0.124333	0.779451	0.512909	-0.094297	-0.053895	0.486635	1.523861	2.676319	2.515427	0.790834	1.016758	-0.642918	0.140337	-0.472206	1.193649	0.104038	0.445414	1.403051	-0.812198	-0.098502	-0.043972	1.089336	-0.780556	0.015044	-0.527757	-1.295573	-1.031967	-0.561796	-1.222629	2.542499	0.473151	-0.274719	-0.648662	-0.334507	-0.412027	0.169092	-0.948063	2.876911	1.298468	1.807036	-0.280064	-1.344963	-1.766746	1.604808
0.662536	1.173762	1.564021	0.668572	1.531749	1.398592	0.865354	-0.180648	-0.641834	0.659039	-1.498543	0.354959	0.892314	0.488125	-0.013837	0.235728	0.661654	0.733270	2.039147	1.980710	0.614885	0.415303	-0.206534	0.719259	-0.323271	0.913229	0.223725	-0.070333	0.509570	-0.841423	-0.449301	0.256923	0.320315	-0.370618	-0.180975	0.055759	-2.129138	-0.958792	-0.713680	-0.688202	2.107716	1.054921	0.252420	0.467873	0.147445	0.172375	0.462404	-0.457726	1.842446	1.079688	1.582798	0.164598	-0.933770	-0.799539	-0.444445
0.704147	0.354473	0.405111	0.015230	0.267427	0.009766	-0.057374	1.274752	0.058465	0.625819	-0.297903	0.935201	0.618774	0.319468	0.634682	0.398001	0.363880	-0.203137	0.190197	0.676456	0.367594	-0.124085	0.741116	1.291251	0.139072	-0.239173	0.643218	0.398989	-0.260879	0.090068	-0.174553	0.983066	-0.013986	-0.105826	-0.536225	1.099981	-1.673991	-0.351475	-0.152186	0.592522	0.384890	0.385398	0.458171	0.834050	0.277714	0.500536	0.729586	0.390677	0.163574	0.317309	0.435751	-0.298533	-0.112085	0.796059	-1.115603
1.065830	-0.742952	-0.792736	-0.549427	-1.077630	-1.358890	-0.037125	2.062513	0.550747	0.538924	1.110491	1.216474	0.167871	-0.034032	1.138108	0.524615	0.542353	0.332110	-1.055328	-0.213262	0.236731	0.488363	2.207450	1.917244	0.808833	-1.293789	1.254575	1.392326	-0.120739	1.439973	0.423650	2.076065	-0.087321	-0.215475	-0.454779	2.374441	-0.952964	0.363586	1.230950	2.506107	-1.384014	-0.669782	0.587146	0.679991	0.285910	0.774369	1.241572	1.544320	-0.655193	0.010033	-0.565507	-1.096637	0.469053	1.619841	-0.376531
1.356070	-1.231299	-1.105854	-0.692392	-1.658122	-1.921867	0.878475	1.719980	0.625957	0.707208	2.060606	1.100607	-0.327209	0.061956	0.920602	0.631115	1.339565	2.087937	-0.924197	-0.432180	0.174561	1.856985	3.413369	2.264594	1.366074	-1.390251	1.747047	1.752735	0.547584	2.139913	0.727327	2.863222	-0.301117	-0.334291	0.004690	3.087353	-0.820858	0.634507	2.710789	4.153430	-2.169563	-0.859365	0.813207	0.565077	0.388658	0.951212	1.714305	2.412646	-0.276133	0.394940	-0.630150	-1.435543	0.304246	1.167150	0.341642
0.924156	-0.807211	-0.520946	-0.679222	-1.313051	-1.509009	1.670710	0.970870	0.422972	1.081438	2.269052	0.706640	-0.841188	0.638936	0.220609	0.580839	2.059653	3.059273	-0.105361	-0.435493	-0.063688	2.323320	3.299205	1.770281	1.495475	-0.488544	1.719427	1.016788	0.819436	1.517443	0.159645	2.447991	-0.673108	-0.201566	0.275719	2.468676	-1.190923	0.359243	3.148134	4.328890	-1.761384	0.214412	1.102935	0.681316	0.652179	0.875384	1.417752	2.373908	0.456251	0.879338	0.134589	-1.225096	-0.375785	0.233595	-0.092266
-0.133311	0.209058	0.331559	-0.749173	-0.461440	-0.504740	1.611182	0.750661	0.293589	1.323500	1.856259	0.235362	-1.177066	0.822085	-0.104413	0.253885	2.135311	1.835690	0.386886	-0.477429	-0.519728	0.950452	1.837713	0.453608	1.053714	0.689502	0.946793	0.070887	0.526575	-0.007457	-1.178016	0.773163	-0.789977	0.060767	0.063233	0.744863	-1.340806	0.021896	2.153954	2.789704	-0.614215	1.728422	1.293225	0.814018	0.972786	0.637001	0.178606	1.578584	0.621612	0.890197	1.000838	-0.671788	-0.708214	-0.081399	-1.269975
-0.883794	1.196009	0.991581	-0.761549	0.401236	0.418223	0.898839	1.170062	0.446678	1.141908	1.210563	-0.057549	-0.906036	0.076380	0.553109	-0.233311	1.740118	-0.589205	0.329960	-0.320756	-0.786632	-1.141815	0.386676	-0.776745	0.201412	1.283494	-0.289647	0.128544	0.368103	-1.242962	-2.314958	-0.975545	-0.325647	0.308487	-0.408199	-0.799245	-0.800725	0.089953	0.655983	0.812747	0.556560	2.459436	1.221957	0.791958	1.095607	0.517363	-1.130904	0.930831	0.025108	0.394985	1.280054	0.293424	-0.168410	0.405735	-1.906435
-0.603957	1.655930	1.498731	-0.439901	1.045685	0.740211	0.181945	1.618272	0.789781	0.623991	0.782024	0.043547	0.181673	-0.858621	1.886911	-0.589942	1.415652	-1.860590	0.212890	0.211996	-0.372020	-1.948135	0.258919	-1.020071	-0.557178	0.963328	-1.190199	1.266700	0.828225	-1.320800	-2.232814	-1.504657	0.542365	0.617187	-0.869621	-1.100516	0.117055	0.380298	-0.021031	-0.072020	1.113997	2.011434	0.925886	0.774118	0.860088	0.656016	-1.474272	1.014129	-0.865714	-0.263643	0.839223	1.558036	0.783094	0.955485	-1.367769
0.278162	1.537843	1.895724	0.179496	1.396774	0.479961	-0.211097	1.611059	1.036002	0.162344	0.771092	0.446303	1.553814	-0.795915	2.878864	-0.644870	1.332340	-0.999396	0.373130	0.734806	0.585398	-0.967277	1.105563	-0.498784	-0.681920	0.129810	-1.058376	2.294006	1.459621	-0.525665	-1.051785	-0.917735	1.237882	1.041891	-1.286787	-0.521967	0.708709	0.320963	0.396718	0.155476	0.790688	1.127304	0.682412	1.003816	0.459309	0.881479	-0.885915	1.267228	-1.416490	-0.689502	0.169004	2.310453	1.253129	0.974505	-0.238016
0.552040	1.127137	1.754123	0.660848	1.273923	0.089003	-0.462455	1.145052	0.862715	-0.052779	0.922813	0.655102	2.114955	0.351327	2.665223	-0.444782	1.096030	0.550115	0.548825	0.587764	1.161392	0.242188	1.267840	-0.323481	-0.108688	-0.491148	-0.096368	1.996269	1.386739	0.017315	-0.093214	-0.557906	1.221452	1.352805	-1.482094	-0.332908	0.751236	-0.127721	0.938853	0.140248	-0.129225	0.706861	0.689297	1.334974	0.266417	0.839517	-0.408726	0.675711	-1.246929	-0.616637	-0.115481	1.827852	0.919638	0.626808	0.443714
-0.356376	0.637415	0.650518	0.649008	0.570321	-0.014331	-0.805209	0.330774	0.179685	-0.265961	0.771298	0.212088	1.242397	1.375548	1.297776	-0.004122	0.310942	0.854661	0.351389	-0.340989	0.537828	0.151669	-0.121376	-1.003924	0.677620	-0.447804	0.667323	0.287089	0.329236	-0.410628	-0.422236	-1.188854	0.399194	1.225178	-0.911933	-0.978074	0.757168	-0.202057	0.705532	-0.840009	-0.915793	0.783556	0.776705	1.241386	0.420065	0.341706	-0.704176	-0.742241	-0.434168	-0.058690	0.094424	0.685480	0.281430	0.276701	0.182570
-1.525297	0.169533	-0.912983	0.393329	-0.231703	0.330929	-1.039870	-0.771232	-0.518782	-0.622592	0.187011	-0.681576	-0.317312	1.247637	-0.231305	0.817301	-0.759072	-0.143877	-0.030545	-1.243651	-0.937174	-0.745057	-1.897287	-1.670652	1.191985	0.180949	0.506375	-1.768806	-0.980883	-1.245861	-1.515111	-1.933456	-0.704827	0.698547	0.647683	-1.456000	1.191244	0.709465	-0.026877	-1.773474	-0.828115	0.775901	0.665297	0.531462	0.775726	-0.291304	-1.169430	-1.699829	0.513516	0.625204	0.410781	0.367787	0.070892	-0.117583	-0.685547
-1.432976	0.068101	-1.621167	0.517458	-0.173193	1.088339	-0.679613	-1.761919	-0.341436	-0.625294	-0.440848	-1.197626	-0.952609	0.399036	-0.779741	1.922739	-1.282282	-0.840368	0.095426	-1.087096	-1.910384	-0.733074	-2.194358	-1.211204	1.385789	0.980870	-0.134988	-2.802709	-1.384497	-1.232205	-1.820722	-1.508755	-1.201580	0.296589	2.297760	-0.767972	1.660165	2.071326	-0.311765	-1.359301	0.323967	0.516567	0.466843	-0.091792	1.198820	-0.345551	-0.827064	-1.203860	0.980620	0.936521	0.585984	1.391040	0.565718	-0.626760	-1.384840
0.230245	0.786403	-0.754242	1.137765	1.076147	1.917085	0.351569	-1.868964	0.967120	0.341149	-0.679783	-0.738563	0.096807	0.167396	-0.076600	2.616848	-0.748525	-0.244905	1.029281	0.221659	-1.443960	0.642207	-0.755228	0.140576	1.387381	1.545353	-0.239856	-2.123068	-0.388910	0.064773	-0.639631	-0.059211	-0.553114	0.533405	2.540347	0.539604	1.326974	2.604583	0.147063	0.029288	1.884752	0.477424	0.632042	0.337085	1.612044	0.545308	0.212776	0.067860	0.754950	0.627181	0.792871	2.403428	1.321057	-0.794143	-1.287757
2.000731	2.059714	0.795449	1.517862	2.417901	2.093894	1.335340	-0.804415	2.280766	1.871256	-0.586712	0.314858	1.717654	1.053190	0.972878	2.107786	0.338425	0.800064	2.068601	1.551145	-0.073634	1.848130	0.724085	0.985674	1.066458	1.664658	0.430177	-0.277712	1.211580	1.606603	1.021332	0.985584	0.793504	1.272749	0.955527	0.980029	0.177814	1.696718	0.657650	0.709131	2.715333	0.896407	1.288943	1.688027	1.747148	1.765283	0.792762	0.497484	0.267534	-0.069204	1.090689	1.720729	1.493369	-0.141698	-0.373958
2.188883	2.645921	1.393330	0.951437	2.250665	1.100691	1.338196	0.540857	2.017046	2.500612	-0.586700	0.940524	2.045031	1.950345	1.123190	0.519297	0.871135	0.895267	2.106997	1.676866	0.829208	1.389311	0.624068	0.520367	0.212902	1.303037	1.016549	1.247137	1.920614	1.988731	1.683985	0.772629	1.679397	1.704447	-1.007294	0.105087	-0.651199	0.037698	0.482283	-0.109859	2.135663	1.183910	1.843543	2.483239	1.217645	2.145880	0.224454	-0.506878	0.188964	-0.579441	0.996835	-0.456332	0.637615	0.839677	0.709534
0.783086	1.477777	0.509204	-0.173385	0.335591	-0.544380	0.201221	0.805585	0.025771	1.241532	-0.879089	0.582447	0.599865	1.385608	0.012450	-0.974112	0.246673	-0.094132	0.864460	0.632454	0.646051	-0.189256	-0.786994	-0.489363	-0.917545	0.493143	0.684981	1.216094	0.940536	1.032860	1.128800	-0.003307	1.371930	1.103747	-1.418596	-0.895958	-0.209451	-1.237771	-0.333463	-1.358205	0.616798	0.538048	1.461720	1.465201	0.048266	1.198213	-0.804595	-1.850412	0.691525	-0.420325	0.044368	-2.013940	-0.708851	0.899181	1.188028
-0.593974	-0.991295	-0.764480	-0.666214	-1.751505	-1.524280	-1.245250	-0.318375	-1.962143	-1.110646	-1.180113	-0.290965	-1.159742	-0.645173	-1.496974	-1.327120	-1.086129	-1.048805	-0.743738	-0.383709	0.073934	-0.994250	-1.883758	-0.751077	-1.599228	-0.668357	-0.301858	-0.224452	-1.025081	-0.076205	0.485261	-0.204117	0.344260	-0.371710	0.023018	-0.770065	0.958662	-1.646592	-1.195567	-1.592634	-0.624898	-1.045647	-0.044579	-0.820255	-1.100142	-0.302059	-1.101649	-2.154895	1.200621	0.376441	-1.363226	-1.330238	-1.433251	-0.455804	0.912602
-0.592093	-3.043453	-1.140821	0.029353	-2.317299	-1.114981	-2.008738	-1.642783	-2.173372	-2.658369	-1.114394	-0.816003	-1.594232	-2.475592	-2.222276	-0.736687	-2.148385	-1.112737	-1.590512	-0.483982	0.033859	-0.172965	-1.655739	-0.032565	-1.321599	-1.871750	-0.891700	-1.699091	-2.481772	-0.219675	0.728283	0.270867	-0.288982	-1.731160	1.721915	0.273491	1.421515	-1.384521	-1.649123	-0.761224	-0.826781	-2.648958	-1.907538	-2.512005	-1.519250	-1.143576	-0.377440	-1.320530	1.001565	1.184620	-2.148794	0.759216	-0.977685	-2.059967	0.457056
0.451908	-3.384471	-0.600502	1.114905	-1.353197	-0.037277	-1.810946	-1.814383	-0.765464	-2.330491	-0.699127	-0.690085	-0.721111	-2.550911	-1.799302	-0.263858	-2.283104	-0.556072	-1.467046	-0.061729	0.480469	1.145680	-0.667244	0.715767	-0.339005	-2.541539	-0.455486	-1.989115	-2.589631	0.485254	1.559355	0.588434	-0.059254	-2.042782	2.069202	1.051841	0.634580	-0.719022	-1.599946	0.013735	-0.364718	-3.262875	-2.995348	-2.420067	-1.200380	-0.904414	0.567075	-0.370960	0.045656	1.219175	-1.756672	1.878327	0.060879	-2.195909	0.358275
1.186076	-2.293609	-0.088129	1.424754	-0.294977	0.418211	-1.106161	-0.839056	0.489038	-0.797516	-0.292040	-0.284856	0.115803	-1.137218	-0.833050	-0.462333	-1.500629	-0.092272	-1.026740	-0.030887	0.682392	1.414077	-0.083056	0.657517	0.548563	-2.184049	0.576411	-1.164400	-1.760979	1.088252	1.933422	0.281228	0.381486	-1.254474	1.109266	0.991677	-0.549617	0.105581	-1.137013	0.005921	-0.172019	-2.607129	-2.692549	-1.054375	-0.754156	-0.139774	0.895105	-0.057314	-0.975683	0.248996	-0.821054	0.835234	0.581507	-0.547606	0.465968
0.933012	-1.037779	-0.119538	0.834027	-0.238235	-0.094117	-0.462786	0.082592	0.324064	0.485305	-0.112511	0.043189	0.080329	0.066392	-0.056077	-0.786196	-0.310577	0.100091	-0.811642	-0.478646	0.404986	0.528390	-0.211640	0.052605	0.697514	-0.924543	1.251204	-0.275646	-0.928236	1.004412	1.351051	-0.132780	0.130754	-0.154778	0.060454	0.621784	-1.175155	0.570501	-0.487026	-0.391461	-0.622469	-1.211047	-1.297404	0.269191	-0.605493	0.429501	0.611441	-0.094971	-1.342981	-1.044845	-0.403422	-1.105699	0.137161	1.348575	0.259108
0.235905	-0.481723	-0.281932	0.224657	-0.871882	-0.738015	-0.103083	0.095109	-0.741771	0.737637	-0.000054	0.368619	-0.320591	-0.095848	0.367638	-0.481967	0.591957	0.331512	-0.737957	-0.631027	0.208346	-0.358833	-0.380268	-0.175582	0.088905	0.440252	0.991914	-0.111092	-0.528074	0.443570	0.294975	0.072931	-0.858703	0.367339	-0.385902	0.594617	-1.236184	0.168884	-0.058519	-0.471999	-1.191869	0.111344	0.257535	0.762592	-0.565521	0.523286	0.340698	0.177318	-0.982147	-1.587438	-0.760447	-1.839783	-0.705633	1.748354	-0.371340
-0.190245	-0.494363	-0.101461	0.118893	-1.166613	-0.706526	0.075100	-0.426023	-1.293051	0.248497	0.264560	0.786842	-0.267173	-1.052605	0.652314	0.276838	0.712745	0.660897	-0.563146	-0.094163	0.467867	-0.556170	-0.072847	0.407413	-0.786923	1.106472	-0.090688	-0.470009	-0.309593	-0.185687	-0.496291	0.850149	-1.744857	0.004362	-0.687270	0.812994	-1.112719	-0.843171	-0.172659	-0.200248	-1.218117	0.817844	1.053470	0.482058	-0.315068	0.181201	0.513794	0.771256	-0.436281	-0.990359	-1.150463	-0.871784	-1.118070	0.536175	-0.960539
-0.451438	-0.475633	0.190741	-0.047218	-0.638650	-0.191678	0.256807	-0.587575	-0.649496	-0.262717	0.550097	0.933062	0.203375	-1.365245	0.852390	0.536884	0.153323	0.663724	-0.416061	0.481432	0.650995	-0.625785	0.359063	1.284763	-1.394600	0.963609	-1.428554	-0.586991	0.123155	-0.809197	-0.803566	1.471866	-1.745858	-0.814487	-1.427686	0.761923	-0.669937	-1.458826	-0.628987	-0.101226	-0.720412	0.834834	0.780315	-0.086242	0.007881	-0.456751	0.987653	1.023392	-0.281582	-0.039194	-0.802786	0.328608	-0.889537	-0.815200	-1.018721
-1.060219	-0.119426	0.102635	-0.940802	0.317580	0.068889	0.526822	-0.099948	0.662941	-0.316932	0.514785	0.338710	0.504726	-0.401136	0.803637	-0.184033	-0.420414	0.026271	-0.557338	0.267150	0.021361	-1.272367	0.320175	1.612933	-1.501765	0.557246	-2.278027	-0.017759	0.847003	-1.452602	-0.860567	1.413756	-0.889225	-1.248405	-2.294752	0.319890	0.350076	-0.996681	-0.781482	-0.408915	-0.234286	0.404321	-0.113811	-0.391410	0.014847	-1.071949	1.328547	0.551392	-0.611609	0.146212	0.183986	0.310952	-0.430721	-0.981104	-0.468250
-1.894075	0.340198	-0.263345	-2.078921	1.054033	-0.139276	0.799120	0.568466	1.649892	0.077506	0.136775	-0.792733	0.535861	1.064788	0.445658	-1.170282	-0.428429	-0.904839	-0.840139	-0.598640	-1.191796	-2.071948	-0.126766	1.046120	-1.189833	0.436420	-2.084540	0.951231	1.600978	-1.827110	-0.837001	0.788202	0.140445	-0.674941	-2.434431	-0.173654	1.382401	0.100229	-0.268707	-0.694471	-0.009773	-0.162371	-0.874445	-0.165777	-0.323478	-1.260196	1.194746	-0.093513	-1.038270	-0.587854	0.982239	-0.614986	-0.098217	-0.141817	0.396325
-2.164307	0.440612	-0.312952	-2.235985	1.258026	-0.312362	0.877506	0.854253	1.646489	0.451698	-0.187143	-1.612594	0.725487	1.702323	-0.082408	-1.277960	0.030503	-1.391477	-0.784857	-1.157173	-1.895429	-1.948048	-0.395801	-0.098985	-0.688477	0.657823	-1.028197	1.583833	1.968125	-1.567236	-0.711352	-0.043408	0.651344	0.678273	-1.558765	-0.520222	1.379067	0.840310	0.456964	-0.410920	0.223816	-0.611772	-1.096258	0.227984	-0.647509	-0.985816	0.485997	0.014763	-1.138131	-1.302477	0.915481	-0.987404	0.149244	0.503208	1.076813
-1.468318	0.001130	0.103617	-1.082117	0.969704	-0.040651	0.644200	0.622468	0.636873	0.207624	-0.227898	-1.589362	1.096966	0.883608	-0.620775	-0.292333	0.406389	-1.090898	-0.203107	-0.802085	-1.476206	-0.751131	-0.226961	-1.226080	-0.258897	0.856563	-0.097223	1.288889	1.564452	-0.852355	-0.540268	-0.898216	0.401947	1.736191	-0.319698	-0.891403	0.241014	0.835383	0.577936	0.382537	0.632626	-0.780004	-0.926026	0.086071	-0.740852	-0.708875	-0.563505	1.015356	-0.871931	-1.240691	0.068563	-0.226418	0.395214	0.283309	1.058752
-0.413304	-0.636444	0.318337	0.214020	0.338254	0.374199	0.193601	0.145465	-0.764384	-0.759945	-0.332242	-1.117081	0.953688	-0.768177	-1.045428	0.777747	0.410627	-0.438546	0.504123	0.054646	-0.578526	0.316001	0.011427	-1.850580	-0.111783	0.627763	-0.169557	0.094738	0.307876	-0.407345	-0.507087	-1.676204	-0.357127	1.533239	0.406078	-1.389481	-0.783684	0.491901	-0.139152	0.992374	0.809041	-0.658144	-0.706947	-0.711831	-0.750935	-0.822943	-1.381485	1.918891	-0.570923	-0.819320	-0.925845	0.574614	0.427712	-0.266574	0.225200
0.054524	-0.919484	-0.328693	0.336956	-0.451659	0.310713	-0.262874	-0.237136	-1.680855	-1.791653	-0.892720	-0.923024	-0.172642	-1.926821	-1.191100	0.851560	0.229739	-0.156339	0.773525	0.523496	-0.266041	0.126154	-0.110872	-1.813259	-0.275681	-0.124786	-1.010972	-1.300382	-1.307679	-0.684242	-0.643624	-2.130506	-1.115261	0.258018	0.370670	-1.738441	-0.529151	0.215324	-1.051266	0.795412	0.254900	-0.426738	-0.600018	-1.388628	-0.843557	-1.156539	-1.462063	1.620161	-0.545809	-0.945706	-1.522960	0.136138	0.033776	-0.295873	-0.827727
-0.295427	-0.647905	-1.498672	-0.579487	-1.100932	-0.325084	-0.569556	-0.448371	-1.629822	-2.063428	-1.545188	-1.117478	-1.623891	-1.760275	-0.957425	0.014692	0.097501	-0.385063	0.485423	0.199577	-0.700478	-0.920477	-0.510714	-1.340951	-0.541875	-1.000532	-1.549308	-2.001534	-2.308143	-1.249254	-0.735213	-2.005749	-1.421823	-0.906499	0.048926	-1.615986	0.681163	-0.032916	-1.307845	-0.090620	-0.795639	-0.281873	-0.550076	-1.208154	-0.919630	-1.243471	-0.938748	0.169012	-0.744079	-1.569310	-1.575637	-1.146764	-0.534056	0.174636	-1.203853
-0.847240	-0.134139	-2.053636	-1.155053	-1.268462	-0.908585	-0.643830	-0.700441	-0.879211	-1.430093	-1.388629	-1.166295	-2.133914	-0.676645	-0.515983	-0.642486	0.003643	-0.480939	0.039772	-0.524481	-1.049795	-1.339793	-0.724443	-0.864210	-0.638145	-1.282176	-1.145468	-1.607329	-1.911216	-1.242285	-0.595658	-1.354146	-1.136893	-1.049699	0.029338	-1.094507	1.488628	-0.327883	-0.660931	-0.914306	-1.416113	-0.193083	-0.433261	-0.420006	-0.780644	-0.915464	-0.521930	-1.221710	-0.811063	-1.556474	-1.170340	-1.480066	-0.715500	0.298684	-0.592432
-0.948748	0.199947	-1.350469	-0.510506	-0.873569	-0.836361	-0.450328	-1.113256	-0.094521	-0.478887	-0.166876	-0.708447	-1.255802	0.224551	-0.204634	-0.373832	-0.113862	0.115001	-0.132571	-0.980756	-0.652086	-0.399445	-0.487523	-0.640139	-0.477840	-0.623332	-0.212518	-0.521034	-0.331270	-0.409273	-0.296955	-0.552352	-0.492551	-0.378301	0.409041	-0.547435	1.124114	-0.468935	0.382879	-1.063330	-1.013857	0.014390	-0.189101	0.132014	-0.418475	-0.417391	-0.670934	-1.492637	-0.503027	-0.247485	-0.472448	0.029993	-0.305744	-0.403875	0.424459
-0.583593	0.237222	-0.083480	0.624093	-0.275779	-0.274101	-0.098250	-1.349743	0.275689	0.158932	1.143388	-0.048653	0.047346	0.390715	-0.157116	0.360321	-0.174577	0.958403	-0.019755	-0.894913	0.128905	0.939244	-0.021921	-0.548498	-0.195729	0.374771	0.458434	0.413705	1.158237	0.541595	-0.057597	0.009266	0.072002	0.249209	0.763318	-0.215108	0.141824	-0.328259	1.052909	-0.614320	-0.093864	0.303362	0.079299	0.106999	-0.046688	-0.063557	-1.007011	-0.802571	-0.002452	1.361033	0.203197	1.922436	0.252504	-1.253863	1.001231
-0.182928	0.131342	0.474500	0.828970	0.022685	0.085477	0.166706	-0.881539	0.211433	0.311275	1.282873	0.258244	0.435709	0.185197	-0.205869	0.554645	-0.073117	1.012952	0.072547	-0.482617	0.420297	1.158720	0.264981	-0.307193	0.038432	0.661945	0.554060	0.609069	1.275114	0.708466	-0.003134	0.194527	0.225289	0.283240	0.642012	-0.042766	-0.434564	-0.119868	0.916309	-0.066516	0.307550	0.384690	0.162530	-0.106694	0.113638	0.029900	-0.789667	-0.091909	0.279866	1.596804	0.482365	1.884372	0.354499	-1.122240	0.779637
0.021256	0.018654	0.010188	-0.195577	-0.084443	-0.034589	0.241095	0.293409	-0.081950	0.171526	0.157117	0.105473	-0.303999	0.051670	-0.195738	-0.043816	0.162426	0.045966	-0.012835	-0.016858	-0.002521	0.022191	0.263787	0.153998	0.184105	0.002338	0.283954	0.158972	0.018427	0.015882	-0.087971	0.128720	0.003529	-0.170064	0.053547	0.099638	-0.335143	-0.040644	0.150357	0.310951	-0.095829	0.153834	0.012093	-0.165490	0.054856	-0.054795	0.115043	0.179187	0.225084	0.199927	0.325495	-0.405890	-0.078059	0.143967	0.011070
