X1	X2	X3	X4	X5	X6	X7	X8	X9	X10	X11	X12	X13	X14	X15	X16	X17	X18	X19	X20	X21	X22	X23	X24	X25	X26	X27	X28	X29	X30	X31	X32	X33	X34	X35	X36	X37	X38	X39	X40	X41	X42	X43	X44	X45	X46	X47	X48	X49	X50	X51	X52	X53	X54	X55
0.163223	-0.045647	0.181272	0.141655	0.153722	0.046277	-0.027372	-0.201136	-0.133751	-0.135163	-0.321183	-0.264294	-0.143548	0.091089	-0.256942	-0.104666	-0.185010	-0.217373	-0.090486	-0.088453	-0.025644	-0.148012	-0.146293	-0.062132	0.012309	0.143284	-0.052578	0.112112	-0.100203	0.032884	-0.098806	-0.088705	0.061812	0.125637	-0.019583	-0.020054	0.074916	-0.055235	-0.165609	-0.019817	0.031524	-0.056872	-0.133124	-0.229370	-0.123552	-0.119906	-0.101589	0.151491	0.023930	0.106355	0.045687	0.133464	0.097465	-0.025680	0.020472
-1.865220	-1.491035	-2.246988	-1.870066	-1.991442	-1.606215	-0.247473	-0.556408	-0.806410	-0.946021	-0.681754	-1.300934	-1.491138	-0.685150	-0.355610	0.115064	0.514944	0.694878	0.881512	-0.778944	-0.854850	-0.547329	1.051412	-0.145476	-1.093198	-0.316819	-0.270165	-3.010866	-1.719228	-1.315465	-0.189180	0.310018	-1.582093	1.102763	0.559990	0.059318	1.082681	0.439419	0.692854	0.574969	-2.212721	-1.189791	-0.668040	-0.199835	-0.411884	-0.136515	0.203654	1.070057	0.283371	-1.640223	-1.093326	-0.436546	-2.176135	-1.369820	-1.887462
-2.246106	-1.106152	-2.954220	-2.561341	-1.765780	-1.504226	-0.244720	-0.113738	-0.213253	-0.557819	0.229820	-0.754381	-1.244351	-0.863235	-0.278287	0.490578	0.837325	1.164706	1.197802	-0.404338	-0.498295	-0.470421	0.960681	-0.690814	-1.129459	-0.324276	0.527353	-3.683735	-1.891509	-1.396587	-0.143923	-0.307842	-1.018863	1.125326	0.339074	-0.576523	1.511801	0.917522	0.895714	0.056040	-2.744517	-1.263499	-0.744163	0.435100	-0.548091	-0.598950	-0.326443	0.285505	0.353268	-2.366467	-1.622829	-0.164243	-1.761533	-1.313689	-1.800208
-0.704504	0.871559	-1.574264	-1.360489	0.704261	0.442502	-0.110594	0.631075	1.185291	0.795887	1.637679	0.958770	0.442497	-0.665232	-0.070367	1.195323	0.546689	1.099602	0.935723	0.951999	0.845372	0.152502	0.055764	-1.427212	-0.156168	0.160042	1.590196	-1.722595	-0.618764	-0.236991	0.043230	-1.442928	1.107210	0.090176	-0.542219	-1.569996	1.040132	1.252103	0.456547	-1.007921	-1.102511	-0.282009	-0.342091	1.470366	-0.484583	-1.112826	-1.392313	-1.292399	0.474125	-1.500716	-1.050771	0.788345	0.617757	-0.168031	-0.121008
1.389412	2.376762	0.690538	0.930144	2.954208	2.479042	-0.122183	0.532493	1.731353	1.644316	1.722652	1.934822	1.887300	-0.735672	0.117631	1.992254	-0.233857	0.709385	0.619615	2.047514	1.807232	0.865414	-0.325442	-1.581374	0.785053	0.746073	1.341634	0.823793	0.749101	1.020966	0.267229	-1.699011	2.210772	-1.177728	-1.138066	-1.924658	-0.099565	1.144883	-0.134053	-1.310165	1.401855	0.655750	0.056727	1.873064	-0.406913	-1.059518	-1.829594	-1.472357	0.888629	0.528940	0.418188	1.399476	1.880526	0.580964	1.122890
2.266755	1.849040	2.149170	2.519726	2.859861	2.709913	-0.380879	-0.505015	0.668622	0.924851	0.233056	1.116129	1.769459	-1.046290	0.270676	2.101468	-1.036418	0.158726	0.373634	1.697935	1.403210	1.064871	-0.026698	-0.745492	0.847238	0.949541	-0.258096	1.893041	1.025442	1.392997	0.420363	-0.617560	1.151533	-1.659110	-0.796936	-1.257345	-1.120799	0.357691	-0.541147	-0.735745	2.692014	0.487994	-0.088806	0.867933	-0.571321	-0.650592	-0.969598	0.058272	1.291029	2.314401	1.640416	0.986208	0.654164	0.251755	0.933925
1.426063	-0.012306	1.980299	2.211815	0.864273	1.120752	-0.728793	-1.224806	-0.929937	-0.800905	-1.092968	-0.538631	0.465286	-0.785744	0.437762	1.026668	-1.453257	-0.551220	-0.141033	0.050040	0.107939	0.579047	-0.087213	0.651272	0.156893	0.565006	-1.413071	1.311638	0.388966	0.891754	0.450582	0.768880	-0.468586	-0.966246	0.043219	-0.190675	-1.236496	-0.829008	-0.759889	-0.247755	1.912844	-0.643540	-0.778740	-0.923837	-0.904609	-0.631235	0.555191	1.447970	1.227756	2.538644	1.494961	0.051644	-1.128294	-0.321710	0.190070
-0.080179	-1.174366	0.667498	0.566032	-0.765061	-0.435341	-0.984516	-0.632266	-1.567435	-2.001656	-0.859620	-1.397194	-0.646175	0.394001	0.490299	-0.607772	-1.482645	-1.285940	-0.861611	-1.478547	-0.778264	-0.221842	-0.919300	1.667982	-0.581861	-0.152898	-0.842083	0.362011	-0.073171	0.229129	0.338839	1.210074	-0.643797	0.429280	0.374141	0.385391	-0.333711	-1.581134	-0.847463	-0.246439	0.238361	-1.562387	-1.374377	-1.910948	-1.027668	-1.083848	1.497512	1.361878	0.892369	1.209912	0.190885	-0.323495	-1.142762	-0.191428	-0.053641
-0.968735	-0.689613	-0.689093	-0.866202	-0.621524	-0.444660	-1.095629	0.668453	-1.083349	-1.878812	0.289332	-1.034102	-0.848596	1.568780	0.276856	-1.551306	-1.351688	-1.615419	-1.032413	-1.641870	-0.629173	-0.887046	-1.628706	1.581472	-0.925704	-0.644029	0.521052	-0.060103	0.192442	0.003956	0.072843	0.553291	0.516288	1.599082	-0.118068	0.130873	0.924421	-1.275995	-0.797898	-0.185989	-0.587651	-1.412864	-1.256305	-1.273545	-0.803210	-1.276023	1.291902	0.480316	0.929664	-0.376925	-0.859682	0.195845	0.162618	0.350509	0.026557
-0.934356	0.459954	-1.325665	-1.283545	0.513315	0.578120	-1.047784	1.260867	-0.460256	-1.020395	0.850503	-0.265803	-0.595252	1.593288	0.051214	-1.275216	-1.112605	-1.234489	-0.254685	-0.615130	-0.012812	-1.239698	-1.367963	0.504958	-0.951834	-0.520719	0.863439	-0.189384	0.648038	0.236039	-0.304342	-0.315846	1.377188	1.818254	-0.638982	-0.542606	1.668219	-0.279845	-0.610724	0.252227	-0.148957	-0.514560	-0.540661	0.197610	-0.526694	-0.779535	0.476885	0.053486	1.401385	-1.004110	-0.685530	0.873615	0.587690	0.409832	-0.257979
-0.462780	0.927713	-1.167906	-1.123998	1.028508	1.030543	-0.786711	0.739835	-0.277415	-0.375687	0.501862	0.223585	-0.477009	0.668877	0.351009	-0.426298	-0.638557	-0.438195	0.646231	0.399550	0.294022	-1.215773	-0.474294	-0.555786	-0.914849	0.024895	-0.118663	-0.403735	0.604559	0.532424	-0.604179	-0.461938	1.097848	1.109657	-0.307826	-0.823222	1.497619	0.386088	-0.267466	0.632324	0.626111	0.267685	0.071992	1.203829	-0.385345	-0.071354	-0.033953	0.200102	1.516477	-0.651703	0.155156	0.912220	-0.416688	-0.019151	-0.824802
0.025469	0.590051	-0.551912	-0.963590	0.426323	0.350975	-0.296703	0.100250	-0.170669	-0.100573	0.134469	0.527962	-0.337755	0.107238	1.236812	0.073178	0.040946	0.139690	0.516168	0.663398	0.351700	-0.670963	0.128200	-0.521671	-0.889124	0.396242	-1.051640	-0.372087	0.227948	0.598614	-0.552348	0.313815	0.314309	0.240803	0.693442	-0.194530	0.688524	0.230750	0.262441	0.579889	0.908115	0.590030	0.174772	1.342816	-0.108698	0.234736	0.143091	0.255823	0.635105	-0.165907	0.467011	0.346000	-1.073399	-0.072221	-0.955877
0.415496	0.174186	0.115938	-0.710843	-0.533615	-0.549820	0.326068	0.277683	0.215257	0.269255	0.325363	0.860599	0.223360	0.536474	1.919217	-0.043540	0.673418	0.256025	-0.548504	0.542837	0.699368	0.313639	0.062344	0.560117	-0.721021	0.258907	-0.818416	0.286189	0.188102	0.502682	-0.118014	1.359436	-0.149513	-0.017552	1.333768	0.950671	-0.164759	-0.210652	0.808300	0.341543	0.711037	0.719925	0.125520	1.070318	0.530345	0.224563	0.623902	-0.035391	-0.871159	-0.126229	-0.024433	-0.274950	-0.055751	0.579489	-0.352754
0.547950	-0.032611	0.428091	-0.194805	-1.119114	-0.798092	0.881617	0.924377	0.541621	0.843560	0.654593	0.947342	0.870909	1.085294	1.444265	-0.437547	1.067540	0.226024	-1.260204	0.574412	1.198880	1.035845	-0.348662	1.317617	-0.272468	-0.101606	0.203777	1.004827	0.538822	0.392380	0.222156	1.650906	-0.245999	0.311790	0.961814	1.516731	-0.665898	-0.238183	0.925318	0.251085	0.344980	0.853234	0.489519	0.736774	1.170859	0.375824	0.693808	-0.390351	-2.036908	-0.381701	-0.590465	-0.688092	1.592844	1.193175	0.481638
0.170729	-0.398198	0.068322	0.137905	-1.346256	-0.629769	1.102032	0.991007	0.336428	1.107403	0.449874	0.404011	0.707195	0.633960	-0.246711	-0.730854	1.215896	0.334126	-0.839387	0.495257	0.982510	0.596820	-0.652135	0.517068	0.299743	-0.235771	0.902680	0.765770	0.551615	0.175429	-0.141381	0.674468	-0.345558	0.546077	-0.033242	0.829609	-0.788054	0.039422	0.297066	0.196113	-0.129575	0.818845	1.197501	0.218710	1.207450	0.760153	0.021218	-0.574605	-2.279079	-0.580908	-0.737109	-0.983752	1.963864	0.996468	0.814000
-0.625408	-1.085836	-0.778418	-0.206977	-1.494479	-0.696511	0.821381	0.154684	-0.271805	0.687003	-0.384714	-0.549615	-0.468836	-0.667989	-2.068756	-0.794618	1.146042	0.437121	0.060002	-0.237189	-0.198883	-0.934307	-0.596808	-1.287253	0.647732	-0.166444	0.803799	-0.393281	-0.155087	-0.232037	-1.095922	-0.866679	-0.636049	0.250290	-0.753683	-0.471575	-0.654695	-0.004121	-0.778399	-0.051001	-0.698840	0.467420	1.557449	-0.604417	0.556277	0.984668	-0.872373	-0.528436	-1.729294	-0.731382	-0.773969	-1.088438	0.716778	0.093863	0.381851
-1.229000	-1.627732	-1.208766	-0.812887	-1.531221	-0.945093	0.259465	-0.819080	-0.757019	-0.021880	-1.296955	-1.108299	-1.596786	-1.590198	-2.698404	-0.702544	0.887939	0.317395	0.415289	-1.305798	-1.257444	-2.112949	-0.125501	-2.116991	0.686100	-0.251370	0.408133	-1.125326	-0.841180	-0.522399	-1.607609	-1.459118	-1.044601	-0.290415	-0.660512	-0.967004	-0.357454	-0.458894	-1.506774	-0.346191	-1.108497	0.003997	1.126242	-1.475050	-0.225055	0.784675	-0.975673	-0.194149	-0.904318	-1.043536	-1.045990	-0.734645	-0.805356	-0.921834	-0.395329
-1.073809	-1.545849	-0.367400	-0.710129	-1.284031	-0.768449	-0.039924	-1.076988	-0.873297	-0.306559	-1.558511	-0.738691	-1.490807	-1.328086	-1.808671	-0.604909	0.580505	0.107080	0.179960	-1.703897	-1.045721	-1.508191	0.553966	-0.874780	0.676853	-0.500826	0.408130	-0.450091	-0.556419	-0.340513	-0.818547	-0.334144	-1.363673	-0.563084	0.124485	-0.013358	-0.041543	-0.659856	-1.341596	-0.408512	-1.087004	-0.239713	0.273780	-2.003623	-0.554042	0.290360	0.082610	0.274005	-0.356178	-1.423165	-1.265433	-0.014302	-1.393582	-1.690849	-0.818669
-0.390980	-1.050912	1.285695	0.249802	-0.880799	-0.084472	0.211902	-0.623595	-0.775034	-0.044797	-0.941377	0.087697	-0.346533	-0.436561	-0.425623	-0.570117	0.396886	0.093455	0.022317	-1.106452	-0.020066	0.478420	0.935473	1.152190	0.682548	-0.487831	0.813368	0.787547	0.375101	-0.018812	0.722834	1.466757	-1.400970	-0.460216	1.078246	1.425842	0.052064	-0.124594	-0.560634	-0.358630	-0.700912	-0.200169	-0.287955	-2.036432	-0.349904	-0.237645	1.372731	0.309214	-0.438443	-1.419528	-0.986623	0.479547	-1.114293	-2.048815	-0.610738
-0.124381	-0.784632	1.995270	1.010932	-0.688928	0.340626	0.675017	-0.110765	-0.569514	0.210263	-0.092704	0.285042	0.427285	-0.171092	0.045002	-0.494028	0.379616	0.328124	0.178329	-0.366978	0.168068	1.831210	0.626884	1.676980	0.305320	-0.066536	0.942010	0.796669	0.532706	-0.425015	1.441483	2.080575	-1.217198	-0.226457	1.659456	1.775360	-0.144201	0.712252	0.035331	-0.598829	-0.299494	-0.062325	-0.300631	-1.613960	0.042462	-0.574566	1.557763	-0.534341	-1.050114	-0.771387	-0.354977	0.260207	-0.707794	-1.717919	-0.167537
-0.848431	-0.942791	0.634164	0.645701	-0.816218	-0.108034	0.834774	0.046281	-0.129777	0.049157	0.062773	-0.558040	0.005772	-1.029070	-0.754947	-0.253815	0.497993	0.710367	0.303332	-0.306882	-1.147487	1.262083	-0.092759	0.180132	-0.628498	0.242363	0.303175	-0.861922	-0.696233	-1.773187	0.562464	0.937027	-1.085929	-0.024472	1.580078	0.651244	-0.299750	0.990137	0.013209	-1.121877	-0.157214	0.067435	-0.046683	-0.782012	0.252737	-0.463558	0.473126	-1.807217	-1.622704	0.141631	0.051090	-0.550054	-0.518331	-0.603492	0.025144
-1.913007	-0.997592	-1.651554	-0.368996	-0.889716	-0.952552	0.679132	0.029181	0.548498	-0.254576	-0.516782	-1.514502	-0.764373	-2.129102	-1.754769	0.089933	0.762905	1.281050	0.344090	-0.560997	-2.587670	-0.243627	-0.409238	-1.450091	-1.428601	-0.080460	-0.682671	-2.527559	-2.048394	-2.983412	-0.851817	-0.649039	-1.059279	0.154217	0.932618	-0.689182	-0.021225	0.462688	-0.254960	-1.319921	-0.264633	0.260024	0.182744	0.294056	0.158744	0.207653	-0.666523	-2.355680	-1.607736	0.570164	-0.018568	-1.390246	-0.350735	0.711941	0.033617
-2.069102	-0.435548	-2.529359	-0.769198	-0.517241	-1.165596	0.605364	0.133547	1.090359	-0.194217	-0.845823	-1.329195	-0.556804	-2.184443	-1.644132	0.382903	1.096167	2.083460	0.793548	-0.226520	-2.386494	-0.782469	0.140052	-1.354809	-1.174618	-0.751549	-1.120140	-2.384357	-1.844793	-2.742357	-1.127409	-1.197781	-0.879178	0.246110	0.112605	-0.904387	0.517498	-0.250622	-0.139187	-0.721131	-0.438048	0.541039	0.392110	1.154488	-0.077575	1.075381	-0.804906	-1.534822	-1.016761	0.139811	-0.243989	-1.672114	-0.058934	1.300627	0.204145
-0.979807	0.455027	-1.257837	-0.215600	0.089312	-0.562156	0.750091	0.264568	1.085603	0.231899	-0.224056	-0.006384	0.531847	-1.005977	-0.377792	0.581280	1.219916	2.760713	1.782153	0.615790	-0.705192	0.034096	1.091816	-0.058470	0.083287	-0.982709	-0.697844	-0.690938	-0.189147	-1.081107	-0.021702	-0.764231	-0.513869	0.065487	-0.502828	-0.192259	0.575030	-0.473492	0.428413	0.311670	-0.564916	0.747560	0.652552	1.317285	-0.153106	1.492387	-0.259147	-0.013336	-0.344080	-0.754991	-0.235548	-1.060597	0.188915	0.884561	0.450486
0.355728	0.839417	0.471263	0.321633	0.249607	-0.078976	0.818209	0.122981	0.610623	0.513166	0.777090	1.126595	1.082260	0.268148	0.779335	0.715351	0.941421	2.661417	2.440681	0.831975	0.525962	0.884672	1.582746	0.422902	1.313389	-0.499475	0.088699	0.623453	1.091084	0.621434	1.054282	-0.431491	-0.335927	-0.453801	-0.873065	0.152907	-0.276401	-0.285887	0.936099	0.941442	-0.692430	0.677248	0.825150	0.799762	0.106179	1.205437	-0.010853	0.918518	0.034320	-1.312423	0.046756	0.238329	0.249547	0.190234	0.375079
0.889167	0.416868	0.806609	0.061609	-0.262274	-0.441687	0.618038	-0.286372	0.194813	0.298970	1.112863	1.061962	0.369249	0.514753	0.801254	0.797493	0.470970	1.574270	1.772755	-0.104358	0.131473	0.818914	1.325694	-0.567297	1.723042	0.194369	0.701638	0.433072	0.776135	1.261495	0.922618	-0.639693	-0.441238	-1.093941	-1.175808	-0.417327	-1.440588	-0.285627	1.050410	0.816564	-0.810348	0.319071	0.677821	0.180184	0.535256	0.600364	-0.273852	0.745405	0.251706	-1.013232	0.457308	1.397457	0.266949	0.090397	0.074717
0.754280	-0.045641	0.006138	-0.415263	-0.710090	-1.053762	0.332897	-0.629048	0.208354	-0.179370	0.644864	0.277116	-0.607965	-0.152005	0.157208	0.911243	0.159067	0.180555	0.076109	-1.088654	-0.790271	0.417052	0.784941	-1.518227	1.455689	0.592604	0.994326	-0.364599	-0.259503	1.133099	0.105261	-0.850964	-0.277669	-1.484245	-1.332945	-1.075339	-1.816681	-0.637783	1.008138	0.315797	-0.610226	-0.106546	0.200268	0.033795	0.721395	0.140880	-0.459598	0.115267	0.721305	0.015680	0.921260	1.582941	0.428631	0.574697	0.163875
0.789142	0.415459	-0.325064	-0.095749	-0.205529	-0.763611	0.072051	-0.703732	0.430873	-0.440527	0.091925	-0.085614	-0.553349	-0.725005	0.132106	1.131671	-0.055517	-0.561386	-1.135714	-0.703589	-0.431135	0.493513	0.419653	-1.005471	0.990730	0.712286	0.883562	-0.343603	-0.388673	1.195606	-0.056293	-0.725196	0.534141	-1.414558	-0.973321	-0.976300	-1.054582	-0.797305	1.048949	-0.135909	0.240320	-0.347247	-0.366439	0.387247	0.358451	-0.185968	-0.371086	-0.142218	1.574924	1.151480	1.285755	0.799553	0.664218	0.857691	0.793704
1.205741	1.615874	0.332649	0.803222	1.064570	0.460354	-0.419841	-0.628190	0.390452	-0.328871	-0.122667	0.274536	0.370558	-0.544724	1.089139	1.163001	-0.572501	-0.519085	-0.922192	0.753109	1.210031	0.664312	0.120590	0.327632	0.483815	0.680086	0.325137	0.544591	0.516697	1.687321	0.676905	-0.703954	1.396822	-1.056784	-0.125045	-0.465177	0.011231	-0.370100	0.829672	-0.533277	1.425072	-0.371498	-0.821582	0.782416	-0.442337	-0.641693	-0.577163	0.035777	2.354508	1.726130	1.185596	-0.175948	0.794690	0.487189	1.263753
1.404050	2.201846	0.884111	1.008491	1.909190	1.317984	-1.241131	-0.453490	0.048955	-0.097363	-0.183154	0.720309	0.951492	0.191997	2.053129	0.449479	-1.409148	-0.547721	-0.141653	1.463199	2.305827	0.091793	-0.427625	0.812745	0.023744	0.331351	-0.174280	1.232757	1.047637	1.985565	1.146227	-1.118682	1.435772	-0.788200	0.432359	-0.385342	0.352857	0.179192	-0.087101	-0.894184	1.940546	-0.395244	-1.150537	0.779381	-1.145261	-1.150906	-1.334634	0.173357	2.345438	1.520550	0.457099	-0.760428	0.865377	0.017070	0.987683
1.074823	1.236822	0.502223	0.095156	1.568105	0.848802	-1.856952	0.090356	-0.143581	-0.009105	-0.077506	0.820575	0.709914	0.988504	2.141537	-0.944656	-1.942365	-1.353172	-0.338083	0.476920	1.667961	-0.917073	-1.099684	0.123696	-0.012056	-0.404390	0.190203	1.231888	0.362865	1.645497	0.433061	-1.440268	0.847713	-0.665373	0.047250	-0.711146	-0.032102	0.150351	-1.265251	-0.845249	1.156909	-0.615350	-1.316650	0.304723	-1.149480	-1.288962	-1.858287	0.077705	1.348940	0.963920	-0.426304	-1.068564	1.098993	0.335365	0.345254
0.804931	-0.543631	-0.097252	-0.661983	0.622335	-0.252590	-1.665558	1.131646	0.024348	-0.083954	0.624548	0.846981	0.418824	1.628870	1.710549	-1.893707	-1.678761	-2.470290	-1.666288	-0.944021	0.308036	-1.103178	-1.365869	-0.433725	0.577121	-1.105686	1.299423	1.152711	-0.641850	0.976882	-0.874420	-1.014386	0.789788	-0.227975	-0.780959	-0.635545	-0.186183	-0.275670	-1.538909	-0.060119	-0.285202	-0.976710	-1.143476	-0.416929	-0.346749	-0.866398	-1.306964	0.041550	0.079208	0.716909	-0.767472	-1.310844	1.507123	1.454327	0.078223
1.222086	-1.550310	0.169539	0.104662	0.139961	-0.489913	-0.927281	2.111519	0.058946	-0.274481	1.830490	1.051073	0.844995	2.067373	1.623237	-1.264292	-1.033200	-2.739304	-2.648958	-0.938343	0.067213	0.029847	-0.937586	0.122552	1.220261	-1.306411	1.824917	1.496784	-0.705058	0.516204	-1.339513	-0.135272	1.737489	0.860467	-0.908162	0.117528	0.540992	-0.130715	-0.399854	1.041872	-1.139546	-1.300634	-0.629994	-1.103830	0.589579	-0.258429	-0.117767	0.320872	-0.422622	0.937305	-0.516883	-1.145405	1.687216	2.285479	0.186094
1.920666	-1.219572	1.037052	1.904865	0.279347	0.558434	-0.584214	2.179240	-0.631384	-0.637163	2.477828	1.099635	1.697953	2.070519	1.898343	0.604776	-0.891661	-1.706784	-2.061199	0.577707	1.273573	1.530438	-0.130950	1.182083	0.957548	-1.124458	0.816193	1.728046	-0.005949	0.401618	-0.223488	0.318477	2.607204	2.056236	-0.060193	0.814103	1.614280	1.037762	1.169155	1.528731	-1.008846	-1.543886	-0.199967	-1.517425	0.691746	-0.011934	0.433934	0.756523	0.142589	1.114546	-0.313075	-0.092792	1.107068	1.749374	0.004731
1.792557	-0.419676	1.208791	2.806387	0.321856	1.820651	-1.019797	1.232537	-1.754043	-1.117130	1.681805	0.567229	2.094837	1.361292	1.745489	2.020106	-1.406321	-0.178026	-0.375888	1.906550	2.422599	2.181468	0.498812	1.561994	-0.507217	-0.987373	-0.881678	1.031712	0.232686	0.424606	1.825641	0.203150	2.054965	2.299101	0.824052	0.763362	1.944343	2.428634	1.677248	1.040113	-0.564767	-1.705656	-0.274920	-1.443667	-0.241754	-0.229714	-0.014698	1.011128	0.978567	0.780025	-0.520617	1.508634	-0.305949	-0.005827	-0.726406
0.466708	0.018936	0.217109	1.765876	-0.000723	2.171655	-1.446450	0.173884	-2.177853	-1.329135	-0.001501	-0.388604	1.613769	0.165349	0.769688	1.746856	-1.687434	0.683473	0.973565	1.718337	2.026682	1.753873	0.720150	1.115736	-2.336123	-0.846994	-1.529719	-0.375939	-0.327692	0.324232	3.303635	0.341426	0.342663	1.308346	0.939772	0.308846	1.251623	2.826097	0.775437	0.294186	-0.318403	-1.536050	-0.644792	-0.802159	-1.189642	-0.491730	-0.364145	0.992601	1.025319	0.198547	-0.637847	2.448613	-1.827448	-1.649091	-1.428430
-1.039486	0.339928	-0.840821	-0.116767	0.029873	1.669728	-0.877175	-0.100666	-1.162643	-0.881362	-1.100919	-1.176154	0.563028	-0.725748	-0.442207	0.346649	-0.945018	0.512874	1.245872	0.448007	0.225023	0.838247	0.659887	0.725425	-3.203573	-0.192527	-0.648838	-1.293374	-0.587166	-0.135270	2.944248	1.241222	-0.800241	0.101614	0.667113	0.313586	0.427731	1.920837	-0.482270	0.192740	0.118626	-0.694151	-0.645183	0.139518	-0.931447	-0.389396	0.448957	0.866852	0.085945	0.070477	0.003857	1.850830	-2.407015	-1.963566	-1.442996
-1.436829	1.018815	-0.698273	-0.978078	0.931429	1.073905	0.544647	0.306748	0.682060	0.064990	-0.928002	-1.386631	-0.539060	-0.716855	-1.017413	-0.610817	0.399058	-0.127308	0.861035	-0.563040	-1.573514	-0.072647	0.402469	0.959381	-2.422457	1.051771	0.433196	-0.948409	0.341997	-1.029098	0.725569	2.195912	-0.302453	-0.129269	0.838127	0.924324	0.432385	0.530505	-0.966193	0.639724	1.188539	0.680847	-0.012266	0.829348	0.436395	0.018413	1.975883	0.684815	-0.999703	0.584157	1.193174	0.271901	-1.685865	-0.995006	-0.826598
-0.692322	1.610905	0.475259	-0.384058	1.886429	0.661833	1.635999	0.567697	1.915580	0.812059	-0.189817	-1.046264	-1.397741	-0.067200	-0.740534	-0.458518	1.158711	-0.552654	0.539416	-0.706701	-2.287943	-0.883670	-0.132730	1.368434	-0.544842	2.093603	0.312152	0.080169	1.704672	-1.961343	-1.886741	2.140449	0.894288	0.589713	1.380087	1.407272	1.145380	-0.366656	-0.616477	0.733795	2.341404	1.839319	0.780161	0.865218	1.486904	0.391380	2.786040	0.219761	-1.289384	1.089357	1.928420	-0.789180	-0.391291	0.162546	-0.139937
0.006228	1.231725	1.338668	0.377736	1.576644	0.132497	1.556715	0.149703	1.662804	0.791984	0.103890	-0.467619	-1.898880	0.497846	-0.200260	-0.103757	0.810356	-0.653791	0.497668	-0.464357	-2.060484	-1.489951	-0.862000	1.228011	1.064531	2.031497	-0.827043	0.646052	1.995144	-2.137763	-2.978810	1.076425	1.050691	1.133536	1.303504	1.209103	1.568622	-0.594473	-0.169201	0.093564	2.472569	2.061008	1.118141	0.306262	1.154560	0.585206	2.196882	-0.634909	-0.685497	0.867813	1.558792	-0.565488	0.445022	0.541641	0.260064
-0.219846	-0.054318	1.016516	0.059583	0.005269	-0.540229	0.679623	-0.746687	0.347599	0.115406	-0.231391	-0.066030	-1.950406	0.684604	-0.180568	-0.693510	0.035319	-0.778565	0.488327	-0.398765	-1.618124	-1.599752	-1.391616	0.503493	1.345290	0.871934	-1.681085	0.444183	0.944477	-1.089882	-1.889042	0.071274	-0.206614	0.673038	0.033512	0.612972	0.989742	-0.769840	-0.154295	-0.607476	1.311184	1.319544	0.880349	-0.449020	-0.031360	0.696460	0.924628	-1.409031	0.113877	-0.012004	0.496174	0.162088	0.444987	0.041583	0.381254
-0.919408	-1.046412	-0.031688	-1.084870	-1.313442	-0.876004	-0.012050	-1.581388	-0.825757	-0.527209	-0.699655	-0.111454	-1.556457	0.783862	-0.940022	-1.979281	-0.182776	-1.069998	0.260656	-0.371012	-1.191130	-1.155018	-1.382066	-0.259254	0.434779	-0.394813	-1.530800	0.173831	-0.119451	0.680525	0.110007	-0.116810	-1.524617	-0.442032	-1.686939	0.127035	-0.315379	-1.398383	-0.429223	-0.626975	-0.143831	0.274985	0.406977	-0.894354	-0.719953	0.747270	0.015347	-1.326507	0.441421	-0.848446	-0.303704	0.207720	-0.039802	-0.794173	0.266962
-1.012003	-0.735062	-0.750487	-1.803817	-1.174287	-0.630446	-0.012086	-1.917682	-0.920474	-0.411987	-0.869341	-0.392056	-0.933658	1.001920	-1.927496	-2.437311	0.391293	-1.137442	-0.157940	0.053841	-0.437891	-0.619448	-0.870867	-0.716628	-0.468127	-0.673493	-0.837432	0.399065	0.054476	2.003477	1.047082	0.145254	-1.505447	-1.249325	-2.474928	-0.235399	-1.446693	-2.068461	-0.488312	-0.113562	-0.715319	-0.249586	0.148207	-0.579819	-0.320512	0.689888	-0.326198	-0.193727	0.251570	-1.127982	-0.296485	-0.397518	-0.444331	-1.317942	-0.039369
-0.146352	0.565240	-0.610384	-1.377399	-0.043033	-0.192867	0.429478	-1.565769	0.063047	0.648137	-0.628936	-0.289928	-0.347750	1.083814	-2.217456	-1.077443	1.201054	-0.560876	-0.478968	0.820601	0.736372	-0.504624	-0.122456	-0.965433	-0.243338	0.279236	-0.296933	0.824188	1.188956	2.086710	0.205929	0.113054	-0.226256	-1.307268	-1.799567	-0.643894	-1.722827	-1.814091	-0.024244	0.294685	-0.266672	0.150005	0.420764	0.507946	0.603987	0.687348	-0.540581	1.179225	-0.059846	-0.892010	0.327385	-0.505942	-0.409166	-1.168937	-0.238822
0.978772	1.567859	0.139938	-0.262312	0.759343	0.014345	0.781171	-0.731019	1.233224	2.028408	-0.100679	0.468003	0.118462	0.743210	-1.458302	1.207879	1.531430	0.346773	-0.408885	1.380931	1.762085	-0.732715	0.590315	-1.149783	1.026866	1.608204	-0.038479	0.878595	1.930968	1.166082	-1.328808	-0.291064	1.006235	-1.025416	-0.595946	-0.888227	-1.205882	-0.457499	0.683322	0.376625	0.348897	1.102696	1.152445	1.600317	1.185967	0.921302	-0.787834	1.700748	-0.187898	-0.431674	0.968698	0.472027	-0.032397	-0.569671	0.058027
1.462646	1.315111	0.894104	0.568483	0.684869	0.058126	0.647775	-0.089108	1.490862	2.626512	0.281734	1.229814	0.426772	0.123669	-0.407423	2.445369	0.998379	0.620100	-0.043152	1.299391	1.917922	-0.839147	0.904767	-1.300898	2.119119	2.052140	0.059666	0.512236	1.353794	0.049794	-2.082508	-0.617985	1.062200	-0.970300	-0.267285	-0.743135	-0.579685	0.762080	0.858018	0.323775	0.331959	1.659701	1.695552	1.683850	1.003603	1.041949	-0.807960	1.098302	-0.142087	-0.022942	1.024744	1.641815	0.139019	-0.248973	0.768427
0.997320	0.028094	1.074010	0.516292	0.186861	0.071820	-0.071629	-0.282894	0.488190	1.810887	-0.062030	1.048406	0.319634	-0.421849	-0.200302	1.652823	-0.218917	-0.267625	0.044899	0.552393	1.037345	-0.736236	0.417195	-1.500000	1.935452	1.082883	-0.094110	0.043980	-0.245749	-0.791887	-1.773556	-0.690809	-0.033776	-1.153568	-1.117051	-0.578114	-0.523308	0.444567	-0.036885	0.121382	-0.330945	1.158816	1.270711	0.696467	0.185269	0.377022	-0.555125	0.066720	-0.076354	0.028350	0.219297	1.672165	-0.316616	-0.683343	1.275785
-0.105171	-1.199712	0.444917	-0.325847	-0.320615	-0.236465	-1.025117	-1.104676	-0.923671	0.169263	-1.101466	-0.036290	-0.408936	-0.797261	-0.957884	-0.236220	-1.325177	-1.576939	-0.576311	-0.589873	-0.329934	-0.787482	-0.776944	-1.717057	0.632629	-0.547384	-0.521827	-0.395914	-1.737651	-1.413033	-1.200676	-0.670323	-1.327828	-1.157153	-1.962409	-0.857219	-1.072992	-1.138525	-1.483639	-0.442625	-1.065855	-0.002459	-0.069425	-0.238226	-0.727241	-0.998769	-0.349722	-0.652703	-0.089867	-0.481466	-1.077167	0.382521	-1.040772	-1.392022	1.139787
-1.230521	-1.424466	-0.556165	-1.294486	-0.891922	-1.073141	-1.465030	-1.511700	-1.447164	-0.952022	-1.834218	-0.867500	-1.328447	-1.119001	-1.480961	-1.520489	-1.400304	-1.942643	-1.446992	-1.601961	-1.302170	-1.028797	-1.720709	-1.520859	-0.629615	-1.510149	-0.843609	-0.792805	-2.093698	-1.808136	-0.917885	-0.526627	-1.880690	-0.761353	-1.438770	-1.160627	-1.571897	-2.088861	-2.112501	-1.144901	-1.324981	-0.727094	-1.206697	-0.172993	-1.063203	-1.916565	-0.329982	-0.968940	-0.172808	-1.213197	-1.901007	-1.075824	-1.186194	-1.378449	0.627671
-1.703279	-0.645603	-1.004346	-1.507569	-1.376366	-1.804312	-0.884993	-0.794016	-0.726147	-0.821400	-1.292635	-0.593483	-1.507658	-1.316478	-0.632782	-1.390510	-0.348359	-0.869918	-1.513148	-1.771091	-1.258605	-0.839439	-1.281157	-0.503842	-0.967369	-1.228455	-0.720615	-0.884018	-1.205746	-1.676614	-0.662626	-0.077524	-1.486213	-0.191734	0.426643	-0.554599	-1.353209	-1.057348	-1.062123	-1.274680	-0.969256	-0.468433	-1.139872	0.453531	-0.601314	-1.380448	-0.248294	-1.067017	-0.224826	-1.280952	-1.461789	-1.492836	-0.501983	-0.361566	0.295933
-1.151830	0.277986	-0.413323	-0.523869	-1.165534	-1.452439	0.299717	0.497892	0.269370	-0.009080	0.137720	0.276259	-0.526597	-1.103176	1.212248	-0.315287	0.815878	0.724433	-0.425093	-0.760565	-0.294150	0.234892	0.563174	0.890067	-0.583218	-0.397605	-0.421846	-0.454062	-0.061454	-0.986079	-0.095666	0.467650	-0.678111	0.211750	2.146692	0.891556	-0.491598	1.069691	0.949143	-0.526228	-0.312331	0.187548	-0.234829	0.525070	0.091466	0.091461	0.043018	-0.807891	-0.160638	-0.183888	-0.024344	-0.785483	0.279232	0.818740	0.219339
0.040255	0.510564	0.607131	1.058414	-0.121507	-0.057339	1.045678	1.168774	0.465580	0.438455	0.996899	0.661760	0.888927	-0.399646	2.471305	0.754273	1.006201	1.574622	0.844715	0.768797	0.817279	1.614110	2.383530	1.499134	-0.316907	-0.085241	-0.512872	0.089067	0.102419	-0.312209	0.547767	0.577530	-0.201041	0.349359	2.289708	1.771767	0.258988	2.163579	2.234097	0.373285	0.110677	0.393719	0.248123	-0.102915	0.235342	0.994491	0.291538	-0.049688	-0.074066	1.274188	1.205345	0.112981	0.395529	1.212966	-0.038927
0.883072	0.097787	1.012244	1.924009	0.816807	1.092901	0.833352	0.777217	-0.024076	0.209968	0.473665	0.338037	1.564541	0.453653	2.043948	1.160456	0.291496	1.382736	1.101506	1.550001	1.234225	2.126611	2.614004	0.750395	-0.631354	-0.456391	-1.062263	0.048615	-0.857733	-0.176526	0.886640	0.167142	-0.383430	0.321526	0.943856	1.060327	0.325447	1.329067	1.870932	0.379925	0.019507	0.149747	-0.165393	-0.429226	-0.198326	0.666708	0.239678	0.644765	-0.192321	1.581339	1.303175	0.362411	0.000193	0.812735	-0.690526
0.731614	-0.146892	0.601824	1.338192	0.679062	0.926679	0.250455	-0.000995	-0.225703	-0.165083	-0.639793	-0.029982	1.137216	1.028424	0.399862	0.758046	-0.290449	0.841522	0.365751	1.019794	0.743100	1.366032	1.206932	-0.465768	-1.171103	-0.665743	-1.506553	-0.533175	-1.655656	-0.312772	1.052139	-0.126276	-0.830195	0.177098	-0.385850	-0.366236	-0.053806	-0.211671	0.589422	-0.522334	-0.273905	0.111921	-0.626781	0.126480	-0.428857	0.016086	0.060290	0.413210	-0.542100	0.370191	0.636269	0.007577	-0.248821	0.280730	-1.265245
-0.001416	0.298562	0.180013	0.046934	-0.155310	-0.153185	0.170625	-0.374863	0.285553	-0.210913	-0.984802	-0.085889	0.334359	1.194633	-1.049631	-0.142410	-0.115259	0.556388	-0.328752	-0.058990	-0.166214	0.232246	-0.320026	-0.652131	-1.232511	-0.034839	-1.302179	-0.761824	-0.982613	-0.105165	1.412135	0.268174	-0.787582	-0.125428	-0.354790	-0.673694	-0.210848	-0.773750	-0.182439	-1.109047	-0.195437	0.475319	-0.331821	0.754491	0.110012	0.213773	0.115958	-0.559901	-0.761865	-0.810982	0.398247	-0.339454	-0.207425	-0.030529	-1.100424
-0.388781	0.913307	0.318156	-0.478570	-0.417168	-0.891040	0.567669	-0.355147	0.839176	-0.100937	-0.286969	-0.315153	-0.032645	1.029877	-1.404957	-0.940675	0.278809	0.392237	-0.402849	-0.598113	-0.914051	-0.114483	-0.597020	0.580421	-0.557107	0.984658	-0.485521	-0.125943	0.804595	0.366392	1.782329	0.985225	-0.051490	-0.472412	0.776384	0.581069	0.033058	-0.147778	0.065880	-0.333364	0.339830	0.605031	0.247054	0.379240	0.978418	1.099610	0.362525	-0.848154	-0.434126	-0.236529	1.095052	-0.305777	-0.285719	-0.277607	-0.171546
-0.155299	0.727834	0.465325	0.277787	0.226923	-0.743682	0.549426	-0.500232	0.599175	-0.297000	0.417209	-1.154740	-0.015361	0.488855	-0.950036	-1.109584	0.028673	0.006466	-0.303843	-0.501356	-1.347813	0.412275	0.149495	2.006633	0.378603	1.262103	0.409493	0.638598	1.888287	0.336054	1.483209	1.002407	0.572480	-0.491508	1.429933	1.799904	0.093405	0.484589	0.529495	1.289449	0.736997	-0.075449	0.076153	-0.722847	1.186667	1.346274	0.310664	0.454861	0.383608	1.684565	1.770801	0.010888	-0.602927	-0.491941	0.805739
0.130326	-0.394979	-0.243696	1.324412	0.663349	-0.276288	-0.396485	-1.043886	-0.389409	-0.850060	0.095758	-2.062722	-0.191781	-0.553034	-0.525513	-0.579226	-0.817170	-0.390557	-0.522000	-0.482621	-1.521192	0.908116	0.653897	2.173795	0.860040	0.278720	0.842632	0.463779	1.038231	-0.447023	0.371461	-0.119052	0.136584	0.049243	0.523560	1.354630	-0.575535	0.176957	0.250372	2.202224	0.457247	-1.202457	-0.852078	-1.185399	0.343256	0.172423	-0.267048	2.287286	1.085594	2.665173	1.070137	0.411502	-0.710825	-0.361877	1.137366
0.069460	-1.436324	-1.547556	1.428818	-0.023268	-0.093951	-1.542412	-1.528833	-1.279415	-1.234435	-1.095164	-1.987904	-0.611689	-1.869988	-0.499873	0.245046	-1.308261	-0.249396	-0.730398	-0.743541	-1.221288	0.766910	0.351660	1.042841	0.667546	-1.247993	0.715408	-0.521643	-0.947187	-1.113312	-0.639700	-1.523792	-1.072848	0.738193	-1.233903	-0.278689	-1.549948	-0.755810	-0.657088	1.716836	-0.236761	-1.729150	-1.340826	-0.356002	-0.805939	-1.481677	-0.825280	2.732425	1.038468	1.307953	-0.982246	0.787559	-0.288541	0.189648	0.825141
0.073175	-1.338792	-2.084527	0.548207	-1.134334	-0.034082	-1.579101	-1.243451	-1.266264	-0.848529	-1.998364	-0.658431	-0.603131	-2.743664	-0.476448	0.861200	-0.746213	0.464499	-0.310953	-0.568151	-0.173864	0.353422	-0.037963	-0.100861	0.248129	-2.032267	0.471086	-1.037484	-2.125145	-0.711240	-0.526732	-1.866257	-1.575646	0.772945	-2.086768	-1.035557	-1.648413	-1.239582	-1.174105	0.821644	-0.546190	-0.961261	-0.445625	0.878826	-1.023527	-1.797004	-0.579500	1.328972	0.149116	-1.162782	-2.739221	0.938405	0.355625	0.671766	0.384267
0.623638	-0.215676	-1.045345	-0.349356	-1.262825	0.296152	-0.076233	0.042451	-0.204612	0.337376	-1.591434	1.053173	0.221819	-2.513500	0.060077	1.036604	0.551370	1.104036	0.671268	0.482932	1.230992	0.259979	0.223621	-0.282295	0.196710	-1.423428	0.724824	-0.301973	-1.458427	0.500325	0.568817	-0.769382	-0.450638	-0.040295	-1.125522	0.165128	-0.253234	-0.584028	-0.654243	0.757813	-0.120574	0.724308	1.349640	1.286769	0.181940	-0.122221	0.461634	-0.579467	-1.071675	-2.479468	-2.750367	0.569098	0.739462	0.588008	0.174831
1.322493	0.809158	0.682241	-0.628795	-0.226598	0.684641	1.910623	1.667527	1.300778	1.567493	0.103397	2.088340	1.190398	-1.312799	0.956081	0.843784	1.677583	1.135198	1.465909	1.554812	1.892349	0.432963	0.683330	0.108150	0.654622	0.018424	1.651877	0.931236	0.322675	1.349718	1.471643	0.796972	1.388741	-0.843729	0.801515	2.023430	1.757084	0.848981	0.356864	1.312796	0.504584	2.088033	2.581017	0.729319	1.906919	2.072546	1.341333	-1.703295	-1.913909	-2.035434	-1.443366	-0.324850	0.840015	0.087554	0.127518
1.268739	0.886783	1.446730	-0.609975	0.711678	0.585896	2.764095	2.434988	2.200908	1.788992	1.994917	2.104594	1.208420	-0.101773	1.400074	0.459969	1.974032	0.703910	1.448071	1.317298	1.081023	0.427316	0.309299	0.118297	1.173113	1.061452	2.696246	1.323208	1.704435	1.227704	1.358409	1.626960	2.197581	-0.692723	1.994048	2.386379	2.700156	1.847084	0.709206	1.189779	0.602186	1.998374	2.185510	-0.011991	2.545349	2.570227	1.223559	-2.014887	-1.896536	-1.153137	-0.471643	-1.217319	0.943078	-0.240449	0.029142
0.281670	0.299498	0.715376	-0.790614	0.580051	0.057676	1.804742	1.672193	1.737132	0.587511	2.733885	1.337982	0.076466	0.204338	0.828033	0.015776	1.335346	0.205095	0.640013	-0.303724	-0.562317	0.154668	-0.953809	-0.344953	1.072389	0.945879	2.954616	0.592816	1.851645	0.710510	0.562458	1.450440	1.440665	0.237683	1.552775	0.772413	1.779562	1.342135	-0.045125	-0.124917	0.201609	0.437620	0.364977	-0.433050	1.318089	0.725806	0.388528	-1.900382	-0.942641	-0.917061	-0.572094	-1.406250	1.070928	-0.076536	-0.205242
-0.799366	-0.018772	-0.425963	-0.989198	-0.073260	-0.167266	-0.107827	0.062117	0.243624	-1.241569	1.838805	0.118089	-1.188991	-0.350065	-0.288106	-0.370552	0.094309	-0.303904	-0.426483	-1.791945	-1.503762	-0.112588	-1.917264	-0.487366	0.056277	0.074578	1.945014	-0.266638	1.111218	0.611500	-0.113396	0.838302	0.237381	0.913289	0.189416	-1.200817	-0.107843	-0.421900	-1.103410	-1.619587	0.075310	-1.362634	-1.630596	-0.693228	-0.877905	-1.837847	-0.149803	-1.208960	0.625022	-0.826886	-0.773817	-0.661501	0.956231	0.392664	-0.565064
-1.116567	0.415458	-0.658024	-0.658072	-0.044956	0.363324	-1.407645	-0.859559	-0.987636	-2.254660	0.215906	-1.094241	-1.422747	-0.844225	-0.861102	-0.511347	-1.072605	-0.864797	-1.109910	-1.663735	-0.887542	-0.278144	-1.588446	0.050841	-1.310061	-0.431209	0.111571	-0.322829	0.417172	0.917808	-0.421020	0.281717	-0.147562	0.822524	-0.566594	-1.831897	-1.333946	-1.818295	-1.273565	-2.043937	0.769065	-1.955906	-2.439718	-0.917583	-2.295605	-2.930220	0.053779	0.123195	2.167554	0.057942	0.069861	0.537855	0.564772	0.843416	-0.986614
-0.636136	1.177567	0.135432	0.244625	0.914221	1.262071	-1.270115	-0.286920	-1.025447	-1.753878	-0.634069	-1.608732	-0.479701	-0.501186	-0.485696	-0.251045	-1.443528	-1.125251	-1.055187	-0.104827	0.607077	-0.478738	-0.423002	0.513970	-1.856125	0.100174	-1.390417	0.260527	0.368254	1.019554	-0.671917	-0.246283	0.409392	0.546109	-0.095719	-1.168958	-1.096266	-1.430627	-0.342439	-1.349131	1.861631	-1.017606	-1.629582	-0.839994	-2.038747	-1.957011	0.318174	1.271485	2.976652	1.499258	1.588205	1.444758	0.307961	1.130622	-1.274615
0.144704	1.450213	1.011182	1.155465	1.868089	1.849367	-0.289999	0.950824	-0.332230	-0.549802	-0.128188	-1.073850	0.725987	0.529170	0.036145	0.294951	-0.923487	-0.663590	-0.449645	1.312288	1.580606	-0.701342	0.206970	0.007730	-0.936079	1.183334	-1.604273	0.679766	0.744927	0.700360	-1.024251	-0.925806	1.209491	0.845048	0.516316	-0.584050	0.115126	0.265452	0.617371	-0.516055	2.329675	0.368404	-0.103877	-0.409840	-0.819178	-0.226657	-0.274592	1.296112	2.692563	2.311560	2.282954	1.694753	0.566811	1.223509	-1.185650
0.816795	0.825446	1.147985	1.536610	1.849014	1.831553	0.266048	1.351445	-0.075012	-0.056140	0.831027	-0.091150	1.138476	1.457489	-0.241680	0.714280	-0.293379	0.279428	0.172517	1.367604	1.333122	-0.806188	-0.368167	-1.263283	0.649264	1.674150	-0.707027	0.534210	0.812363	0.405027	-1.221418	-1.647835	1.622808	1.621455	-0.145988	-0.969530	1.304821	1.356330	0.457613	-0.342434	1.612451	0.845208	0.691270	-0.184290	-0.036609	0.673064	-1.658735	0.387648	1.566968	1.804164	1.370339	1.515907	1.119297	1.071437	-0.685923
1.071021	-0.339647	0.513945	1.221977	0.774260	1.260477	-0.166629	0.493547	-0.565640	-0.657931	0.964846	0.248753	0.431222	1.721954	-1.112176	0.629987	-0.374890	0.910190	0.507289	0.287811	0.286877	-0.916146	-1.370796	-2.196957	1.280889	0.961156	0.063761	0.084328	0.169913	0.502282	-1.021820	-2.005974	1.310513	2.039007	-1.737109	-1.822654	1.855464	0.764249	-0.690938	-0.757857	0.239508	0.173569	0.227319	-0.623643	-0.312638	0.431447	-2.711060	-0.422016	0.252280	0.384696	-0.323546	1.361436	1.258598	0.683421	0.004169
0.600596	-1.237122	-0.381429	0.345425	-0.671523	0.300816	-0.952680	-0.544867	-0.970531	-1.340214	0.083813	-0.405728	-0.791719	1.402248	-1.453418	0.061481	-1.024630	0.775565	0.701711	-0.834941	-0.713741	-1.301885	-1.518804	-2.063399	0.291533	-0.410582	-0.275288	-0.231313	-0.688613	0.716049	-0.550091	-1.616941	0.180261	1.503853	-2.211161	-2.010293	1.727858	-0.525815	-1.573159	-1.115949	-0.661475	-0.650226	-0.592801	-1.313487	-1.043108	-0.090187	-2.407747	-0.579185	-0.677747	-1.036430	-1.373310	1.388852	0.611320	0.250232	0.627408
-0.439411	-1.340602	-0.948455	-0.596204	-1.626434	-0.639560	-1.144929	-0.575233	-0.613950	-1.021700	-0.820197	-1.199007	-1.458872	0.897477	-0.670976	-0.554475	-1.353302	0.192735	0.885173	-1.248165	-1.109869	-1.740780	-0.465527	-1.159570	-1.193442	-1.361222	-1.229156	-0.169546	-0.841257	0.552732	-0.090843	-0.511921	-1.291622	0.311428	-0.339439	-1.065531	1.194147	-0.869748	-1.292723	-0.868958	-0.537300	-0.677009	-0.628216	-1.423559	-1.267479	-0.149947	-0.900034	-0.384252	-0.981301	-1.747142	-1.286012	1.290011	-0.283237	0.014962	0.989294
-1.163152	-0.920772	-0.826214	-0.817602	-1.573753	-0.962938	-0.641832	0.267718	0.050553	0.108613	-0.817687	-1.034290	-0.878278	0.436401	0.587619	-0.694992	-0.912614	-0.244894	0.785895	-0.982358	-0.768501	-1.459069	0.917865	-0.242925	-1.472616	-1.457340	-1.295667	0.237086	-0.069902	0.038266	0.266436	0.690128	-2.060838	-0.704154	2.433907	0.356769	0.554868	-0.077474	-0.297420	-0.073619	-0.028976	-0.152192	0.026353	-0.858301	-0.795892	0.054890	0.635345	-0.203902	-0.677945	-1.542074	-0.812061	0.643379	-0.498974	-0.008571	0.891797
-0.799312	-0.733609	-0.146243	-0.012093	-0.715029	-0.527788	-0.232332	0.785814	0.092331	0.822822	-0.059767	0.106925	0.571116	-0.027381	1.256407	-0.211595	-0.253161	-0.294499	0.122044	-0.487067	0.052973	-0.116330	1.553859	0.258848	-0.179448	-1.279834	0.173587	0.628247	0.674510	-0.337792	0.563798	1.127472	-1.499202	-1.025199	3.333382	1.120982	-0.011240	0.512855	0.258667	0.573981	-0.241464	-0.124973	0.215153	-0.456650	-0.380519	-0.155742	1.107731	0.011005	0.040789	-0.807712	-0.868075	-0.509436	0.122996	-0.055205	0.260012
0.221105	-1.084284	0.468890	0.988414	0.096917	-0.029267	-0.536149	0.284121	-0.647333	0.254766	0.520185	1.061820	1.616441	-0.554761	1.021973	0.431931	-0.155277	-0.119814	-0.804122	-0.204113	0.735957	1.401344	1.147870	0.332775	1.315054	-1.510066	1.951492	0.481820	0.257931	-0.349244	0.648666	0.431023	-0.276325	-0.802112	1.376076	0.631866	-0.462235	-0.070081	-0.105569	0.329724	-1.370360	-1.001010	-0.661788	-0.853505	-0.734791	-0.949488	0.399710	0.310229	0.797239	-0.229383	-1.395063	-1.492565	0.695039	-0.252539	-0.568215
0.602519	-1.355846	0.454685	0.944232	0.110632	-0.283763	-1.139976	-0.533521	-1.352139	-1.107670	0.327525	0.821859	1.241398	-0.980375	0.490331	0.521520	-0.559475	0.074599	-1.242873	-0.359925	0.673336	1.729402	0.230331	0.088153	1.437519	-1.869814	2.191075	-0.322077	-1.175906	-0.338488	0.240874	-0.818147	0.310690	-0.432504	-1.414103	-0.620434	-0.798810	-1.123826	-0.691277	-0.753287	-2.326462	-1.854801	-1.712806	-1.458213	-1.479714	-1.627906	-0.662635	0.389795	1.095276	-0.094936	-1.429405	-1.609385	0.396338	-0.352730	-0.935239
-0.228361	-0.749462	-0.070045	-0.262101	-0.538724	-1.190783	-0.983468	-0.513305	-1.204566	-1.825990	-0.288285	-0.215394	-0.230482	-0.985928	0.386114	-0.118728	-0.551765	0.303842	-0.746369	-0.830262	-0.125004	0.661470	-0.406113	-0.214436	0.122637	-1.370170	0.544897	-1.173947	-2.144764	-0.674017	-0.528980	-1.458210	-0.125890	-0.109201	-2.231013	-1.416026	-0.999662	-1.186082	-0.459707	-1.640916	-1.974450	-1.437809	-1.553117	-1.022334	-1.375585	-1.293659	-1.002584	0.019293	0.583170	0.014458	-0.272732	-0.977998	-0.487506	-0.033677	-0.487844
-1.328028	0.527885	-0.402183	-1.351153	-1.000844	-1.806109	0.349942	0.315963	-0.309878	-0.943560	-0.569138	-0.639872	-1.365629	-0.450618	0.775692	-0.832911	0.499797	0.672109	0.342083	-1.160950	-0.942264	-0.424239	-0.245032	-0.063890	-1.192057	0.275986	-1.466322	-1.289684	-1.548107	-1.146668	-0.915154	-0.756248	-0.751488	0.071521	-0.600213	-0.857013	-1.099539	0.067106	0.758898	-1.257561	-0.587376	0.246392	-0.031657	0.705264	0.171065	0.127679	-0.122921	-0.420987	-0.618808	0.580320	1.581861	-0.465741	-1.090881	0.500766	0.350687
-1.337392	1.219233	-0.037938	-1.155857	-0.704977	-1.503046	1.882104	0.637041	0.435514	0.922747	-0.272273	0.315186	-1.062023	0.277559	1.081301	-0.877123	1.954512	1.035165	1.121200	-0.941306	-1.041341	-0.103637	0.607435	0.803776	-1.179705	1.885464	-2.216035	-0.573790	-0.129204	-1.145156	-0.253278	0.794508	-0.778880	-0.141905	1.273857	0.716700	-1.249110	1.364064	1.992988	0.312745	0.340015	1.718630	1.452724	2.335548	2.083007	1.603799	1.383490	-0.252070	-1.818222	1.354523	2.821671	-0.609454	-1.241615	0.515707	0.722745
-0.117911	0.458616	0.752419	-0.000390	0.025316	-0.708329	2.086740	-0.395090	0.314925	2.060735	0.119366	1.795161	0.306815	0.585359	0.787985	-0.349145	2.375763	0.962577	0.875037	-0.271347	-0.405929	1.370738	1.428272	1.755432	0.034606	1.921838	-1.564083	0.317094	0.366482	-0.428630	1.109097	1.758113	-0.414800	-0.897469	1.219753	1.913679	-1.527882	1.372195	2.115965	1.786941	-0.166868	1.566424	1.500244	2.265622	2.589777	1.921773	2.168221	0.628423	-2.156203	1.581110	2.579853	-0.935655	-1.503111	-0.372503	0.217766
1.074776	-0.982160	1.171053	0.772940	0.420366	-0.291247	0.623155	-1.810589	-0.474938	1.419256	-0.012814	2.153597	1.291717	0.208424	0.046247	-0.046350	1.172493	0.240893	-0.194276	0.282699	0.272569	2.286947	1.481495	1.685338	1.185937	0.331323	-0.500695	0.718054	-0.563724	0.434896	1.885387	1.096743	-0.259541	-1.756856	-0.497888	1.633000	-1.684162	0.251599	1.046496	1.987557	-1.365273	0.054244	0.330810	0.582639	1.295123	0.982505	1.368513	1.477540	-1.355197	0.980093	1.232447	-0.716483	-1.986334	-1.497028	-0.638621
1.019062	-1.383175	0.671851	0.397100	0.152930	-0.465444	-1.059577	-1.853416	-1.062735	-0.209472	-0.801313	0.683517	0.905532	-0.406074	-0.477537	-0.400689	-0.505154	-0.631174	-0.923524	0.360266	0.342112	1.419147	0.793556	0.420193	1.246247	-1.233995	0.233572	0.519138	-1.474001	0.580575	1.140870	-0.673032	-0.306047	-1.901654	-1.804879	0.262623	-1.254902	-0.684325	-0.181316	1.023661	-1.662632	-1.093941	-0.447527	-0.936886	-0.214560	-0.014500	-0.343237	1.448514	-0.056042	0.131796	-0.066762	-0.120042	-1.940674	-1.796095	-0.841914
-0.144308	-0.096204	-0.475932	-0.607556	-0.355415	-0.627318	-1.203658	-0.181107	-0.764068	-1.001735	-1.733901	-1.529002	-0.330587	-0.537401	-0.297168	-0.920043	-0.916855	-0.796011	-0.241060	0.318652	-0.107057	-0.557730	0.122913	-0.750130	0.326905	-1.227885	0.675071	0.062335	-0.818157	-0.139584	-0.542432	-1.850585	-0.055295	-1.087750	-1.372774	-0.684007	-0.109942	-0.610359	-0.549896	0.024781	-0.521132	-0.579585	0.309895	-0.809026	-0.169868	0.111616	-1.266464	0.470618	0.748324	-0.256871	-0.533333	-0.040096	-0.895668	-1.182419	0.092493
-1.121994	1.586216	-1.364489	-1.247427	-0.456219	-0.248446	0.273669	1.619162	0.335186	-0.063087	-1.949969	-2.511616	-0.984228	-0.029490	0.392556	-0.849433	0.264553	-0.092084	1.475848	0.785369	-0.353743	-1.796706	0.005705	-0.508599	-0.597597	0.146803	1.063710	-0.228926	1.045446	-0.841193	-1.527918	-1.241887	0.597279	-0.132772	0.041664	-0.244096	1.171609	0.028498	-0.068491	-0.132205	0.940523	1.039949	1.946693	0.591688	1.284338	1.132594	-0.469176	-0.702110	0.608163	-0.189353	-0.350436	-0.777714	0.392676	-0.697916	1.554442
-0.875236	1.929958	-1.248208	-1.149032	0.045353	0.462236	1.668439	1.851437	1.506855	1.671323	-0.930634	-1.313203	-0.341201	0.505726	0.861711	-0.113217	1.531659	0.529943	2.462345	1.693941	0.087834	-1.306694	0.080412	0.726471	-0.671262	1.415228	1.303222	-0.110105	2.280491	-0.561371	-0.918652	0.589120	1.121671	-0.032971	0.785900	0.890526	1.677160	0.386028	0.418577	0.379776	1.386647	2.015671	2.710690	1.683788	2.301613	1.643522	1.117272	-1.250254	-0.108910	-0.208910	-0.191628	-1.439128	0.763820	-1.033706	2.286511
0.357137	0.805729	-0.224909	-0.633953	0.798662	1.001469	1.426368	0.542492	1.964622	2.524350	0.807679	0.956124	0.796057	0.459225	0.511068	0.655913	1.280677	0.044287	1.454922	2.152686	0.841982	0.041316	-0.376101	1.176384	0.062921	1.601339	1.110638	0.350088	1.791354	0.552662	0.390012	1.889342	1.090662	-0.668630	0.313310	1.189499	1.073106	0.291695	0.226429	0.699976	0.899777	1.360076	1.650248	1.531480	1.568511	0.711282	1.681496	-1.041838	-0.683924	-0.485163	-0.341192	-0.977874	0.200026	-1.447730	1.531320
1.454301	-0.328370	0.886833	-0.013861	1.359589	1.315882	-0.153768	-0.827227	1.449346	1.817569	1.947718	2.214853	1.138928	0.032263	-0.467235	0.897315	-0.365108	-1.311429	-0.732070	1.524178	1.129400	0.675249	-1.400511	-0.004247	0.762352	1.024634	0.478805	0.814840	0.385225	1.367353	0.784044	1.531734	0.790646	-0.893013	-0.402235	0.109920	0.064137	0.127639	-0.518078	0.207054	0.668582	-0.192660	-0.441758	0.585908	-0.249584	-1.029250	0.555699	-0.644993	-0.653805	-0.445911	-0.449548	0.400089	-0.101003	-0.749740	-0.141243
1.611654	-0.411192	1.305651	0.702498	1.494167	1.603078	-1.374146	-1.051705	0.440189	0.393427	1.709355	1.588204	0.493079	0.013499	-1.130170	0.658831	-1.762284	-2.203251	-2.091309	0.336280	0.767467	0.188441	-2.152516	-1.473230	0.689827	0.487056	-0.182969	0.941878	-0.403316	1.123102	-0.117559	0.149623	0.783702	-0.034604	-0.294893	-1.228382	-0.290133	0.060843	-1.072303	-0.874780	1.165460	-1.190130	-1.926552	-0.262358	-1.488923	-2.092377	-1.023671	-0.597350	-0.125451	0.402897	-0.136129	1.299704	0.681844	0.936908	-1.251975
0.929291	-0.025374	0.875249	1.344363	1.061741	1.550235	-1.094821	-0.269949	-0.251597	-0.446797	0.736770	0.137120	-0.186076	0.752294	-0.766178	0.309399	-1.616461	-1.777279	-1.739482	-0.334317	0.308380	-0.444088	-1.819679	-1.318713	-0.007593	0.264139	-0.442328	0.625568	-0.133663	0.248027	-1.100473	-0.652873	0.981123	1.201730	0.469539	-1.333783	0.245375	-0.067722	-0.807389	-1.626501	1.405780	-1.038658	-1.883248	-0.744538	-1.401085	-1.711496	-1.323772	-0.751082	0.322024	1.476655	0.381310	0.725413	1.868932	2.143597	-0.887096
-0.017678	-0.306434	0.041390	1.349604	0.020819	0.541045	0.099932	0.494437	-0.272795	-0.301278	0.167113	-0.676802	-0.264025	1.602939	0.147494	-0.053742	-0.306322	-0.625459	-0.683774	-0.276246	0.092783	-0.438837	-0.556954	0.418891	-0.502759	0.078111	-0.343104	0.041086	0.315345	-0.394760	-1.034159	-0.166994	0.619853	1.641067	0.855598	-0.069387	0.830397	-0.276000	0.104865	-1.272503	0.436512	-0.332418	-0.735293	-1.092843	-0.643438	-0.453550	-0.119131	-0.548594	0.155117	1.500268	0.477472	-0.690764	2.124705	1.829097	0.313274
-0.742240	-1.187375	-0.539038	0.476231	-1.186562	-1.138594	0.768322	0.461008	-0.055644	0.132874	0.117096	-0.626527	-0.215938	1.587441	0.422747	-0.608473	0.724537	0.059671	-0.246843	-0.319945	-0.256635	-0.214125	0.593324	1.709201	-0.223604	-0.304422	-0.321307	-0.412262	0.140423	-0.600447	-0.304801	0.675814	-0.576717	1.031770	0.360160	1.237367	0.614018	-0.380671	0.713803	-0.040882	-1.064319	0.129084	0.396939	-1.330491	-0.146481	0.578456	1.074665	0.081982	-0.537946	0.155655	-0.064224	-1.403265	1.129024	0.546682	0.945787
-0.924191	-1.496574	-0.438535	-0.519708	-1.662234	-2.079047	0.370764	-0.226828	-0.152860	0.122739	-0.116827	-0.386103	-0.587949	0.582069	-0.235835	-1.193359	0.650278	-0.067442	-0.470812	-0.911389	-0.973283	-0.416246	0.769742	1.167701	0.538311	-0.718555	-0.550404	-0.314785	-0.326371	-0.701509	-0.060287	0.660907	-1.623687	0.135607	-0.372092	1.398458	-0.185513	-0.337589	0.330108	0.957038	-1.513858	0.213715	0.771853	-1.189633	-0.068893	0.848171	0.903730	0.508708	-1.096094	-1.194930	-0.668030	-0.806799	-0.071284	-0.384622	0.540240
-0.445048	-0.695556	0.193298	-0.587361	-0.998144	-1.401026	-0.207391	-0.715256	-0.391777	-0.147063	-0.538857	-0.210467	-0.910639	-0.383891	-0.715725	-1.136239	0.063316	-0.318599	-0.484588	-1.243866	-1.374208	-0.675270	0.224090	-0.172858	0.997147	-0.761024	-0.655009	0.312899	-0.229203	-0.742836	-0.467612	-0.019368	-1.304471	-0.296057	-0.424501	0.692538	-0.556616	-0.208816	-0.429912	0.945887	-0.574861	0.279962	0.558161	-0.635296	0.044188	0.673769	-0.126067	0.267455	-1.048574	-1.077947	-0.604918	0.119106	-0.380167	-0.388432	-0.025249
0.323441	0.327249	0.678032	0.186275	0.010937	-0.100008	0.055282	-0.369711	-0.133884	0.021978	-0.306812	0.163736	-0.465044	-0.262461	-0.062615	-0.136201	0.056279	-0.083243	0.069795	-0.482601	-0.781584	-0.219033	-0.006472	-0.410401	0.768214	-0.241395	-0.311494	0.787652	0.484939	-0.493041	-0.595244	-0.114872	0.117079	-0.213752	0.195664	0.315929	0.017242	0.105753	-0.245967	0.403692	0.355553	0.494869	0.446376	-0.030448	0.476201	0.650796	-0.401073	-0.240956	-0.665923	0.110333	0.095529	0.218131	0.080014	0.002244	0.109295
0.609663	0.576469	0.448310	0.525033	0.208894	0.163631	0.914356	0.436723	0.625560	0.643827	0.606992	0.545849	0.313073	0.650121	1.029542	0.966880	0.763799	0.379806	0.640731	0.698615	0.147034	0.645323	0.586682	0.565778	0.200231	0.485373	0.154278	0.416197	0.945528	-0.147167	0.013058	0.759966	1.014602	-0.035863	0.606659	0.760474	0.889685	0.627502	1.016890	0.373632	0.104939	0.674346	0.778155	0.327113	0.988897	0.932769	0.546167	-0.316324	-0.500233	0.588517	0.659809	-0.303358	0.306764	-0.000336	0.615242
0.032688	0.389885	-0.325281	-0.354598	-0.435507	-0.664227	1.156095	0.718892	1.025744	0.814873	0.868479	0.238959	0.261214	0.943523	1.121896	1.000436	1.160666	0.437436	0.676520	0.850391	0.102028	0.733593	1.280339	1.042691	-0.260929	0.746953	0.168219	-0.567491	0.609514	-0.233960	0.596585	1.433146	0.482442	-0.063895	0.276178	1.210460	1.049307	0.909342	1.805678	0.958595	-0.646723	0.687991	1.116806	0.545215	1.121586	1.065388	1.324773	0.014253	-0.502898	-0.350982	0.511939	-0.300035	-0.148146	-0.503847	0.622347
-0.856639	0.783742	-0.976138	-1.616529	-0.826383	-1.046457	0.162816	0.171523	0.508945	-0.077789	-0.263225	-0.800392	-0.717348	-0.098545	0.086180	0.034273	0.377177	0.022950	0.299993	-0.148807	-0.888644	-0.279149	0.999120	-0.052139	-0.698947	0.270364	-0.277532	-1.189591	-0.022663	-0.713032	0.348961	0.742131	-0.495020	-0.193018	-0.297894	0.621614	0.348641	0.489791	0.895511	1.085438	-0.445355	0.607157	0.749343	0.867261	0.631333	0.523935	0.502976	0.044353	-0.032511	-1.414390	-0.100179	0.625033	-0.611971	-0.818433	0.070615
-1.161773	1.684571	-1.155143	-1.871234	-0.272802	-0.164684	-1.279046	-0.394547	-0.306558	-1.357967	-1.462993	-1.534864	-1.337196	-1.444814	-0.775742	-0.597907	-1.089360	-0.271039	-0.086786	-0.868518	-1.315106	-1.280307	-0.256989	-1.761720	-1.322023	-0.413687	-0.675531	-1.022074	-0.305006	-0.876583	-0.415531	-0.869365	-0.520371	-0.072618	-0.397083	-0.941577	-0.419500	-0.264861	-0.787233	0.036676	0.719604	0.395165	-0.421608	1.272246	-0.294897	-0.570569	-1.468037	-0.489420	1.115976	-1.217807	-0.512824	1.583806	-0.393287	-0.257271	-0.365120
-0.638646	1.853698	-1.024017	-0.909673	0.674562	0.977593	-1.858524	-0.226960	-0.451184	-1.748638	-1.056621	-1.050766	-0.682955	-1.622789	-0.678469	-0.071239	-1.809118	0.019324	-0.373423	-0.390643	-0.334944	-1.186212	-1.275960	-2.456344	-1.705832	-0.494972	-0.761821	-0.694276	-0.426782	-0.374028	-0.768584	-1.883222	0.285838	0.447240	-0.111611	-2.271675	-0.628589	-0.440582	-1.333593	-1.296054	1.352242	-0.098820	-1.598964	1.510267	-1.073864	-1.366417	-2.710742	-0.821483	2.089724	-0.098845	-0.376447	1.601653	0.094895	0.921979	-0.556046
0.222072	0.752291	-0.661182	0.294979	1.166206	1.213907	-1.144239	0.246417	0.025717	-0.889400	0.432925	0.286170	0.599889	-0.688031	-0.331004	0.868178	-1.060333	0.610771	-0.618764	0.509437	1.032938	-0.219703	-1.075121	-1.730543	-1.139399	0.149291	-0.695690	-0.724629	-0.828276	0.316627	-0.348972	-1.507338	0.724924	0.948288	-0.086230	-2.253630	-0.562456	0.114996	-0.461727	-1.367387	0.651335	-0.664455	-1.797563	1.379620	-1.078748	-1.087861	-2.070453	-0.115540	1.818605	0.727905	0.167644	0.715639	-0.067843	1.585659	-1.103658
0.953054	-0.539554	0.127134	1.030087	1.150060	0.862861	0.055605	0.025557	0.170668	0.294498	0.914234	1.310122	1.290211	-0.066761	-0.577809	1.061010	0.274583	0.758689	-0.721633	0.742482	1.449698	0.688298	-0.142470	-0.459233	0.220082	0.697910	-0.514087	-0.518264	-1.134989	0.712107	0.435460	-0.390010	0.404206	0.653262	-0.533877	-1.019965	-0.834296	0.408520	0.218024	-0.072042	-0.332816	-0.768275	-0.867123	0.828788	-0.296795	0.040469	-0.262999	1.209706	0.395639	0.960537	0.728937	-0.324042	-0.935513	0.906849	-1.917483
1.454299	-0.860611	1.143559	1.442241	1.026121	0.832001	0.587303	-1.042060	-0.460466	0.730819	-0.264196	1.329170	1.040293	-0.522307	-1.041652	0.524868	0.690250	0.119726	-0.578276	0.473794	1.024820	1.096993	0.199168	0.459998	1.243963	0.308991	-0.059135	0.606980	-0.633604	0.947444	1.025408	0.376902	0.022742	-0.689615	-1.021718	0.182627	-1.394551	-0.357549	-0.390798	0.949035	-0.312650	-0.409662	0.256482	-0.036610	0.383626	0.875034	1.124988	1.795706	-0.819106	1.119252	0.884318	-0.914918	-1.705478	-0.724709	-1.704740
1.580078	-0.566508	1.546459	1.668380	0.763457	0.920389	0.064248	-2.069898	-1.188045	0.299421	-1.430091	0.538932	0.331910	-1.220702	-0.866995	0.199958	-0.208324	-0.787960	-0.357399	0.474074	0.692048	1.081852	-0.445566	0.820689	1.185749	-0.749653	0.392154	1.837767	0.356580	1.174233	1.070022	0.461099	-0.099966	-2.131013	-1.138701	0.307507	-1.555432	-1.563300	-1.390763	0.452600	0.357120	-0.389274	0.464643	-0.883555	-0.003168	0.540023	1.294605	1.182882	-0.673313	1.248772	0.447450	-0.876434	-1.940640	-2.145129	0.162676
1.009203	-0.665339	0.839590	1.295218	0.118162	0.283641	-0.832878	-2.232712	-1.180624	-0.305491	-1.059964	-0.462890	-0.385115	-1.115795	-0.160118	0.471067	-1.294542	-1.122994	-0.264413	0.626675	0.573619	0.612185	-1.040222	0.832015	0.544947	-1.236445	0.148273	1.568719	0.662827	0.994951	0.449246	0.347741	-0.495461	-2.207828	-0.951966	-0.386495	-0.972462	-1.897844	-1.372255	-0.693129	0.398749	-1.125789	-0.314747	-1.268645	-1.229240	-0.557557	0.712249	0.573520	0.461309	0.905469	-0.215430	-0.313905	-1.908297	-2.507855	2.036214
-0.112274	-0.967417	-0.224053	0.190343	-0.529101	-0.753589	-1.029552	-1.486961	-0.437413	-0.440495	0.179504	-1.089184	-0.849684	-0.383714	0.206726	0.751233	-1.268914	-0.664379	-0.138167	0.223073	0.084260	-0.292731	-0.569193	0.711238	0.193856	-0.372021	-0.797033	-0.209681	0.026447	0.134420	-0.529879	0.532760	-1.223569	-0.614795	-0.745405	-0.684084	-0.159144	-1.024509	-0.404245	-0.697153	-0.280756	-1.642892	-0.971599	-1.019778	-1.862585	-1.103229	0.306390	1.094391	1.164971	0.234203	-0.368786	0.396741	-1.665676	-1.744100	1.645790
-0.860864	-0.358782	-0.413651	-0.784172	-0.411047	-0.783809	-0.069211	-0.245228	0.502591	-0.010665	0.664903	-0.941717	-0.722180	0.172766	-0.048457	0.510519	-0.071221	0.030927	0.332586	-0.535471	-0.690315	-1.006671	0.638825	0.600671	0.232478	1.169873	-1.308560	-1.502648	-0.349061	-0.775496	-1.061131	0.937759	-1.270144	1.210922	-0.558711	0.167449	0.233639	0.175741	0.391482	0.698398	-0.437472	-0.625197	-0.447877	-0.392126	-0.853137	-0.292011	0.503403	1.941779	0.650716	-0.069085	0.281689	0.766890	-0.728377	-0.300092	-0.788529
-0.484591	1.173464	0.369695	-0.679147	0.446908	0.507145	1.368339	1.041763	1.256772	0.622516	0.151885	-0.123261	0.053097	0.471298	-0.298714	-0.036121	1.199154	0.383926	0.935920	-0.597889	-0.904321	-0.764788	1.478372	0.535867	0.224638	1.982087	-0.474447	-0.879893	0.390110	-0.840510	-0.531200	1.047660	-0.027116	1.676064	-0.154799	1.587125	0.323780	0.912159	0.625926	1.929598	0.485361	1.574328	0.953488	0.237435	1.136887	1.238239	0.908208	1.376439	-0.434990	0.060201	1.079736	0.698872	0.988142	1.174073	-2.524330
0.475869	2.104421	0.926703	0.170695	1.007992	1.512068	1.946090	1.815149	1.551610	0.916551	-0.239015	0.648925	0.737357	0.971590	-0.084561	-0.493457	1.462841	0.310517	0.893017	0.168760	-0.332662	0.162875	1.401635	0.361860	0.031192	1.393701	0.931493	0.613715	1.298885	-0.172005	0.574913	0.466456	1.443714	0.898345	0.544610	2.256637	0.670410	1.212312	0.808207	1.691904	1.368225	2.934721	1.777237	0.640924	2.324985	1.967722	0.726539	-0.681167	-0.966329	-0.104970	1.050449	0.623654	2.564687	2.032788	-1.710346
0.688573	1.423139	0.395624	0.502224	0.521086	0.822870	0.943299	1.519834	1.026351	0.488591	0.042684	0.655259	0.393668	1.494982	0.187982	-0.895623	0.565224	-0.053674	-0.170716	0.461782	0.143936	0.519722	0.625243	-0.120669	-0.194970	-0.026268	1.222167	1.039021	0.974082	0.206451	0.959835	-0.626212	1.571182	0.302554	1.119999	1.468587	1.164456	1.222112	0.946299	0.343493	1.037546	2.156970	1.054463	0.665306	1.651662	1.049677	-0.373649	-2.345849	-0.658943	-0.807850	0.067548	0.839095	2.925976	1.964601	0.429180
-0.211909	0.071637	-0.546093	-0.103034	-0.480602	-0.724064	-0.803825	0.295646	-0.223076	-0.485781	0.265633	-0.032352	-0.831164	1.272322	-0.054020	-1.331262	-0.710109	-0.582871	-1.444239	-0.555001	-0.186655	-0.300542	-0.446928	-0.790207	-0.426049	-1.156807	0.026513	0.239082	-0.274614	-0.207321	0.075668	-1.490427	0.317752	0.545025	1.005671	-0.134936	0.998943	0.714309	0.344435	-0.925307	0.001909	0.299704	-0.521706	0.222442	-0.162558	-0.698825	-1.685303	-2.243394	-0.115912	-1.243820	-0.918421	0.997407	2.026248	1.255863	1.486200
-1.054834	-0.445935	-0.627677	-0.628183	-0.928328	-1.192216	-1.570503	-0.725338	-1.235828	-1.281864	-0.212511	-0.664200	-1.602677	0.236180	-0.597262	-1.444363	-1.302479	-0.898213	-1.641496	-1.771491	-0.808841	-1.270003	-1.269358	-1.127715	-0.632216	-1.271497	-1.117707	-0.303817	-0.848080	-0.688071	-0.963694	-1.420713	-0.823706	0.818644	0.273686	-1.123535	0.001842	-0.214021	-0.888731	-1.426306	-0.341239	-0.625662	-1.350632	-0.479586	-1.388804	-1.543887	-1.979938	-1.082529	0.150070	-0.757472	-0.998799	0.647724	0.842476	0.580380	0.864959
-0.749568	-0.110881	0.198102	-0.175544	-0.635970	-0.244739	-0.661172	-0.464638	-1.111488	-1.340456	-0.889022	-0.773287	-0.972607	-0.640801	-0.694943	-0.899197	-0.789334	-0.481847	-0.556846	-1.561097	-0.742684	-1.038938	-1.104556	-0.714109	-0.603756	-0.601448	-0.763540	0.109694	-0.237633	-0.340834	-0.641472	-0.490500	-0.816747	0.407003	-0.245268	-0.669398	-0.769124	-0.767754	-1.413137	-1.130390	0.226031	-0.159332	-0.746980	-0.986694	-1.045662	-0.699272	-0.863254	-0.278977	0.232521	0.039982	-0.412972	0.018782	0.256947	0.370897	-0.103532
0.140682	-0.032327	0.618739	0.621800	-0.416308	0.515487	0.697857	0.701023	-0.236514	-0.915981	-0.963844	-0.678991	0.300439	-0.617053	-0.170704	-0.129825	0.166188	0.540941	0.582486	-0.180411	-0.000967	0.149061	0.137808	0.192408	-0.330349	-0.154413	0.559371	0.517632	0.364378	0.553390	0.880472	0.404338	-0.268337	-0.112301	0.062468	0.580625	-0.370245	-0.489399	-0.519866	-0.271332	0.513508	0.396647	0.359589	-1.053741	0.163831	0.794048	0.597011	-0.092052	0.363259	0.007095	-0.185422	-0.240510	0.184095	0.396556	-0.314118
0.190335	-0.522290	-0.232254	0.475302	-0.826221	-0.098110	0.878365	1.226636	0.184860	-0.677998	-0.514429	-0.842091	0.583302	-0.123722	0.252293	0.005936	0.521789	1.253549	0.614660	0.458578	0.343182	0.728956	1.269832	0.785221	-0.170891	-0.620454	1.148439	0.013888	0.050036	0.784637	1.705563	0.480562	-0.333597	0.146661	0.738042	1.200892	0.652945	-0.041553	0.581143	0.654558	-0.220856	0.070254	0.649219	-0.792636	0.759606	1.319419	0.990769	0.102709	0.403667	-0.964264	-0.733501	0.047213	-0.061087	0.123553	0.025868
-0.831982	-0.738498	-1.475033	-0.642604	-1.323126	-1.272740	-0.059132	0.396721	-0.162622	-0.723036	-0.117059	-1.054082	-0.492648	-0.020527	-0.038943	-0.570271	0.125011	1.073112	-0.080277	-0.500190	-0.377323	0.004835	1.005697	0.582879	-0.266907	-1.358478	0.427580	-0.836914	-0.451293	-0.206203	0.566616	-0.018350	-1.011346	0.915653	0.839177	0.600316	0.988687	-0.182967	0.402729	0.973534	-1.133908	-0.517287	0.009452	-0.314842	0.244719	0.564440	0.220523	0.480409	0.103456	-1.732563	-1.298999	0.442044	-0.646461	-0.455660	0.261497
-1.568797	-0.238589	-1.474216	-1.297470	-0.966685	-1.406715	-0.525478	-0.593018	-0.308176	-0.447845	0.230669	-0.698084	-1.354682	-0.363912	-0.560891	-0.803219	-0.092424	0.600439	-0.089125	-1.465177	-1.341621	-0.812543	-0.260181	0.051286	-0.181486	-1.020952	-0.428470	-0.864471	-0.018177	-1.441966	-1.402481	-0.154161	-1.170397	1.111445	0.268251	-0.350459	0.341615	-0.489012	-0.550661	0.479721	-0.962111	-0.316047	-0.430487	0.333690	-0.399065	-0.317443	-0.437481	0.655445	-0.348460	-1.255234	-0.954094	0.577849	-0.869186	-0.660694	0.234720
-0.848838	0.237531	0.156954	-0.392442	0.266423	-0.180726	0.404425	-0.203658	0.405622	0.441986	0.957149	0.263572	-0.397985	-0.422885	-0.240427	0.251409	0.584855	0.771483	1.166252	-0.447136	-1.078350	-0.205582	-0.776716	0.073479	0.465152	0.603530	-0.212592	0.140722	1.152992	-1.427438	-1.953449	0.445510	-0.177916	0.329465	-0.096659	-0.462261	-0.274014	-0.000187	-0.435218	-0.211339	0.260748	0.510958	0.200686	0.754190	-0.115017	-0.331738	-0.001288	0.565017	-0.407445	0.250528	0.184655	0.552301	-0.157476	-0.073226	0.161604
0.788889	-0.077644	2.037548	1.407636	1.254985	1.161987	1.707676	1.186814	1.081563	1.201926	1.782868	0.996835	1.759370	0.182344	1.083107	2.017432	1.524609	1.405930	2.566983	2.033176	0.624717	1.550817	0.240567	0.796970	1.259196	1.980941	0.747649	1.283328	1.833415	0.066054	-0.482722	1.056351	1.118578	-0.719157	0.261368	0.297199	0.001259	1.109978	1.133122	-0.389616	1.243337	0.792831	1.338626	0.290641	0.734638	0.154445	0.990837	0.630003	0.149034	1.594001	1.058377	0.558946	0.903821	0.627413	0.162724
1.695396	-0.859950	2.483902	2.337455	0.929541	1.299591	1.617113	1.535336	0.307167	0.729889	1.583181	0.673845	2.655797	0.776716	2.134683	2.719231	1.349788	1.259216	2.472239	3.150716	2.158055	2.533749	1.385867	1.337128	1.301065	1.501435	1.159925	1.615749	1.277259	1.634462	1.311831	0.788909	1.338215	-1.231051	0.649232	0.788249	0.732527	1.454899	2.178894	-0.227636	0.997374	-0.100311	1.539806	-1.062051	0.742106	0.064952	1.231465	0.976608	0.894795	1.808249	0.813501	0.477679	1.050472	0.303043	0.248029
0.978814	-1.228874	1.185206	1.409775	-0.480831	0.168210	-0.281515	-0.191741	-1.809111	-1.035025	-0.202854	-0.533131	0.858863	0.332551	1.552654	1.300541	-0.374309	-0.329084	0.524958	1.179604	1.863812	1.390794	0.726842	0.790178	0.258382	-0.601360	0.491267	0.973010	-0.124814	1.847367	1.622535	-0.289857	0.205831	-1.201291	0.142503	0.078099	0.766998	0.199130	0.809615	-0.576586	-0.112046	-1.506464	0.143867	-2.235325	-0.712391	-0.922692	0.255896	1.014292	1.243734	0.930006	-0.375478	0.048752	-0.156855	-1.149810	0.528527
-0.517840	-0.842647	-0.610454	-0.547597	-1.575982	-1.058701	-2.484553	-2.448730	-3.333156	-2.685666	-2.446718	-1.511026	-2.077452	-1.166820	-0.415095	-1.230259	-2.414231	-2.285172	-1.879706	-2.120235	0.089525	-1.012787	-1.640762	-0.680420	-1.103498	-2.438730	-0.430565	0.001231	-1.393559	0.882262	0.619673	-1.297726	-1.114891	-1.117132	-0.958396	-1.436685	-0.312557	-1.724242	-2.171590	-1.673950	-0.884364	-2.234665	-1.850318	-2.050074	-2.420015	-1.947962	-1.129750	0.089807	1.077856	-0.243133	-1.510615	-0.637757	-1.704464	-2.412774	1.068419
-1.124685	-0.010744	-1.377068	-1.705078	-1.189562	-1.099671	-3.049422	-2.867880	-2.523639	-2.595736	-3.176380	-1.264386	-3.154974	-2.395550	-2.016331	-2.660160	-3.038231	-2.741756	-2.885594	-3.366330	-1.172568	-2.399027	-3.382097	-1.953650	-1.592762	-2.447636	-0.555807	-0.437965	-1.753673	0.122392	-0.117863	-1.560169	-1.320871	-1.134088	-1.352565	-2.387208	-1.600482	-2.538229	-3.916058	-2.481989	-0.573943	-1.707071	-2.735404	-0.503172	-2.496680	-1.925581	-1.834483	-1.501354	0.704954	-0.927034	-1.638818	-1.010807	-2.181030	-2.109161	1.467454
-0.142272	0.815794	-0.711142	-1.049316	0.391896	0.186257	-1.496483	-1.106031	0.154435	-0.645286	-1.601591	0.121939	-1.308085	-2.027907	-1.882358	-1.772565	-1.783586	-1.110939	-1.904152	-1.513675	-0.697274	-1.420409	-2.489182	-2.018170	-0.804665	-0.860676	0.107443	-0.087689	-1.136207	0.317429	0.265359	-1.079988	-0.349897	-0.889227	-0.438484	-1.823307	-1.813903	-1.522341	-2.673268	-1.759610	0.400475	-0.367004	-1.877163	1.209175	-0.563261	-0.709834	-1.429804	-2.421664	0.332716	-0.852799	-0.625710	-0.518552	-1.240844	-0.328123	1.002001
1.382153	1.224710	0.452149	0.633590	1.705321	1.571759	0.804848	0.913293	2.430211	1.512466	0.988275	1.553111	1.458183	-0.295824	-0.433394	0.479119	0.172404	1.161402	-0.068300	1.070654	0.625241	0.998533	0.359013	-0.815085	0.436350	0.793254	0.692252	0.395716	-0.207917	0.774035	1.078282	-0.150600	0.690763	-0.105348	0.845013	-0.152541	-0.733478	0.313482	0.357448	0.299034	0.944567	0.775291	-0.321121	1.909437	1.622557	0.724907	-0.200932	-1.541895	-0.121835	-0.236123	0.769864	0.677809	0.190313	1.482664	-0.413650
1.781119	0.915242	0.938865	1.654544	1.641575	1.698726	2.059669	1.462275	2.565353	2.080436	2.460132	1.911834	2.499252	1.195870	0.815364	2.032501	1.334876	2.126473	1.044896	1.672804	1.139616	2.667513	2.490888	0.806310	0.924685	1.366596	0.678964	0.185194	0.249990	0.501238	1.279999	0.908375	0.832535	0.848340	1.176973	1.284487	0.512138	1.392205	2.457008	1.964607	0.476310	1.001211	0.473277	1.439537	2.025233	1.198112	1.186563	0.646527	-0.642771	0.491673	1.573502	1.608799	1.009577	2.036804	-1.697951
0.602364	0.060545	0.562157	1.226156	0.571320	0.591066	1.661433	0.790057	0.903499	0.878451	1.859595	1.015090	1.419362	1.271599	1.000520	1.762578	1.243742	1.345665	1.005702	0.331907	0.495117	2.296960	2.166030	1.768008	0.310723	1.021053	0.374071	-0.617580	0.122198	-0.394104	0.769726	1.524348	0.213875	1.192329	0.430358	1.461443	0.728023	1.145508	2.168422	1.719855	-0.422033	0.436473	0.204543	0.464108	0.560739	0.400481	1.910858	2.230644	-0.800751	0.926393	1.373937	1.323756	0.939826	1.327184	-1.653139
-0.889311	-0.646937	0.146879	0.160347	-0.183076	-0.401204	0.360639	0.206841	-0.900402	-0.688822	0.155083	-0.262755	0.016883	0.388153	0.560792	0.314110	0.455313	0.022161	0.604144	-0.812495	-0.205317	0.574580	0.231218	1.519603	-0.574877	0.528528	0.254042	-0.919890	-0.048922	-0.834804	0.226422	1.011850	-0.261915	0.534338	-0.339889	0.472930	0.004472	0.311864	0.338243	-0.119080	-0.674591	-0.244533	-0.279623	-0.383177	-1.000129	-0.908859	1.394708	1.815798	-0.141568	0.903776	0.494239	-0.073046	0.469181	0.249258	-0.440157
-1.079532	-0.681802	0.428386	-0.219100	0.155605	-0.249616	-0.783097	0.197363	-1.655839	-1.218629	-0.931527	-0.724900	-0.155971	-0.198385	0.336012	-0.892543	-0.343298	-0.667692	0.492250	-0.482345	0.011662	-0.746091	-1.223029	0.426344	-0.581381	0.109414	0.407254	0.141764	0.166107	-0.067485	0.135623	-0.569964	0.039897	-0.738084	-0.323588	-0.726206	-0.553918	-0.157283	-1.226083	-1.743503	0.017119	-0.594372	-0.275245	-0.901171	-1.204576	-1.660217	-0.071376	0.082348	1.073668	0.628491	-0.400386	-1.383994	0.121082	-0.509460	0.651849
0.311982	-0.238857	1.220769	0.446458	1.088998	0.579849	-1.225400	0.081526	-1.385921	-0.553828	-0.695643	0.126875	0.602678	-0.081189	0.540833	-1.056710	-0.800932	-0.756280	0.375854	0.526960	0.891279	-0.616652	-1.202147	-0.523451	0.625587	-0.538634	0.689269	2.068081	0.617975	1.460863	0.363815	-2.032438	0.898559	-1.903211	0.078851	-1.216552	-0.363466	-0.144829	-1.542653	-1.722373	0.833368	-0.666854	0.093425	-1.068338	-0.357787	-1.321458	-1.308863	-1.003379	1.819736	0.500895	-0.732451	-1.533698	-0.033709	-0.950913	0.887750
1.984394	0.148342	1.742545	1.295006	1.502612	0.822316	-0.958104	-0.755104	-0.774709	0.434667	0.031032	1.537403	0.931418	-0.008554	0.744330	-0.380660	-0.773444	-0.867484	-0.210204	0.878928	1.423773	0.423309	-0.382777	-0.612818	2.189715	-1.249394	0.859321	3.288546	0.888176	2.468704	0.498239	-2.124332	1.474001	-2.522750	-0.111250	-0.814535	-0.111392	-0.188998	-0.884157	-0.353882	0.834673	-0.590637	0.438343	-0.835157	0.311436	-0.168020	-1.316808	-0.503826	1.310978	0.674391	-0.294486	-0.713945	-0.251443	-1.314271	0.827708
2.344586	0.286309	1.451680	1.247297	0.768770	-0.067785	-0.297497	-1.895260	-0.356565	0.900372	0.058398	2.015115	0.143413	-0.604582	0.518835	0.417201	-0.296202	-1.074607	-0.949471	0.367998	0.970531	0.954373	0.168455	-0.104482	2.747422	-1.217112	0.453609	2.634963	0.722316	1.991460	0.267023	-0.941203	1.028697	-2.500853	-1.086007	-0.072478	-0.715561	-0.560503	0.004050	0.846415	0.042185	-0.274968	0.678941	-0.292162	0.277043	0.980471	-0.384256	0.462481	-0.031792	0.840384	0.559969	-0.036290	-0.640553	-1.505114	1.256706
0.971823	0.306876	0.381359	0.090768	-0.757260	-1.405533	0.263563	-2.275001	-0.118912	0.753573	-0.733315	0.752783	-1.113274	-1.322593	-0.115306	0.634210	0.270198	-0.957081	-1.160434	-0.237996	-0.206872	0.179317	0.162898	0.111398	1.626846	-0.129621	-0.825675	0.480099	0.097392	0.259152	-0.344781	0.223041	-0.388111	-1.802505	-1.874423	0.341570	-1.899098	-0.918949	0.653579	0.835885	-0.678957	0.301254	0.817540	0.265720	0.064444	1.346771	0.234443	0.264913	-0.981706	0.599952	1.075997	-0.144657	-0.860614	-1.152783	2.032954
-1.071908	0.207804	-1.042424	-1.336648	-2.030280	-2.077065	0.393973	-1.324777	0.379848	0.564221	-1.374008	-1.378160	-1.680602	-1.040872	-0.776948	-0.026339	0.463605	-0.508529	-0.826539	-0.328153	-1.297307	-1.273165	0.003016	-0.348158	-0.460426	1.107387	-2.333508	-1.622324	-0.791315	-1.525247	-1.137116	0.463244	-1.847654	-0.457839	-1.440055	0.293670	-2.301673	-0.859375	0.959591	0.043963	-0.669259	0.816553	0.673653	0.634014	0.284348	0.849708	-0.132163	-1.103278	-0.925560	0.001894	0.763050	-0.607268	-0.407286	-0.143315	2.306676
-2.245214	-0.146841	-2.180324	-1.905423	-2.067113	-1.546917	0.236090	0.370773	1.370600	0.840611	-1.069263	-2.559443	-1.101170	0.457227	-1.089849	-1.121604	0.218806	-0.286200	-0.541765	0.066650	-1.647850	-2.040282	0.074860	-0.824854	-1.976298	1.306973	-2.748742	-2.380313	-1.463222	-2.313104	-1.757041	0.181724	-2.260884	1.157173	0.072910	0.217005	-1.049888	-0.429178	0.949216	-0.321198	-0.136710	0.887552	0.195126	0.828821	0.795472	0.189709	-0.728663	-2.012818	-0.490360	-0.473754	-0.050853	-0.723862	0.684266	1.077006	1.475475
-1.825521	-0.563641	-2.357372	-1.177722	-0.707464	-0.159718	0.151972	1.552535	2.245617	1.369275	-0.074420	-1.891888	0.023332	2.037114	-0.919718	-1.615858	-0.085548	-0.543044	-0.529001	0.607334	-1.195212	-1.462222	0.405778	-0.446456	-1.956709	0.422831	-1.602603	-1.766653	-1.360070	-2.037452	-1.842987	0.244507	-1.309186	2.332692	1.427600	0.516172	1.132601	0.045177	0.702928	0.310431	0.284508	0.536477	-0.263535	0.803727	0.908785	0.057169	-0.384808	-1.231542	-0.558741	-0.462017	-0.497398	-0.392845	1.583809	1.805134	-0.300003
-0.354254	-0.428266	-1.342160	0.218945	1.172378	1.255955	0.216250	1.495656	1.994449	1.398587	0.803113	-0.271529	0.751060	2.432649	-0.332660	-0.780138	-0.114826	-0.741225	-0.344024	1.011076	-0.396971	-0.200191	0.838694	0.662709	-0.886502	-0.390811	-0.084326	-0.697424	-0.347880	-1.320765	-1.271348	0.774835	0.330170	2.548692	1.575343	1.064558	2.600924	0.442365	0.435037	1.439443	0.426210	0.257633	-0.236005	0.438748	0.308483	0.386601	0.887450	0.632008	-1.073456	-0.066701	-0.015877	0.129034	1.464670	1.690844	-2.196778
0.981575	0.661950	0.214768	1.134353	2.300960	2.000453	0.281883	0.742614	0.599733	0.637013	1.188612	0.751945	0.729582	1.622081	0.488513	0.953594	0.138887	-0.236979	0.349453	1.123461	0.140049	0.596156	1.269796	1.358438	-0.112319	-0.077081	0.247863	-0.016902	1.082365	-0.676449	-0.334702	1.257687	1.613396	1.976271	0.677498	1.387778	2.447222	0.980788	0.459078	2.314927	0.739961	0.611057	0.432778	0.063394	-0.341187	0.705310	1.809037	1.924283	-1.273903	0.331401	1.129795	0.845791	0.542427	1.027682	-3.164610
1.352667	2.183429	1.178432	0.917927	2.051556	1.900897	0.442431	0.458221	-0.518690	-0.156972	1.315043	0.712338	0.399283	0.644177	1.190859	2.280642	0.579727	0.855918	1.212415	0.942199	0.099504	0.550709	1.615051	0.793997	-0.343552	1.219878	-0.654549	0.106759	2.174756	-0.218678	0.378291	1.453599	1.935725	1.289207	-0.160185	1.230510	1.287012	1.838542	0.904037	2.641507	1.449141	1.617025	1.466808	0.406311	0.012230	0.958922	1.393024	1.750848	-0.905562	0.446289	2.082021	1.808424	-0.143667	0.399550	-2.627839
0.860814	2.823810	1.037203	0.006170	0.905052	1.287009	0.927253	1.011254	-0.118739	-0.004619	1.411959	0.470327	0.390008	0.210898	1.300431	2.279406	1.158866	1.812888	1.658267	0.647233	-0.267657	0.284065	1.645797	-0.514693	-0.846282	2.322634	-1.280691	0.026738	2.355563	0.089760	0.405501	1.505783	1.451167	0.917529	-0.085068	0.753545	0.403445	2.626137	1.422830	2.342120	1.864036	2.445059	2.198190	1.436656	1.396898	1.398014	0.114251	0.636940	-0.588386	0.247112	2.077325	2.475481	-0.096429	0.090515	-1.121511
0.235599	1.667780	0.376336	-0.596314	-0.144401	0.616384	1.496615	1.514617	1.174133	0.942114	1.300701	0.797008	0.782259	0.028258	0.582409	1.217718	1.654155	2.135183	1.546225	0.436909	-0.386653	0.411345	1.092757	-1.274634	-0.385354	2.172365	-0.414103	0.044824	1.441134	0.215384	-0.199176	1.255651	0.741439	0.675459	0.625091	0.213325	0.314032	2.414167	1.361920	1.235463	1.054311	2.017753	1.862167	1.839159	2.392680	1.766702	-0.772742	-0.363504	-0.855688	-0.107855	1.057061	1.969593	0.080753	0.001519	-0.063756
-0.053038	-0.657712	0.000122	-0.464022	-0.583165	0.078655	1.494237	1.033100	1.644918	1.443119	0.717285	1.258298	1.011908	-0.376317	-0.595234	0.041976	1.650615	1.912282	1.198471	0.283781	-0.039768	0.676265	0.054689	-0.928900	1.048840	0.850740	1.402902	-0.000037	-0.195808	0.075872	-0.869769	0.285031	0.193026	0.259171	0.960199	-0.294010	0.411092	0.711426	0.463304	-0.513125	-0.791650	0.271357	0.368949	0.587073	1.701425	1.371088	-0.721755	-0.755325	-1.324135	-0.435673	-0.284703	0.161994	-0.195734	0.074060	-0.430787
-0.229210	-2.379154	-0.072494	-0.122615	-0.660696	-0.455957	0.717956	-0.064899	0.743595	0.732118	-0.110397	0.949482	0.623202	-0.706976	-1.365563	-0.655769	1.022292	1.421565	0.838973	-0.012579	0.374611	0.436539	-0.848315	-0.106570	2.002955	-0.546276	2.527712	-0.442575	-1.606832	-0.267601	-0.933151	-1.114291	-0.231269	-0.166635	0.445348	-0.681856	0.017820	-1.515065	-0.648846	-1.956571	-2.290991	-1.492222	-1.243875	-1.347277	-0.125208	0.133253	-0.227154	-0.720873	-1.179148	-0.650185	-1.132009	-1.917970	-0.475099	0.400951	-1.554430
-0.603699	-2.381696	-0.302758	-0.154238	-0.767362	-1.091222	-0.221855	-0.501974	-0.436222	-0.518281	-0.475567	0.006572	0.014721	-0.331201	-0.993328	-0.906330	0.197093	0.738475	0.292439	-0.505656	0.448778	-0.199029	-0.995990	0.437397	1.389672	-1.108183	2.110064	-1.042795	-1.879964	-0.444334	-0.132809	-1.773115	-0.580771	-0.235742	-0.275213	-0.732947	-0.583524	-2.413148	-1.001107	-2.066043	-2.428504	-1.990708	-1.713442	-2.005382	-1.300127	-1.064599	0.118467	-0.518361	-0.241064	-0.717994	-1.268770	-2.999401	-0.032606	0.798855	-1.686652
-0.865299	-1.280435	-0.643514	-0.375476	-0.862938	-1.566386	-0.661735	0.209679	-0.892549	-1.146176	0.008789	-0.429408	0.012700	0.553588	0.404718	-0.854951	-0.320635	-0.093407	-0.571343	-0.958524	0.326412	-0.382148	-0.462396	0.673871	-0.021182	-0.983046	0.904741	-0.964404	-1.023205	-0.026308	1.069370	-1.000265	-0.585717	-0.050219	-0.336228	-0.360759	-0.573689	-1.282545	-0.392797	-0.915941	-1.629408	-1.394859	-0.969176	-1.028301	-1.018686	-1.372978	0.267971	-0.173223	0.816018	-0.572597	-1.089840	-2.674423	0.801003	0.729925	-0.091044
-0.488555	-0.378737	-0.543253	-0.309169	-0.697354	-1.421091	-0.593115	1.086153	-0.793397	-0.920049	0.761211	0.121302	0.620486	0.894076	1.740248	-0.493354	-0.476132	-0.734173	-1.236204	-1.037350	0.333102	0.174052	0.035713	0.801758	-0.618507	-0.822840	0.177426	0.094817	0.057002	0.837538	1.738080	0.380245	-0.072373	-0.090453	0.198341	0.123218	0.138167	0.446069	0.325768	0.304095	-0.867754	-0.795376	-0.095786	0.019328	-0.168571	-0.840200	0.357701	0.209724	1.230119	-0.237894	-0.945873	-1.482030	0.917890	-0.001267	1.830855
0.299707	-0.060760	0.068096	-0.082840	-0.331945	-0.594448	-0.367023	0.962141	-0.582895	-0.472495	0.786958	0.701192	0.820056	0.149352	1.824496	0.041053	-0.469869	-0.731253	-0.885066	-0.591643	0.365083	0.616065	-0.018194	0.586608	-0.064522	-0.709172	0.258554	1.147583	0.573688	1.299267	1.263024	0.960622	0.509550	-0.455083	0.531289	0.280880	0.674316	0.874581	0.315558	0.599200	-0.349135	-0.594124	0.136927	0.025359	0.215677	-0.079021	0.298196	0.257094	0.849941	0.012803	-0.740741	-0.233733	-0.014555	-0.786703	2.076215
0.606174	0.150131	0.455004	-0.223061	-0.092046	0.285447	-0.119932	-0.014537	-0.149638	-0.155886	-0.039939	0.345451	0.039682	-0.840719	0.591269	0.336525	-0.299906	-0.126860	0.374780	0.175871	0.128327	0.167854	-0.354320	-0.139577	0.483676	-0.236313	0.458675	0.955177	0.475817	0.717629	0.022642	0.435246	0.491395	-0.659021	0.274678	0.062459	0.373421	-0.079494	-0.197604	0.145453	0.196242	-0.286707	0.030671	-0.284996	0.203257	0.441806	0.038135	-0.193922	0.089127	-0.091825	-0.284660	0.456871	-1.018797	-0.868633	0.489832
0.030116	0.361064	0.001831	-0.720174	-0.079307	0.443729	0.159882	-0.653520	0.554135	0.323082	-0.694972	-0.407838	-0.797970	-0.805655	-0.728323	0.131637	0.144113	0.369154	1.144001	0.754813	-0.212183	-0.644719	-0.355104	-0.753690	0.146798	0.499597	0.117913	-0.357820	0.012794	-0.464086	-0.920049	-0.239476	-0.096439	-0.321001	-0.149769	-0.169927	-0.309170	-0.803247	-0.297601	-0.197582	0.449245	0.301659	0.115684	0.172277	0.313809	0.518874	-0.141666	-0.661487	-0.549485	-0.380123	0.228774	0.270893	-1.028245	-0.284272	-1.041787
-0.816435	0.130650	-0.956485	-0.972745	-0.081944	-0.201558	0.323915	-0.281813	0.970046	1.095384	-0.314632	-0.341547	-0.486236	0.372755	-0.944525	-0.346161	0.672965	0.120874	0.295415	0.716388	-0.192809	-0.733556	0.093441	-0.472269	-0.627232	0.797691	-0.643652	-1.442065	-0.671645	-1.180665	-0.895269	-0.232622	-0.536123	0.305548	-0.241768	-0.137992	-0.487127	-0.236393	0.341689	-0.019216	-0.166652	0.589953	0.298734	1.131245	0.497083	0.118145	0.027961	-0.533900	-0.804242	-0.393841	0.395428	-0.624467	-0.133005	0.243735	-0.929025
-1.137742	-0.477810	-1.510954	-0.700725	-0.000151	-0.915878	0.210640	0.459905	0.679823	1.559247	0.561269	0.464194	0.570563	1.455223	-0.265061	-0.655696	0.843452	-0.592369	-1.328671	0.180563	0.154625	-0.089721	0.466207	0.389472	-0.972560	0.393219	-1.161798	-1.430000	-1.232002	-1.002644	-0.262495	0.213309	-0.445667	0.653955	-0.067687	0.030903	-0.089388	0.820987	0.978684	0.294213	-1.177252	0.270408	0.234104	1.521280	0.384453	-0.450377	0.338233	0.048977	-0.670793	-0.075833	0.152302	-1.416660	0.662754	0.255513	0.287411
-0.804726	-0.662791	-1.126950	-0.296353	-0.022048	-0.918178	-0.087220	0.477426	0.039871	0.970090	0.604844	0.633220	0.728596	1.198188	0.112846	-0.602904	0.412551	-0.872751	-1.718834	-0.302054	0.240267	0.214868	0.252294	0.640479	-0.717500	-0.140021	-0.942906	-0.719986	-1.068703	-0.438360	0.139602	0.331770	-0.218587	0.446399	-0.020628	0.033877	0.146980	0.876916	0.686259	0.187290	-1.233062	-0.142194	-0.040788	0.921620	-0.013748	-0.620707	0.309086	0.327321	-0.270574	0.107635	-0.159035	-1.182963	0.585811	-0.046863	0.880699
-0.160845	-0.085083	-0.034194	-0.100112	-0.255463	-0.184289	-0.393172	-0.424034	-0.489856	-0.596495	-0.521254	-0.395733	-0.553105	-0.344745	-0.315208	-0.308280	-0.442486	-0.415620	-0.332640	-0.458796	-0.190074	-0.311955	-0.494137	-0.128660	-0.201522	-0.347005	-0.106160	0.034980	-0.099414	0.011255	0.025100	-0.097142	-0.228238	-0.150970	-0.232805	-0.197902	-0.145650	-0.332216	-0.552607	-0.389229	0.041951	-0.215875	-0.306344	-0.262747	-0.453712	-0.235647	-0.164741	0.003455	0.254034	-0.091246	-0.308883	0.105342	-0.252310	-0.343168	0.266157
