X1	X2	X3	X4	X5	X6	X7	X8	X9	X10	X11	X12	X13	X14	X15	X16	X17	X18	X19	X20	X21	X22	X23	X24	X25	X26	X27	X28	X29	X30	X31	X32	X33	X34	X35	X36	X37	X38	X39	X40	X41	X42	X43	X44	X45	X46	X47	X48	X49	X50	X51	X52	X53	X54	X55
0.070252	0.171575	0.080167	-0.109158	0.016141	0.331234	0.077967	0.185033	-0.076050	0.021167	0.040560	0.085017	0.069607	0.131942	0.266013	0.194837	-0.117171	-0.004481	0.093100	0.068657	-0.067343	-0.179380	-0.050715	0.020168	-0.008683	0.159194	-0.048089	-0.142756	0.043644	-0.202068	-0.306561	-0.148952	0.137571	0.229452	-0.062786	-0.061922	0.264899	0.026442	0.288333	-0.095410	0.177452	0.024607	0.022784	0.172137	0.075989	0.009571	-0.084869	-0.170456	-0.143260	-0.212807	-0.059763	-0.123075	0.075533	0.228948	-0.182429
-0.733127	-0.417178	-0.593019	-0.720728	-0.139939	-0.259766	-1.106337	-0.273543	0.109959	-0.322615	-0.088268	0.014430	-0.572695	-0.041834	-0.151504	-0.531180	-1.213421	-0.781848	-0.330619	-0.403173	-0.459316	-0.952632	-0.485032	0.099268	-0.452059	-0.333217	-0.545095	-0.427580	0.242807	-0.395347	-0.195133	0.133106	-0.528867	-0.164769	-0.107859	-0.085390	0.264473	-0.656411	-0.255340	0.442498	-0.005386	-0.460611	-0.430022	0.060790	-0.550150	-0.684043	-0.115711	-0.329666	0.149772	-0.250076	0.141602	0.173155	-0.578244	-0.165595	-0.382625
-1.212113	-0.619443	-0.914469	-0.723737	-0.201968	-0.647671	-1.261334	-0.613721	-0.265861	-0.786259	-0.550837	-0.544920	-0.553043	0.113067	0.106842	-0.695112	-1.270131	-0.693566	-0.351526	-0.933889	-0.826413	-0.512144	-0.340651	0.487849	-0.505431	-0.642267	-0.669287	-0.536097	0.092825	-0.075337	0.484196	0.410954	-0.764823	-0.231426	0.014898	0.400786	0.417767	0.054831	0.088073	0.859703	-0.082016	-0.270235	-0.374840	-0.370236	-0.603549	-1.099717	0.459056	-0.177163	0.261098	-0.112696	0.516493	0.514542	-0.529137	-0.495078	-0.375922
-1.108074	-0.273536	-0.858845	-0.191512	0.058942	-0.397263	-0.648966	-0.782596	-0.796679	-1.040317	-1.027500	-1.065811	0.222466	0.477462	0.612176	-0.265028	-0.543304	0.291732	0.196878	-0.747590	-0.760193	0.514178	0.240689	0.833882	-0.427256	-0.743180	-0.531906	-0.306679	-0.202533	0.298652	1.046277	0.510544	-0.506495	-0.138867	-0.007638	0.791471	0.378967	1.004986	0.839805	0.946631	0.302091	0.397797	0.245761	-0.750095	-0.209538	-1.043108	1.104730	-0.006565	0.078945	-0.008101	0.810262	0.619306	-0.254010	-0.699570	-0.177053
-0.398893	0.441933	-0.690500	0.302503	0.520923	0.520207	-0.181782	-0.662857	-0.605036	-0.608762	-0.868706	-0.682796	1.135423	0.697354	0.532289	0.389855	0.040845	1.273245	0.891987	0.559499	-0.008166	0.675576	0.646691	0.522631	-0.529514	-0.687328	-0.453415	0.051318	-0.315425	0.075405	0.580371	0.292498	-0.011017	-0.149645	-0.373815	0.268812	-0.058905	0.432892	0.859590	0.593039	1.007088	0.772415	0.951936	-0.475542	0.178268	-0.509569	0.841374	-0.184666	-0.396225	-0.234068	0.611184	0.188507	-0.419319	-0.531641	-0.004462
0.579683	0.915130	-0.520772	0.480480	0.577406	1.235941	-0.027620	-0.102754	0.323717	0.390251	0.031040	0.436990	1.371358	0.697832	-0.013260	0.892906	0.292712	1.329083	0.920880	1.751673	0.920434	0.004867	0.606716	-0.363875	-0.409989	-0.459830	-0.384667	0.023687	-0.410570	-0.370997	-0.381237	-0.082993	0.428881	-0.132061	-0.566287	-0.709941	-0.351038	-0.904905	0.006353	-0.007175	1.011063	0.454502	1.070308	0.230885	0.399780	0.231425	-0.225278	-0.359955	-0.862249	-0.497216	0.035873	-0.485071	-0.515122	0.235747	0.033690
1.249375	0.396844	-0.122023	0.618137	0.015413	0.879414	0.277797	0.677400	0.899678	1.096120	0.996863	1.134574	0.729071	0.666367	-0.159298	0.953427	0.667776	0.584214	0.065673	1.256537	1.213179	-0.023232	0.420030	-0.940038	0.394736	-0.090969	-0.068741	-0.452260	-0.807815	-0.198741	-0.475709	-0.339200	0.600016	0.084951	-0.054544	-0.899809	0.000357	-0.837341	-0.716699	-0.504976	-0.287321	-0.257838	0.342058	0.315309	0.365230	0.679229	-0.910209	0.067769	-0.696196	-0.010979	-0.228594	-0.602654	0.283562	1.160600	0.114613
1.118541	-1.038443	0.514938	0.850668	-0.459929	-0.183689	0.635034	0.959867	0.275947	0.756245	1.277202	0.699712	-0.159793	0.560613	0.233578	0.398888	1.031641	0.043054	-0.796362	-0.574045	0.686091	1.090939	0.353971	-0.579601	1.245544	0.160224	0.261226	-0.764114	-1.252453	0.376711	0.361289	-0.486681	0.351289	0.258916	0.706023	-0.126509	0.436169	0.643691	-0.597889	-0.753903	-1.771084	-0.839061	-0.685825	-0.685717	-0.268186	0.421410	-0.599833	0.747776	0.354911	1.283024	0.147445	0.133170	1.370926	1.255957	0.335267
0.174030	-2.023204	0.779303	0.713289	-0.185544	-0.756857	0.406490	0.280975	-0.962451	-0.325800	0.786003	-0.285198	-0.533112	0.065567	0.185650	-0.551727	0.654383	0.257873	-0.698652	-1.741201	-0.098619	1.862670	0.196591	0.223384	0.931218	0.047406	0.043412	-0.486187	-1.086492	0.279638	0.695190	-0.727199	-0.243211	0.141970	0.745110	0.424574	0.062065	1.255649	-0.049746	-0.884564	-1.714745	-0.983779	-1.077708	-1.671197	-1.418977	-0.343231	-0.074666	0.529856	1.469399	2.041648	0.504270	0.864254	1.236365	0.222062	0.365489
-0.927894	-1.213911	0.236760	-0.085061	0.449747	-0.408985	-0.241350	-0.763369	-1.401361	-0.992670	0.044452	-0.727348	-0.260451	-0.756839	-0.927023	-1.215631	-0.325486	0.686719	0.169081	-1.094703	-0.508549	0.951792	-0.263128	0.463415	-0.502045	-0.165308	-0.555269	0.048132	-0.151384	-0.600425	-0.186109	-0.890840	-0.701867	0.036304	-0.054384	0.044861	-0.851237	-0.016456	0.204345	-0.941061	-0.078005	-0.600788	-0.481955	-1.181191	-1.949244	-0.719456	-0.188113	-0.792343	1.423033	0.945014	0.061672	0.526846	-0.256985	-0.955979	-0.103748
-1.255408	0.905185	-0.444590	-0.814560	0.680133	0.146790	-0.167284	-1.028526	-0.458703	-0.535640	-0.448271	-0.288848	0.271681	-1.171219	-2.100955	-0.997770	-0.574318	0.676446	0.861125	0.529542	-0.355946	-0.776729	-0.547618	-0.029220	-1.492356	0.145646	-0.562250	0.381235	0.908742	-1.021180	-1.105575	-0.387616	-0.458069	0.381815	-0.814599	-0.388694	-1.176195	-1.373104	0.164532	-0.586837	1.461508	0.297283	0.554696	0.531560	-0.768437	-0.021121	-0.439573	-1.701858	0.147982	-1.318797	-0.748063	-0.565002	-1.455187	-1.210783	-0.709509
-0.527109	2.381135	-0.305849	-0.510671	0.587802	0.315434	0.979220	-0.281610	0.976049	0.447363	-0.606391	0.361566	0.774202	-0.556860	-1.709159	-0.032213	0.540052	0.448728	1.074912	1.727083	0.090559	-1.472983	0.079109	-0.411979	-1.015458	1.015409	0.342089	0.541153	1.327643	-0.331504	-0.779109	0.930294	0.421395	0.936404	-0.950087	0.147274	-0.739596	-0.989945	0.278298	0.502977	1.829465	1.466630	1.365452	1.584357	1.394547	1.168421	0.202019	-0.774401	-1.090350	-2.542910	-0.647960	-0.889740	-1.199520	-0.744761	-0.808524
0.405277	2.095641	0.244029	0.485913	0.729909	0.319260	1.779244	0.405964	1.601366	0.785274	-0.607212	0.383286	1.157958	0.674178	0.267702	0.945545	1.609600	0.504683	1.276261	1.993727	0.319713	-0.904042	1.348817	-0.131259	0.006182	1.476572	1.073184	0.559758	0.907169	0.356430	0.255244	2.149848	1.059468	0.901103	-0.850035	1.028575	-0.619518	0.351911	0.477795	1.884698	1.630825	2.305194	1.815034	0.908310	2.373116	1.424895	1.404855	1.217276	-1.376112	-1.716096	0.594033	0.183971	-0.395471	-0.519895	-0.498792
0.405472	0.894656	-0.205642	0.746495	0.905107	0.370981	0.806076	0.072885	1.066314	0.182947	-0.572779	-0.333746	1.172054	1.403449	1.857327	1.359691	0.890337	0.598335	1.496738	1.509569	-0.052161	-0.478232	1.873109	0.248996	0.090047	0.645963	0.567702	0.056777	0.032154	-0.180996	0.534488	2.113770	0.653336	-0.086201	-1.025699	0.746677	-1.305178	0.664116	0.188072	2.442912	1.596106	2.185437	1.940269	-0.344004	1.137280	0.275369	1.614869	2.120102	-1.222388	-0.190121	1.549428	1.325729	-0.534043	-0.768769	-0.530045
-0.558073	0.199576	-1.733381	-0.287106	0.444690	0.112795	-1.204158	-0.812294	0.139028	-0.459399	-0.470827	-1.058363	0.486249	1.058840	1.398225	1.183970	-1.117016	0.129421	1.082583	0.526845	-0.835664	-0.968649	0.849848	-0.002237	-0.696379	-0.929678	-0.639007	-0.965428	-0.635649	-1.351825	-0.169644	0.882208	-0.481132	-1.419800	-1.260293	-0.745715	-1.764392	-0.366748	-0.658799	1.655325	1.347628	1.124525	1.546065	-0.481049	-0.814860	-1.010227	0.308410	1.217853	-1.418624	0.373725	1.014606	1.019673	-1.482624	-0.817591	-1.015759
-1.313571	0.301468	-2.429533	-1.477045	-0.380836	-0.576993	-2.071862	-1.016430	-0.244766	-0.227614	-0.248113	-0.957341	-0.716824	0.150705	-0.369930	0.615377	-2.115893	-0.773539	-0.054106	-0.432585	-1.290939	-1.633479	-0.678193	-0.541421	-0.971691	-1.655204	-1.093965	-1.474096	-0.476225	-1.577517	-0.761461	-0.166219	-1.109360	-2.082000	-1.050657	-1.668891	-1.056527	-1.307397	-1.266772	0.422967	0.454885	-0.050952	0.655464	0.445003	-1.244262	-0.949901	-1.000896	0.060115	-1.561045	0.134775	-0.231619	-0.288278	-1.783328	-0.271446	-1.018055
-0.938164	0.443850	-0.917762	-1.518298	-0.499433	-1.009652	-0.943239	-0.247666	0.119902	0.680480	0.026950	0.030980	-1.615872	-0.513303	-1.217285	-0.199956	-1.058605	-1.417763	-0.957783	-0.604351	-0.860192	-1.672589	-1.107365	-0.434079	-0.079065	-0.749935	-0.322271	-0.541592	0.553802	-0.505336	-0.575247	0.035102	-0.497236	-1.578534	-0.401617	-0.775165	0.100921	-1.177911	-0.994841	0.051923	-0.473144	-0.520226	-0.172708	0.960942	0.177130	0.244804	-0.694827	0.189589	-0.704594	0.247971	-0.490018	-0.867218	-0.786665	0.401875	0.098281
0.167675	-0.012794	1.500191	-0.483696	0.234657	-0.610335	0.684329	0.526863	0.698700	1.276893	0.224131	1.124337	-1.484231	-0.725212	-0.133187	-0.949882	0.538174	-1.605706	-0.997275	0.049367	0.193524	-1.234768	-0.469400	0.357852	1.088116	0.791708	0.789102	1.113005	1.521298	0.731070	-0.064544	0.933519	0.683336	-0.324971	0.306631	0.898770	0.347597	-0.385400	-0.283007	0.599882	-0.741157	-0.389425	-0.586473	0.284618	1.675645	0.973791	0.764345	1.120691	0.890558	0.794900	0.477174	-0.117678	0.546935	0.603395	1.519718
0.961624	-0.987694	2.378423	0.665126	0.644028	0.129784	0.933342	0.517761	0.912364	1.044069	0.355700	1.562178	-0.412097	-0.739501	1.616016	-1.117224	0.764230	-1.680868	-0.851757	0.485102	1.105028	-0.639598	-0.279152	0.835177	1.390010	1.401680	1.333194	1.731719	1.190513	1.206284	0.246988	1.142046	1.207409	0.743710	0.895912	1.395062	-0.356364	0.322399	-0.045307	0.926695	-0.750922	-0.456840	-1.025200	-0.878382	1.586536	0.313886	1.499383	1.285558	1.805423	0.793802	1.244686	0.844801	1.034237	0.336620	1.874648
1.043151	-1.894220	1.180001	1.376035	-0.002333	0.301948	-0.240603	0.158543	0.713575	0.503876	0.590016	1.370600	0.825760	-0.593768	2.121848	-0.547618	-0.255065	-1.584871	-1.339538	-0.080998	1.446814	0.246422	-1.179492	0.379270	0.797642	0.723398	1.288177	0.719549	-0.529724	1.100340	0.479593	0.283749	0.812844	0.936315	1.354347	0.344014	-0.832712	0.683387	-0.411020	0.360279	-1.228001	-1.061444	-1.861462	-1.513787	0.091467	-0.918194	0.700698	0.293572	1.369209	-0.059044	0.871955	0.949818	0.639896	-0.007811	0.954659
0.782502	-2.110624	-0.413248	1.664540	-0.861730	-0.181897	-1.272041	0.315080	0.474607	0.441933	0.977861	1.074921	1.488992	-0.063717	0.903995	0.200139	-0.885453	-0.761307	-1.940279	-0.964631	1.375320	1.326078	-1.913018	-0.456923	0.128596	-0.210250	1.032936	-0.637804	-2.226704	0.916987	0.829312	-0.599286	0.349431	0.322871	1.484505	-0.820958	-0.498616	0.672968	-0.666751	-0.461432	-1.886310	-1.601963	-2.406194	-1.420409	-1.313465	-1.349416	-0.548904	-0.674805	0.537687	-0.837075	0.133970	0.450978	0.169440	-0.175040	-0.106825
0.547688	-1.475425	-0.915766	1.546653	-0.811509	-0.612857	-0.988665	0.938667	0.416279	0.863527	1.293997	0.879802	1.374809	0.702316	-0.818617	0.464470	-0.298834	0.778824	-1.507305	-0.934466	1.166810	1.889505	-1.203070	-0.843048	-0.031819	-0.383288	0.725534	-0.878328	-2.496417	0.756071	1.064513	-0.589669	0.493288	-0.427768	1.125509	-0.938287	-0.067318	0.373620	-0.335891	-0.675848	-1.880931	-1.415645	-1.715105	-1.022271	-1.580416	-0.756420	-0.957649	-0.595190	0.477799	-0.701614	0.168425	0.198356	0.174171	-0.101902	-0.273232
0.393483	-0.575016	-0.505730	1.066361	-0.074113	-0.562123	0.149819	1.135250	0.299517	1.031912	1.255174	0.535211	0.758173	0.981464	-1.526334	0.256030	0.672129	2.004495	-0.171432	-0.031486	0.886869	1.573874	0.234809	-0.724865	0.295465	0.081689	0.470528	-0.046365	-1.489288	0.618104	0.968418	-0.199014	0.927670	-0.731166	0.645531	-0.429684	-0.299444	0.254297	0.308012	-0.467225	-1.269894	-0.782402	-0.248683	-0.685769	-1.011785	-0.135785	-0.604165	0.062439	1.067969	0.071364	0.730184	0.390634	0.587123	0.233585	0.362143
0.301751	-0.341808	-0.029305	0.587702	0.254826	-0.407743	0.783895	0.445016	-0.248228	0.454259	0.771827	-0.072373	0.002311	0.286268	-0.862140	0.009246	0.881011	1.924324	0.538576	0.385156	0.514034	1.066711	0.546962	-0.555318	0.848715	0.291089	0.521427	0.718381	-0.483668	0.722329	0.805092	-0.574203	0.960490	-0.568345	0.682585	-0.288186	-0.836526	0.802143	0.835277	-0.679859	-1.032507	-0.612987	0.315338	-0.525461	-0.568723	-0.284957	-0.402380	0.064736	1.401069	0.693686	0.604858	0.494135	1.104271	0.698497	1.049450
0.147575	-1.062610	0.253036	0.379756	-0.170249	-0.717394	0.254455	-0.576782	-1.181428	-0.544160	-0.088388	-0.677094	-0.732943	-0.806641	0.145831	-0.242215	0.274752	0.750797	-0.282190	-0.545834	0.030885	1.144304	-0.692060	-0.418001	1.321275	-0.231084	0.840025	0.719030	-0.184664	1.070958	0.923288	-1.702610	0.397311	-0.268720	1.258218	-0.537942	-0.735496	1.624656	1.166370	-1.435104	-1.544049	-1.167287	-0.715710	-0.519738	-0.659122	-0.842079	-0.642379	-0.895247	1.198996	0.880989	-0.531725	0.100061	1.430541	0.879280	1.334968
-0.465218	-1.838493	0.385395	0.037638	-0.647191	-1.397015	-0.743879	-1.204816	-1.958681	-1.330145	-1.173968	-1.091458	-1.427755	-1.155582	0.222261	-0.826576	-0.351021	-0.401264	-1.563692	-2.024879	-0.685583	1.383963	-1.802996	-0.012568	1.278405	-0.992171	0.806008	0.245478	-0.074348	1.086813	1.100450	-2.196095	-0.522054	0.011773	1.560665	-0.377881	0.194250	1.606157	1.289515	-1.806277	-1.827218	-1.530048	-1.851316	-0.465425	-0.806450	-0.894624	-0.777476	-1.782969	0.914905	0.807496	-1.541721	-0.518110	1.238159	0.403459	1.186823
-1.747790	-1.374056	0.068552	-1.050540	-0.619465	-1.698041	-1.021617	-1.410741	-2.054134	-1.692174	-2.109416	-1.488070	-1.945424	-0.494294	-0.797430	-1.560180	-0.516898	-0.799206	-1.512868	-2.567739	-1.728960	0.638583	-1.183770	0.597640	0.434360	-1.153934	-0.087507	-0.178941	0.523918	0.216283	0.706799	-1.096025	-1.581498	0.366420	0.890001	0.431489	1.106446	0.360660	0.971391	-1.061761	-0.798448	-0.689760	-1.180205	-0.003566	-0.387993	-0.184702	-0.451648	-1.544179	0.660177	0.474536	-1.364023	-0.734016	0.353697	-0.538884	0.540849
-3.039351	0.508285	-0.817364	-2.592182	-0.361493	-1.100091	-0.190058	-1.500230	-1.450706	-1.778847	-2.292997	-1.952758	-1.996621	0.145995	-1.831697	-1.620294	-0.454064	-0.660474	0.160159	-1.695740	-2.731604	-1.194910	0.604318	0.819347	-0.806592	-0.482321	-1.365125	-0.422834	1.379050	-1.168323	-0.409283	0.719352	-2.487448	0.728676	-0.442430	1.080867	1.178988	-1.034323	0.127128	0.250476	1.135071	1.060661	1.055405	0.945753	0.555966	0.657894	-0.034314	-0.360846	-0.049025	-0.237421	-0.476059	-0.291749	-0.866946	-1.230922	-0.657104
-3.113979	2.386379	-1.465580	-3.323716	-0.292049	0.003697	0.984342	-1.332255	-0.593255	-1.577387	-1.403159	-2.059317	-1.442093	-0.186263	-1.786086	-0.650567	-0.473210	-0.503241	1.913545	-0.218281	-2.864185	-2.648028	1.600176	0.335799	-1.497614	0.432443	-1.910830	-0.489862	1.744658	-1.931662	-1.520983	1.496655	-2.621740	0.682315	-1.478210	0.789164	0.546649	-1.302893	-0.764221	0.917056	2.334921	2.262349	2.576664	1.833950	1.329644	0.977104	0.018815	0.708610	-1.254963	-1.018992	-0.234828	0.383915	-1.650562	-1.173602	-1.929888
-1.500762	2.626611	-0.902880	-2.377095	-0.263236	0.683644	1.407333	-0.546267	0.038168	-0.925339	0.054256	-1.323723	-0.552627	-1.015953	-0.721544	0.514178	-0.470656	-0.431091	2.209523	0.873515	-1.647706	-2.314799	0.928966	-0.311938	-1.138699	0.752131	-1.263484	-0.200961	1.425217	-1.390726	-1.724134	0.715241	-1.553781	-0.091589	-1.685447	-0.132079	-0.054293	-0.565379	-1.010679	0.551848	1.798523	1.909806	1.849615	1.926884	1.290999	0.788785	-0.143791	0.999168	-2.028649	-1.254297	-1.065131	0.565038	-1.501707	-0.656926	-2.365577
0.787604	1.201011	0.542738	-0.348468	0.065379	0.494003	0.749827	0.578377	0.280667	-0.008276	1.022889	-0.010074	0.173250	-1.070638	0.349840	0.760172	-0.196292	-0.242951	1.116948	1.266101	0.308238	-0.508287	-0.243065	-0.305122	-0.268014	0.125854	-0.184071	0.482159	0.905528	-0.061777	-0.879116	-0.386055	0.185415	-1.215414	-1.301653	-0.624995	-0.283901	-0.014242	-0.461738	-0.032614	0.314048	0.570528	-0.068533	1.155252	0.493236	0.535272	-0.006333	0.741573	-1.510697	-0.769873	-1.940603	-0.052640	-0.655375	-0.364906	-1.555273
2.230043	-0.270615	1.469542	1.376821	0.587782	-0.024765	-0.229694	1.179585	0.352919	0.638128	0.917881	0.971389	0.489268	-0.013607	0.663716	0.075991	0.344635	0.121501	-0.056853	1.208306	1.755305	1.198065	-0.296115	0.456828	0.219111	-0.927722	0.251295	1.132400	0.553714	0.968848	0.309971	-0.424585	1.410664	-1.715425	-0.762246	-0.077631	-0.421399	-0.244446	0.345618	0.037580	-0.452184	-0.342321	-0.925313	0.221897	-0.341451	0.476911	0.617906	0.474453	-0.069403	-0.003514	-1.659602	-0.924405	0.244896	-0.511139	-0.138328
2.382141	-0.427152	1.301728	2.102880	0.953519	0.055811	-0.448804	0.882310	0.609612	0.780659	0.198940	1.109885	0.584597	1.160215	0.405117	-0.556486	0.945499	0.519766	-0.327177	1.078382	2.065396	1.713822	0.872744	1.221989	0.124483	-1.324073	-0.161052	1.264372	0.241818	1.156430	1.017516	0.519009	1.558068	-0.986482	-0.285672	1.050195	-0.641641	-0.701840	0.771049	0.631511	0.187027	-0.235807	-0.035036	-0.266321	-0.511744	0.520722	1.343427	0.381886	1.107662	0.637499	-0.192669	-1.132775	0.719079	-0.673465	0.880490
2.081815	0.270267	1.044489	2.181357	1.131297	0.954393	0.307211	0.282662	1.128394	0.772991	-0.237013	0.890060	0.706733	1.475402	0.205923	-0.589089	1.414219	0.790270	0.059906	1.134918	1.759930	1.189693	1.800872	1.196927	-0.030812	-0.449260	-0.747706	0.927455	-0.190178	0.789817	0.964478	1.200899	1.214483	0.382103	-0.032259	1.670665	-0.578840	-0.831145	0.536886	0.901178	1.231950	0.052080	1.018002	-0.484834	-0.064773	0.435533	1.568895	0.287113	1.346627	1.143353	1.331819	-0.495919	0.614966	-0.493951	1.177888
2.091883	0.326625	1.616918	2.067636	1.291408	1.832322	1.022767	0.107299	1.576944	0.981698	-0.030899	1.102903	0.770943	1.064518	0.299045	-0.544002	1.561882	0.809675	0.174861	1.334443	1.700131	0.339968	1.231512	0.361476	0.096627	0.957573	-0.968681	0.539046	-0.586077	0.405061	0.501293	0.829974	1.148919	1.126974	-0.141234	1.072609	0.097275	-0.913341	-0.297445	0.415771	1.206682	-0.531219	0.499505	-0.924347	0.260129	0.046900	1.034917	0.083850	0.916303	1.509194	1.775138	0.072527	0.031742	-0.157023	1.190291
2.072805	-0.631221	2.228579	1.623126	1.272204	1.724300	0.543668	0.342154	1.609658	1.222861	0.489320	1.777822	0.563560	0.681186	0.440450	-0.941895	1.184115	0.529797	-0.373818	1.293211	2.016003	-0.311671	-0.382420	-0.499889	0.231818	1.375016	-1.001378	0.198215	-0.793321	0.210465	0.173379	-0.059188	1.283894	0.796515	-0.401249	-0.353493	1.017815	-1.297868	-1.357993	-0.296823	-0.080593	-1.677697	-1.212143	-1.440982	-0.066163	-0.631370	0.151020	-0.034120	0.286372	1.420587	1.056115	-0.279840	-0.610063	0.062044	1.241231
1.253892	-1.295823	1.395638	0.569966	0.669945	0.672937	-0.964940	0.566177	1.260127	1.025716	0.910136	2.095303	0.191383	0.620597	0.437487	-1.228610	0.301983	0.104736	-0.981226	0.650735	2.035406	-0.509503	-1.409054	-0.612417	0.085926	0.269620	-1.182616	-0.392785	-0.953230	0.091771	0.180760	-0.453299	1.036932	0.223537	-0.289300	-1.411380	1.459009	-1.455405	-1.905229	-0.455931	-1.350998	-1.944702	-2.107147	-1.292110	-0.695129	-1.278765	-0.341382	0.129616	-0.407077	0.668098	0.080983	-1.063921	-0.644281	0.366772	1.004990
-0.194618	-0.609713	-0.696761	-0.722818	-0.482720	-0.392509	-2.022097	0.744291	0.745563	0.298822	1.104561	1.350452	-0.012943	0.493666	0.340080	-0.486984	-0.640142	-0.169616	-0.898720	-0.450576	1.188685	-0.151760	-1.013139	-0.093664	-0.004172	-1.095556	-1.252011	-1.161398	-1.179658	-0.015066	0.267833	-0.223840	0.318832	0.178589	0.394836	-1.313910	1.181324	-0.579902	-1.331056	-0.095668	-1.537667	-0.710621	-1.181016	-0.233311	-0.874105	-1.358352	-0.265825	0.389381	-1.006576	-0.306048	-0.372968	-0.926650	0.250385	1.039227	0.113226
-1.056228	0.595338	-1.972550	-1.336505	-1.516285	-0.794542	-1.457513	1.108263	0.096244	-0.490030	1.045954	-0.190179	0.003857	-0.117331	0.152508	1.024045	-1.034161	-0.180956	-0.265266	-1.375446	-0.213700	0.630962	-0.071919	0.221508	0.523312	-1.124736	-0.606847	-1.281630	-1.194237	0.063556	0.180656	-0.154484	-0.360300	0.223382	1.203115	-0.468560	0.552111	1.093449	0.031894	-0.038058	-1.086497	0.821495	0.326836	0.949043	-0.379803	-0.507935	-0.325223	0.401697	-1.027355	-0.658418	-0.433191	0.573907	1.527640	1.629885	-0.949794
-0.512093	0.797063	-1.015091	-0.805703	-1.768657	-0.650360	0.286978	1.425773	-0.687243	-0.786178	0.630882	-1.499505	-0.032581	-1.066222	-0.223395	1.914430	-0.654149	-0.137113	0.148817	-1.536712	-1.257464	1.420673	0.209354	-0.027641	1.501749	0.118407	0.720533	-0.129328	-0.617437	0.457520	0.045745	-0.628278	-0.645852	-0.320249	1.546339	0.224309	0.014291	2.320348	1.066559	-0.678332	-1.016909	1.176382	0.792214	1.386051	0.382076	1.048732	-1.062601	0.237174	-0.210180	-0.090008	-0.575073	2.217932	2.191048	1.287254	-1.136216
0.679810	0.071565	0.950493	0.159200	-1.243154	-0.321109	1.702711	1.048599	-1.299939	-0.526045	-0.135636	-1.816370	-0.237698	-1.722188	-0.646336	1.457232	0.089191	-0.265459	0.105211	-0.911785	-1.469475	1.655870	-0.034074	-0.212735	1.939728	1.069299	1.781117	1.486219	0.446193	0.854174	0.060626	-0.978254	-0.711651	-0.844420	1.281643	0.532387	-0.171093	2.237139	1.115190	-1.293839	-1.195787	0.546707	0.375381	1.191938	1.008216	2.440651	-1.811190	0.249133	0.831523	0.648224	-0.723383	2.386011	1.810774	0.102047	-0.210728
0.889741	-0.106529	1.430764	0.277573	-0.562946	0.040384	1.764070	-0.146766	-1.401886	-0.230360	-0.940182	-1.342603	-0.398565	-1.562459	-0.679096	0.584366	0.479755	-0.529191	0.127202	-0.096245	-1.327472	0.955909	0.126915	0.155968	1.098617	0.765961	1.680550	1.774207	1.353766	0.670245	0.014241	-0.598566	-0.881065	-0.125135	0.668047	0.756297	0.152621	1.164684	0.620043	-1.069683	-0.595360	0.239595	0.303612	1.038612	1.327762	2.619873	-1.489276	0.273793	1.047557	0.495267	-0.520573	0.771297	0.867265	-0.603734	0.671866
-0.457001	0.717216	-0.278439	-0.806053	-0.440639	0.228271	0.690522	-1.321478	-1.142479	-0.463016	-1.327385	-0.859990	-0.370858	-0.695002	-0.074337	0.601694	0.150373	-0.769685	0.409340	0.139417	-1.498504	-0.417015	0.637296	0.400641	-0.553063	0.003767	0.653332	0.039147	1.476753	-0.169825	-0.420399	-0.090976	-1.233807	1.610627	0.077872	0.749874	0.892559	0.020349	0.294895	-0.417161	0.800780	0.576690	0.650415	0.999633	1.131384	1.239818	-0.322106	-0.349398	0.143115	-0.647984	-0.204535	-1.369659	0.067463	0.120018	0.266089
-2.027144	1.216604	-2.297664	-1.893125	-1.163595	-0.051581	-0.502845	-1.502310	-0.984056	-1.163085	-1.103765	-0.812590	-0.276623	0.185708	0.886457	1.495171	-0.514605	-0.935524	0.307382	-0.465902	-1.830367	-1.388764	0.512038	-0.286062	-1.730055	0.060120	-0.159529	-2.169472	0.759092	-0.867934	-0.948884	-0.421884	-1.607105	2.609881	-0.053319	0.091886	1.556252	-0.489854	0.272808	-0.416102	1.585089	0.606895	0.348629	0.587357	0.328498	-0.730319	0.293352	-1.516032	-1.000716	-1.688734	-0.349773	-2.458615	-0.326960	1.454963	-1.138565
-2.031366	0.473486	-2.562085	-1.543900	-2.297923	-0.570570	-0.868599	-0.674887	-1.037966	-1.664273	-0.566467	-0.999997	-0.179607	0.403771	1.678852	2.158268	-0.706184	-0.976335	-0.503515	-1.317564	-1.625661	-0.885357	-0.263728	-1.165160	-1.644143	0.889624	-0.026654	-2.629780	-0.168591	-0.593222	-0.789892	-1.230124	-1.729791	1.932940	0.585755	-0.713446	1.663245	-0.081583	0.472930	-1.065067	0.939369	-0.024819	-0.641970	-0.141715	-0.532908	-1.611480	-0.151246	-1.867841	-1.291819	-1.563832	-0.744628	-1.915347	-0.385107	1.750522	-1.980160
-0.435865	-0.406412	-1.211821	0.029923	-2.853661	-0.529868	-0.230377	0.227579	-0.999239	-1.508797	-0.281350	-1.083830	0.068222	-0.102326	1.995271	1.907420	-0.114528	-0.727753	-1.055689	-1.497036	-0.864262	0.794802	-0.338750	-0.664411	-0.750699	1.229135	0.577764	-1.063525	-0.425018	0.358821	0.196241	-1.119625	-1.403919	0.726456	1.628573	-0.409183	1.288804	0.997818	1.105129	-1.168614	0.041995	-0.283423	-0.841590	-0.397895	-0.579876	-0.725245	-0.508638	-0.525990	-0.613962	-0.475315	-0.503669	-0.466865	-0.152440	0.663114	-1.328799
0.843647	0.020023	-0.058373	1.039044	-2.129172	0.341630	0.601932	0.401796	-0.730137	-1.039989	-0.509700	-0.997507	0.489982	-0.809688	1.853801	1.098071	0.539291	-0.199791	-0.251766	-0.757807	-0.411251	1.887354	0.827593	1.069633	-0.183268	0.324779	0.689111	0.500936	0.296189	0.766822	0.997776	0.183347	-0.801736	0.496027	1.977701	1.073932	0.868815	1.862555	2.054493	-0.250397	0.486761	0.553986	0.421704	0.131963	0.223929	0.667438	0.136268	1.148168	0.154830	0.358883	0.399992	0.577256	0.241706	-0.421044	0.016573
0.275982	1.125196	-0.172620	0.397495	-0.562129	1.154081	0.574911	0.009568	-0.448948	-0.882049	-0.818161	-0.735382	0.852928	-1.196503	1.451426	0.447802	0.269208	0.197718	1.314914	0.247013	-0.662152	1.083905	1.663051	1.753188	-0.600347	-1.041877	0.159485	0.230570	1.223629	0.009021	0.548870	1.117146	-0.441159	0.998384	0.874867	1.894530	0.512862	1.594727	2.258651	0.514059	1.871037	1.493666	1.563116	0.592836	0.787628	0.738780	0.890316	0.866674	0.191726	0.096219	0.692982	0.437153	0.380750	-0.252697	0.598531
-1.274913	0.980883	-0.797628	-0.762240	0.626423	0.982547	-0.335466	-0.162348	-0.241183	-0.956037	-0.434067	-0.123161	1.047860	-1.152046	1.004583	0.317819	-0.822373	0.086546	1.819133	0.833636	-0.690961	-0.774585	0.524974	-0.080376	-1.614413	-1.467224	-0.145312	-1.259990	1.157061	-1.116833	-0.912800	0.385545	-0.510488	0.780624	-1.043029	0.509288	-0.113972	0.260316	0.732779	-0.017024	2.179215	1.124486	0.796641	0.032241	0.229285	-0.651829	0.395054	-1.431333	-0.431216	-0.888603	-0.434479	-0.495212	-0.080951	0.686416	0.058454
-1.600720	-0.710407	-0.652574	-0.600598	0.838597	0.198937	-0.957114	0.291322	0.186830	-0.479507	0.846236	0.882044	1.208374	-0.800794	0.587112	0.540994	-1.462084	-0.304414	0.582334	0.991186	0.496324	-1.697381	-1.757830	-2.767153	-2.192589	-0.568239	0.451329	-1.804737	-0.153848	-1.432861	-2.068749	-1.122756	-0.376173	-0.645832	-2.254418	-2.026714	-1.147376	-1.070515	-1.801090	-1.171791	0.552084	-0.312344	-1.208642	-1.222579	-0.909317	-1.812300	-0.962730	-3.117103	-0.945495	-1.562692	-1.867137	-1.086428	-0.842356	0.971287	-0.630636
0.001411	-1.992221	0.422407	0.888871	0.753961	-0.110532	-0.404798	0.975648	1.023359	0.929515	2.223341	1.871983	1.245921	-0.192297	0.052706	0.538501	-0.745787	-0.341220	-1.002663	1.003166	2.276971	-1.035863	-2.740319	-3.383761	-1.554484	0.651623	1.422468	-0.497160	-1.563365	-0.803903	-1.995360	-1.491273	0.701371	-2.128698	-1.977311	-3.119310	-2.075799	-1.509718	-3.260899	-1.331691	-1.489346	-1.241630	-2.125968	-1.860301	-1.330640	-1.434226	-1.460183	-2.143240	-0.727642	-1.282415	-1.787704	-0.639651	-1.100152	0.201039	-0.487450
1.878038	-1.375024	1.538751	1.924596	1.284253	0.247286	0.719471	1.273762	1.885371	2.549828	2.609437	2.319068	0.731336	0.620308	-0.749590	-0.221190	0.698675	0.238187	-1.295825	0.873489	2.954703	-0.068202	-1.463118	-1.397171	0.144914	1.065028	1.628556	1.312198	-1.763353	-0.068520	-1.003679	-0.332151	2.338360	-2.378620	-0.905940	-1.804177	-2.176967	-1.196966	-2.509213	-0.106711	-2.050686	-0.916579	-1.105649	-1.176904	-0.616796	-0.104051	-0.458391	0.399438	0.121972	-0.146049	-0.010725	0.391319	-0.478554	-0.588225	0.434375
2.212913	0.086737	2.018159	1.429917	2.259356	0.453673	1.165168	1.019234	2.110475	3.248383	1.751248	2.154901	-0.391998	1.339345	-1.611373	-1.509761	1.497881	1.012618	-0.364734	0.558405	1.958880	-0.056529	0.571427	0.894631	1.862520	0.644596	0.781949	1.914495	-0.762857	0.122859	-0.064221	0.918315	3.097916	-1.471650	-0.261532	0.247248	-1.333148	-0.799004	-0.621058	1.344387	-1.215089	-0.219615	0.300646	0.107383	0.392495	0.786896	0.821243	1.922167	0.908552	1.311327	1.802856	0.961186	0.367995	-0.498183	1.316749
1.141135	0.345914	1.974357	0.313855	2.658177	0.088526	0.698300	0.419082	1.448351	2.658350	0.412476	1.717012	-1.370973	1.540337	-1.978848	-2.335458	1.151368	1.380368	0.454933	0.340787	0.546438	-0.685653	1.572431	1.476371	2.476957	0.180884	-0.192128	1.235234	0.233337	-0.144945	0.195788	1.106687	2.103315	-0.602974	-0.496948	1.030429	-0.225892	-0.602383	0.542181	1.969689	-0.573604	-0.172444	0.504445	0.704213	0.789338	0.820332	1.140361	1.627371	0.970915	2.441110	2.200846	0.611973	0.363676	-0.000638	1.456879
0.129324	-0.814534	1.774005	-0.070133	2.015016	-0.248520	0.202736	-0.353753	0.332132	1.417173	-0.523404	1.197728	-1.417057	1.095736	-1.510691	-2.065402	0.382719	1.180620	0.411990	0.443270	0.052176	-0.874992	1.414674	0.800201	1.703765	0.121196	-0.390189	0.483831	0.345368	-0.516418	-0.141004	0.641104	0.202333	-0.689939	-1.132978	0.468080	0.341545	-0.480485	0.411356	1.830598	-0.846259	-0.574557	-0.140400	0.113063	0.553470	0.540231	0.772599	0.920807	0.270444	2.736593	1.403440	-0.111433	-0.779184	-0.179831	0.826258
-0.026146	-1.686803	1.478952	0.280540	1.023395	0.030357	0.243393	-1.132048	-0.512885	0.406470	-0.820583	0.523411	-0.717370	0.357239	-0.554421	-1.278035	0.008807	0.716189	-0.015921	0.549755	0.310284	-0.404511	0.974677	0.433743	0.246300	0.134446	-0.042557	0.464621	-0.055819	-0.808566	-0.569644	0.414822	-0.923702	-1.501334	-1.529793	-0.173468	0.230039	-0.441280	-0.188321	1.382598	-1.014247	-0.627365	-0.361395	-1.004920	0.159927	0.251651	0.637033	0.975164	-0.572630	2.152315	0.539900	-0.437999	-2.166332	-1.207896	0.090602
0.182531	-1.125101	0.907845	0.416447	0.541854	0.515867	0.286308	-1.585639	-0.726152	0.010225	-0.759937	-0.227918	-0.202482	-0.161950	0.124738	-1.002703	-0.054012	0.268173	-0.209722	0.202043	0.320027	0.010873	0.504456	0.698403	-0.916475	-0.300027	-0.020482	0.843004	-0.134340	-0.901591	-0.612225	0.415712	-0.658671	-2.066369	-1.445471	-0.302910	-0.006598	-0.621061	-0.524904	0.642348	-0.058128	-0.292459	0.017989	-1.612890	-0.213058	-0.259659	0.732474	1.235955	-0.886323	1.141454	0.129684	-0.309203	-2.591044	-2.103374	0.063423
-0.008795	0.040372	-0.074655	-0.075972	0.479159	0.313813	-0.409712	-1.556054	-0.627102	0.001608	-0.657750	-0.736193	-0.379881	-0.233623	0.079550	-1.350371	-0.477250	-0.195103	-0.336697	-0.504283	-0.231872	-0.051615	-0.409948	0.631532	-1.293164	-1.243170	-0.578897	0.827729	0.161636	-0.635758	-0.147463	0.045745	0.029095	-1.721733	-0.984547	-0.475159	0.155371	-0.779736	-0.722866	-0.485218	1.321811	-0.285967	0.112958	-1.307226	-0.663922	-0.960936	0.302985	0.598403	-0.612214	0.188457	-0.159514	-0.272876	-1.689011	-1.886428	0.807653
-0.700786	0.401367	-1.318035	-0.747204	0.172380	-0.693508	-1.612642	-1.396205	-0.776071	-0.080814	-0.691951	-0.900973	-0.818660	0.005374	-0.506418	-1.508698	-1.438641	-0.720974	-0.789580	-1.014252	-0.830021	-0.218027	-1.623733	-0.210537	-0.989151	-2.149293	-1.111068	0.146033	0.200013	-0.072976	0.501203	-0.688730	0.022816	-0.695408	-0.397148	-1.066819	0.568476	-0.420215	-1.055376	-1.532485	1.571410	-0.853635	-0.377096	-0.566708	-1.057165	-1.312663	-0.758456	-0.849279	-0.256347	-0.575028	-0.557068	-0.503001	-0.215435	-0.646793	1.384567
-1.336888	-0.049404	-2.191851	-1.075849	-0.397276	-1.521146	-2.228828	-1.462810	-1.135860	-0.404421	-0.874994	-0.998632	-0.823585	0.319554	-1.154631	-1.001197	-2.154080	-0.999876	-1.211773	-0.981515	-1.095185	-0.100648	-2.119670	-0.955499	-0.305346	-2.140358	-1.002065	-0.615775	-0.142534	0.409046	0.862965	-1.021940	-0.498934	0.253859	0.063760	-1.429968	0.591322	0.417768	-1.214659	-1.671452	0.528754	-1.203711	-0.610385	-0.052775	-1.014117	-0.919879	-1.518236	-1.821888	-0.149277	-1.126339	-0.626928	-0.389076	0.759005	0.547173	0.956809
-1.235545	-0.038249	-1.872184	-0.919456	-0.524062	-1.164948	-1.495815	-1.388113	-0.938193	-0.587471	-0.956159	-1.166927	-0.262672	0.573703	-1.455837	-0.271365	-1.638474	-0.635007	-0.814493	-0.550294	-1.133576	0.107717	-1.198660	-0.582040	0.573740	-0.703576	-0.215608	-0.550197	-0.116935	0.585348	0.847618	-0.422693	-0.441868	0.656880	0.385848	-0.735845	-0.094706	1.047451	-0.693775	-0.628673	-0.265285	-0.433966	0.146175	0.214625	-0.386602	0.019176	-1.136937	-1.296911	0.020256	-1.204824	0.130478	0.518553	0.927946	0.747040	0.039549
-0.222160	1.135582	-0.312828	-0.368779	0.002461	0.163251	0.144662	-0.483954	0.296126	-0.126052	-0.569576	-1.069877	0.418151	0.714979	-1.135157	0.136950	0.109706	0.222092	0.375579	-0.070153	-1.026856	0.121370	0.507268	0.695016	1.482482	1.523152	0.880253	0.499915	0.773021	0.737545	0.844650	0.692751	0.628622	0.712179	0.851363	0.783738	-0.990382	1.076023	0.410287	0.828464	0.277117	1.243047	1.418133	0.750394	0.535911	0.992799	0.108171	0.327866	0.690200	-0.631699	1.398536	1.465275	0.963118	0.183973	-0.030018
0.972477	2.519482	1.219190	0.270490	0.401375	1.204765	1.387076	1.062008	1.818093	0.803024	0.282571	-0.391640	0.780411	0.750197	-0.204380	0.376302	1.850353	0.877175	1.307377	0.244996	-0.626951	0.065820	1.603153	1.536107	1.996043	2.935528	1.738357	1.417108	1.797354	1.107155	1.051999	1.343884	1.799037	0.854914	1.504680	1.859829	-1.276967	0.858545	1.332225	1.496253	1.291561	2.511514	2.053718	1.641001	1.236794	1.515734	1.111426	1.497972	1.556694	0.136566	2.117047	1.142433	1.485377	0.061265	0.993362
1.146131	2.554537	1.235074	0.453203	0.069163	1.152742	1.283152	2.028061	2.245888	1.216615	1.017589	0.515725	0.808080	0.764128	0.735879	0.874862	2.195558	0.905706	1.272026	0.429926	-0.006573	0.039903	1.361973	0.868282	1.501324	2.441648	1.720735	0.806132	1.706015	1.133450	0.918772	0.932561	1.814489	1.116485	1.693375	1.438412	-0.787387	0.642690	1.329722	0.896510	1.273385	2.248319	1.511595	2.095283	1.223122	1.190099	0.991256	0.955154	1.649790	0.303192	1.536016	-0.459824	1.969670	1.007371	1.655998
-0.130942	0.978726	-0.233759	-0.090557	-0.419896	0.630602	0.182540	1.531823	1.157693	0.323122	0.974216	0.837480	0.800511	0.815931	0.788214	1.489633	0.983522	0.667166	0.930164	0.666064	0.336263	-0.334613	0.340524	-0.905209	-0.187508	0.686619	0.564655	-1.263778	0.286192	-0.045751	-0.190036	-0.161372	0.482114	1.145055	0.734444	-0.168067	-0.227091	-0.018478	0.371253	-0.197648	0.246567	0.717867	0.325831	1.386898	0.307463	-0.051268	-0.149981	-0.912482	0.511828	-0.294555	0.073334	-1.592347	1.231214	1.987829	0.617414
-1.798683	-0.734088	-1.586842	-0.789037	-0.219811	0.763904	-0.624880	0.161277	-0.358135	-1.426203	0.136902	0.203296	0.979601	0.802692	-0.163342	1.623383	-0.590278	0.737305	1.361142	0.989690	0.020223	-1.254581	-0.352117	-2.139920	-2.276970	-0.628318	-1.068868	-2.976469	-1.284416	-2.064471	-1.751538	-0.853554	-1.157076	0.843337	-0.873829	-1.401333	-0.253332	-1.248575	-0.705502	-0.521211	-0.337661	-0.664185	-0.553258	0.041954	-1.013604	-1.561540	-1.252890	-2.303550	-0.986826	-0.936909	-1.045914	-0.737292	-0.795590	1.414097	-1.516892
-2.275145	-1.052342	-1.598658	-0.687900	0.296713	1.478119	-0.308050	-0.681112	-0.978642	-2.614879	-0.785508	-0.831517	1.256289	0.535765	-0.941863	1.144598	-1.265659	1.064146	2.362910	1.095156	-0.653659	-1.892915	-0.169964	-1.627953	-3.365973	-0.609323	-1.949693	-2.675677	-1.756387	-3.029893	-2.199700	-0.387765	-1.941890	0.613302	-1.584630	-0.928135	-0.553526	-1.844566	-0.762411	0.331758	0.247363	-0.823179	-0.679969	-0.562543	-1.639723	-2.249367	-1.172957	-1.868760	-1.428038	-0.937140	-1.015773	1.389906	-2.418880	-0.654454	-2.865661
-1.160486	-0.188497	-0.788714	0.350748	-0.030460	1.490051	0.627363	-0.373045	-0.623337	-2.286088	-1.051219	-1.330549	1.371185	-0.027827	-0.289037	0.682895	-0.913413	1.087068	2.544235	0.694480	-0.940825	-1.097497	0.526263	-0.013398	-2.650826	0.090913	-1.436016	-0.727983	-1.088684	-1.546159	-0.736019	0.809821	-1.617882	0.729695	-0.585915	0.863580	-0.258273	-0.545301	0.530681	1.467449	0.985011	-0.092887	-0.370457	0.088449	-0.811549	-1.553747	0.145066	-0.177490	-0.437383	-0.431954	-0.156919	2.602684	-2.011901	-2.245791	-2.443208
0.432830	0.323520	-0.400833	1.305913	-1.219222	0.242850	1.041770	0.393970	-0.265966	-0.881036	-0.570025	-0.897876	1.179076	-0.659159	1.450337	0.784221	-0.308005	0.574826	1.249777	0.119616	-0.459093	0.875507	1.026207	0.919177	-0.728753	0.371845	-0.097006	1.018200	-0.187874	1.258832	1.404597	1.538380	-0.742684	0.819963	1.011920	2.106251	0.749695	1.744718	2.047952	1.733467	0.685100	0.401437	-0.127654	0.969286	0.935826	-0.018685	1.446529	1.061582	0.821104	-0.046651	0.598598	1.814662	-0.120828	-1.787722	-0.981395
1.264678	-0.229486	-0.643893	1.131686	-1.779482	-1.032548	0.521882	0.633729	-0.488709	0.350191	0.122545	0.013955	0.718777	-0.955388	2.514085	1.136513	-0.019349	-0.106500	-0.455453	0.099156	0.390086	2.162453	0.920727	0.386314	0.978295	-0.049475	0.920560	1.338636	0.264253	2.695964	2.158256	1.155153	0.103051	0.431100	1.396215	1.457654	1.519659	2.441132	2.110188	0.943965	-0.286122	0.163653	-0.024646	0.905283	2.110312	1.245233	1.448171	0.995925	0.896634	-0.100759	0.633322	0.010252	1.156450	0.065292	0.234582
1.174938	-0.811875	-0.712270	-0.011580	-0.778642	-0.935476	-0.281344	0.234388	-0.792701	0.676883	0.477770	0.631555	0.095059	-0.634133	1.788709	1.022334	0.107489	-0.545034	-1.191366	0.705381	0.872287	1.425506	0.251611	-0.637852	1.579615	-0.632740	0.975723	0.601618	0.333213	1.638197	0.995509	0.149050	0.732830	-0.107048	0.265228	-0.404588	1.284758	0.568125	0.352509	-0.219048	-0.672172	-0.286023	0.160362	0.092645	1.750265	1.565121	0.229510	0.225288	-0.325553	-0.383634	-0.035760	-1.310697	0.873469	1.501876	0.658833
0.769795	-0.224198	-0.191442	-0.980836	0.707347	0.120403	-0.540245	-0.051416	-0.452976	0.421018	0.471041	0.629905	-0.547848	0.146198	0.148172	0.372004	0.469265	-0.675874	-0.927930	1.061142	0.722822	-0.416590	-0.638445	-0.970680	1.301887	-0.761573	0.321292	-0.154649	0.389074	-0.255662	-0.607444	-0.715481	1.138246	-0.019395	-0.884544	-1.660586	0.460462	-1.740040	-1.650462	-1.180738	-0.188284	-0.301739	0.419535	-0.334582	0.384097	1.110820	-0.995659	-0.423555	-1.477436	-0.506572	-0.973503	-1.690580	0.264527	1.762288	0.545616
0.451527	1.074533	0.428957	-1.004680	1.040203	0.572504	-0.117104	0.396565	0.413821	0.256663	0.542981	0.375477	-0.989002	0.779724	-0.645863	-0.094038	1.050102	-0.599327	-0.575810	0.513389	0.372004	-1.374510	-1.269932	-0.687671	0.783147	-0.239658	-0.352930	-0.399790	0.564045	-0.866921	-1.160120	-1.288262	1.248111	0.692977	-0.761837	-1.467864	-0.056446	-2.023407	-2.047631	-1.790344	0.246931	0.096764	0.473929	0.101367	-0.678756	0.445056	-1.314455	-0.844724	-1.287234	-0.315509	-1.603268	-1.505319	0.667814	1.456080	0.262814
0.188803	1.503392	0.648345	-0.449970	0.222776	-0.046388	0.467888	1.312903	0.986263	0.309035	1.001548	0.407032	-1.068821	0.684868	-0.005027	0.140274	1.384691	-0.395240	-0.487118	-0.380146	0.362506	-0.872363	-1.310462	-0.538351	0.238554	0.607108	-0.543665	-0.269371	0.674581	-0.210153	-0.837906	-1.708132	1.052623	1.037375	0.153149	-0.653032	-0.097792	-0.680182	-0.750985	-1.875583	-0.034260	0.379972	0.150724	0.731496	-0.830849	-0.133316	-0.829736	-1.176076	-0.070241	-0.070058	-1.560564	-1.151157	1.461123	1.168174	-0.126336
-0.003086	0.477627	0.675275	-0.125216	-0.323125	-0.653010	0.691873	1.890049	0.796213	0.195507	1.565532	0.779430	-0.867279	-0.115351	1.053958	0.622676	1.119592	-0.156363	-0.235929	-0.572351	0.741763	-0.085942	-0.856436	-0.593513	-0.391366	1.156378	-0.211577	-0.046802	0.490443	0.176421	-0.715008	-1.691289	0.772612	0.337748	0.465693	-0.336918	-0.177995	-0.000369	0.677167	-1.211877	-0.610797	0.163655	-0.456028	0.755459	-0.621112	-0.686765	-0.050089	-1.142832	0.740812	-0.190742	-1.039925	-0.913187	1.041234	0.767642	-0.694623
0.131109	-0.797479	0.991847	-0.171191	0.173047	-0.330027	0.559112	1.750071	0.326383	-0.184848	1.666361	1.075600	-0.574421	-0.945057	1.368632	0.461739	0.521068	0.106055	0.340207	0.096577	1.153918	0.008889	-0.264451	-0.252953	-0.864148	1.086388	0.282462	0.218236	0.071496	-0.279728	-1.004811	-0.815297	0.676049	-0.782419	-0.237896	-0.522922	-0.565110	-0.763020	0.986447	-0.061208	-0.675266	-0.344589	-1.031205	0.146359	-0.769216	-1.168425	0.767567	-0.410481	0.448128	-0.660294	-0.587996	-0.934604	-0.705217	0.053084	-1.261007
0.638997	-0.841060	1.526340	-0.059312	0.946146	0.502892	0.473907	1.260520	0.374314	-0.361914	1.138818	0.966955	-0.226032	-1.150303	0.848657	-0.513999	0.233581	0.527041	0.717443	0.774724	1.302456	-0.179993	0.273044	0.661228	-0.788450	0.738401	0.451752	0.630912	-0.169982	-0.590612	-0.919411	0.591415	0.720520	-1.232535	-0.997020	-0.401447	-0.920832	-1.446341	0.460820	0.797858	-0.036816	-0.500011	-1.082903	-0.569564	-1.168699	-1.198644	1.443545	0.726725	-0.162502	-0.838358	-0.412968	-0.847795	-2.091942	-0.744650	-1.351923
1.000502	0.275470	1.578621	0.424631	0.870490	0.805942	0.540655	0.786492	0.891401	-0.026414	0.324024	0.485606	0.187016	-0.843529	0.090456	-1.453484	0.390360	0.999054	0.387901	0.645390	1.076038	0.133029	0.649766	1.510022	-0.273237	0.547628	0.076583	1.095333	0.058001	0.004952	-0.049497	1.430639	0.534416	-0.910211	-0.799455	0.328378	-0.748152	-0.713410	0.153922	0.810916	0.673867	-0.006349	-0.358124	-0.999269	-1.188583	-0.595506	1.568087	1.458754	-0.136310	-0.206001	-0.218384	-0.039795	-1.810212	-1.303215	-0.684138
0.582619	1.007464	0.634734	0.762172	-0.220644	0.096943	0.169803	0.052581	0.815478	0.297323	-0.506569	-0.217088	0.385178	-0.791538	-0.557334	-1.441195	0.225110	0.879478	-0.556431	-0.349515	0.420212	0.855523	0.429331	1.606924	0.115888	0.257820	-0.572205	1.201027	0.382254	0.884832	0.987675	0.906128	-0.152048	-0.641186	0.306678	0.978348	0.062465	0.834580	0.529903	0.125480	0.564172	0.452688	0.503740	-1.129151	-0.728865	0.084504	0.834883	1.232779	0.278467	0.831315	0.118894	1.261383	-0.435444	-1.544127	0.402990
-0.503803	0.194688	-0.843992	0.475675	-1.544858	-1.252202	-1.197441	-1.287197	-0.594887	-0.176576	-1.412356	-1.015769	-0.028992	-1.430871	-1.056626	-0.568490	-0.975015	-0.323251	-1.614510	-1.646164	-0.547956	1.318418	-0.824090	0.991304	0.146305	-0.706895	-0.980952	0.665648	0.082479	1.085868	1.439292	-0.608131	-1.103974	-0.760509	1.485273	0.762950	1.016348	1.793122	1.162650	-0.750049	-0.622752	-0.147518	0.325444	-1.091358	-0.434496	0.041613	-0.444459	0.237650	0.201446	1.310634	0.179324	1.786570	0.591178	-1.456715	1.210648
-1.294792	-1.492654	-1.661385	-0.115522	-2.208237	-2.363991	-2.919560	-2.651978	-2.478802	-1.275347	-2.289862	-1.612521	-0.903640	-2.184561	-1.214790	0.178692	-2.578249	-1.951798	-2.254796	-2.467360	-1.347108	1.296154	-2.542365	0.305448	0.233797	-2.047393	-0.884217	-0.164370	-0.849073	0.684116	1.332176	-1.878930	-1.682955	-0.565179	2.040135	-0.157607	1.321863	1.740797	1.402596	-1.420184	-2.005760	-1.682356	-1.063789	-0.885757	-0.693237	-0.631845	-1.465655	-0.784314	-0.350436	0.880261	-0.286387	0.758554	0.769053	-0.972677	1.387962
-0.912704	-2.282137	-1.074179	-0.266221	-1.853729	-2.391315	-3.308016	-2.795012	-3.047757	-1.756677	-2.513532	-1.531901	-1.395265	-2.052373	-0.769213	0.107965	-2.895393	-2.566060	-2.115445	-2.214963	-1.398754	1.159307	-3.152963	0.109932	0.785590	-2.467439	-0.413859	-0.522257	-1.403701	0.527231	1.179199	-1.899767	-1.380681	0.475256	1.879804	-0.766840	0.672233	1.253169	0.993830	-1.609644	-2.291175	-2.603942	-2.197815	-0.390005	-0.882171	-0.777932	-1.594472	-1.041480	-0.369732	0.203443	-0.659223	-0.808318	0.749964	-0.224477	1.204840
0.497350	-1.391241	0.362746	0.272448	-0.807854	-1.188887	-1.475080	-1.316772	-1.664369	-0.713754	-1.491942	-0.595346	-0.858839	-0.845728	0.119110	-0.371476	-1.152510	-1.651661	-1.271565	-0.955157	-0.622014	1.181577	-1.728224	0.446688	1.557923	-1.205448	0.201188	-0.019333	-0.750554	0.954911	1.136732	-0.681367	-0.296476	1.600992	1.334695	-0.289413	-0.315603	0.804161	0.185694	-1.078087	-1.226613	-1.694029	-1.637306	0.324184	-0.118073	0.468556	-0.816214	-0.172021	0.633042	0.080782	-0.094464	-1.140485	1.100296	0.347588	1.074679
1.861977	0.070004	1.325438	0.973207	0.171491	0.342407	1.264337	0.566964	0.319259	1.220200	0.457095	0.685610	0.233634	0.486312	0.882454	-0.374590	1.214703	-0.473181	-0.404025	0.379778	0.355512	1.105574	0.647241	0.938108	1.931491	0.704061	0.872010	0.890027	0.544493	1.357150	0.841645	0.863637	0.846763	1.524288	0.766722	0.944213	-0.759676	0.375290	-0.521561	0.096737	0.027877	0.261961	0.081703	0.804176	1.386435	2.355335	0.359510	1.421022	1.757567	0.489051	1.199054	0.063342	1.497975	0.412164	0.978706
2.123964	0.464508	1.067428	1.113329	0.414287	0.909487	2.532139	1.226857	1.106424	2.443199	2.060728	1.401857	0.651645	0.912524	1.106801	0.207503	1.900822	-0.644657	-0.304331	0.660784	0.705680	0.520631	1.830146	1.122694	1.641896	1.355414	1.488562	1.324041	1.046868	1.034425	0.050368	1.707044	1.181202	0.078011	0.331851	1.781565	-0.543333	-0.075282	-0.797093	1.246897	0.220975	1.221054	0.988239	0.620522	2.313010	3.080541	1.240074	2.676984	1.768688	0.737657	1.913991	1.225435	1.254343	0.118528	0.555741
1.119889	-0.483715	0.088439	0.521856	-0.134268	0.120611	1.505630	0.371946	0.410298	2.042551	2.103732	1.020418	-0.182292	0.506291	0.817188	0.537789	0.392918	-2.009155	-0.959129	-0.271723	0.182575	-0.442840	1.002937	0.737575	0.967645	0.183366	1.683716	0.855934	0.178727	0.137144	-0.815361	1.466003	0.370442	-1.525667	0.007542	1.374147	-0.312900	-0.368682	-0.764270	1.524842	-0.597729	0.296404	0.143391	0.002191	1.785126	1.837462	1.268400	2.666902	0.629814	0.413496	1.108514	0.952044	0.271155	-0.197946	-0.256228
-0.304810	-1.461886	-0.546815	-0.262649	-0.803440	-1.003414	-0.207182	-0.797501	-0.502863	0.574203	0.589384	-0.140063	-1.422501	0.321328	0.205713	-0.022967	-1.342323	-2.632673	-1.384689	-1.302955	-0.631624	-1.038237	-0.409452	-0.076646	0.292562	-1.329756	1.031743	-0.040539	-1.044907	-0.496615	-0.951012	0.608604	-0.994388	-2.063304	-0.224327	0.054710	-0.455881	-0.397368	-0.780841	0.796051	-1.204348	-1.147245	-1.157300	-0.224294	0.482673	-0.138791	0.382353	1.467075	-0.501272	-0.187503	-0.633436	-0.180579	-0.739659	-0.490442	-0.933765
-1.055076	-1.077085	-0.399587	-0.627539	-0.771811	-1.124481	-0.585300	-1.023501	-0.431607	-0.741770	-1.124005	-1.217742	-1.747479	1.046317	-0.605750	-1.059613	-1.184241	-1.177056	-0.714832	-1.252107	-0.972011	-0.713813	-0.481816	-0.770863	-0.210460	-1.436734	-0.368413	-0.501340	-1.166276	-0.329843	-0.032975	0.023050	-1.729434	-1.408009	-0.303845	-0.890316	-0.494480	-0.273253	-0.883185	-0.087819	-0.551954	-1.124331	-0.991033	0.455246	-0.190475	-0.945435	-0.725038	0.062137	-0.661454	-0.614937	-1.789815	-0.503574	-0.917629	-0.791138	-0.931499
-0.809891	0.580155	0.006321	-0.605787	0.083562	-0.155864	0.467678	-0.181923	0.502233	-1.232238	-1.543669	-1.569052	-0.917767	2.008937	-1.374975	-1.651499	0.632132	1.304162	0.673070	-0.264282	-0.730419	0.150877	0.913144	-0.813701	-0.447667	-0.142626	-1.652922	-0.226251	0.088857	0.310782	1.297636	0.238111	-1.092545	-0.259285	-0.242706	-0.467274	0.243748	-0.083055	-0.686495	-0.207760	1.064655	0.556676	0.791021	1.484948	0.180547	-0.162507	-1.016461	-0.696359	-0.005998	-0.816470	-1.462429	0.470377	-0.096353	-0.740153	-0.365015
-0.250866	1.930380	0.047938	-0.683530	1.043660	0.720433	1.358030	0.839770	1.160134	-1.051517	-0.526352	-1.192870	0.071860	1.842558	-1.586257	-1.457112	1.957576	2.544312	1.539372	0.476905	-0.423772	0.631044	2.070893	-0.231979	-0.290188	1.024726	-1.870142	0.266116	1.543514	0.682805	1.928255	0.911878	0.367562	0.687917	-0.232693	0.919234	1.487262	0.188470	-0.032157	0.349508	2.181202	2.067162	2.375831	1.626489	0.685286	0.890567	-0.183223	-0.754317	0.665536	-0.822004	-0.090311	1.516561	0.948057	-0.000976	0.170497
-0.157941	1.622091	-0.106508	-0.915202	1.408674	0.734238	1.035794	1.073122	0.705450	-0.579449	0.608577	-0.482059	0.406861	0.209677	-0.882881	-0.893128	1.438282	1.705323	1.293350	0.395131	-0.375643	0.318375	1.669729	0.481833	0.206641	0.931652	-0.991674	0.402927	1.859486	0.401598	1.281128	1.215879	1.238653	1.126382	-0.422598	1.839340	1.981059	0.404250	0.559285	0.731066	1.710896	1.854618	2.250020	0.308419	0.535934	0.980316	0.870143	-0.414333	0.832008	-0.318123	1.235544	1.517887	1.171409	0.873002	0.370051
-0.470540	0.190216	0.137772	-0.753767	1.248666	0.552172	0.187004	0.324004	-0.476645	0.036293	0.564994	0.227045	0.404649	-1.531182	0.324288	-0.391164	-0.030668	0.067516	0.603508	0.196816	-0.343750	-0.350761	0.356336	1.008398	0.647189	-0.090385	0.053433	0.255037	0.917672	-0.319959	-0.183278	0.839278	0.751059	1.085364	-0.609265	1.478557	0.967490	0.304154	0.507157	0.561277	0.288610	0.534754	0.974525	-1.468136	0.233838	0.399745	1.036934	0.238398	0.470979	0.787732	1.775117	0.925033	0.340381	0.843215	0.427249
-0.542877	-0.544000	0.695895	0.010819	1.017346	1.058815	0.039901	-0.619743	-1.174636	0.703602	-0.516262	0.774186	0.696709	-1.768100	1.057251	0.079967	-0.739352	-0.834137	0.287553	0.612802	-0.082367	-0.819346	-0.288842	1.349326	0.608596	-0.991432	0.514555	0.201126	-0.186912	-0.989931	-1.436340	0.331113	-0.363721	0.765631	-0.410348	0.538387	-0.560145	-0.053942	0.065029	0.352107	-0.452348	-0.118059	0.179997	-1.999462	0.721665	0.240240	0.317358	1.032661	-0.240366	1.611922	1.446263	0.846464	-0.672620	-0.075141	0.472110
-0.163015	0.125563	0.768428	0.718632	0.772285	1.742496	0.686763	-0.688006	-0.612998	1.148400	-1.291727	1.079288	1.026049	-0.498641	0.804027	0.618904	-0.277965	-0.837805	0.187364	1.166119	0.198447	-1.033610	0.138419	1.283003	0.115114	-1.138984	0.639491	0.205805	-0.438649	-1.221269	-1.791942	0.209888	-0.808623	0.327192	0.148293	0.144209	-0.881508	-0.224977	0.034787	0.506034	-0.022534	0.360661	0.324091	-0.889010	1.700433	0.673315	-0.399013	1.257790	-0.966047	1.041820	0.595635	1.318807	-0.887497	-0.560098	0.284255
0.176210	0.833616	0.162300	0.748037	0.309737	1.356483	1.172649	0.360857	0.798223	1.161820	-0.726894	1.163841	0.631415	0.797122	0.057882	0.886584	0.394588	-0.595840	-0.274768	0.913828	0.278062	-1.161800	0.556479	0.325471	-0.347127	-0.519158	1.068877	-0.061996	0.050120	-0.898922	-1.333935	0.136558	-0.252965	-0.229460	0.515084	0.293205	0.111865	0.051379	0.600221	0.567444	0.300089	0.676736	0.377717	0.319983	1.711726	0.673709	-0.655889	0.282344	-1.098202	-0.597643	-0.238336	1.325198	-0.338021	0.182450	-0.181095
0.058507	0.191755	-0.128534	0.493754	-0.166634	-0.008932	0.914316	1.600206	1.963448	0.915639	0.796229	1.156959	-0.326528	1.034963	-0.461547	0.447412	0.540591	-0.239534	-0.838194	0.027491	0.441369	-1.058505	0.110029	-1.361349	-0.355046	0.572655	1.737391	-0.502164	0.380358	-0.180534	-0.565646	-0.513575	0.515659	-0.894834	0.344185	0.072535	0.643750	0.501781	1.048094	-0.043932	-0.591098	-0.135971	-0.351720	0.045735	0.149462	-0.454768	-0.811062	-1.374378	-0.209709	-1.536145	-0.606020	0.339547	0.159074	1.155632	-0.400428
-0.318169	-1.036241	0.642964	0.705724	-0.182125	-0.744807	0.315744	1.861586	2.140644	0.718094	1.880267	1.074043	-0.614232	0.602533	-0.741216	-0.406238	0.444765	0.596329	-0.572038	-0.318427	1.012218	-0.438900	-0.610984	-2.594387	-0.032942	1.570911	1.848871	-0.592130	0.010070	0.535376	0.097553	-1.531832	0.751111	-1.386671	0.040872	-0.812565	-0.396852	0.717248	0.797080	-1.007990	-1.853261	-1.209647	-1.082310	-1.269529	-1.625322	-1.936506	-1.113801	-2.299949	1.125798	-0.731376	-0.540420	-0.919437	0.184145	1.016151	0.064353
-0.590605	-0.943958	1.547840	1.100952	0.223925	0.077648	-0.028530	0.937071	1.405337	0.528239	1.583843	0.708975	0.461186	0.439894	-1.102303	-0.659834	0.605314	1.755967	0.693985	0.327991	1.557997	0.463086	-0.448079	-2.374827	0.062993	1.779623	0.916707	-0.294268	-0.730399	0.697769	0.372647	-1.998044	0.436378	-1.243074	0.118396	-1.591467	-1.693679	0.610251	0.130681	-1.445578	-1.711140	-1.026552	-0.675888	-1.798293	-1.853729	-2.402372	-1.204243	-1.798312	1.443831	0.629169	-0.552053	-1.441489	0.088100	0.168840	0.670638
-0.758690	0.681957	1.023484	0.580532	0.459301	1.377855	-0.068047	-0.261495	0.342424	0.039350	0.421177	-0.007126	1.945374	0.698031	-1.252892	0.295527	0.890589	2.431934	1.916823	1.026423	1.225608	0.863747	0.692659	-1.196069	-0.451396	1.068526	-0.503566	-0.389337	-1.182898	-0.058949	-0.012417	-1.499397	-0.147679	-0.319876	0.243300	-1.617158	-1.260680	0.301857	-0.374661	-1.100132	0.070752	0.493224	0.690940	-0.778605	-0.593113	-1.549416	-0.795840	-0.728571	-0.085768	0.564417	-0.954319	-1.161368	0.150374	0.223981	0.300374
-0.923153	1.864146	-0.823637	-0.990189	0.260978	1.576237	-0.005496	-0.701173	-0.444517	-0.725204	-0.256877	-0.631294	2.349191	0.734911	-0.546406	1.816208	0.879358	2.209918	2.128021	0.898224	-0.000699	0.323830	1.668219	-0.471864	-1.357735	0.263696	-1.290198	-1.442753	-1.083108	-1.437283	-1.026826	-0.623629	-0.827670	0.874701	-0.404992	-1.228936	0.705063	-0.158065	-0.643185	-0.555051	1.701991	1.862264	1.599831	0.607566	0.436370	-0.350767	-0.216949	-0.362172	-2.365499	-1.059148	-1.311816	-0.891389	0.012143	1.498130	-1.207369
-0.856021	1.059131	-2.083550	-2.140305	0.092642	0.656550	0.138925	-0.280540	-0.618693	-1.233567	0.153556	-0.539482	1.491571	0.156150	0.822238	2.613279	0.558255	1.641921	1.566147	0.422981	-0.989229	-0.597158	1.521243	-0.733048	-2.015723	0.281440	-0.924634	-2.752059	-0.621828	-2.491913	-1.998551	-0.094560	-1.291517	1.498608	-1.791786	-1.059531	1.906614	-0.720439	-0.900892	-0.254291	1.578958	1.838063	1.052866	0.918674	0.046841	0.215474	0.122220	-0.797915	-3.252351	-2.198186	-0.905133	-1.155059	-0.696893	2.312531	-2.452028
-0.323112	-0.800486	-1.521891	-1.572083	0.334966	-0.165060	0.247052	0.138222	-0.271014	-1.071115	0.825653	0.232077	0.504897	-0.580792	1.653082	2.062265	0.190985	1.397875	1.065988	0.534166	-0.811599	-0.938229	0.568259	-1.060217	-1.919522	0.895040	-0.056494	-2.924094	-0.057324	-2.411258	-2.052850	0.083791	-1.096398	1.089795	-2.720737	-1.036722	0.817534	-1.165565	-1.048718	0.061180	0.225239	0.696740	-0.411292	0.208713	-1.171537	0.077297	0.361392	-1.032115	-1.913236	-1.151750	0.231765	-1.535511	-1.581763	1.221789	-1.941590
0.324301	-1.592006	-0.233223	0.029074	0.465974	-0.382550	-0.164514	-0.299671	0.073987	-0.543750	0.522956	0.740938	0.155941	-0.710487	1.065796	0.688290	-0.244164	1.244138	0.778039	0.983134	0.032043	-0.440608	-0.164744	-0.466718	-1.115328	0.926670	0.208917	-1.532644	0.423786	-1.276780	-1.051891	0.341672	-0.380600	-0.007520	-2.189811	-0.611686	-1.483979	-1.256803	-0.776010	0.654616	-0.555853	-0.412159	-1.429248	-0.338260	-1.890747	-0.253429	0.852469	-0.425650	0.200134	1.283219	1.075616	-1.409459	-1.805923	-1.011371	0.018477
0.434863	-0.677261	-0.098606	0.842032	-0.355333	-0.714031	-1.320301	-1.496776	-0.122806	-0.345294	-0.910421	0.104419	0.036327	-0.151652	-0.425860	-0.448364	-0.938607	0.449387	0.160291	0.642044	0.314892	0.311545	-0.238312	0.715534	-0.186106	-0.151320	-0.475463	0.290756	0.536049	0.088211	0.193013	0.741215	-0.061638	-0.868012	-0.623828	0.231634	-2.679666	-1.038890	-0.217933	1.058818	-0.011650	-0.820090	-1.328118	-0.065123	-1.633432	-0.383447	1.421271	0.501434	1.012108	2.752397	0.651655	-0.939532	-1.100168	-2.437748	1.511870
-0.003238	0.576344	-1.214389	0.300087	-1.917534	-1.625406	-2.478657	-2.452147	-0.783809	-0.641334	-2.305369	-1.298477	-0.386874	0.291261	-1.436212	-0.619147	-1.620734	-0.898041	-0.908095	-0.669218	-0.229775	0.760059	-0.130891	1.212895	0.208535	-1.323833	-1.364483	1.137070	-0.006108	0.938363	0.821818	0.827294	-0.699233	-0.713860	0.645779	0.705984	-1.810341	-0.784415	-0.026707	0.565359	0.844703	-0.731514	-0.647492	0.450349	-0.989088	-0.288777	1.382509	0.852223	0.091697	2.110062	-0.812859	-0.822807	-0.089164	-2.314781	1.231653
-0.236945	0.720314	-1.869426	-0.356686	-2.834265	-2.397559	-2.512376	-2.224037	-1.200604	-0.811236	-2.402490	-2.029316	-0.801456	-0.130775	-1.147243	0.064151	-1.608833	-1.670126	-1.732086	-1.725996	-0.644765	0.947082	-0.407297	0.334482	-0.069999	-1.211676	-1.496530	0.819101	-1.006829	1.153562	0.831066	0.216359	-1.487168	0.373533	0.914064	0.110890	0.009787	-0.587677	-0.601501	-0.771179	0.768911	-0.659428	-0.336599	0.321933	-0.695732	-0.215174	0.335919	0.423929	-1.076768	0.536374	-2.015497	-1.203284	0.472927	-1.507198	-0.004097
0.195057	-0.190303	-0.963103	-0.016802	-2.147173	-2.202687	-1.305538	-0.829631	-0.881735	-0.277685	-1.175353	-1.235559	-0.725767	-1.124113	-0.056246	0.690569	-0.734838	-1.105107	-1.736262	-1.601605	-0.224134	1.139053	-0.974545	-1.189898	-0.504372	0.110173	-0.722755	0.263618	-1.676993	1.095688	0.865783	-0.866368	-1.145138	1.437299	0.695836	-1.185897	1.190724	-0.197485	-1.437628	-2.053090	-0.208619	-0.909210	-0.776805	-0.471012	-0.915864	-0.467210	-1.203711	-0.281609	-0.885433	-0.148598	-1.898428	-1.400630	0.545203	-0.777147	-0.388014
0.750042	-1.078714	0.597746	0.800795	-0.554704	-1.371851	-0.024412	0.747824	-0.208966	0.649061	0.205723	0.278463	-0.522606	-1.619929	0.693224	0.294270	0.199013	0.059979	-1.252702	-0.946221	0.479535	1.260783	-1.250475	-1.863356	-0.513476	1.078960	0.203959	0.202973	-1.346210	1.112071	1.249275	-1.640776	0.266550	1.496155	0.793988	-1.864579	1.325113	0.572996	-1.466448	-2.354498	-1.059342	-1.430719	-1.539635	-1.103071	-1.221760	-1.052594	-2.040113	-0.728067	0.681113	0.382721	-0.682671	-0.820776	0.648102	0.109195	0.538848
0.644376	-1.209416	1.282584	0.891426	0.495474	-0.813477	0.264790	1.409320	0.083853	1.078838	0.692468	1.030877	-0.901766	-1.042689	0.584349	-1.109962	0.270465	0.388607	-0.969225	-0.910875	0.513876	0.973507	-0.833551	-0.830192	-0.130526	0.520247	0.442763	0.483326	-0.214786	1.185385	1.544366	-1.362160	1.249608	0.437194	1.166258	-0.913777	1.149326	1.371412	-0.159504	-1.362118	-1.021201	-1.777826	-1.799243	-0.885451	-0.980088	-1.448616	-1.270018	-0.673123	2.128390	0.904571	0.505904	0.240911	0.961584	1.271522	1.356732
-0.003676	-0.690817	0.886531	0.091111	0.580954	-0.583689	-0.205960	0.881453	-0.092312	0.616482	0.411801	0.630314	-1.654833	0.018121	0.160869	-2.350293	-0.474906	-0.521994	-0.939071	-1.389201	-0.118690	0.186210	0.054974	1.234794	0.099444	-0.952327	-0.131264	0.605941	0.854565	1.005673	1.161159	-0.064718	0.787006	-1.001430	0.999046	1.145862	1.381020	1.488984	1.681831	0.481579	-0.242221	-1.358319	-1.033508	0.062239	0.118977	-1.009567	0.751531	-0.159229	2.039387	0.322428	0.897237	0.865495	0.940248	1.839133	0.679837
-0.327692	-0.066257	0.395619	-0.669426	0.476286	0.077692	-0.457166	-0.131929	-0.196793	-0.228946	0.238633	0.002443	-1.714792	0.581833	0.208949	-2.218023	-1.148750	-1.609780	-0.642081	-1.198318	-0.535854	-0.702949	0.662458	2.569995	-0.127806	-1.726958	-0.897286	0.412915	1.211470	0.386426	0.150254	1.189541	-0.382876	-1.962626	-0.171673	2.463574	1.925685	0.602818	2.409342	2.059978	0.536224	-0.148770	0.364693	1.045891	1.634655	0.222596	2.402187	0.393065	0.462223	-1.082410	0.742135	0.436403	0.067772	1.048955	-1.003512
0.129769	0.186229	0.394332	-0.682672	0.724755	1.379700	-0.101153	-0.757179	-0.027642	-0.760724	0.542591	-0.037395	-0.569173	0.480476	0.787970	-0.656009	-1.079869	-1.653140	0.123677	0.181685	-0.206211	-1.104257	0.331512	1.893184	-0.478294	-1.057164	-1.151172	0.053221	0.843536	-0.438027	-0.846502	1.141637	-0.830871	-1.974987	-1.682243	1.613284	2.020714	-0.783324	1.111718	2.164931	0.661344	0.957984	1.256130	1.482097	2.577872	1.391415	2.115515	0.352256	-1.256622	-2.078938	0.723330	-0.721486	-1.211697	-0.369597	-1.892523
0.926126	-0.028460	0.479523	-0.147637	0.901158	2.496212	0.417126	-0.789099	-0.046392	-0.841634	0.797366	0.259086	0.999870	0.432678	1.244770	1.315324	-0.379246	-0.610169	0.925232	1.863919	0.441281	-0.807785	-0.750351	-0.284242	-0.429233	0.275799	-0.706257	-0.348426	0.082678	-1.041081	-1.348953	-0.260929	-0.186991	-0.982757	-2.281154	-0.796695	1.015033	-1.767271	-1.249108	0.651037	0.121621	1.005418	0.912915	1.358191	2.317907	1.752984	-0.000272	-0.384547	-1.903348	-1.842954	0.972270	-1.563499	-1.748109	-0.853429	-1.059389
1.371679	-0.340752	0.219062	0.371418	0.542168	2.625416	0.681044	-0.550967	-0.493115	-0.706336	0.505853	0.276813	1.807131	0.895108	1.004083	2.570451	0.450784	0.493740	1.288070	2.644086	0.701103	-0.291859	-1.560756	-2.103828	0.077084	1.037480	0.114932	-0.703915	-0.704582	-1.288602	-1.467748	-1.576208	0.749099	0.609526	-1.452495	-2.612793	-0.818712	-1.903664	-2.654895	-1.126393	-0.434715	0.144228	-0.073115	1.080043	1.224447	1.456534	-2.120905	-1.032193	-1.495048	-0.710426	0.927143	-1.288948	-0.980060	0.080376	0.478483
1.234719	-0.286095	-0.075463	0.609008	0.081702	1.903211	0.777252	-0.140097	-0.738733	-0.343839	0.069549	0.114308	1.503030	1.289423	0.152370	2.554482	1.060269	0.775874	1.188587	2.228906	0.483961	-0.295839	-1.280073	-2.287328	0.612193	0.853567	0.895447	-0.826597	-1.119040	-1.384458	-1.514483	-1.435414	1.268682	1.889080	-0.012805	-2.408558	-2.276994	-1.480736	-2.157649	-1.617866	-0.400723	-0.504663	-0.452558	0.875754	0.206702	1.103310	-2.610915	-0.781746	-0.904126	0.340351	0.174104	-0.155167	0.365712	1.326142	1.046041
0.740309	0.196381	0.129018	0.616607	0.255972	1.025717	0.918629	0.694752	-0.032464	0.497115	0.329574	0.387636	0.709700	0.832460	-0.662477	1.417126	1.364399	0.348765	0.868790	1.201533	0.270453	-0.911709	-0.187427	-1.309703	0.831868	0.350215	1.442821	-0.538206	-0.820780	-1.383963	-1.436004	-0.160404	1.447437	1.972842	0.799541	-0.882937	-2.320479	-0.890264	-0.774500	-0.745440	0.082357	-0.153839	0.202837	0.552690	-0.205420	0.872464	-1.677383	0.156570	-0.630640	0.700264	-0.796537	0.824936	1.140395	1.666297	0.297681
0.229928	0.814847	0.705843	0.475743	0.910273	0.441936	1.106938	1.882044	1.348267	1.676637	1.351081	1.127381	0.188650	-0.107519	-0.780556	-0.037853	1.422336	-0.023563	0.501349	0.244024	0.329051	-1.303057	0.757377	-0.413528	0.867115	0.270705	1.815767	0.112688	0.168586	-0.938634	-0.893257	0.753536	1.622355	0.914419	0.718852	0.309505	-1.154170	-0.034879	0.046715	0.255049	0.394888	0.891647	1.132144	0.031543	-0.077491	0.563953	-0.695535	0.853012	-0.295980	0.470080	-0.955937	1.040648	1.100639	1.128398	-0.515619
-0.057016	1.319678	0.938082	0.217603	1.047751	0.173284	1.254418	2.713040	2.189016	2.398425	2.103451	1.461282	0.127276	-0.272527	-0.080793	-0.781108	1.310415	0.092820	0.166143	-0.320054	0.321907	-0.660924	1.001929	0.025335	1.053972	0.669653	2.146072	0.856032	1.381900	0.216702	0.152079	0.579018	1.728483	-0.256193	0.613524	0.604966	0.036570	1.260400	0.289104	0.481259	0.305150	1.728734	1.399600	-0.237387	0.312460	0.223565	-0.309946	0.841842	0.605270	0.027867	0.030337	0.857439	0.958088	0.557471	-0.193380
-0.103893	1.504572	0.386977	-0.059750	0.095718	0.069696	1.265200	2.466669	1.615952	1.877950	1.576419	0.641307	0.194693	0.693691	0.879507	-0.451383	1.000461	0.384217	-0.091891	-0.497865	-0.156551	0.691690	0.678055	0.493859	1.398008	0.916062	2.430572	1.404524	2.212864	1.649326	1.197481	0.019624	1.406516	-0.709346	1.219663	0.702370	0.324073	2.479368	0.937421	0.159078	0.110056	1.688362	0.789189	0.093111	0.619761	0.084098	-0.035836	0.484183	1.788503	-0.339656	1.153678	0.902548	1.193258	0.286221	1.024340
-0.130680	1.068148	-0.594384	-0.170588	-1.314550	-0.049634	0.955655	1.185264	0.032455	0.287839	-0.001744	-0.915222	0.093168	1.534228	1.322186	0.226114	0.412565	0.360878	-0.304735	-0.473587	-0.879636	1.578881	0.050248	1.036468	1.519040	0.404581	2.504234	1.625496	2.312212	2.438888	1.667662	-0.096858	0.605447	-0.707579	2.112437	1.013455	-0.229620	2.721089	2.034495	-0.171763	-0.003186	0.743396	-0.254939	0.474960	0.429752	-0.008004	0.416645	0.206426	2.341823	-0.369775	1.024556	1.171505	1.383720	-0.167752	1.987879
-0.333224	0.046782	-1.221314	-0.032575	-1.985585	-0.334508	0.263055	-0.275853	-1.288063	-1.171431	-1.377530	-1.972186	-0.141571	0.999131	0.944550	0.239379	-0.298408	0.059993	-0.515209	-0.452104	-1.181043	1.346944	-0.703399	0.962330	1.167590	-0.686444	2.217935	1.620823	1.823264	2.114862	1.496800	0.081048	-0.135022	-0.947387	2.246858	1.015540	-0.895714	1.860849	2.330894	-0.426973	-0.135985	-0.457574	-1.077752	0.067809	-0.329215	-0.425938	0.509715	-0.033951	1.815365	0.179808	-0.446912	1.240894	0.960379	-1.109683	2.140973
-0.566267	-0.755877	-0.982204	0.159785	-1.364760	-0.755074	-0.433204	-0.923364	-1.457470	-1.370976	-1.662298	-1.829491	-0.414917	-0.475522	0.150976	-0.578861	-0.711988	-0.119436	-0.615349	-0.505734	-0.845792	0.509789	-1.219766	0.130875	0.578871	-1.414399	1.546593	1.687561	1.318828	1.190120	1.118914	0.047965	-0.150284	-1.367501	1.311921	0.415772	-1.022536	0.784407	1.183998	-0.606565	-0.176155	-0.987979	-1.161532	-0.844943	-1.032908	-0.962281	-0.053154	-0.318854	0.877689	1.183495	-1.724954	1.083510	0.170204	-1.985343	1.903844
-0.484077	-0.454610	-0.058557	0.085655	-0.043289	-1.062914	-0.639243	-0.482893	-0.792318	-0.458782	-1.179461	-1.032188	-0.869426	-1.464932	-0.432527	-1.478915	-0.690862	-0.159719	-0.430920	-0.573356	-0.451025	-0.090619	-1.128600	-0.342752	0.128710	-1.104688	0.506127	2.006715	1.294435	0.573743	0.933957	-0.067669	0.545866	-1.248021	0.126455	-0.018019	-0.525876	0.227232	-0.203698	-0.367881	0.237678	-0.526571	-0.473217	-0.892783	-0.950776	-0.891016	-0.527546	-0.343120	0.592266	1.959504	-1.346485	1.051732	-0.240080	-2.049599	1.634532
-0.074735	0.693531	0.752742	-0.290410	0.824033	-1.006470	-0.522880	0.269134	-0.372752	0.246439	-0.810291	-0.598494	-1.563881	-1.464148	-0.595786	-1.717153	-0.772103	-0.517535	-0.027992	-0.610268	-0.598636	-0.285865	-0.694041	0.530384	-0.199585	-0.313667	-0.826196	2.229406	1.529338	0.537802	0.902405	0.112383	1.101234	-0.419996	-0.365599	0.438977	0.147146	-0.053747	-0.243611	0.395684	0.996200	0.127649	0.366708	0.507738	-0.241376	-0.109774	-0.160939	0.068740	1.073677	1.733652	0.300391	1.059780	-0.137822	-1.371329	0.940865
0.193600	1.329000	0.681046	-0.519858	0.608814	-0.528761	-0.840629	0.230738	-0.767563	-0.229019	-0.800847	-0.743554	-1.934266	-1.126946	-0.611524	-1.244666	-1.499543	-1.270300	0.266309	-0.590973	-0.997830	-0.401917	-0.691716	1.939952	-0.688023	-0.260104	-2.071656	1.629228	1.151596	0.505829	0.679515	0.258677	0.729446	0.329025	-0.147336	1.117666	0.477776	-0.589208	0.890017	0.972483	1.303724	-0.110287	0.571916	1.968484	0.127301	0.415067	0.518893	0.350861	1.279631	0.426396	1.442057	0.488183	-0.203910	-0.714020	-0.514926
-0.035683	0.571293	-0.158234	-0.070590	-0.144280	0.287496	-1.737172	-0.746823	-1.315956	-1.264236	-0.577479	-0.674157	-1.086437	-0.775561	-0.737040	-0.533353	-2.358875	-1.599569	0.288314	-0.332066	-0.682265	-0.463480	-1.259017	2.025473	-1.251717	-1.140821	-2.554723	0.001331	-0.337735	-0.099311	0.065697	-0.268738	-0.283384	0.345171	0.045355	0.725059	0.264442	-1.178702	1.513192	0.604492	0.643689	-1.136387	0.075169	1.568199	-0.368609	-0.128570	0.404718	-0.171346	0.379860	-1.089822	1.150151	-0.739058	-0.861677	-0.521812	-1.978918
-0.478009	-0.812429	-0.741732	0.929047	-0.248792	1.272771	-2.138970	-1.540866	-0.893827	-1.331909	0.269211	0.271396	1.034996	0.120267	-0.837594	-0.023096	-2.049557	-0.652061	0.306036	0.392946	0.701522	-0.188250	-1.384694	0.387704	-1.342095	-1.656654	-1.869108	-1.748745	-2.160875	-1.065291	-0.736905	-1.082377	-0.825421	0.035572	-0.273750	-0.664878	-0.361331	-1.132996	0.713371	-0.292442	-0.336328	-1.563039	-0.312828	-0.715901	-1.068846	-1.180065	-0.383118	-1.110164	-1.054489	-1.717553	0.399327	-1.551192	-1.524911	-0.438011	-2.161981
-0.571556	-1.297320	-0.373288	1.491971	0.732576	2.000725	-1.040221	-1.047963	0.616430	0.004728	1.212038	1.568327	3.046245	1.545294	-0.576876	0.185500	-0.228235	1.164808	0.615118	1.354517	2.108239	0.272613	-0.207677	-1.171817	-0.716489	-0.707625	-0.449924	-2.360883	-2.788518	-1.643630	-1.302671	-0.844298	-0.339919	0.134465	-0.842816	-1.444972	-0.991165	-0.344662	-0.547288	-0.469628	-0.487081	-0.514820	0.037705	-2.752504	-0.998549	-1.491875	-0.445156	-1.273440	-1.701411	-1.252240	0.524598	-0.864457	-1.368155	0.076234	-0.909564
-0.237935	-0.525011	0.328332	0.700897	1.774272	1.841009	0.878442	0.400057	1.958804	1.342370	1.341527	1.976555	3.225092	2.079098	0.146243	0.283317	1.567735	2.276247	0.960277	1.771996	2.071479	0.238281	1.483881	-0.920931	0.000239	0.987354	0.659856	-1.587123	-1.609950	-1.426876	-1.373549	0.895657	0.380596	0.430707	-1.107719	-0.600942	-0.992214	0.426172	-0.883248	0.495461	0.299384	0.979046	0.584303	-2.609740	-0.158669	-0.793441	0.890229	-0.241384	-1.121893	-0.609714	1.304507	0.888783	-0.559260	0.927410	0.362079
0.083729	0.304714	0.279148	-1.069866	1.481428	0.620485	1.813755	1.376360	1.853025	1.127949	0.562834	1.055317	1.319336	0.478853	1.047504	0.494843	1.514995	1.577477	0.728538	1.084766	0.487893	-0.559823	1.955722	0.615302	-0.026994	1.736352	0.755242	-0.413021	0.195502	-0.718470	-1.051131	2.722152	0.173447	0.105545	-0.865642	0.886972	-0.019667	0.425970	-0.269540	1.597973	0.843616	1.194092	0.299881	-0.601965	0.604190	0.011522	2.425087	1.032515	-0.190378	-0.692738	1.404926	2.022418	-0.086566	1.465346	0.295094
0.134636	0.173009	-0.441830	-2.278588	-0.122524	-0.862943	1.109201	1.098979	0.503615	-0.325002	-0.208916	-0.230974	-1.094214	-2.275364	1.657700	0.780742	-0.132529	-0.276008	-0.174786	-0.296042	-1.099000	-1.384216	0.798698	1.491563	-0.672346	1.092331	0.110897	0.162417	0.899281	-0.076726	-0.619075	2.883987	-0.857971	-0.722126	-0.362220	1.376301	1.331083	-0.244400	0.261136	1.714604	0.292686	0.100812	-0.670965	1.378838	0.888901	0.306315	2.557513	1.441401	0.102796	-1.236165	0.403213	1.455234	-0.326852	1.346848	-0.789172
0.176123	-0.358425	-0.639966	-1.864403	-1.466131	-1.502011	0.059459	0.292310	-0.613644	-1.252677	-0.172595	-0.649489	-2.224174	-3.622349	1.612502	0.802007	-1.151128	-1.511915	-1.005667	-1.315733	-1.236824	-1.269489	-0.423338	0.850089	-0.845431	0.334998	-0.419507	0.151855	0.234088	0.269797	-0.228028	1.369066	-1.310777	-0.869147	0.063177	0.670885	1.937394	-0.793224	0.255850	0.903600	-0.633980	-0.539687	-0.930214	2.089629	1.151415	0.556215	1.312848	0.941117	-0.254503	-1.260849	-0.667626	-0.186863	-0.457051	0.996409	-1.427497
0.482404	-0.151838	0.233786	-0.460401	-1.319913	-1.116202	0.040069	0.051108	-0.459796	-0.759130	0.421508	-0.108218	-1.747076	-2.302244	0.874191	0.317164	-0.088927	-1.114837	-1.025882	-1.330866	-0.129851	-0.185388	-0.218524	-0.283943	0.087902	0.577832	-0.396258	0.155998	-0.439081	0.476553	0.179877	-0.229827	-0.373832	0.129141	0.288462	-0.011026	1.493241	-0.608821	0.277381	0.026958	-0.690071	0.292311	0.188430	1.812675	1.608501	1.245221	0.169889	0.260167	-0.600147	-0.559153	-0.932335	-1.470578	0.321339	0.961259	-0.917888
0.790696	0.656986	1.201447	0.409818	-0.251627	-0.528526	0.662504	0.347332	0.446940	0.159184	0.718200	0.431435	-0.676803	0.173756	-0.194304	-0.388927	1.857322	0.221275	-0.407938	-0.638974	0.863743	0.947388	0.908443	-0.611014	1.284613	1.237491	-0.207752	0.299639	-0.086975	0.686099	0.614101	-0.745593	0.862017	1.167673	0.397478	0.096625	0.911987	0.134493	0.664340	-0.460089	0.032021	1.370755	1.405968	1.221177	1.519024	1.720850	0.061749	-0.133148	-0.570600	-0.005530	-0.848101	-1.716132	1.473580	1.086427	-0.032828
0.566238	0.838190	1.079307	0.102868	0.305301	-0.310523	0.585990	0.293638	0.788225	0.191585	0.367498	0.275024	0.082545	1.324983	-1.012653	-0.656653	2.350371	1.083221	0.097847	0.015623	0.879403	1.289047	1.278043	-0.172648	1.335251	1.045575	-0.390734	0.103954	0.633880	0.736683	0.804559	-0.628160	0.733799	1.201213	0.439338	0.370759	1.078903	0.698743	0.775302	-0.831604	0.241107	0.983609	1.078599	0.338595	0.231753	0.926829	0.307378	-0.404606	-0.355880	-0.203641	-1.192428	-1.354541	1.695465	0.816983	0.213074
-0.249479	-0.025009	0.098926	-0.639126	0.000978	-0.080204	-0.347186	-0.323039	0.057898	-0.479564	-0.157599	-0.210979	0.530860	0.423013	-1.168832	-0.134553	0.852774	0.962712	0.238933	0.270993	0.223344	0.794020	0.326891	-0.009422	0.062086	0.076382	-0.751338	-0.619453	0.502490	0.348234	0.410710	-0.907081	-0.675996	0.782908	0.294547	-0.060201	1.674688	0.542033	0.012238	-1.341025	-0.594576	-0.616485	-0.529787	-0.943565	-1.494342	-0.865493	-0.221554	-0.850028	-0.151292	-0.553255	-1.579455	-1.014468	0.623918	0.196970	-0.121202
-1.040022	-0.856013	-0.452977	-0.846022	-0.179319	0.613709	-0.848471	-0.632302	-0.885503	-0.630192	-0.258437	-0.217149	0.964952	-1.096902	-0.715589	0.766730	-0.823189	0.528301	0.469031	0.377817	-0.339488	-0.056224	-0.762089	-0.590561	-1.183375	-0.277188	-0.567711	-1.279695	-0.402782	-0.450588	-0.492707	-1.521633	-1.568273	0.990225	-0.134562	-0.923821	1.599499	-0.180003	-1.044026	-1.606286	-1.413225	-1.536624	-1.503068	-1.984372	-2.054367	-1.925145	-1.393463	-1.274812	0.134635	-0.174477	-0.911327	-0.727338	-0.685822	-0.072845	-0.218963
-1.154773	-0.613569	0.007646	-0.430078	0.478283	1.321553	-0.087552	-0.052054	-0.872099	0.184225	0.094671	0.423941	1.187814	-1.560575	-0.107209	1.213767	-0.927854	0.409043	1.008259	0.661582	-0.439255	-0.853046	-0.716807	-1.152923	-1.169426	0.551671	0.289788	-1.217574	-0.867787	-1.235637	-1.334533	-1.341643	-0.859878	1.529895	-0.676145	-1.141448	0.313318	-0.852874	-1.312486	-0.997971	-1.034457	-0.733506	-0.706104	-1.841663	-0.903142	-1.063205	-1.870646	-1.058882	0.475068	0.729174	0.831455	-0.149390	-1.116780	0.293020	0.201686
-0.564101	0.277028	0.685193	0.064150	1.387633	1.244227	1.090681	0.698916	0.169225	1.098877	0.433348	1.067710	0.767908	-0.710454	0.213143	0.775095	0.149719	0.331503	1.267792	0.974084	-0.205175	-1.395458	0.236692	-0.769215	-0.211901	1.238962	0.941967	-0.583451	-0.386307	-1.582679	-1.598292	0.114468	0.458387	1.144765	-1.021059	-0.344610	-1.484745	-1.053557	-0.723620	0.409193	0.247577	0.744233	0.854420	-0.569361	0.723389	0.783706	-0.859935	0.025722	0.470471	1.141207	2.148986	0.705802	-0.754940	0.619455	0.506291
0.245209	0.557844	0.635076	0.414334	1.551491	0.416481	1.319146	0.550078	1.043019	1.231946	0.349254	1.094497	-0.131699	0.518261	0.212453	-0.134485	0.735963	-0.201488	0.617612	0.891566	0.127181	-1.425382	0.828233	0.324549	0.413463	0.326598	0.557468	-0.064325	0.107255	-1.405866	-1.286092	1.626754	0.851824	-0.357216	-1.078000	0.565788	-2.463836	-0.875781	-0.243785	1.560840	1.086005	1.160937	1.364798	0.541344	1.233027	1.634092	0.724106	1.255938	-0.099248	0.752006	1.739297	1.279316	-0.464579	0.121033	0.157991
0.851355	-0.186009	0.034542	0.950587	0.847972	-0.372794	0.458410	-0.439009	0.650317	0.778373	-0.151480	0.600712	-0.730996	1.251522	0.196980	-0.690918	0.185372	-0.909099	-0.631832	0.338226	0.480656	-0.625793	0.443066	0.968002	0.128253	-1.654966	-0.534555	0.097379	-0.387391	-0.830340	-0.663801	1.527073	0.218725	-1.659521	-0.952877	0.572707	-1.956430	-0.618511	-0.434893	1.420908	0.734112	0.147712	0.384741	0.357863	0.443636	0.887146	1.243332	1.641051	-0.737662	0.451473	0.104316	1.094059	-0.596564	-1.072467	-0.411318
1.155315	-1.053965	-0.257554	1.826712	-0.093850	-0.754394	-0.454785	-1.220592	-0.598277	0.493788	-0.739362	0.119747	-0.612055	1.408934	0.296755	-0.530125	-0.540360	-1.109290	-1.552819	-0.336198	0.824051	0.875498	-0.202907	0.554372	-0.399456	-2.745413	-1.281653	0.253864	-1.534583	0.050436	0.196805	-0.192812	-0.411567	-1.657220	-0.590315	-0.166904	-0.637526	-0.295870	-0.745210	0.205709	-0.251574	-1.048915	-0.802415	-0.696703	-0.432969	-0.138823	0.275694	1.117079	-0.757585	0.960807	-1.118245	0.371765	-0.620286	-2.056683	-0.428042
1.153576	-1.025403	-0.003273	2.462395	-0.884174	-1.174112	-0.705643	-1.156275	-1.132380	0.568218	-1.065450	-0.123434	-0.335599	1.433737	0.163795	-0.091522	-0.480036	-0.855033	-1.745934	-0.894123	0.945969	2.190460	-0.181160	-0.309363	-0.281487	-1.948151	-1.242565	0.520300	-2.134970	1.072270	1.262966	-1.737979	-0.522348	-0.732688	0.189941	-0.613363	0.258733	0.326272	-0.460806	-0.791700	-0.885085	-1.183703	-0.908441	-1.087712	-0.421019	-0.170876	-0.957749	0.530580	-0.217192	1.585703	-1.161564	-0.220654	0.018264	-2.121390	0.008027
0.762399	-0.178871	0.233157	2.048811	-1.561213	-1.943963	-0.617644	-0.638333	-0.157379	0.509931	-1.017994	-0.392159	-0.692187	1.587348	-0.611167	-0.058972	0.068651	-0.847757	-1.582109	-1.405537	0.551041	2.316908	0.386142	-0.758123	0.502080	-0.188219	-0.919149	0.464962	-1.603908	1.812114	2.116346	-1.656739	-0.532663	0.016196	1.179057	-0.255349	0.299601	1.158684	0.203097	-0.747976	-0.857879	-0.404860	-0.132660	-0.066556	0.091158	0.417024	-1.209088	0.399067	0.219000	1.122364	-0.788961	-0.379737	1.076896	-1.369167	0.068600
-0.004251	0.572478	0.097597	0.554539	-1.939604	-2.482072	-0.713408	-0.340190	1.220827	-0.001545	-0.782701	-0.902659	-1.511680	1.602072	-1.806179	-0.561337	0.270782	-1.161568	-1.310561	-1.791625	-0.333258	1.245773	0.660974	-0.692254	1.203557	1.064338	-0.820821	-0.084534	-0.449473	1.827742	2.195877	-0.481821	-0.800967	0.216162	1.699467	0.315694	0.068945	1.563497	0.409254	-0.222844	-0.555986	0.218419	0.414813	1.350734	0.100443	0.504543	-0.687107	0.342742	0.305928	-0.224911	-0.888421	-0.398234	1.735127	-0.483368	-0.402633
-0.838983	0.708623	-0.078652	-1.074253	-1.519472	-1.956874	-0.824922	-0.390451	1.302642	-0.622121	-0.632882	-1.400718	-1.741441	1.041732	-2.542536	-1.053223	0.051699	-0.940952	-0.615370	-1.632590	-1.204951	0.064810	0.390220	-0.493886	1.204626	1.295815	-0.817041	-0.531602	0.534488	1.125500	1.497625	0.241641	-1.032983	0.391948	1.314352	0.368786	0.149836	1.033769	-0.124267	-0.190619	-0.283316	0.216498	0.345667	1.649512	-0.505417	0.007668	-0.450046	-0.046772	0.460432	-0.867790	-1.142234	-0.531034	1.482497	-0.018881	-0.497237
-1.291565	0.557368	0.018119	-1.838228	-0.265635	-0.459649	-0.472842	-0.452238	-0.055337	-0.825614	-0.605069	-1.417540	-0.835247	-0.044017	-2.105519	-0.981713	-0.010463	0.218884	0.604002	-0.749371	-1.504407	-0.311077	0.168777	-0.221861	0.579742	0.893569	-0.603786	-0.317331	1.015093	0.177472	0.596881	0.062477	-0.811467	0.917128	0.349708	0.064890	0.467695	-0.056815	-0.715888	-0.583116	0.070903	0.148807	0.307356	0.678601	-0.806851	-0.169769	-0.696488	-0.448018	0.843249	-0.058981	-0.638423	-0.518095	0.598080	0.069962	0.284191
-1.125031	0.520819	0.121548	-1.612875	1.042772	0.934419	0.232191	-0.267864	-1.271778	-0.574351	-0.443135	-0.805287	0.421704	-0.983942	-0.693119	-0.423587	0.230547	1.330026	1.577319	0.328263	-1.126967	-0.187928	0.388670	0.359498	-0.119750	0.311903	-0.305218	0.189186	1.053405	-0.564724	-0.091883	-0.015781	-0.205085	1.336406	-0.525988	0.126171	0.700630	-0.785050	-0.577102	-0.414518	0.585014	0.515142	0.732520	-0.322052	-0.215525	0.310183	-0.474255	-0.334558	0.868363	0.896149	0.619424	-0.013206	-0.245358	0.195338	0.948512
-0.511244	0.469003	-0.123867	-1.010920	1.563322	1.318817	0.647327	0.092303	-1.056941	-0.266006	0.027219	0.086308	0.865120	-1.141786	0.760833	0.073322	0.297850	1.187460	1.440392	0.852120	-0.447984	-0.426209	0.654794	1.136760	-0.436245	-0.231556	-0.228743	0.219419	0.789019	-0.967556	-0.615535	0.781754	0.358928	1.007970	-0.966558	0.738097	0.770610	-0.710933	0.230566	0.705390	0.971193	0.968393	1.133955	-0.382817	0.702746	0.737625	0.760573	0.204239	0.078378	0.432885	1.584216	0.769417	-0.644571	0.515762	0.315126
0.084087	0.197357	-0.521192	-0.544187	1.203498	0.839545	0.496000	0.359427	0.045449	-0.159695	0.524128	0.671479	0.410274	-0.624724	1.415906	0.192772	0.000859	0.096205	0.462892	0.678740	0.058567	-0.991006	0.513551	1.511290	-0.341247	-0.557794	-0.285280	-0.217564	0.421612	-1.012408	-0.948032	1.724645	0.566405	0.130478	-0.964282	1.238400	0.696742	-0.220136	0.902529	1.775632	0.915838	0.945936	0.948784	0.149742	1.050665	0.552523	1.997618	0.582369	-0.915635	-0.940059	1.505595	1.179808	-0.620441	0.735997	-1.017475
0.253078	-0.077677	-0.564636	-0.225799	0.464628	0.285717	0.165290	0.313004	0.515624	-0.144905	0.534209	0.554131	-0.013232	-0.101335	1.084973	0.125414	-0.204465	-0.470118	-0.201255	0.279561	0.157412	-0.934258	0.120397	0.988564	-0.101959	-0.500434	-0.066008	-0.358337	0.211515	-0.620398	-0.744288	1.442559	0.403640	-0.411685	-0.546312	0.905419	0.375748	0.114180	0.786119	1.452059	0.470687	0.471845	0.345327	0.330545	0.647017	0.100457	1.686473	0.410245	-0.989866	-1.246104	0.672232	0.815664	-0.333778	0.521646	-1.190195
-0.000427	-0.134818	-0.148678	0.095884	-0.269056	0.051127	0.001616	-0.016714	-0.120541	-0.069616	-0.018060	-0.146312	0.108906	0.083288	0.146995	0.115638	-0.019668	0.067882	-0.067832	0.007025	-0.057072	0.083132	-0.208184	-0.271857	0.093435	-0.117497	0.541427	0.121929	0.229934	0.136092	0.052598	-0.242336	0.034572	-0.269659	0.183748	-0.216200	-0.203509	0.157693	-0.021458	-0.320062	-0.118571	-0.117158	-0.268245	-0.117449	-0.119765	-0.170684	-0.294467	-0.193825	0.043336	0.143922	-0.327710	-0.130194	0.084864	-0.082749	0.332555
