X1	X2	X3	X4	X5	X6	X7	X8	X9	X10	X11	X12	X13	X14	X15	X16	X17	X18	X19	X20	X21	X22	X23	X24	X25	X26	X27	X28	X29	X30	X31	X32	X33	X34	X35	X36	X37	X38	X39	X40	X41	X42	X43	X44	X45	X46	X47	X48	X49	X50	X51	X52	X53	X54	X55
0.157653	0.045294	-0.041003	0.262774	0.064645	0.073381	0.135772	-0.041777	0.023377	0.152147	0.209805	0.112668	0.275362	0.063308	0.054740	0.330693	0.031355	0.236153	0.006079	0.167982	0.189694	-0.004271	0.130934	0.058292	-0.015665	0.013423	0.026640	0.168653	0.142639	-0.000768	-0.030889	0.012142	-0.000886	0.053349	-0.002988	0.086097	-0.143160	-0.032671	0.140554	0.041227	-0.061588	0.009840	0.205444	-0.069901	0.129910	0.253041	0.075632	-0.064090	0.224401	0.198181	0.057858	0.100683	0.108762	0.084422	0.050298
0.279992	0.292076	-0.508382	0.178086	0.156229	0.364434	-0.652640	0.610355	0.488894	0.755113	0.530400	0.174803	1.823338	-1.747001	-0.887647	0.788401	-0.459458	0.077456	0.878935	1.384364	0.709037	0.083087	0.499299	-2.065891	-0.861003	-0.197271	-0.857813	-0.517360	-0.200227	0.074911	-0.381860	-0.905221	0.051089	0.507456	-0.316934	-1.299872	-0.569603	0.071030	-0.377630	-1.270212	0.279790	-0.023520	0.890478	0.758640	0.464119	0.714505	-0.949179	-0.871561	-0.865044	-0.821847	0.087143	-0.379225	0.632139	0.837019	-1.018697
-0.055829	0.274811	-0.684111	-0.260477	0.205691	0.649210	-1.211156	0.256795	-0.082558	0.315333	0.089578	-0.100667	1.466711	-1.651735	-1.103467	0.637477	-0.774911	-0.567850	0.955432	1.388718	0.615596	-0.385835	0.452581	-2.173497	-1.146835	-0.432125	-1.475947	-1.205414	-0.678300	-0.376044	-0.721473	-0.961429	-0.467872	0.572023	-0.423770	-1.641686	-0.834702	0.101164	-0.598499	-1.190926	0.482517	0.228572	0.859149	0.817770	0.673874	0.451799	-0.847165	-0.732271	-1.471873	-0.860279	0.182552	-0.379048	0.156203	0.632352	-1.296561
-0.520395	0.182543	-0.377038	-0.780046	0.037446	0.611527	-1.189916	-0.631095	-1.093842	-0.759015	-0.594589	-0.503651	-0.517527	0.267802	-0.469743	-0.012719	-0.644890	-1.077909	0.284646	0.284703	0.053441	-1.031338	-0.008079	-0.320031	-0.789905	-0.473980	-1.331976	-1.299731	-0.742931	-0.908325	-0.703693	-0.228329	-0.982436	0.409638	-0.146774	-0.832321	-0.596994	-0.035636	-0.451423	0.056936	0.515059	0.503965	0.161634	0.318778	0.563790	-0.220009	0.210596	0.098663	-1.237916	-0.056406	0.312185	-0.040795	-0.759838	-0.190992	-0.795023
-0.549902	0.155663	0.194114	-0.890864	-0.537824	-0.098380	-0.473368	-0.891505	-1.222111	-1.201216	-0.658513	-0.626668	-2.167735	2.092326	0.415345	-0.716545	-0.032076	-0.624935	-0.455699	-0.888117	-0.427490	-1.031909	-0.554947	1.550749	-0.132779	-0.186376	-0.262037	-0.353879	-0.033026	-0.672215	-0.063906	0.416467	-0.687361	0.287300	0.353859	0.279652	0.275384	-0.428721	-0.195008	0.927752	0.294916	0.243424	-0.583496	-0.125200	-0.031438	-0.528036	0.944395	0.567102	-0.286746	0.553165	0.265074	0.154012	-0.836911	-0.633663	-0.226983
-0.204270	-0.130842	0.480424	-0.527433	-1.217628	-1.182475	0.515475	-0.358936	-0.324290	-0.532526	-0.267679	-0.380699	-2.071872	2.062679	0.774878	-1.269238	0.613225	0.402893	-0.763806	-1.364774	-0.547845	-0.255445	-0.875027	1.798541	0.440597	0.153171	0.969640	0.984203	0.710206	0.317419	0.806318	0.358889	0.096354	0.008778	0.528072	0.812868	1.189907	-0.932158	-0.120675	0.427531	-0.268742	-0.550197	-0.894976	-0.472625	-0.904009	-0.372394	0.487293	0.210858	0.690663	0.297235	-0.174262	0.113774	0.045797	-0.469793	-0.101336
0.098766	-0.734455	0.280235	0.076772	-1.071643	-1.596968	1.196954	0.142401	0.614916	0.499203	-0.054085	0.135838	-0.552214	0.243332	0.357076	-1.453528	0.806027	0.894095	-0.570906	-1.014275	-0.282926	0.632038	-0.769489	0.757539	0.709755	0.232587	1.249664	1.500693	0.558201	1.090247	1.130148	0.003578	0.507686	-0.660985	0.021349	0.720217	1.177399	-0.972533	-0.080965	-0.658302	-0.836305	-1.005218	-0.691717	-0.893650	-1.351216	-0.226260	-0.539430	-0.345027	1.035237	-0.414218	-0.859225	0.197502	0.742532	-0.286352	-0.141233
0.293819	-0.844492	0.025612	0.736645	0.394858	-0.611777	1.407166	0.139634	1.056068	0.934085	0.075300	0.828000	1.045610	-1.727207	-0.418718	-0.785574	0.633956	0.619343	0.029593	-0.022921	0.319688	1.056313	-0.113696	-0.024064	0.597458	0.241773	0.420712	0.800941	-0.172495	0.912488	0.624717	0.178062	0.548335	-1.306672	-0.772799	0.598325	0.045938	-0.040616	0.374209	-0.723296	-0.682917	-0.364410	-0.142289	-0.938491	-0.817806	-0.262269	-0.800396	-0.305027	0.773103	-0.724749	-1.251667	0.513985	0.446616	-0.360369	0.189696
0.492269	0.161922	0.089562	1.164203	2.077221	1.049080	1.298069	-0.086971	1.284814	0.530146	0.452511	1.324598	1.612888	-2.314351	-0.904412	0.780142	0.495780	0.324926	0.770977	1.060189	0.848988	1.041401	0.954880	0.132104	0.208551	0.545971	-0.465062	-0.337409	-0.371652	0.100016	-0.181015	0.864766	0.751213	-1.217590	-1.010586	0.732951	-1.126799	1.385330	1.215436	0.650673	0.314913	0.809147	0.385180	-0.080101	0.272375	-0.264006	0.044554	0.349013	0.438235	-0.358799	-0.938825	0.549536	-0.405521	-0.312283	0.810633
0.408079	1.459756	0.170183	0.897459	2.119248	1.727386	0.884062	-0.267988	1.355996	-0.230435	0.577375	1.015297	0.945837	-1.420377	-0.696766	2.199414	0.373513	0.342055	1.076808	1.321761	0.554295	0.824163	1.866722	0.435337	-0.143509	0.944744	-0.460741	-0.979581	0.186325	-0.526285	-0.614951	1.133543	0.845030	-0.363772	-0.313032	0.757431	-1.110771	1.943752	1.689022	2.180653	1.125562	1.079006	0.461532	1.104885	0.807341	-0.196520	0.993329	1.065084	0.311795	0.217017	-0.139315	-0.205170	-0.903598	0.090241	1.112765
-0.325103	1.670608	-0.195292	-0.110755	0.284030	0.787221	0.159406	-0.381140	0.880612	-0.610768	-0.196934	-0.118399	-0.244965	-0.159757	0.143791	2.173244	-0.050376	0.170559	0.561003	0.379278	-0.698394	0.396862	1.991515	0.175364	-0.192649	0.860960	0.131245	-0.949452	0.616876	-0.673771	-0.657542	0.607235	0.116397	0.528040	0.692206	0.428176	0.011877	0.953005	1.208241	2.503299	0.728575	0.046267	0.105977	1.376095	0.334643	-0.182786	1.202304	1.537136	0.156593	0.452582	0.463873	-1.424481	-0.717577	0.481289	0.885016
-1.335729	0.803597	-0.790443	-1.098496	-1.422865	-0.504610	-0.455168	-0.140224	0.088585	-0.103894	-1.251836	-1.083988	-0.881324	0.457185	1.068390	0.692639	-0.585434	-0.392982	-0.333420	-0.844121	-1.819906	-0.340911	1.266680	-0.091656	-0.009392	0.282942	0.387908	-0.626821	0.396315	-0.742585	-0.831972	0.248728	-0.984632	0.901241	0.867952	0.210847	1.008027	-0.546369	0.153978	1.709332	-0.393828	-0.904731	-0.041121	0.562499	-0.344176	-0.015738	1.089497	1.873636	-0.246871	0.254739	0.462964	-2.096145	-0.171413	0.482961	0.629541
-1.684668	0.095553	-0.938870	-1.224696	-1.158559	-0.602516	-0.375160	0.805560	-0.031608	1.138949	-1.326143	-0.885275	-0.462104	0.406212	1.330970	-0.831833	-0.536396	-0.718700	-0.770418	-1.045350	-1.574976	-1.106884	0.241828	0.383142	0.174323	-0.132299	0.183855	-0.281333	0.042541	-1.009104	-1.264602	0.944421	-1.085688	0.815965	-0.211840	0.549892	1.067235	-0.990573	-0.634229	0.830300	-0.829730	-0.388842	0.473140	-0.162309	-0.274845	0.593409	1.346642	2.023432	-0.639728	-0.081728	0.187268	-1.536379	0.345514	0.221748	0.762367
-0.990900	-0.039815	-0.440291	-0.582311	0.468744	0.261242	0.333792	1.922740	0.785819	2.248968	-0.497880	0.247107	0.417039	0.250131	0.664371	-1.154989	0.281436	-0.376840	-0.624258	-0.223029	-0.145022	-1.182218	-0.515548	0.992292	0.371369	-0.065498	0.204599	0.054489	0.027317	-1.011001	-1.181267	1.862259	-0.057671	0.370034	-1.556626	0.909303	0.607193	-0.239868	-0.882405	0.324165	-0.286514	1.018643	1.104313	-0.068151	0.382009	1.243803	1.462539	1.555021	-0.565447	-0.245097	0.264329	-0.042165	0.751522	-0.045514	0.964897
0.107398	-0.514611	0.232185	-0.011134	1.385581	0.466088	0.886552	1.907879	1.350581	2.288984	-0.182200	1.171273	0.721151	0.228460	-0.294857	-0.467352	1.096554	0.079636	-0.559110	0.361545	1.066393	-0.123578	-0.846264	0.444865	0.745994	-0.019704	0.591163	0.312893	-0.062494	-0.082983	0.186832	1.330703	0.462536	-0.603638	-1.646473	0.332148	0.390695	0.444252	-0.937907	-0.195354	-0.021256	1.497454	0.878004	0.069058	0.696505	1.055347	0.288265	0.300738	0.078237	-0.127836	0.759931	1.460278	1.136011	-0.399362	0.691522
0.778263	-1.669986	0.651216	0.018903	0.806725	-0.683009	0.694762	0.310579	0.533971	1.127319	-0.901622	1.239634	0.147015	0.128804	-0.605785	0.104081	1.072904	-0.055277	-0.907144	-0.023927	1.159583	1.415897	-0.892976	-1.171891	1.108572	-0.473650	0.536509	0.398991	-0.670984	1.547334	2.222543	-0.728233	-0.568621	-1.826963	-0.213755	-1.062785	0.502118	0.213530	-1.034148	-0.955918	-0.851049	0.426525	-0.283360	-0.635816	0.310231	-0.098948	-1.976074	-1.102290	0.915679	0.163942	0.999164	2.162346	1.408590	-0.949861	-0.023770
0.848587	-2.229230	0.857537	-0.178747	-0.053671	-1.958027	-0.020771	-1.493563	-1.036442	-0.418878	-1.386745	0.838569	-0.640163	-0.046952	-0.158255	-0.159657	0.271646	-0.594961	-1.088123	-0.670970	0.584337	1.985085	-0.877861	-2.161732	0.930167	-1.063235	-0.341231	0.397498	-1.220717	2.603148	3.106572	-2.360004	-1.842090	-2.239194	1.287903	-1.927379	0.600329	-0.437057	-1.020893	-1.560464	-1.709193	-0.835066	-1.369880	-1.510615	-0.174232	-1.169592	-3.430323	-1.760463	1.358875	0.359671	0.372543	1.769155	1.215880	-1.340818	-0.687845
0.616887	-1.025006	0.955855	-0.234004	0.075934	-1.840755	-0.665450	-1.647691	-1.643413	-1.329252	-0.538533	0.567474	-0.922164	0.132959	0.158874	-1.011071	-0.565220	-0.855251	-0.476727	-0.616460	0.172877	0.852845	-0.983943	-1.376658	0.065705	-1.059467	-1.063484	0.438009	-0.718839	1.971828	1.791835	-1.936576	-1.354886	-1.189179	1.366464	-1.297811	0.675055	-0.655462	-0.755740	-1.608951	-1.022413	-0.755221	-1.486296	-1.073147	-0.128863	-1.113129	-2.617089	-1.514753	0.955036	0.168343	-0.829965	0.533681	0.330577	-1.050223	-1.005602
0.245339	1.064341	0.746345	-0.283672	0.877121	-0.461611	-0.938267	-0.001126	-0.671564	-1.194823	0.799268	0.476047	-0.694179	0.780933	-0.352819	-1.683957	-0.894123	-0.685986	0.590677	0.012901	0.059347	-0.986658	-1.139890	0.247726	-0.873091	-0.377217	-0.543054	0.375279	0.736160	-0.048341	-0.627902	-0.120595	0.752604	0.358639	0.235576	0.202760	0.940390	-0.359922	-0.325310	-1.167958	0.972098	0.514973	-0.765113	0.786732	0.298908	-0.104265	-0.367532	-0.970315	-0.232474	-0.400251	-1.595395	-0.871686	-0.903873	-0.165976	-0.987725
-0.237738	1.950088	0.097880	-0.534283	1.121962	0.687541	-0.880608	1.642609	0.611492	-0.377853	0.983446	0.328599	-0.358985	1.186374	-1.178340	-1.534195	-0.723391	-0.478970	1.161300	0.422679	-0.059458	-1.780752	-0.913038	0.840360	-1.162259	0.331641	0.686420	-0.070406	1.744814	-1.924532	-2.036509	1.100070	2.145375	0.758954	-0.636070	1.096179	1.183356	-0.046830	0.116094	-0.487745	2.261562	1.480376	0.035337	2.333477	0.537879	0.795103	1.129502	-0.600982	-1.477586	-0.860238	-1.215988	-1.738861	-1.678499	0.549184	-0.674950
-0.574570	0.890408	-0.554827	-0.732562	0.396912	0.681414	-0.601385	1.586133	0.646382	0.416591	-0.171340	0.150216	-0.032605	0.644358	-1.139414	-0.448574	-0.285564	-0.404928	0.896912	0.426591	-0.164579	-0.949893	-0.003551	-0.243009	-0.786063	0.518836	0.930680	-0.810696	1.156992	-2.308612	-1.576730	0.794363	1.110727	-0.146088	-0.391773	0.584171	0.859833	-0.054251	0.356261	0.184912	1.500199	1.153732	0.435441	1.995847	0.447259	0.910320	0.787423	-0.346231	-1.941097	-0.676459	-0.026611	-1.829134	-1.367985	0.533637	-0.270508
-0.463531	-0.629458	-0.553317	-0.543169	-0.464543	0.162721	-0.248214	0.046661	-0.564595	0.647007	-1.328476	0.079735	0.434260	-0.430216	0.130005	0.989807	0.255491	-0.261596	0.494706	0.548121	-0.028130	0.314639	1.080696	-1.903645	-0.363997	0.326458	-0.507419	-1.336850	-0.515529	-1.224478	-0.357755	-0.167000	-1.420096	-0.749685	0.399087	-0.888108	-0.048873	-0.444858	0.014649	0.385817	-0.311305	0.136796	0.522827	0.267219	0.460311	0.512561	-0.434467	-0.134973	-1.534952	0.012554	0.927492	-1.430416	-0.132585	0.064268	-0.318139
-0.129649	-0.768441	0.106844	-0.182029	-0.574865	0.300225	-0.075551	-1.403681	-1.627933	0.183942	-1.559070	-0.082517	0.904379	-0.914698	1.598287	1.813982	0.714516	0.023940	0.711556	0.972011	0.195040	0.459001	1.352045	-2.596268	-0.413823	0.244572	-2.410726	-1.280813	-1.585308	0.084208	0.022528	-0.503683	-3.034349	0.060854	0.656792	-2.179338	-0.776996	-1.198008	-1.045341	-0.258724	-1.051328	-0.249949	0.587036	-0.944530	0.843909	0.208115	-0.909323	-0.131137	-0.977003	0.384881	0.889096	-0.862511	1.077328	-0.260407	-1.099017
-0.217241	0.514945	0.638742	-0.145657	-0.111848	1.208166	-0.217679	-1.733769	-1.530390	-0.683677	-1.275555	-0.672457	0.926222	-0.507956	1.836874	1.485018	0.813523	0.298735	1.315464	1.126864	0.116153	-0.671598	0.645980	-1.670987	-0.909023	0.428814	-3.077101	-0.792914	-0.980827	0.408419	-0.775036	0.028032	-2.472991	1.276309	0.017394	-2.256133	-0.686958	-1.984194	-2.019588	-1.145453	0.003791	0.339493	0.753592	-0.624573	1.145847	0.178691	-0.091660	-0.167446	-0.854711	-0.085316	0.035038	-0.155185	1.263604	-0.385934	-1.905759
-0.915588	1.691400	0.381421	-0.435609	0.001067	1.846511	-0.393400	-1.196276	-0.646852	-1.384678	-1.106270	-1.519198	0.345486	-0.106838	0.468732	0.420115	0.468983	0.580950	1.407682	0.528857	-0.223982	-1.696214	0.091200	0.338419	-1.447084	0.609307	-2.086801	-0.271242	0.754932	-0.312605	-1.681232	0.715268	-0.576034	1.204516	-0.871877	-0.847405	-0.134454	-2.001972	-1.506752	-0.879040	1.538678	0.920573	0.980917	0.380714	0.738517	0.198461	1.209531	0.370697	-0.948225	-0.851755	-0.772624	0.663057	0.372510	-0.631550	-1.617676
-1.583436	1.737563	-0.451927	-0.595878	-0.695172	1.419037	-0.127415	-0.460152	0.066696	-1.384405	-0.827791	-1.980668	-0.435635	-0.417029	-1.481950	-0.484821	0.036972	1.027364	0.661002	-0.469024	-0.409114	-1.324197	0.708288	2.239219	-1.651129	0.598060	-0.396783	0.042855	2.204605	-1.106921	-1.563157	0.943972	1.056744	-0.062116	-1.029917	1.237207	-0.022272	-0.728887	0.835893	0.937445	2.018653	0.635758	1.208749	0.814730	-0.177576	0.163987	1.873577	1.519600	-0.715078	-0.896381	-0.816409	1.242986	-0.535227	-0.785017	-0.190800
-1.552048	1.202798	-1.148977	-0.509395	-1.653871	0.383011	0.589806	0.173216	0.249727	-0.646697	-0.023421	-1.776765	-0.948920	-0.889913	-2.616637	-0.828090	-0.018761	1.407830	-0.232675	-1.113741	-0.380849	0.141671	1.883506	2.980937	-1.459211	0.550174	0.833899	0.074124	2.432543	-1.135357	-0.453314	0.794729	1.606154	-0.740075	-0.142277	2.593788	-0.628487	1.071366	3.314283	2.660263	1.398280	-0.011676	1.343398	0.663499	-0.610656	0.268240	1.506399	2.144256	-0.175431	-0.064982	-0.181550	1.175342	-0.423266	-0.129555	1.017768
-1.009140	1.049978	-1.328725	-0.575391	-2.024045	-0.198199	1.088732	0.549104	0.135429	0.185989	0.815121	-1.379197	-1.107994	-0.563477	-2.430489	-0.978791	0.297845	1.150678	-0.431240	-1.127051	-0.537389	1.211830	2.019806	2.345860	-1.151480	0.603455	1.116124	-0.225241	1.523147	-0.566102	0.619504	0.678030	1.202560	0.164052	1.007429	2.421086	-1.302197	1.734564	3.685150	2.326246	0.687448	0.067021	1.175605	0.756004	-0.037704	0.600065	0.604120	1.189271	0.077034	0.639511	0.344134	0.492733	0.445915	1.324814	0.768610
-0.671755	1.209589	-1.113299	-0.934744	-1.596800	0.016934	0.733814	0.376137	-0.145884	0.324446	0.712102	-1.288879	-1.054901	0.494931	-1.553086	-1.373423	0.522161	0.206087	0.122100	-0.790414	-0.937571	0.974059	0.660820	1.056816	-1.050049	0.561447	0.630279	-0.755450	0.205873	-0.192667	0.832113	0.703551	0.322123	1.563631	1.226697	1.224506	-1.330434	0.514218	1.678151	0.190683	0.468338	0.896033	0.543331	1.217957	0.769777	0.829383	-0.069054	-0.706391	-0.292649	0.281864	0.077169	-0.291331	0.778970	2.297758	-0.622051
-0.728813	0.896818	-0.716538	-1.090470	-0.852765	0.385301	-0.247262	-0.338336	-0.644073	-0.312259	-0.353926	-1.265109	-0.884742	1.251970	-0.848552	-1.818158	0.331653	-0.604320	0.785345	-0.376439	-0.983508	-0.011843	-0.865241	0.080580	-1.102103	0.197234	-0.113719	-1.126723	-0.725902	-0.379621	0.336237	0.576402	-0.466996	1.845136	0.144586	0.128952	-0.693646	-1.367761	-0.665040	-1.486713	0.498291	1.327065	-0.379646	1.250597	0.588826	0.501209	-0.235281	-1.714351	-0.883470	-0.841473	-0.814534	-0.630313	-0.123546	1.590801	-1.742346
-0.583738	-0.081894	-0.245636	-0.656409	-0.271797	0.213816	-0.963313	-0.914607	-1.101538	-0.966412	-1.182362	-0.711811	-0.678196	1.100707	-0.497306	-1.720665	-0.116709	-0.582013	0.940964	0.076307	-0.284837	-0.627411	-1.199448	-0.269409	-0.835000	-0.324489	-0.542613	-0.944157	-0.883946	-0.664346	-0.152745	0.015263	-0.546157	0.868039	-1.364878	-0.365914	0.167034	-2.002090	-1.385693	-1.271453	0.437507	0.570916	-1.164269	0.435898	-0.773766	-0.433285	-0.293913	-1.035993	-1.053991	-1.598523	-1.448080	-0.344911	-1.477361	-0.311879	-1.694488
0.286956	-1.094884	0.190757	-0.001985	0.092795	-0.464686	-0.933428	-0.612376	-1.001559	-0.926737	-0.761993	0.340289	-0.500610	0.570681	-0.117127	-0.907116	-0.523734	-0.172642	0.446646	0.476886	0.593462	-0.483433	-0.630407	-0.464918	0.114637	-0.641293	-0.331977	-0.267974	-0.560672	-0.403445	-0.212148	-0.892423	0.283395	-0.198512	-2.081329	-0.664203	0.915736	-0.919716	-0.675932	-0.157706	0.231033	-0.855112	-1.581527	-0.603054	-2.232545	-1.530655	-0.744426	0.131270	-0.662475	-1.359460	-1.163755	0.317062	-2.040873	-1.702192	-0.830085
1.584020	-1.614577	0.541964	0.346406	0.415090	-1.073695	-0.638490	0.418138	-0.290968	-0.336122	0.551450	1.135733	-0.213628	0.460338	0.427141	0.076848	-0.856906	-0.383702	-0.410291	0.589848	0.771213	-0.018696	-0.456265	-0.986445	1.423601	-0.690303	0.275794	0.440886	-0.437777	0.410035	0.014534	-1.762759	1.337732	-0.516260	-1.590592	-1.229716	1.334729	0.604809	-0.115199	0.072382	-0.163217	-1.885291	-1.765660	-1.143717	-2.569072	-2.235357	-1.459490	0.186518	-0.122364	-0.509254	-0.208673	0.853635	-1.605602	-1.642314	-0.016571
2.458323	-1.664563	0.956070	0.560988	0.786511	-1.123781	-0.766669	1.224878	0.367680	0.120074	1.612354	1.114319	0.367638	0.724289	0.792236	0.553154	-1.227717	-1.310670	-1.180713	0.346747	0.196893	0.275752	-1.116612	-1.574135	2.227970	-0.664829	0.652712	0.885878	-0.741359	1.104209	0.178000	-2.207333	1.582807	-0.327733	-0.389686	-1.833367	1.105999	1.279542	-0.415049	-0.755104	-0.757734	-2.027330	-1.800238	-1.264273	-1.513428	-2.211214	-1.704888	-0.851548	0.176338	0.314037	0.657751	0.826048	-0.938695	-0.782527	0.395553
2.342009	-1.324801	1.522619	1.128525	1.172836	-0.576103	-1.145746	1.172668	0.379626	0.150469	1.880866	0.530990	0.951491	0.658751	0.802218	0.418976	-1.527210	-1.918023	-1.562070	-0.017829	-0.397485	0.278806	-1.693955	-1.439156	1.989730	-0.536918	0.551718	1.210203	-0.861425	1.053277	0.092250	-1.994083	0.828074	-0.209569	0.891361	-1.752728	0.147871	1.154678	-0.741466	-1.227246	-1.163878	-1.468497	-1.422618	-1.333029	0.187080	-1.428221	-0.976918	-1.439317	0.325244	0.995984	1.102401	0.254404	-0.501236	-0.084602	0.737394
1.394990	-0.533801	1.862904	1.821269	1.477343	0.189776	-0.895643	0.585417	-0.022679	0.112886	1.750769	0.031831	0.852239	0.003205	0.849180	0.161690	-1.461135	-1.426170	-1.581065	-0.262458	-0.560724	0.062213	-1.266147	-0.282094	1.104221	-0.071114	0.508140	1.586918	-0.216844	0.353506	-0.196328	-1.120048	-0.006998	-0.263111	1.920378	-0.617292	-0.864872	1.040575	-0.237458	-0.414064	-0.847498	-0.611791	-0.474203	-1.180835	1.385164	-0.232587	0.289775	-0.483323	0.721458	1.715519	1.403395	-0.293960	0.023097	0.430716	1.353675
0.264914	0.358358	1.372751	1.809390	1.549412	0.655439	0.271017	0.077700	-0.174680	0.319824	1.597124	-0.076944	-0.029400	-0.685154	1.305014	0.280281	-0.961485	-0.316405	-1.417423	-0.356972	-0.515670	-0.227197	-0.158246	1.046694	0.449421	0.570684	1.077202	1.767194	0.619511	-0.265524	-0.462744	0.016116	-0.072671	-0.286146	2.347355	0.959124	-0.956509	1.165176	0.580181	0.873971	0.012878	0.051309	0.493162	-0.492650	1.271206	0.640682	1.006263	1.237305	1.463456	2.241866	1.645093	-0.260305	0.786821	1.117214	2.000926
-0.442650	0.500793	0.075745	0.925990	1.242415	0.543894	1.380412	-0.339132	0.083167	0.488838	1.122868	0.080246	-0.680373	-0.863231	1.818012	0.819452	-0.346621	0.421804	-1.031716	-0.271023	-0.397164	-0.246716	0.489275	1.222499	0.398849	0.705327	1.787728	1.334089	0.305258	-0.167413	-0.362292	0.648008	0.345740	-0.290920	1.661160	1.660449	-0.124033	1.009966	0.472901	1.089938	0.437923	-0.012633	0.558075	0.271731	-0.048145	0.513286	0.497223	1.867882	2.055673	1.927512	1.260420	0.220869	1.111299	1.541684	2.040399
-0.474982	-0.456941	-1.084639	0.154458	0.570299	0.037910	1.271360	-0.996553	0.371609	0.196192	0.034197	0.389968	0.004581	-0.717115	1.662516	1.439771	0.044541	0.618325	-0.199584	0.203956	0.225401	0.375534	0.181521	-0.041734	0.553289	-0.028213	1.479160	0.364434	-1.459639	0.622115	0.357988	0.310420	0.355203	-0.388079	-0.159823	0.698942	0.379439	0.320613	-0.761813	-0.159361	-0.213140	-0.868491	-0.403041	0.200031	-1.516737	-0.455319	-0.710720	0.601049	1.893807	0.540363	-0.112028	0.456801	0.376504	0.871590	1.213465
0.071390	-1.607990	-1.198845	0.401603	-0.224988	-0.387720	0.132809	-1.640279	0.575096	-0.347836	-1.027591	0.913117	1.749232	-0.725139	0.739801	1.800226	0.273204	0.938439	0.947329	1.084288	1.546110	1.493668	-0.292764	-1.422798	0.458870	-0.988780	-0.093288	-0.508751	-3.048252	1.522934	1.494985	-0.413407	-0.237885	-0.340730	-2.041560	-1.082074	-0.428428	-0.350768	-1.805105	-1.546761	-1.353678	-1.703538	-1.253494	-0.705328	-1.913551	-1.138380	-1.271255	-1.323101	1.000061	-1.168812	-1.616870	0.067892	-0.775651	-0.641093	0.044705
0.794642	-1.605434	-0.526317	1.164856	-0.854470	-0.367850	-0.596274	-1.484019	0.995760	-0.479001	-0.957591	1.488848	2.938754	-0.870530	-0.234753	1.782263	0.708087	1.713927	1.716005	1.739401	2.627172	2.286351	0.168182	-1.330206	0.202250	-1.153083	-1.575506	-0.856228	-2.533140	1.900260	2.291294	-0.286835	-0.739278	0.238158	-2.445950	-1.732847	-1.808055	-0.368823	-1.280936	-1.397551	-1.818333	-1.435970	-0.771154	-1.215869	-0.899998	-0.544227	-0.363387	-1.978189	0.020730	-2.042759	-1.831017	-0.592733	-0.927254	-1.506926	-0.669791
1.045805	-0.205920	-0.207840	1.073254	-1.217348	0.106842	0.029886	-0.378323	1.529330	-0.061477	0.317046	1.498485	2.309767	-0.749610	-0.678842	1.417394	1.477564	2.350351	1.549239	1.314263	2.116902	1.969029	1.553180	0.256963	0.051511	-0.327692	-1.502390	-0.962152	-0.064492	1.426758	1.963741	1.088504	-0.641788	1.183229	-0.928061	-0.272287	-2.091738	0.087604	0.618087	0.460142	-1.188830	0.080767	0.809638	-0.369198	0.717035	0.949416	1.340057	-0.914451	-0.532637	-1.644235	-0.579652	-1.000124	0.313201	-0.741412	-0.674558
0.356017	1.430316	-0.745281	-0.230040	-1.340863	0.755153	1.301482	0.686562	1.408777	0.249811	1.461118	0.479572	0.345473	-0.308753	-0.836798	0.780140	2.118152	2.101743	0.792017	-0.131859	0.045771	0.646749	2.582831	1.771048	-0.154926	0.668979	-0.164880	-1.249027	2.111047	0.212576	0.497824	2.513819	-0.268630	1.704371	1.164463	1.988504	-0.850284	0.262529	2.266464	2.374808	-0.068511	1.739746	1.949838	1.202251	1.779094	1.899858	2.280387	0.467587	-0.739242	-0.608242	0.616517	-1.078693	1.643481	0.839556	-0.403020
-0.897897	2.046973	-1.277442	-1.406385	-1.133190	1.200909	1.753533	0.698147	0.313497	-0.022904	1.256839	-1.012316	-1.223057	-0.007148	-1.183888	0.046592	1.959216	1.076874	0.351186	-1.300869	-1.749546	-0.745696	2.081018	1.923716	-0.759112	1.027938	0.726992	-1.456733	2.164147	-1.169646	-1.163264	2.416920	-0.123862	1.215388	1.933418	2.755811	0.510389	-0.149781	2.285478	2.526960	0.807878	2.255575	1.596670	1.982609	1.727683	1.440766	1.681294	0.688402	-0.872504	0.094063	0.367757	-1.029748	1.568165	1.591757	-0.399606
-1.530877	1.516824	-0.751312	-1.034082	-0.461184	1.138139	0.935255	-0.102239	-0.759098	-0.424160	0.107628	-1.630786	-1.214521	-0.168132	-1.481974	-0.447865	0.949573	0.141586	0.571692	-0.972199	-1.539796	-1.367089	0.307241	1.032436	-1.473202	0.754187	0.250917	-0.930083	0.582676	-1.903904	-1.893752	0.698970	-0.086052	0.003910	0.882580	1.323215	0.583094	-0.642740	0.856644	0.811270	1.214830	1.400855	0.319004	1.350086	0.790039	0.195088	0.333211	-0.203678	-0.889883	0.047213	-0.839713	-0.846509	0.138964	0.938940	-0.755396
-0.712216	0.599772	0.582368	0.544032	0.463199	0.509676	-0.146668	-0.553510	-0.496994	-0.196585	-0.516556	-0.653981	-0.102611	-0.464293	-1.017800	-0.414889	-0.082061	-0.093331	0.822728	0.483514	0.269406	-1.205659	-1.304337	0.254230	-1.375609	0.372207	-0.637583	0.315478	-0.723504	-1.517358	-1.406338	-1.138353	0.338325	-1.059375	-0.673112	-0.745764	-0.274091	-0.654513	-0.642747	-1.134709	1.165642	0.064390	-0.564642	0.063191	-0.441668	-0.613482	-0.461807	-1.026305	-0.571310	-0.381647	-1.364952	-0.351725	-1.246062	-0.254390	-1.053217
0.943148	-0.125385	1.451977	1.623544	1.082980	-0.367900	-0.332585	-0.037689	0.965128	0.635894	0.005929	1.045270	0.660381	-0.245445	0.251753	0.017334	-0.279827	0.075576	0.316265	1.405742	1.601149	-0.905065	-1.687234	0.105550	-0.023285	0.193460	-0.576251	1.405539	-0.617096	-0.367751	-0.432355	-1.720672	1.171887	-1.322901	-1.193719	-1.547187	-0.571761	-0.279496	-1.081186	-1.707418	0.587559	-0.728358	-0.492694	-0.908654	-1.341206	-0.518305	-0.369335	-0.953336	0.051583	-0.463075	-0.553016	0.421178	-1.484153	-0.957746	-0.735508
1.872310	-0.677006	1.194868	1.225895	1.050432	-1.026436	0.305511	0.899353	2.018642	1.292312	0.716602	1.812119	0.183953	0.663474	1.412367	0.251757	0.156725	-0.127375	-0.969669	0.693384	1.088845	-0.985214	-1.177203	0.247704	1.769736	0.077122	0.376879	1.700215	0.450205	0.645335	0.146353	-1.175491	1.797995	-0.815442	-0.527242	-0.814468	0.311753	0.065425	-0.513373	-0.838370	-0.405033	-0.698772	0.065436	-1.367610	-1.436494	0.002000	-0.070195	-0.140231	0.703759	0.217522	0.651641	1.202088	-0.678683	-0.963116	0.383375
1.284251	-1.191537	0.458217	0.105762	0.555291	-1.332953	0.641613	1.433678	1.489539	1.223200	0.480329	0.990374	-1.116224	1.626742	1.711693	-0.222146	0.139984	-0.980967	-2.315806	-1.052387	-0.560118	-1.267864	-0.898193	0.322388	2.693063	-0.254998	1.119065	1.592970	1.372620	0.977005	0.228281	-0.598022	1.669450	-0.127686	0.273346	0.292640	1.497754	0.379303	0.169684	0.311657	-1.266674	-0.367766	0.416792	-1.559534	-0.766155	0.321512	-0.105128	0.831728	1.235175	1.312254	1.225619	1.787200	0.414897	-0.620566	1.824614
0.047439	-1.521017	0.210026	-0.395506	0.016028	-1.553573	-0.020976	1.438776	-0.004539	0.649551	-0.446480	-0.376353	-2.084475	1.785079	1.477571	-1.126928	-0.863423	-1.829723	-2.916329	-2.284249	-1.600271	-1.046914	-1.304303	0.363216	2.338085	-0.787360	1.200426	1.822635	1.490549	0.888521	0.414171	-0.541442	0.909644	0.040787	0.363613	0.795168	1.897267	1.023684	0.286763	0.782480	-1.442238	-0.409364	0.237377	-1.499414	-0.020387	0.253239	-0.226178	1.559421	1.733503	2.013612	1.352155	2.094543	1.184456	-0.248936	2.761874
-0.382503	-1.437065	0.614912	0.097914	-0.265200	-1.762764	-0.989350	1.265453	-0.921020	0.137180	-0.861217	-0.716027	-1.888619	0.998518	1.474529	-1.470403	-1.960896	-1.746455	-2.383852	-2.024631	-1.112276	0.091074	-1.643432	0.454834	1.423900	-1.046651	1.156834	2.297340	0.869762	0.884540	1.060694	-0.486094	0.094519	-0.564256	-0.092994	0.715200	1.414023	1.988441	-0.020843	0.618096	-0.936706	-0.925295	-0.385324	-1.059033	0.113478	-0.000460	0.052351	1.851313	2.230950	1.953010	1.769708	1.941795	1.311965	-0.021744	2.776620
0.313537	-0.945540	1.079134	0.829163	-0.092085	-1.515046	-0.984910	0.992500	-0.557954	0.027955	-0.361722	0.366728	-0.650846	0.059173	1.675655	-0.610248	-1.857660	-0.681944	-0.964028	-0.567493	0.333735	1.574426	-0.978002	0.453788	0.724308	-0.490268	1.295007	2.124953	0.040981	0.933991	1.693846	0.199242	-0.368804	-1.408535	-0.367099	0.516263	0.666606	2.648259	-0.128284	0.373405	-0.256934	-1.296811	-0.984044	-0.382163	-0.193683	-0.126119	0.659926	1.575009	2.456207	1.596481	2.414040	1.101587	0.770867	0.056099	2.189048
1.054697	-0.248629	1.001686	0.902894	0.545557	-0.498934	0.230320	0.474102	0.464834	0.341312	0.189824	1.711252	0.712986	-0.169090	1.298791	0.828624	-0.525501	0.305468	0.498441	0.928970	1.445225	2.216859	0.516322	0.189701	0.302878	0.731855	1.185588	0.822662	-0.415523	0.595968	1.573122	1.199479	-0.464821	-1.532519	0.017215	0.391056	0.095470	2.444813	0.292588	0.272404	0.129617	-0.836901	-0.893280	0.220189	-0.104305	0.075696	0.977766	0.724483	2.021647	1.510009	2.384200	-0.252816	0.018917	0.277042	1.530571
0.827527	0.406740	0.297208	0.204272	1.175389	0.705505	1.450639	-0.045954	1.143025	0.849935	0.127832	1.890470	1.304221	0.280293	0.058662	1.494656	0.713803	0.274835	1.082780	1.394826	1.372714	1.515607	1.612645	-0.233777	-0.077867	1.568295	0.596426	-0.880668	-0.321303	-0.130121	0.690682	1.525754	-0.299569	-0.584151	0.885354	0.307518	-0.282556	1.575904	0.951311	0.128492	0.142134	0.329520	0.083414	0.619681	0.715886	0.515630	0.557367	-0.404267	0.921830	1.515501	1.193661	-1.358846	-0.229124	0.899917	0.932183
-0.014947	0.724400	-0.539762	-0.515385	1.035691	1.059808	1.375710	-0.024963	0.968359	1.110533	0.075359	0.712321	1.037176	0.598433	-1.208914	0.867103	0.743489	-0.402260	0.589184	0.704643	0.363267	0.327657	1.383832	-0.500886	-0.337394	1.029561	0.054812	-1.655587	-0.037818	-0.547695	-0.143733	0.725403	0.083286	0.608287	1.557505	0.298913	-0.572430	0.722750	1.316681	-0.143763	-0.016824	1.163225	1.154227	0.792097	1.513997	0.809749	-0.344520	-1.264517	-0.227431	1.032602	-0.428379	-1.414012	0.188460	1.527315	0.282475
-0.300200	0.443142	-0.799756	-0.440706	-0.061377	0.305724	0.027250	0.545073	0.021968	0.753906	0.890662	-0.698478	0.569705	0.300022	-1.469200	-0.161245	-0.240678	-0.633777	-0.270179	-0.237095	-0.532279	-0.155001	0.181314	-0.476385	-0.274800	-0.612739	-0.013720	-0.947288	-0.026709	-0.147221	-0.289976	-0.565500	0.496320	0.925404	1.421888	0.319203	-0.815149	0.172404	1.116489	-0.368892	-0.151353	0.730346	1.195888	0.582450	1.353284	0.596192	-1.016212	-1.445280	-0.697096	0.105388	-1.215334	-0.412075	0.559813	1.342690	-0.292633
0.290489	-0.323868	-0.284487	0.273581	-1.296044	-0.653724	-1.432630	0.897761	-1.233008	-0.061206	2.027191	-1.244481	0.406157	-0.112353	-0.683717	-0.525494	-1.253413	-0.245860	-0.616432	-0.450184	-0.550541	0.083338	-0.852135	-0.411166	-0.100487	-1.982136	-0.079111	0.333016	-0.323384	0.551120	-0.029835	-1.317744	0.463081	0.400373	0.573522	0.075911	-0.969216	-0.432454	0.448249	-0.465874	-0.229211	-0.649750	0.130268	-0.050972	0.372190	-0.033371	-0.996338	-1.051708	-0.524362	-0.511857	-0.758317	0.663058	0.166149	0.246524	-0.578705
0.687069	-0.951598	0.275372	0.461229	-1.677923	-0.814842	-2.044131	0.389995	-2.133303	-0.720283	1.972167	-1.005088	0.328889	0.152662	0.273167	-0.334606	-1.637620	-0.209564	-0.265267	0.018962	-0.080979	-0.036092	-1.002967	-0.585069	-0.281558	-2.103163	-0.768444	0.637443	-0.601403	0.527802	-0.100967	-1.065051	-0.346027	0.219421	-0.154093	-0.552117	-0.880640	-1.378652	-0.386963	-0.592974	-0.327548	-1.574305	-0.790494	-0.649733	-0.301749	-0.481255	-0.422926	-0.580292	-0.584587	-0.419299	-0.040103	0.642680	-0.685279	-0.742688	-0.761832
-0.145289	-0.801198	-0.082995	-0.670113	-1.194175	-0.234978	-1.814143	-0.622086	-2.168891	-0.806023	0.379777	-0.869122	-0.086122	0.997687	0.688620	-0.434795	-1.415392	-1.030760	0.193930	0.204771	-0.181483	-1.076164	-0.515776	-0.805683	-0.832188	-1.393056	-1.661037	-0.520587	-0.630543	-0.372461	-0.686868	-0.143704	-1.479033	1.094317	0.024135	-1.063453	-0.387968	-2.280504	-1.032885	-0.812260	-0.502707	-1.088581	-0.408169	-0.563708	0.067875	-0.174328	0.258657	-0.326036	-1.412017	-0.177367	-0.357819	-0.675489	-0.898116	-0.617749	-1.179308
-1.682187	0.095295	-1.277122	-2.261098	-0.682404	0.187895	-1.209216	-1.133190	-1.344854	-0.447621	-1.205622	-1.251379	-0.678360	1.415148	0.602883	-0.980141	-0.881968	-1.745526	0.080651	-0.489518	-1.156583	-2.180499	-0.055829	-0.542496	-1.133495	-0.865971	-1.599059	-1.834340	-0.410682	-1.093666	-1.193283	0.708483	-1.884530	2.187457	0.998686	-0.776145	0.395291	-2.458864	-1.204308	-0.889912	-0.704428	0.216687	0.949286	0.241571	0.939767	0.794888	0.726281	-0.058275	-2.166473	-0.460170	-1.663618	-2.140827	0.107338	0.432151	-1.537784
-2.331191	1.046693	-2.019016	-2.530898	-0.603820	-0.018151	-0.408327	-0.658931	-0.117646	0.024418	-1.237603	-1.596291	-0.842193	0.749994	0.380284	-1.223647	-0.220802	-1.129604	-0.621723	-1.465747	-2.029105	-2.128507	0.049992	0.341083	-0.696930	-0.686177	-0.268816	-1.563353	0.064930	-0.640292	-1.007695	0.894304	-1.032310	2.135395	1.805755	0.241504	0.990365	-1.702707	-0.866266	-0.633190	-0.741405	1.009125	1.900587	1.013922	1.242192	1.660818	0.856996	0.513337	-1.414974	-0.954858	-2.353090	-2.191058	1.648498	1.355146	-1.060541
-1.369809	1.458440	-1.277047	-0.901280	-0.498329	-0.303771	0.609023	0.224898	0.940356	0.419322	-0.082379	-1.201454	-0.377894	-0.416811	0.139432	-0.710856	0.512330	0.598279	-1.137320	-1.651753	-1.706565	-0.872665	-0.033607	1.219020	0.085666	-0.096166	1.188427	0.369622	0.835256	0.635079	-0.205407	0.360909	0.363743	0.835732	1.592431	1.088053	0.916954	-0.410347	-0.301082	-0.260679	-0.361092	0.908933	1.637897	1.050956	0.725799	1.730131	0.597499	1.065800	0.916936	-0.705920	-1.128072	-0.446891	2.517246	1.504777	0.256933
0.197333	1.378082	0.414924	1.220938	0.142042	0.056825	1.533812	0.586654	1.345652	0.564582	0.595856	-0.151412	0.231269	-0.949585	-0.150671	0.096031	1.241067	2.025247	-0.616983	-0.776382	-0.320753	0.496712	-0.013713	1.284484	0.307903	1.228294	1.474314	2.139544	1.678408	1.415494	0.596187	-0.340279	1.082619	-0.425545	0.514924	1.035444	0.198126	0.801371	0.119831	-0.188742	0.473423	0.798635	0.684395	0.507018	0.159018	1.100602	0.012992	0.848373	2.991100	0.447855	1.174818	1.654528	2.240054	1.135387	1.177388
0.904530	1.202085	1.558046	2.099196	0.962651	0.945022	1.823837	0.122542	0.889646	0.228475	-0.072437	0.786181	0.506197	-0.513166	-0.292357	0.640621	1.821645	2.330915	0.922038	0.450884	1.009600	1.128912	0.254576	0.440295	-0.338333	2.416145	0.573479	2.072439	2.065132	0.957046	0.882198	-0.479219	0.716203	-0.653890	-0.475453	0.332156	-0.595088	1.339563	0.261623	-0.457786	1.360572	1.395361	0.076317	0.133348	0.234159	0.521392	-0.554529	-0.297314	2.931825	1.394362	2.307570	2.185028	1.318642	0.705024	0.645756
0.467650	1.082489	1.412551	1.565948	1.164246	1.648527	1.382460	-0.764634	-0.113522	-0.570807	-1.374572	0.988732	0.578249	0.066286	-0.019841	1.073698	2.131320	2.104917	2.502786	1.295887	1.524061	1.154649	0.780186	-0.586500	-1.202271	2.411560	-0.542782	0.454942	1.618231	-0.178284	0.581563	0.199990	-0.103549	-0.299088	-0.774817	-0.217126	-0.917319	0.766256	0.248719	-0.595977	1.724937	2.153371	0.200411	0.310347	0.704854	0.512213	-0.634517	-1.441438	0.913613	1.039868	1.238364	0.832461	0.371661	0.166625	-0.724025
-0.233413	0.840631	0.598207	0.766069	0.593319	1.864470	0.742189	-1.597944	-0.978352	-1.390911	-2.139928	0.490544	0.837443	-0.222775	0.448375	1.760254	2.132984	2.232632	3.134709	1.668754	1.421991	1.021781	1.439132	-1.056571	-1.563248	1.374246	-1.271930	-1.074703	0.546120	-0.948062	-0.063738	1.176108	-0.680032	-0.376735	-0.756179	-0.286630	-0.809591	-0.776569	0.180866	-0.215303	1.424782	2.008527	0.582270	0.616664	0.784813	0.749149	-0.129324	-1.492245	-1.164973	-0.330139	-0.652233	-0.706023	-0.464979	-0.752736	-1.385978
-0.515211	0.365819	0.001356	0.424044	-0.095561	1.878766	0.411628	-2.097263	-1.271017	-1.727341	-1.982311	-0.234004	1.182044	-1.390930	0.434051	2.400674	1.833553	2.585985	2.693414	1.764057	1.173390	0.728583	1.889822	-0.961921	-1.467481	0.514815	-1.768772	-1.525574	-0.512341	-0.993554	-0.716666	1.541229	-0.947488	-0.934683	-1.036991	-0.325555	-0.710733	-2.277875	-0.008512	0.376637	0.943047	0.856727	0.588636	0.460649	0.146207	0.481545	0.419670	-0.506394	-1.884655	-1.436980	-1.343535	-0.723109	-1.174341	-1.761922	-0.926943
-0.627545	-0.096061	-0.306012	0.138691	-0.367867	1.819430	0.328934	-1.934088	-1.118333	-1.462277	-1.317366	-0.781652	0.999107	-2.276724	-0.405932	2.244579	1.270627	2.315280	1.764743	1.514144	0.804840	0.076028	1.740607	-0.816753	-1.366889	0.609642	-2.086720	-1.342088	-1.036989	-0.796497	-1.089590	0.825060	-1.063792	-0.999925	-1.486120	-0.784407	-0.733597	-2.511802	-0.330539	0.472755	0.853494	-0.259606	0.115677	-0.047363	-0.738409	-0.479095	0.318699	0.388586	-1.519948	-1.520026	-0.512555	0.529404	-1.440652	-1.952688	-0.488942
-1.031968	-0.123757	-0.749284	-0.605746	-0.419444	1.374260	0.155982	-0.841100	-0.808156	-0.859473	-0.667192	-1.058969	-0.049015	-1.650698	-1.573955	1.093297	0.603355	1.137352	0.884130	0.773770	0.132842	-0.712986	1.001671	-0.868067	-1.282672	1.196843	-1.757606	-1.348205	-0.951401	-0.926047	-1.112973	-0.478167	-0.840769	0.038862	-1.473843	-1.342855	-0.420443	-1.247159	-0.528143	-0.032095	1.217953	-0.413684	-0.416491	-0.137495	-1.188582	-1.434479	-0.450155	0.454113	-1.059869	-0.974578	0.498350	1.385607	-1.035898	-0.799399	-0.976599
-1.482763	0.388298	-1.281788	-1.468264	-0.647272	0.463710	-0.112853	0.775341	-0.402147	-0.250877	-0.277860	-1.135186	-1.461259	0.344856	-2.249063	-0.376388	0.124747	-0.264718	0.221671	-0.170656	-0.670448	-1.104101	0.230758	-0.813017	-0.853628	1.376544	-0.630353	-1.620196	-0.515282	-1.397503	-0.993900	-1.280553	-0.093698	1.476566	-0.938527	-1.219423	0.588778	0.434250	-0.272855	-0.289274	1.615726	0.214510	-0.609028	0.614377	-1.018455	-1.590852	-1.084613	0.218220	-0.828366	-0.581326	0.615292	0.960266	-0.350067	0.945111	-1.754704
-1.289656	0.980211	-1.274885	-1.676634	-0.884802	-0.300521	-0.123297	1.777917	0.035713	0.148870	-0.172597	-1.021559	-2.261202	1.968393	-2.117929	-1.313690	0.060980	-1.102972	-0.125817	-0.686452	-1.133779	-0.906873	0.009266	-0.315907	-0.126379	0.962712	0.426473	-1.674036	-0.075118	-1.766532	-0.983757	-0.920528	0.674213	1.905147	-0.576707	-0.237309	1.805419	1.229195	0.415348	0.479852	1.650403	0.772343	-0.479238	1.564602	-0.558437	-0.970628	-0.805142	0.562566	-0.568490	-0.625074	0.088226	0.038700	-0.064510	1.708251	-1.678911
-0.323230	1.036137	-0.374979	-1.042865	-0.572621	-0.244872	0.276341	1.326874	0.149719	0.243701	-0.226903	-0.675753	-1.856866	1.505769	-1.482877	-1.397645	0.337482	-1.236532	0.017084	-0.435495	-1.005744	-0.491782	0.300588	0.464806	0.264036	0.484685	0.345136	-1.286730	0.103249	-1.696777	-1.107777	0.198697	0.614076	0.668867	-0.848707	0.740849	2.145256	0.850785	1.044786	1.777717	1.281995	0.797093	-0.308904	1.613072	-0.151994	-0.308462	0.258750	1.340216	-0.370743	-0.894976	-0.370238	-0.260134	-0.361008	0.629402	-0.767544
0.712735	0.459895	0.898202	-0.141415	0.404703	0.451761	0.678579	-0.099082	-0.311015	0.091679	-0.210454	-0.153057	-0.516945	-0.736658	-0.734207	-0.871834	0.580616	-0.984099	0.551682	0.258587	-0.467585	-0.301767	0.484755	0.992093	-0.059231	0.271160	-0.711701	-0.677646	-0.039767	-1.292709	-1.201081	1.037444	-0.282236	-1.380419	-1.295401	0.698288	1.113913	0.019266	1.023164	2.169579	0.699581	0.494496	-0.277290	0.514804	0.112107	-0.162157	1.176722	1.503935	-0.701983	-1.123933	-0.652036	0.039229	-0.818120	-1.469265	-0.060417
1.095764	-0.263164	1.593635	0.390485	1.411393	0.832914	0.508577	-1.062513	-0.858527	-0.035928	0.025600	0.394842	0.888315	-2.497160	-0.025352	-0.237300	0.405668	-0.644718	0.872828	0.728879	0.116917	-0.346425	0.046291	0.871867	-0.546311	0.016026	-1.346499	-0.069249	-0.316981	-0.830984	-1.104133	0.932924	-0.907366	-2.620785	-1.168428	-0.321618	-0.421283	-0.528267	0.213480	0.974377	0.025453	0.129776	-0.390129	-0.788533	0.163357	-0.416853	1.177927	0.559103	-1.469862	-1.141718	-1.023592	0.054170	-1.065666	-2.826708	-0.078174
0.840502	-0.721876	1.265544	0.416080	1.691290	0.202591	-0.244803	-0.674689	-0.540632	0.183202	0.347857	0.887221	1.555174	-1.984959	0.564132	0.031974	-0.224479	-0.413102	0.381808	0.582086	0.477202	-0.284864	-0.858951	0.219221	-0.293860	-0.627799	-0.570571	0.494749	-0.503972	-0.319672	-0.704090	0.159874	-0.375682	-2.206020	-0.482208	-1.195878	-0.995944	-0.660337	-0.849294	-0.792794	-0.752047	-0.385095	-0.654161	-1.309058	-0.225084	-0.674563	0.389776	-0.680888	-1.746481	-0.841706	-1.363533	-0.597190	-1.158813	-2.490211	-0.215827
0.493287	-1.019569	0.373517	0.216367	1.148383	-1.088627	-0.881634	0.464643	0.862906	0.762833	0.432008	1.333972	1.289432	0.079513	0.872495	-0.205410	-0.905694	-0.440053	-0.749814	0.015997	0.514351	0.100318	-1.537090	-0.406897	0.815041	-1.374595	0.948241	0.907382	-0.620428	0.420648	0.052853	-0.438425	0.736025	-0.838349	-0.030670	-1.012819	-0.163065	-0.582847	-1.376610	-1.501872	-1.573533	-1.135097	-1.074830	-1.135600	-1.083559	-0.817234	-0.393006	-1.038329	-0.853363	-0.302893	-1.250057	-1.267104	-1.211504	-1.177029	0.228566
0.432668	-1.382663	-0.211732	0.117463	0.407340	-1.978732	-0.717452	1.033929	2.250614	1.277927	0.116911	1.636286	0.566582	1.384383	0.830393	-0.571412	-1.111756	-0.663894	-1.624892	-0.419941	0.306030	0.648213	-1.424919	-0.488713	1.901483	-1.553387	1.670173	0.960159	-0.824197	1.237040	0.946134	-0.335889	1.076297	0.070931	-0.328690	-0.125921	1.009227	-0.412390	-1.055596	-0.710941	-2.135576	-1.756950	-1.471114	-1.061221	-1.865483	-0.983086	-0.593041	-0.344067	0.622697	0.155717	-0.660989	-1.134337	-1.056936	-0.325320	1.030495
0.572837	-1.586372	-0.048134	0.230439	0.135305	-1.758452	0.128917	0.529456	2.268770	1.217093	-0.382365	1.530466	0.060069	0.815601	0.604464	-0.498389	-0.656180	-0.695684	-1.546502	-0.395628	0.053985	1.014026	-0.643151	-0.081790	2.058802	-0.926929	1.035906	0.676428	-0.997043	1.548686	1.394640	0.160697	0.312360	-0.130802	-0.894013	0.352346	1.267314	-0.201820	-0.314902	0.496275	-2.032275	-1.717159	-1.546054	-1.337812	-1.853269	-1.182215	-0.389026	0.467551	1.397715	0.273057	-0.091361	-0.251021	-0.589247	-0.513438	1.384647
0.602198	-1.157039	0.540872	0.395842	0.347885	-0.741724	0.844609	-0.323693	0.886586	0.481217	-0.680488	0.883760	0.006666	-0.411430	0.390841	0.083388	0.128750	-0.176631	-0.712599	-0.130083	-0.094528	0.997201	0.111970	0.269845	1.252153	0.040915	0.033053	0.424992	-0.724179	1.020407	0.967439	0.345226	-0.449203	-0.909132	-0.852800	-0.012300	0.609337	-0.097426	0.201885	0.893089	-1.150069	-1.015675	-1.242662	-1.385287	-1.061534	-1.231091	-0.298998	0.533253	0.986959	0.168279	0.069618	0.518360	-0.191907	-1.086420	0.973600
0.329505	-0.143737	0.926744	0.374767	0.440038	0.126504	0.781884	-0.686378	-0.554582	-0.503654	-0.605486	-0.017031	0.047381	-0.583486	0.211979	0.562638	0.600423	0.659721	0.101071	-0.069474	-0.155309	0.639976	0.270751	0.281303	0.156394	0.715175	-0.203243	0.523114	0.131377	0.126148	0.042182	0.012314	-0.204895	-1.374479	-0.063147	-0.467007	-0.035469	-0.222738	0.320250	0.395054	0.078249	-0.318871	-0.816396	-0.805984	-0.351656	-1.033158	-0.371849	-0.000162	0.177403	0.226504	-0.035718	0.551221	-0.364497	-1.178794	0.311168
-0.154897	0.702318	0.820486	0.162776	-0.054985	0.276254	0.005147	-0.647121	-0.944253	-1.184711	-0.290634	-0.660887	-0.248068	0.315635	0.043153	0.345652	0.216957	1.001253	0.360076	-0.265999	-0.156839	0.091844	-0.041784	0.309392	-0.663395	0.767815	0.145850	0.827285	1.033169	-0.324050	-0.444748	-0.335714	0.606644	-1.089157	0.736507	-0.152228	-0.231748	-0.519660	0.355332	-0.155418	0.930014	-0.247001	-0.454917	-0.076262	-0.381802	-0.683310	-0.135139	-0.322085	-0.094269	0.634845	-0.027740	0.159666	-0.958498	-0.640455	0.018605
-0.570846	0.756926	0.336598	0.003191	-0.844133	0.030672	-0.993379	-0.844632	-0.590852	-1.391990	0.077413	-0.852134	-0.815018	0.849206	-0.097072	-0.417956	-1.008704	0.300894	0.151552	-0.297715	-0.009359	-0.511733	-0.231116	0.707056	-1.184734	0.140006	0.018607	0.833489	1.200934	-0.187977	-0.130252	-0.245307	0.786958	-0.100576	0.848337	0.713853	-0.429618	-0.799800	0.540941	-0.116977	1.033261	-0.662844	-0.079807	0.186032	-0.761051	-0.278763	0.567018	-0.014854	0.067642	1.046094	0.175959	0.025790	-1.250888	0.120711	0.021092
-0.723979	0.296189	-0.389431	-0.000841	-1.188829	0.072050	-1.777275	-1.351890	-0.481616	-1.384321	0.438154	-0.882404	-1.206295	0.134025	-0.334004	-1.038886	-2.276059	-0.928346	-0.097580	0.092951	0.291779	-1.018970	0.010342	1.125793	-1.591000	-0.983909	-0.826224	0.194326	0.429655	-0.129758	0.257246	0.071478	0.039083	1.218079	0.321789	1.164161	-0.931098	-0.817584	0.678312	0.351232	0.705166	-0.821432	0.339530	0.215060	-0.613909	0.178429	1.099244	0.509950	-0.185554	0.793107	0.285038	0.187145	-0.877720	0.757593	-0.288889
-0.688921	0.108155	-1.272310	-0.083227	-0.790008	0.512769	-2.012338	-1.419833	-0.725809	-1.313602	0.732739	-1.014946	-1.166256	-1.133182	-0.868532	-1.090836	-2.450402	-1.492704	-0.119466	0.516789	0.446363	-1.216946	0.350646	0.949735	-1.735618	-1.958426	-1.252503	-0.843375	-0.648826	-0.609831	-0.097722	0.112593	-0.701197	2.120706	-0.263479	0.807329	-1.228888	-0.335713	0.439202	0.674530	0.487478	-0.202962	0.577089	0.707461	0.244553	0.651618	0.775933	0.608717	-1.095082	-0.340742	0.106347	0.042300	-0.242811	1.163280	-1.067013
-0.639376	0.421643	-1.937941	-0.415601	-0.082748	0.736299	-1.415303	-0.428813	-0.417790	-0.801595	0.782472	-0.960715	-0.832539	-1.654443	-1.451063	-0.740025	-1.140448	-0.862491	-0.055043	0.366120	0.125175	-0.951049	0.280884	0.240151	-1.170614	-1.913875	-0.228659	-1.518451	-1.157079	-1.105394	-0.841035	-0.178325	-0.606232	1.828830	-0.375807	0.280361	-0.791070	0.580060	-0.132725	0.530679	0.398762	0.902039	0.489376	1.560348	1.129890	0.997751	-0.146778	0.170013	-1.733138	-1.544063	-0.057735	-0.631351	0.191614	1.311296	-1.506353
-0.522625	0.611005	-1.748790	-0.693225	0.403976	0.232941	-0.099915	1.173295	0.860147	0.596740	0.491349	-0.198566	-0.367190	-1.008297	-1.316305	-0.357785	0.690886	0.122238	-0.260812	-0.350412	-0.509534	-0.310150	-0.232645	-0.314043	0.221328	-0.664695	1.582702	-1.202148	-0.789392	-0.726223	-0.783849	-0.366904	-0.026048	0.425523	0.135755	0.282320	-0.006662	1.349027	-0.599270	0.076114	-0.047635	1.655265	0.318146	1.731553	1.401646	1.096773	-0.699294	-0.346894	-1.086606	-1.557523	0.280376	-1.209906	0.552038	1.246483	-0.706880
-0.101786	0.080114	-0.538088	-0.469914	0.637552	-0.665428	1.132583	2.161328	2.094489	2.428671	0.107635	1.134764	0.272003	0.125525	-0.127744	-0.143124	1.537006	0.190303	-0.836623	-0.920125	-0.846149	0.389795	-0.721787	-0.396636	1.783975	0.819350	2.366424	-0.096291	-0.054685	0.524977	0.474407	-0.137320	0.120685	-0.850350	0.963723	0.595291	0.268872	1.358980	-0.628116	-0.331132	-1.009405	1.468427	0.378704	0.630484	1.152305	0.968617	-0.413639	-0.482514	0.537126	-0.120026	1.022171	-1.077277	1.133536	1.134158	0.968167
0.593740	-0.896840	0.845734	0.121801	0.830956	-1.163515	1.298764	1.812112	1.961704	3.268092	0.052153	2.045986	1.004813	1.009277	1.278836	-0.159126	0.836975	-0.851026	-1.390579	-0.773112	-0.526426	0.843677	-0.805332	-0.476892	2.513155	1.243028	1.314141	0.812126	0.247867	1.573200	1.835894	0.297650	-0.345900	-0.738671	1.514678	0.377995	-0.056918	0.727303	-0.413927	-0.551120	-1.873916	0.505998	0.591416	-0.896220	0.887118	0.699335	0.147495	-0.233155	1.651434	1.457739	1.307156	-0.532728	1.682559	1.059271	1.923644
1.111404	-1.513675	1.202639	0.395628	0.931937	-0.989554	0.204928	0.688073	0.546932	2.082529	0.428126	1.721731	1.402450	1.648710	1.724888	-0.376646	-0.604202	-1.897100	-1.399835	-0.141795	0.133280	0.954609	-0.607274	-0.994406	1.981470	0.271987	-0.351333	0.730605	-0.170742	1.515418	1.958575	0.444417	-0.670854	0.613568	1.364109	-0.707790	-0.191519	0.189603	-0.466730	-0.810616	-1.943218	-0.581690	0.577325	-1.476926	0.779010	0.325533	0.247447	0.024042	1.243816	1.618117	0.432185	-0.353519	1.579042	0.817101	1.097687
1.099524	-1.404142	0.327269	0.011744	0.712512	-0.631227	-1.241261	-0.056743	-0.750423	-0.364218	0.852681	0.583124	1.171208	2.293088	1.180398	-0.524391	-1.638932	-1.843160	-0.779076	0.331570	0.597920	0.841151	-0.442140	-1.531386	0.723912	-1.182247	-0.880954	-0.024006	-0.741474	0.712114	0.875635	0.120420	-0.234816	1.763823	0.616340	-1.910399	0.306419	0.169949	-0.906178	-1.333885	-1.314451	-1.293742	0.190869	-0.859812	0.529239	-0.083053	-0.043825	-0.015846	-0.051562	0.371596	-1.120974	-0.649499	0.669293	0.158255	-0.603477
0.757449	-0.868721	-0.688265	-0.553104	0.170873	-0.568188	-1.805937	0.021929	-0.971814	-1.946346	0.846880	-0.181697	0.654708	2.560173	0.714075	-0.256599	-1.789715	-0.769907	0.041842	0.376103	0.695083	0.738394	-0.231971	-1.239881	-0.313305	-1.877131	-0.094665	-0.407724	-0.563867	0.306423	-0.093992	-0.250416	0.598241	1.606981	-0.194759	-1.997904	0.780446	0.407392	-1.088512	-1.773912	-0.695950	-1.502482	-0.215544	-0.076423	0.025546	-0.267910	-0.115067	-0.232615	-0.706522	-0.687415	-1.946462	-0.709999	-0.390683	-0.692726	-1.205183
0.434857	-0.244989	-0.780210	-0.739371	-0.505353	-0.693145	-1.026198	0.417005	-0.569529	-1.297361	0.319732	-0.149881	0.392901	1.818759	0.861782	0.272866	-1.218492	0.302570	0.531701	0.126346	0.462116	0.846871	0.383010	-0.039394	-0.568860	-1.328035	0.683588	0.003574	0.559790	0.802013	0.043753	-0.075253	0.901061	0.550315	-0.468523	-0.490924	0.417689	0.580545	-0.239522	-1.324141	-0.469199	-1.191096	-0.154094	0.017821	-0.191566	0.032518	0.133230	-0.250870	-0.043012	-0.285377	-1.177614	-0.048285	-0.668655	-0.999309	0.012389
0.032595	0.388767	-0.186238	-0.673765	-1.214185	-0.675436	0.403796	0.620411	-0.459940	0.709521	-0.337732	-0.131423	0.317962	0.430807	0.873136	0.385695	-0.287626	0.607064	0.389468	-0.377038	-0.189651	1.120105	1.249839	1.027221	-0.129850	-0.132238	0.604259	0.519096	1.698685	1.509852	0.872980	0.556520	0.289330	-0.154843	0.099952	1.658629	-0.460014	0.722123	1.411037	0.222559	-0.357928	-0.383848	0.386661	-0.258095	0.429192	0.622727	0.032335	0.010099	1.136571	1.071709	0.521099	0.884865	0.198186	-0.257211	1.683067
-0.684521	0.836305	0.096363	-0.684740	-1.793264	-0.481050	1.297390	0.723464	-0.746571	1.919554	-0.558801	-0.828357	-0.064141	-0.286546	-0.001807	-0.176383	0.550128	0.342257	-0.355326	-1.130632	-1.100971	1.166139	1.481207	0.925567	0.505325	0.659286	0.284582	0.445356	1.716095	1.458373	1.212016	0.723338	-0.591000	0.026046	1.182309	2.758226	-0.723822	0.783742	2.457061	1.745753	-0.016735	0.567174	0.862337	-0.150108	1.453481	0.879890	-0.845236	0.149999	1.658716	1.872184	1.661225	1.307635	1.570719	1.049840	2.072160
-1.330311	0.767331	-0.159044	-0.477484	-1.774261	-0.211774	1.077908	0.888883	-0.803344	1.256509	-0.053952	-1.647224	-0.741587	0.245532	-1.211822	-0.662883	0.869795	0.231571	-1.255533	-1.665279	-1.473785	0.536074	0.488915	-0.040409	0.760735	0.571435	0.525217	0.153339	0.656442	0.527129	0.539208	-0.225206	-0.722006	0.438040	1.877832	1.992361	-0.010774	0.430910	1.729827	1.775280	0.488837	1.054870	0.863157	0.348793	1.752824	0.537669	-1.782356	-0.161520	1.290913	1.464597	1.522722	1.123452	2.262045	1.758598	1.061997
-1.138696	0.328889	-0.211012	0.363197	-0.872557	0.183212	0.236923	0.813514	-0.267287	-0.265905	0.870941	-1.502092	-1.092194	0.939693	-1.578991	-0.266792	0.648656	0.557105	-1.603379	-1.333411	-0.686532	-0.710191	-1.002022	-0.486042	0.341785	0.118687	0.936310	0.449219	-0.191084	-0.493492	-0.478875	-1.598113	0.192820	0.293955	1.567722	0.303172	0.721226	-0.280298	-0.166650	0.305575	0.882418	0.841752	0.667654	0.624539	0.945423	0.159755	-1.561214	-0.632431	0.676884	0.591000	0.755423	0.910643	1.686885	1.290603	-0.051723
-0.094324	0.162107	0.275343	1.245018	0.231246	0.588150	-0.301691	0.191741	0.492623	-0.997441	1.435736	-0.465660	-0.864251	0.448850	-0.867597	0.585100	0.308415	0.826674	-1.080253	-0.354223	0.521999	-1.782657	-1.582504	0.319242	-0.431834	0.093361	0.633197	1.232129	0.153980	-0.777834	-0.804556	-2.000632	1.356340	-0.308647	0.723554	-0.624192	0.487950	-0.589463	-1.256269	-0.990451	0.979695	0.320407	0.730269	0.439312	-0.101990	0.362277	-0.078476	-0.681775	0.308749	0.177772	0.397562	0.969676	0.522322	0.358704	-0.322644
0.805564	0.447757	0.566316	1.019994	0.287510	0.471098	-0.125234	-0.619767	0.810793	-0.645516	1.042769	0.209875	-0.647790	-0.976154	0.006565	0.663506	0.213070	0.508022	-0.202468	0.114593	0.593163	-1.750757	-0.834625	1.436891	-0.768267	0.593809	-0.218270	1.549814	1.112841	-0.236755	-0.162821	-1.058898	1.657281	-0.724869	0.331793	-0.206581	-0.412793	0.005774	-0.371903	-0.706016	0.686282	-0.067449	0.777560	0.128547	-0.517341	0.745866	1.209331	-0.267735	0.109141	0.266901	0.669812	0.883219	-0.122049	0.077100	-0.011381
0.798329	0.491063	0.085026	-0.184268	-0.917841	-0.402732	0.469870	-0.919951	0.392222	-0.310179	-0.022009	-0.186568	-0.971298	-1.769578	0.241021	-0.287584	0.342905	-0.076400	0.250478	-0.513843	-0.777139	-0.478479	0.200555	1.424751	-0.177822	1.058631	-0.511172	0.981926	1.281692	0.491476	0.727490	0.127289	0.841492	-0.712538	0.502040	0.594257	-0.886681	0.899895	1.462068	0.641231	0.064306	-0.361240	0.035923	-0.132344	-0.515344	0.265325	0.894926	0.003074	-0.009584	0.386328	1.001720	0.277903	-0.111003	0.547279	0.227700
0.426334	-0.260215	-0.387587	-0.590488	-1.862507	-1.182930	1.001027	-0.554322	-0.417782	-0.734581	-0.683170	-0.797889	-1.345151	-1.014311	0.111344	-0.958812	0.520047	0.006929	0.205089	-1.170926	-1.851100	1.159253	0.441477	0.228413	0.908463	1.144545	0.208415	0.277599	0.234876	0.710785	0.993290	0.429214	-0.178114	-0.545574	0.365798	0.687263	-0.549407	1.138408	2.236761	1.396370	-0.448260	-0.757422	-1.484072	-0.586858	-0.742967	-1.204732	-0.599372	-0.289309	0.220224	0.438319	0.996414	-0.360647	-0.307867	0.805863	0.290077
0.789801	-1.204848	0.377924	1.040373	-0.919315	-0.632926	1.198473	-0.104712	-0.953349	-1.285573	-0.147822	-0.357759	-0.785128	0.544676	0.514863	-0.079938	0.637992	1.010678	0.298748	-0.317108	-0.804262	2.066102	0.103634	-0.744780	1.502126	1.087134	1.052345	0.332739	-0.942603	0.309732	0.511498	-0.035146	-0.318943	-0.383460	-0.469585	0.149590	-0.155723	0.703777	1.271431	0.854248	-0.242785	-1.037932	-2.502826	-1.238460	-1.080912	-2.292908	-1.443678	-0.755107	0.904526	0.690889	0.883668	-0.165700	-1.127372	0.175691	0.418741
1.877969	-1.177572	2.109898	3.428841	1.436248	1.227046	0.949449	-0.174216	-0.888631	-0.974840	1.127117	1.017837	0.777022	1.502697	1.725598	1.846710	0.567758	1.865515	0.917550	1.931515	1.893748	1.753148	0.162935	-0.478769	1.023561	1.091556	0.933501	0.961168	-1.012645	-0.305017	-0.181132	-0.424757	0.415068	-0.061144	-1.189842	-0.207147	-0.480436	0.363337	-0.247565	-0.108865	0.769301	-0.729473	-1.729951	-1.457324	-0.815869	-1.571078	-0.602933	-0.677899	1.465026	1.080069	0.937195	0.837976	-1.748588	-0.824774	0.490546
2.348476	0.094698	2.918743	3.956913	2.867498	2.822703	0.255281	-0.694683	-0.532585	0.113589	1.866001	1.884556	2.159141	1.265452	2.825795	3.020313	0.182897	1.328815	1.656746	3.639462	3.803016	0.399424	0.850595	0.403192	-0.222275	0.862440	-0.104018	1.123936	0.004946	-0.832418	-0.731675	-0.421346	0.987769	0.476548	-0.959172	-0.067230	-1.237938	0.461473	-0.929841	-0.398911	1.866135	0.216092	0.605751	-0.629311	0.198732	0.719141	1.003855	0.036823	1.115867	1.079614	0.887232	1.450714	-1.183402	-1.123561	0.081938
1.269443	1.599493	1.530415	1.803166	1.915059	2.722637	-0.555574	-0.973787	-0.298550	1.013834	1.446572	1.349421	2.227387	0.288126	2.575753	2.445079	-0.319116	-0.350770	1.874724	3.223288	3.230202	-1.418771	1.342529	0.644509	-1.405713	0.117073	-1.041479	0.294494	1.064140	-1.310714	-1.272762	-0.342177	0.739883	0.894368	-0.164560	0.197417	-1.399540	0.606885	-0.649999	0.018287	2.155339	1.217447	2.858207	0.988257	1.205378	2.825051	1.798508	0.723136	-0.133752	0.407975	0.301670	0.630871	0.331350	-0.338408	-0.727692
-0.490035	2.114452	-0.970164	-1.016312	-0.224411	1.187461	-0.845987	-0.418040	-0.039925	1.181145	0.500432	0.211514	1.132147	-0.734255	0.866667	0.964754	-0.408300	-1.540150	1.428805	1.194512	0.970342	-2.782525	0.956138	0.083855	-1.794912	-0.720410	-1.130586	-0.826496	1.358210	-1.632505	-1.765692	-0.290074	0.242655	0.731258	0.173397	0.321141	-0.409864	0.507586	-0.143226	0.438204	1.426600	1.611004	3.521380	2.327244	1.422559	3.263724	1.405090	0.773537	-1.296361	-0.491842	-0.613917	-1.083862	1.559062	0.840261	-1.135099
-1.258948	1.358931	-2.294025	-2.116800	-1.269788	-0.344707	-0.250958	0.671807	0.645765	0.923894	-0.198288	-0.202249	-0.087087	-1.464498	-0.961028	0.023499	0.181763	-1.177881	0.661313	-0.621565	-0.884276	-2.758420	0.071892	-0.318209	-1.176585	-0.847513	-0.643394	-1.175026	0.894854	-1.310848	-1.617888	0.082642	0.277734	-0.137502	-0.182688	0.413092	1.147500	0.375310	0.147212	0.454802	0.236159	1.239550	2.438712	2.403528	0.853718	2.080601	0.693597	0.309873	-1.402916	-0.937168	-1.067846	-1.953513	1.703291	1.353162	-0.567428
-0.691573	0.068381	-1.581617	-1.437139	-0.652221	-0.925174	0.792391	1.105383	1.464280	0.586213	-0.854516	0.167236	-0.776460	-1.812775	-1.482291	-0.061901	1.021465	-0.017191	-0.034476	-1.133373	-1.252910	-1.311560	-0.432052	0.050570	-0.029841	-0.121895	-0.414605	-0.658760	0.020328	-0.176028	-0.470757	0.875695	0.420360	-1.248375	-0.559207	0.400529	2.041398	0.349646	0.241123	0.223945	-0.724516	0.484614	0.630409	1.126167	0.135166	0.427417	0.415544	-0.058557	-0.529722	-0.808587	-0.679509	-1.018273	1.106817	0.723724	0.415014
-0.105060	-0.767326	-0.181534	-0.727450	0.172643	-0.774162	1.344051	-0.007297	1.431566	0.009295	-1.976952	0.221269	-1.025992	-1.672544	-0.722357	-0.119867	1.403622	0.530896	-0.382292	-0.748145	-0.689878	0.317705	-0.318633	0.751133	0.710248	0.616659	-0.861523	-0.244828	-1.005125	1.015069	0.978830	1.570968	-0.456127	-1.750363	-0.477187	-0.095069	1.442980	0.141537	0.057658	-0.036105	-1.159782	-0.115472	-0.671910	-0.596244	-0.153723	-0.633753	0.548889	0.073314	0.342065	-0.642264	-0.103953	0.639985	0.507030	-0.560234	0.654744
-0.602298	-0.697353	0.166480	-0.983263	-0.021756	-0.592081	0.818648	-1.946510	0.230488	-0.885270	-2.945101	-0.513452	-0.970366	-0.993433	-0.012645	-0.727464	1.042936	0.243327	-0.261503	-0.403092	-0.157223	0.761528	-0.176553	1.098020	0.439080	0.408288	-1.517077	-0.681730	-1.822393	1.301308	1.621367	1.612838	-2.247962	-1.093930	-0.186371	-1.031898	-0.339659	-0.459736	-0.605844	-0.344545	-1.195544	-0.277865	-0.854272	-1.489340	0.015950	-0.802280	0.833544	0.559116	0.407522	-0.983904	-0.344787	1.066597	0.109997	-1.478447	-0.198551
-1.591592	-0.162791	-0.741614	-1.474724	-0.746736	-0.784547	-0.555873	-2.735270	-0.948600	-1.494931	-2.311789	-1.040088	-0.436656	-0.008385	-0.338829	-1.426016	0.141261	0.024149	0.067310	-0.468536	0.069993	0.049360	-0.568399	0.927871	-0.400944	-0.836645	-1.498759	-1.477059	-1.907030	0.796880	1.327859	1.015717	-3.157545	0.323808	-0.065886	-1.651325	-1.969015	-1.134659	-1.539253	-0.761006	-1.159247	-0.220257	-0.278514	-0.964296	0.098372	-0.485957	1.149765	0.874347	-0.191612	-1.783117	-1.506654	-0.231350	-0.329510	-1.379099	-1.226665
-1.613783	-0.134043	-1.639421	-1.156936	-0.828113	-1.300545	-1.977639	-1.235965	-0.627345	-1.111477	0.158233	-0.220240	0.551229	0.785811	-1.214738	-1.385216	-0.965927	0.326589	0.015652	-0.645617	0.267510	-0.487691	-1.320372	0.364429	-0.670968	-2.243298	-0.496246	-1.433135	-1.126088	0.588573	1.027021	0.196864	-1.758825	1.376230	-0.138106	-1.372794	-2.096515	-1.371543	-2.067334	-1.160726	-1.329765	-0.515131	-0.006556	0.198735	-0.541900	-0.411923	1.225060	0.571857	-0.636804	-2.342851	-2.503336	-1.672832	-0.870910	-0.596546	-1.275559
-0.251387	-1.045733	-1.287459	0.002674	-0.053093	-1.712458	-2.536807	1.355791	1.035552	0.022101	2.553775	1.537931	1.429897	0.978739	-1.401258	-0.409543	-1.824691	0.606876	-0.612023	-0.492199	0.617432	0.118311	-1.708517	-0.508044	0.145721	-2.668076	0.718884	-0.125158	-0.129256	1.156235	1.252010	-0.475574	0.976599	1.259487	-0.357560	-0.640739	-0.613493	-1.028335	-1.689120	-1.277095	-1.627259	-1.416740	-0.793540	0.469663	-1.832565	-1.030778	0.649026	-0.269429	-0.316269	-1.814045	-2.140784	-1.524050	-1.253326	-0.129592	-0.197577
1.295296	-1.991301	0.343287	1.286384	0.790396	-1.404341	-1.664316	2.646254	2.259709	0.801746	2.628557	2.521618	1.584377	0.627749	-0.495052	0.874619	-1.775950	0.445639	-1.088137	0.137570	0.978555	1.355077	-1.161380	-1.345253	1.161363	-1.536466	0.974344	1.443052	0.285471	1.522862	1.285578	-0.722034	2.488547	0.260153	-0.785139	-0.342541	1.125480	-0.397476	-0.544896	-0.887154	-1.491030	-2.245011	-2.083487	-0.726362	-2.679175	-1.952638	-0.441519	-0.991200	0.570372	-0.004917	-0.423606	0.048169	-1.272487	-0.539650	1.027578
1.506755	-1.464533	2.062758	2.024016	1.058522	-0.120865	0.372379	1.660381	1.749131	0.566519	0.315592	1.618779	0.978715	0.226527	0.534427	1.597033	-0.504548	0.329735	-0.475304	0.959864	1.072109	1.946937	0.250297	-1.423229	0.969935	0.657305	-0.000736	1.813885	0.161238	0.500481	0.211313	-0.253421	1.464242	-0.617057	-1.168157	-0.541854	1.603278	0.090307	0.784594	-0.006582	-0.375377	-1.823996	-2.330253	-2.074698	-1.887133	-2.121901	-1.124205	-0.900336	1.204870	2.079075	1.321779	1.290796	-0.944692	-1.199568	1.277944
0.112531	0.764387	2.422443	1.842984	0.841992	1.533131	2.348015	-0.181140	0.162740	-0.134253	-2.134756	-0.452673	0.120353	0.160745	0.456012	1.343706	1.267512	0.867963	1.070068	1.427505	0.695054	1.316411	1.815007	-0.397970	-0.670879	2.564552	-1.153083	0.597980	0.261989	-1.575463	-1.632149	0.895453	-0.739428	-0.687138	-0.899702	-0.406119	0.687310	0.122081	1.705570	0.968405	1.432410	0.128861	-0.733231	-1.693112	0.348400	-0.931807	-0.635164	0.036121	0.953475	2.786485	1.666792	0.980688	-0.371235	-0.938779	0.349027
-1.694842	2.941817	0.977839	0.753040	0.548973	2.458165	2.918589	-0.858763	-0.882084	-0.353418	-2.546394	-1.971356	-0.446704	0.242121	-0.726034	0.494299	2.219340	1.762396	2.195422	1.158483	-0.124110	0.043870	2.583590	0.961777	-2.359280	2.992547	-1.200633	-1.124914	0.857156	-3.015399	-2.868816	1.955171	-1.747277	-0.153334	0.126945	0.480407	-0.372830	-0.318043	1.812180	1.369484	2.734525	2.288258	1.543721	0.527641	2.233932	0.875442	0.570566	1.082850	0.011969	1.383784	0.429376	-0.314065	0.241053	0.427458	-0.881089
-2.408873	3.058189	-1.110312	-0.592256	0.377814	2.111149	1.887282	-0.021338	-0.751188	0.067069	-0.941657	-1.963926	-0.481199	0.015555	-1.612471	-0.085175	1.804249	2.082713	1.822513	0.343603	-0.987460	-0.910108	2.027065	1.347286	-2.462309	1.949937	-0.061602	-1.874749	1.195335	-2.678570	-2.650728	1.847776	-0.747842	0.296489	1.000992	1.309245	-0.483919	-0.879904	1.019720	0.765571	2.509110	2.866410	2.444356	2.485404	2.107687	1.825938	1.165892	1.368471	-0.802256	-0.942693	-1.179107	-1.095039	0.503010	1.584801	-1.291577
-1.478962	1.138100	-1.937195	-1.118565	0.298429	1.062059	0.442122	0.975240	-0.158990	0.534296	0.823844	-0.902142	-0.058320	-0.466579	-0.940347	0.145389	0.806948	1.399828	0.429770	-0.295867	-1.234632	-1.109783	0.590786	0.393228	-0.902455	0.613236	1.040954	-1.124989	0.616678	-1.197136	-1.517322	0.383442	1.031223	0.324789	0.670761	1.022675	0.159072	-1.112787	-0.199657	-0.473178	1.067127	1.514585	1.348808	2.172336	0.246469	1.332485	0.486095	0.651207	-0.912684	-2.091434	-1.737727	-0.574843	0.153050	1.158495	-0.554111
0.380770	-0.740898	-0.690220	-0.320637	0.264490	0.406445	-0.077179	0.951770	0.102686	0.641535	1.158341	0.101174	0.520500	-0.555882	0.830170	0.853969	0.343974	0.312385	-0.459443	-0.096188	-0.499246	-0.799026	-0.490052	-0.749948	0.704443	0.153037	0.929651	0.347245	-0.265784	-0.126722	-0.639023	-1.188887	2.071130	0.229492	-0.797669	-0.182694	0.650299	-0.925526	-0.889728	-1.277267	-0.146885	-0.279285	-0.257979	0.034872	-1.486374	0.324585	-0.630949	-0.485618	-0.507664	-1.214904	-0.931302	0.736268	-0.546340	-0.551677	0.613345
1.919767	-0.809438	1.425391	1.054631	0.245467	0.668642	0.479205	0.149706	0.060757	0.541421	0.138984	0.404423	0.858443	0.069627	1.899331	1.209840	0.632218	-0.189733	0.014991	0.873429	0.718600	-0.411956	-0.280235	-0.658386	0.788915	0.657091	-0.253634	1.314961	-0.206779	-0.204263	-0.534057	-1.314570	2.045729	0.342177	-2.227247	-0.938883	0.619911	-0.671174	-0.357152	-0.842557	-0.048561	-0.852656	-0.703562	-1.572742	-1.746901	0.047677	-0.841640	-1.154869	-0.150721	0.463298	0.335016	1.752516	-1.022662	-1.847114	1.187474
2.360302	0.471919	2.414725	1.665610	0.154013	1.319728	1.096402	-0.465645	0.060049	0.444635	-0.988321	0.134465	0.692948	0.728430	1.267982	0.768878	0.937020	0.185916	1.132812	1.725587	1.281520	-0.106316	0.844794	0.665029	-0.473750	1.232728	-1.251386	1.258518	0.961602	-0.732758	-0.696632	0.095658	1.508461	0.408025	-2.514071	-0.381824	0.414262	-0.707189	1.022732	0.445433	0.932880	-0.129076	-0.111905	-1.179031	-0.960096	0.578930	0.051162	-0.926662	-0.090325	1.194615	1.051069	1.831095	-1.016147	-1.619865	0.817725
1.816120	1.199485	1.600291	0.942721	-0.078004	1.413872	0.803389	-0.544903	-0.067489	0.200491	-1.263785	-0.318675	0.084977	0.448652	-0.054222	-0.167412	0.526511	0.671378	1.491276	1.507928	0.489817	0.192720	1.528696	1.698744	-1.483115	1.044924	-1.088727	0.661310	1.969438	-0.620532	-0.390953	1.432171	0.837512	-0.021757	-1.537619	0.764578	0.274581	-1.004026	2.008902	1.281249	1.412880	0.609796	0.103290	0.279163	-0.354050	0.925006	0.850956	-0.182264	-0.180969	0.638319	1.078293	1.180974	-0.736935	-0.455177	0.042168
0.892210	0.465412	0.139981	-0.417917	-0.346808	0.711822	-0.335144	-0.578217	-0.836553	-0.460664	-0.809451	-0.821691	-0.630632	-0.705735	-0.488317	-1.021744	-0.475763	0.342670	0.658464	0.182186	-1.118257	0.421024	0.910390	1.102105	-1.165461	0.163565	-0.065680	0.188080	1.635856	0.251699	0.367017	1.168596	0.015214	-0.650844	-0.038860	1.100627	0.018522	-1.246859	1.676791	0.780710	0.732872	0.519931	-0.694298	0.965953	-0.346023	0.394147	0.401329	0.223636	-0.323183	-0.177393	0.883619	0.470924	-0.440690	0.404274	-0.450237
0.068671	-0.642624	-0.528314	-1.308586	-0.409961	-0.010581	-1.362818	-0.966044	-2.143693	-1.395747	-0.389831	-1.391877	-1.064437	-1.482973	0.007311	-1.485800	-1.146469	-0.666073	-0.379077	-1.220344	-2.236852	0.321551	-0.445140	-0.775723	-0.108765	-0.582645	0.747993	-0.156141	0.227179	0.931101	0.799861	-0.426166	-0.841530	-0.509337	1.065566	0.231286	-0.324121	-1.180969	0.286323	-0.588529	-0.278141	0.162277	-1.642662	0.475406	-0.400092	-0.627615	-1.096080	-0.260392	-0.596174	-0.443139	0.646804	0.093538	-0.149980	0.563342	-0.586741
-0.473583	-0.677169	-0.226468	-1.277560	-0.106603	0.044918	-1.372469	-1.290194	-2.881992	-1.865847	-0.445539	-1.714424	-0.966346	-0.832996	0.182197	-1.511346	-0.710729	-1.264661	-0.528319	-1.583445	-2.071527	-0.106080	-1.246024	-2.277897	0.489259	-0.513823	0.815796	-0.749002	-1.003925	0.613874	0.369955	-1.670670	-1.308505	0.722911	1.275995	-0.873247	-0.193975	-0.775617	-1.060208	-1.523735	-0.468394	0.458854	-1.709920	-0.063816	-0.130538	-1.292253	-2.337649	-1.259450	-0.895321	-0.367889	0.140482	-0.140117	0.186038	0.521392	-0.736870
-0.700812	0.221266	0.194119	-0.694266	0.479753	0.624132	-0.294604	-0.751347	-1.933115	-1.083115	-0.678907	-1.216539	-0.387897	0.771309	-0.444993	-1.100888	0.532150	-0.845480	0.014083	-0.858309	-1.047575	-0.365304	-0.886219	-2.154467	0.460408	0.211983	0.605590	-1.458940	-1.255396	-0.364291	-0.477698	-1.340398	-1.143647	1.949620	0.754084	-1.070962	0.702146	-0.150976	-1.445092	-1.166848	0.072766	1.258349	-0.951660	0.141709	0.208734	-1.232924	-2.215365	-1.612426	-0.798453	-0.401874	-0.564725	-0.553846	0.540545	0.662918	-0.925521
-0.726854	0.703447	0.090492	-0.204389	1.040071	0.711851	1.048455	0.728308	0.407019	0.780580	-0.541866	0.091684	0.201422	1.711051	-0.949602	-0.441408	1.389737	-0.128388	0.099891	-0.121543	-0.286982	-0.029874	0.046108	-0.704071	0.612998	0.800184	0.767425	-1.616113	-0.785720	-0.971544	-0.834420	0.185334	-0.673164	1.781528	0.164710	-0.216883	1.675417	0.562841	-0.819517	0.206636	0.193875	1.551727	-0.148907	0.565508	0.370642	-0.721530	-0.741745	-0.430207	-0.074342	-0.432916	-0.884246	-1.059982	0.893391	0.823611	-0.665897
-0.853115	0.138817	-0.470513	-0.242806	1.194608	-0.207431	1.555238	2.135168	2.357508	2.279598	0.080536	1.228245	0.153554	0.976001	-0.585439	-0.053307	0.966857	-0.218155	-0.810041	-0.421134	-0.475342	0.539667	0.488233	0.668964	1.286142	0.576326	1.261747	-0.967278	-0.329606	-0.677114	-0.419410	1.491463	-0.462393	0.243771	0.173853	0.878852	1.773520	1.288706	0.063570	1.499749	-0.674106	0.869322	0.229378	0.458074	0.544256	-0.219104	1.009240	1.735514	0.828280	-0.147973	-0.486411	-1.311152	1.241813	0.796050	0.278778
-1.232943	-0.741292	-1.142264	-0.804894	0.751025	-1.567616	0.705009	2.336463	2.343799	1.970421	0.820014	1.236411	-0.659979	-0.694767	0.078405	-0.337066	-0.459353	-1.164239	-1.955218	-1.589890	-1.198044	0.484609	-0.098014	0.830567	1.764015	-0.484741	1.549737	-0.131260	-0.341067	0.113885	0.200007	1.492780	-0.638691	-1.226652	0.892898	1.352700	1.062032	1.898179	0.304491	1.644354	-1.723433	-0.196639	0.274277	0.075970	0.845204	-0.001105	1.708173	3.013425	1.125955	0.278207	0.137687	-1.261031	1.420484	0.725199	1.329398
-1.491854	-1.075248	-1.607511	-1.386784	-0.040536	-2.370138	-0.923756	1.309856	0.664975	0.180982	1.285214	0.426787	-1.424052	-1.646831	0.121245	-0.913865	-1.785571	-1.920928	-2.226571	-2.301747	-1.342289	-0.432409	-1.302023	-0.128177	1.338083	-1.774164	1.339451	0.182060	-0.785541	0.689886	0.423272	0.271039	-0.736890	-1.542799	1.717473	1.000684	0.487849	2.062107	-0.333853	0.463343	-1.823706	-0.859831	0.202284	0.170044	0.941606	-0.034375	0.813615	1.978382	0.579409	0.387382	0.277458	-1.176887	1.096152	0.769619	1.625110
-1.058204	-0.886824	-1.488411	-1.292495	-0.536203	-2.097158	-2.043788	0.115007	-0.850531	-1.053150	1.330244	0.049277	-1.067847	-1.121321	-0.372054	-0.831395	-2.147794	-1.668573	-1.419995	-1.436034	-0.243537	-1.365401	-2.115933	-1.162193	0.351657	-2.461083	0.773885	0.054272	-1.300225	0.731659	0.270718	-1.163198	-0.339969	-1.167997	1.832183	0.233254	0.393293	1.429924	-1.157265	-1.050224	-0.870227	-0.967819	0.128261	0.674461	0.618573	-0.045167	-0.914919	-0.658473	-0.201205	0.202455	-0.026076	-1.068830	0.137417	0.677793	1.031150
0.020994	-0.650323	-0.521447	-0.286230	-0.218731	-1.033550	-1.834331	-0.349958	-0.878732	-0.274722	0.981575	0.680988	0.438729	0.128360	-0.569635	0.295037	-1.615866	-0.787068	-0.361372	0.610124	1.514175	-1.299651	-1.816396	-1.386258	-0.259456	-2.088901	0.053990	0.121183	-1.425833	0.382552	0.139304	-1.839260	0.260604	-1.218183	1.060536	-0.475301	-0.050200	0.190250	-1.227925	-1.544405	0.240097	-0.837311	0.151186	0.671885	0.301898	0.168701	-2.062457	-2.557466	-0.430233	0.322288	-0.043517	-0.561883	-1.046826	0.079963	0.313028
0.938200	-0.481267	0.943702	1.051333	0.691352	-0.007171	-0.766734	-0.226088	0.074116	1.540206	0.406896	1.472184	1.785282	0.970051	-0.157978	1.554025	-0.969423	-0.331228	0.027167	2.150461	2.548436	-0.233898	-0.684811	-0.843642	-0.167844	-0.992072	-0.676725	0.646014	-0.897663	-0.029427	0.229677	-1.632398	0.337362	-1.764624	0.177015	-0.968165	-1.426768	-0.718356	-0.378308	-0.661206	0.684820	-0.706166	0.314733	-0.279552	0.503776	0.419954	-1.878127	-2.166873	0.037575	1.103270	0.611666	0.408971	-1.695376	-0.814378	0.193630
1.016961	-0.146683	1.954887	1.752219	1.247468	0.212662	-0.062380	-0.195711	0.590301	2.044832	-0.048336	1.258725	1.637814	1.111834	0.277357	1.542931	-0.843648	-0.699589	-0.364193	1.869385	2.015368	0.814065	0.232792	-0.193442	0.083251	-0.050061	-1.085221	1.209563	0.130908	-0.164926	0.433866	-1.172067	-0.268248	-1.707501	0.137569	-1.256244	-2.688334	-0.414151	0.610152	0.560139	0.435717	-0.596052	0.462912	-1.359537	0.965912	0.301117	-0.868092	-0.311908	0.686685	2.014073	1.396352	1.154944	-1.287628	-1.170210	0.436317
0.498084	0.386790	1.785386	1.310173	0.629553	-0.427633	-0.316960	-0.478031	0.189360	0.350670	-0.092751	0.060667	0.137776	0.948719	0.159833	-0.006404	-1.078345	-1.143332	-0.815806	0.131641	0.438459	0.943877	0.215929	0.159241	-0.043003	0.149953	-0.791129	1.336408	1.178653	0.225970	0.633067	-1.022621	-0.759827	-0.438216	0.931693	-1.201999	-2.128074	0.803120	0.878162	0.819353	0.003021	-0.509707	0.341387	-1.411464	0.867622	-0.268808	-0.021397	0.932688	0.996743	2.089432	1.453451	0.960149	0.027728	-0.449301	0.152425
0.135105	0.725141	0.676741	0.124447	-0.963403	-1.167737	-0.909318	-0.733023	-0.321418	-1.912390	0.130793	-0.975913	-1.251936	0.695201	-0.250016	-1.721419	-0.957450	-0.734914	-0.608455	-1.493835	-0.858089	0.318728	-0.384322	0.404563	-0.377642	-0.127256	0.001750	1.062227	1.731580	1.081473	0.862430	-1.067787	-0.374449	1.046410	1.442853	-0.623186	0.229677	1.531904	0.365804	-0.030056	-0.239059	-0.544943	-0.096190	-0.440055	-0.120080	-0.893237	0.320864	0.680020	0.897787	0.989235	0.579881	0.117913	1.471344	0.744016	-0.982659
0.135020	0.415589	-0.440773	-0.896114	-2.453120	-1.213526	-0.851763	-0.800616	-0.250496	-2.622818	0.110522	-1.066002	-1.434438	0.257712	-0.239767	-2.004725	-0.090545	0.439033	0.190125	-1.868580	-1.069568	-0.101662	-0.608836	0.840218	-0.394308	-0.158908	0.398083	0.653720	1.439563	1.854943	1.153718	-0.747318	0.433676	1.287284	0.675328	0.265593	2.110518	0.760786	-0.254345	-0.880380	-0.336247	-0.798813	-0.570890	0.289487	-1.362067	-1.191182	0.590219	0.016476	0.581029	-0.614224	-0.626016	-0.277044	2.045213	1.095307	-2.145494
-0.075477	-0.468734	-0.919614	-1.158686	-2.947353	-0.596202	0.049299	-0.976481	-0.023579	-1.635284	-0.422230	-0.702997	-0.838092	-0.212057	0.329680	-0.787183	1.090108	1.411021	0.854816	-1.200011	-0.542314	0.309856	0.025095	1.331793	0.007388	0.366635	-0.253741	0.077301	0.284101	1.803441	1.350431	0.193050	0.402931	0.312969	-0.990472	0.803954	1.430010	-0.908426	-0.355512	-0.628080	-0.465381	-1.172951	-0.706296	-0.226561	-1.913282	-1.179549	1.150152	0.354417	0.152211	-1.710268	-1.417638	0.326734	1.192509	0.016846	-2.202412
-0.871977	-1.184545	-0.890888	-0.776211	-2.415162	-0.006878	1.078493	-1.378199	-0.373326	-0.602432	-1.067672	-0.784599	-0.609843	-0.292766	0.796509	0.530571	1.770005	1.551332	0.860008	-0.406623	-0.121936	1.121829	1.061767	1.456865	0.356952	1.053234	-1.450683	-0.779024	-1.149200	0.714211	1.183007	1.299236	-0.789026	-0.322576	-2.065405	0.531011	-1.188718	-1.815689	0.068477	0.611958	-0.567222	-1.299673	-0.359253	-1.452543	-1.401389	-0.980785	1.708720	1.581298	-0.301154	-1.803578	-1.448052	1.218854	-0.580987	-1.538924	-0.972281
-1.592287	-0.975201	-0.817732	-0.215333	-1.285942	0.165137	1.441212	-1.469810	-1.028063	-0.626387	-1.107133	-1.194527	-0.971119	0.052820	0.594511	0.829797	1.527026	1.153693	0.386040	0.018003	-0.127993	1.318391	1.636366	1.024997	0.241218	1.316148	-1.914116	-1.465907	-1.779638	-0.687846	0.540452	1.758941	-1.794720	0.429768	-1.560071	-0.216379	-2.998741	-1.020782	0.506724	1.588519	-0.399362	-0.807097	0.243117	-1.863883	-0.211810	-0.432359	1.640431	2.230076	-0.514377	-1.105598	-0.780569	1.283634	-1.843675	-1.946371	0.571922
-1.158756	0.021527	-0.833332	0.210218	0.129161	0.233737	0.943696	-0.647979	-0.949290	-0.959073	-0.242144	-0.905267	-0.989066	0.286692	0.043764	0.415397	0.589557	0.692439	-0.060809	0.255733	-0.196434	0.454664	1.279649	0.216414	-0.139479	0.964681	-0.919959	-1.197046	-0.973867	-1.326906	-0.340690	1.140980	-1.139527	1.700860	-0.077095	-0.602697	-2.179565	0.674180	0.463905	1.202038	0.077385	0.224523	0.665059	-0.682671	0.946820	0.625639	0.682714	1.245592	-0.312645	-0.175688	0.270545	0.287217	-1.483614	-0.603542	1.331031
0.461630	0.754733	-0.686151	0.432602	1.482338	0.561363	-0.022306	0.780758	0.103330	-0.351739	1.061342	0.441888	-0.025874	-0.008406	-0.052490	0.191275	-0.460095	0.087008	-0.241151	0.525605	-0.000460	-0.772594	0.244975	-0.654785	-0.208341	0.229372	0.914395	0.033328	0.539235	-0.867444	-0.958940	-0.129295	0.800104	1.788032	0.945448	-0.192266	0.222672	1.617500	-0.063451	-0.284832	0.500614	1.175278	0.622363	1.192298	1.528433	1.763183	-0.702294	-0.798269	-0.027700	0.484624	1.186060	-0.974209	0.038825	1.369523	1.105099
1.900226	0.414563	-0.218108	0.452327	2.078979	0.919059	-0.869186	1.632365	0.951873	0.997598	1.896305	1.720695	1.240287	-0.550319	0.539274	0.281121	-1.072676	-0.826082	-0.226691	0.648569	0.256194	-1.203449	-0.745175	-1.239836	0.232266	-0.556890	2.196099	1.078270	1.234776	-0.018873	-0.892021	-1.003477	2.026889	0.355721	0.908273	0.647930	1.600822	1.096303	-0.549793	-1.420752	0.409879	1.423732	0.252854	2.090882	1.412579	2.132189	-1.542343	-2.266468	-0.223580	0.668753	1.410251	-1.635149	1.098659	2.228589	0.518449
1.810961	-0.555474	0.286421	0.257227	1.376897	0.806452	-1.180464	1.119160	0.451937	1.667257	1.652754	1.601520	1.660328	-0.707051	1.185972	0.106308	-1.017079	-1.534952	-0.115070	0.373871	0.208878	-0.467763	-1.044038	-1.199012	0.696625	-1.139743	2.045156	0.882532	0.538073	0.364387	-0.187914	-0.709997	1.256508	-1.061343	0.524659	1.232299	0.715146	-0.067673	-0.472525	-1.113117	-0.234550	0.953271	0.007624	1.341454	0.927552	1.453391	-1.135538	-2.093237	-0.893124	0.486523	0.771814	-1.542789	0.802086	1.399876	0.151068
0.401023	-0.991269	0.303283	-0.129973	-0.170969	0.177873	-0.923674	-0.115065	-0.824840	1.012780	0.612925	0.305944	1.065921	-0.258238	1.182130	-0.438349	-0.522458	-1.309459	0.016852	-0.156961	-0.083052	0.574274	-0.577173	-0.539613	0.620612	-1.338584	0.835212	-0.180941	-0.477737	0.254704	0.591838	0.417023	-0.529480	-0.936920	0.567297	1.213187	-1.067350	-0.696698	0.036928	0.093716	-0.925847	0.301387	0.216804	-0.036629	0.586083	0.525983	0.118725	-0.769389	-1.289826	0.165183	-0.265561	-1.103483	0.020166	0.024597	0.051721
-0.862759	-0.500661	-0.342463	-0.589502	-1.285730	-0.489157	-0.427320	-0.675007	-1.161517	0.003690	-0.276502	-0.636034	0.309285	0.369195	0.526298	-0.710825	-0.082706	-0.318558	0.007783	-0.545019	-0.227302	0.790086	0.083286	0.178017	0.119333	-1.106598	-0.288043	-0.788976	-0.546126	0.271491	0.869479	1.159902	-1.320939	0.347856	0.736364	0.712647	-1.514304	-0.544845	0.265133	0.655743	-1.101075	-0.071141	0.718946	-0.560488	0.602087	0.323836	0.919276	0.317903	-0.805473	-0.164994	-0.943270	-0.662074	0.081095	-0.441064	0.033445
-0.946584	0.089071	-1.110444	-0.866151	-1.149664	-0.782393	-0.108428	-0.124073	0.008532	-0.249785	-0.378661	-0.361580	0.021305	0.548584	-0.231405	-0.348145	0.004082	0.413561	-0.266798	-0.616294	-0.081966	0.074607	0.233024	0.340713	-0.133847	-0.656089	-0.539279	-0.361271	0.105764	0.692595	0.617518	0.657487	-0.514649	1.063885	0.285443	0.041582	-0.156404	-0.146914	-0.196921	-0.026170	-0.733512	-0.215877	0.900016	-0.030016	0.597270	0.654365	0.451622	0.409390	0.207207	-0.469441	-0.868052	-0.213883	0.872983	0.061847	0.026150
-0.165504	-0.082161	-1.144404	-0.664200	-0.247685	-0.734502	-0.150719	0.544299	1.254611	0.028006	0.068547	0.369818	-0.045742	0.038068	-0.643428	0.141774	-0.147322	0.274135	-0.681986	-0.512170	0.081532	-0.590227	-0.292730	-0.044711	0.247315	-0.364662	-0.066961	0.368081	0.193004	1.060882	0.294762	-0.701487	0.612969	0.389718	-0.626334	-0.537227	1.297233	0.139870	-0.874606	-0.859061	-0.319275	-0.461721	0.211145	0.377678	-0.042340	0.289738	-0.668112	-0.021653	0.790725	-0.687200	-0.291380	0.368798	1.043748	0.331315	0.008640
0.560596	-0.798423	-0.205218	0.038176	0.349830	-0.588530	-0.391709	0.344739	1.067694	-0.063673	0.450141	0.454197	-0.329973	-0.804282	-0.660007	0.155363	-0.254774	-0.283708	-0.929130	-0.365651	0.035121	-0.404276	-0.989176	-0.439058	0.906585	-0.405735	0.470788	0.525331	-0.738985	0.867204	0.235621	-1.768273	0.789479	-0.728818	-1.049004	-0.854826	1.195216	0.384236	-1.000053	-0.590911	-0.253485	-0.874172	-1.152106	-0.212266	-1.330176	-1.281924	-1.214276	-0.164521	0.493823	-0.727327	0.244739	0.997458	-0.026020	-0.351980	-0.080429
0.774763	-1.167241	0.902822	0.768284	0.280998	-0.411269	-0.487595	-0.390002	-0.107199	-0.553554	0.478251	-0.062982	-0.657737	-1.287263	-0.460663	-0.142613	-0.176590	-0.489484	-0.789125	-0.152905	-0.078122	0.276717	-1.196740	-0.435242	1.164214	-0.515480	0.605530	0.179681	-1.636239	0.263907	0.300320	-1.802189	0.239828	-1.086680	-0.686881	-0.822559	-0.029022	0.561854	-0.487136	0.452602	-0.365263	-1.094904	-2.121529	-1.156648	-2.318192	-2.746506	-0.819623	0.075410	-0.155076	-0.570817	0.420927	1.324901	-1.299908	-1.264029	-0.194064
0.609569	-0.702574	1.102282	0.906362	0.050917	-0.083624	-0.205448	-0.588596	-0.569730	-0.595425	0.238188	-0.306883	-0.492604	-0.927741	-0.221314	-0.132214	0.059012	-0.126706	-0.271938	0.153167	0.015870	0.488758	-0.654877	-0.071821	0.674745	-0.270859	0.288847	-0.023691	-1.246298	-0.176363	0.163438	-0.919686	0.008542	-0.618675	-0.313171	-0.450934	-0.619812	0.390503	0.076540	0.858728	-0.191882	-0.737948	-1.628315	-1.140756	-1.914782	-2.250076	-0.115588	0.191418	-0.337322	-0.292567	0.274874	1.052145	-1.371072	-1.230023	-0.157273
0.314297	0.350441	0.267475	0.388574	0.056507	0.418859	0.386380	0.052780	0.254354	0.133911	-0.111168	0.063061	0.246994	0.129949	-0.010114	0.361753	0.368971	0.539583	0.454124	0.505602	0.348077	-0.045656	0.394295	0.430205	-0.355221	0.385611	-0.282828	0.160026	0.415305	-0.239077	-0.235268	0.379935	0.446626	0.116611	-0.458072	0.131644	0.057308	-0.187387	0.336467	0.141980	0.379243	0.136292	0.228137	0.077274	-0.160642	0.301477	0.388119	-0.051454	0.104062	0.024283	-0.015042	0.277571	-0.136431	-0.115726	0.077167
