X1	X2	X3	X4	X5	X6	X7	X8	X9	X10	X11	X12	X13	X14	X15	X16	X17	X18	X19	X20	X21	X22	X23	X24	X25	X26	X27	X28	X29	X30	X31	X32	X33	X34	X35	X36	X37	X38	X39	X40	X41	X42	X43	X44	X45	X46	X47	X48	X49	X50	X51	X52	X53	X54	X55
-0.096086	-0.031473	-0.138751	-0.190175	-0.098361	0.039364	0.221772	0.038892	0.094315	0.127933	-0.143062	-0.118903	-0.020454	0.072229	0.003844	0.056553	0.221308	0.145201	0.138978	-0.105390	-0.247400	0.108263	0.148701	0.107865	-0.004623	0.042435	-0.010727	-0.193674	-0.047218	-0.113806	0.015313	0.195387	-0.088172	0.116099	-0.121126	0.151545	0.150772	0.065232	0.139968	0.133840	0.025771	0.022547	0.007794	0.043166	0.002989	0.017230	0.089377	0.164956	-0.195891	-0.085467	-0.161360	0.133141	-0.077520	-0.157263	-0.202792
-1.303697	-0.589424	-1.797529	-2.257409	-1.694328	-0.473793	1.235618	-0.438221	0.212636	-0.017380	-0.746868	-1.069196	-0.589464	0.212851	-0.993927	0.504592	0.760070	0.419155	0.881245	-0.479684	-1.323769	0.311919	1.009538	1.127418	-0.216598	1.434924	0.088943	-1.345854	0.110634	-1.090111	-0.320046	1.606963	-0.933060	0.263541	0.303032	1.081840	1.086271	-0.517322	0.610735	0.704743	-0.745515	0.583858	0.809795	0.600870	0.237227	-0.143170	1.361774	1.114133	0.437204	-0.959575	-0.047121	0.878068	-0.576717	0.497210	-0.761320
-1.405316	-0.380215	-1.913062	-2.039004	-1.663284	-0.441569	1.044187	-0.033043	0.550105	0.397254	-0.376614	-0.596627	-0.278746	0.427932	-0.956437	0.290530	0.775161	0.303582	0.898242	-0.471592	-1.064878	0.508827	1.347202	1.670985	-0.030560	1.022127	-0.217047	-1.613152	-0.434211	-0.946964	-0.069440	1.978495	-0.879465	0.167044	0.802256	1.302847	1.106524	-0.493403	0.948830	0.713826	-0.829717	0.510799	0.745890	0.911053	0.447381	0.070444	1.830073	1.589095	0.155250	-1.052308	-0.395044	0.789466	-0.539984	0.493860	-0.629668
-0.218711	0.391817	-0.426884	0.233250	0.029167	0.184738	-0.048437	1.039192	0.991326	1.240947	0.782710	1.079142	0.749954	0.590493	0.039827	-0.518398	0.237982	-0.095117	0.183628	-0.085885	0.452750	0.722605	0.987288	1.372530	0.544199	-0.666385	-0.591071	-0.825970	-1.125738	0.324085	0.677890	1.055264	0.079351	0.187138	1.145509	0.740717	0.249313	0.105429	1.142763	0.083295	-0.267537	-0.004317	0.038249	0.887058	0.625028	0.605126	1.130246	1.096667	-0.912463	-0.422820	-0.878880	0.049356	0.106798	0.061802	-0.030629
1.346792	0.781921	1.308019	2.266463	1.857784	0.833578	-0.819606	1.666445	1.075128	1.683922	1.586906	2.367301	1.494361	0.413047	0.950670	-1.220640	-0.475461	-0.402383	-0.635588	0.353773	1.903820	0.865408	0.217552	0.343877	1.069244	-1.659211	-0.419594	0.427044	-0.905885	1.619154	1.225339	-0.404589	1.076995	0.583233	0.988274	-0.055814	-0.611317	0.603390	1.085675	-0.696931	0.333538	-0.362705	-0.429425	0.533263	0.598878	0.933385	-0.215162	-0.237827	-1.635889	0.247062	-0.852180	-0.493496	0.856003	-0.151298	0.284734
2.027649	0.286160	1.905875	2.316558	2.266960	0.832742	-0.769629	1.097575	0.478250	1.033448	1.216788	2.052203	1.228948	-0.189865	0.910656	-1.208459	-0.964112	-0.465874	-0.964726	0.539734	2.086675	0.680766	-0.453174	-0.696223	1.058817	-1.167624	0.210569	1.291379	0.136838	1.794699	0.980742	-1.257271	1.237654	0.729928	0.317433	-0.514164	-0.775705	0.388028	0.514470	-1.000354	0.523194	-0.426022	-0.333861	-0.090602	0.136934	0.565758	-1.068752	-1.333070	-1.107191	0.527083	-0.277558	-0.452301	1.019983	-0.068715	0.114426
1.255471	-0.506942	1.114187	0.765918	1.066550	0.153411	-0.442773	-0.232429	-0.468244	-0.396932	0.047304	0.459113	0.189978	-0.825782	0.077906	-0.492041	-0.967305	-0.373682	-0.699797	0.361350	0.946378	0.023353	-0.718721	-0.999719	0.415956	-0.223290	0.513350	1.197982	0.757051	0.728857	0.050956	-1.009487	0.477167	-0.075628	-0.451113	-0.543981	-0.425185	-0.369945	-0.522343	-0.643599	0.338758	-0.458095	-0.167889	-0.714778	-0.572349	-0.331720	-0.816863	-1.143780	0.279200	0.593716	0.318898	-0.221152	0.375194	-0.132449	0.002522
-0.381170	-0.682596	-0.223054	-0.781863	-0.633143	-0.572486	-0.337350	-1.237038	-1.006176	-1.492729	-0.831082	-1.083735	-0.833420	-0.945715	-0.659585	0.387462	-0.426225	-0.211911	-0.179444	-0.121724	-0.584683	-0.846181	-0.683824	-0.552316	-0.468315	0.105534	0.003878	0.240745	0.247891	-0.648869	-0.874629	-0.232085	-0.526304	-1.268274	-0.850520	-0.452232	-0.235394	-0.867345	-1.377132	-0.028449	0.009805	-0.468116	-0.353303	-0.918337	-0.905912	-1.021477	-0.074801	0.013288	1.279931	0.758517	0.617809	-0.222674	-0.593877	-0.444980	0.343807
-1.692422	-0.214841	-1.097542	-1.351211	-1.660955	-0.880298	-0.298749	-1.357790	-0.822155	-1.533790	-0.826340	-1.643363	-1.359295	-0.495330	-0.723650	0.813394	0.341457	-0.095306	0.120693	-0.727167	-1.507331	-1.430621	-0.651737	-0.080277	-1.052294	-0.004336	-0.876725	-0.823561	-0.610174	-1.315521	-1.198153	0.129717	-1.074286	-1.457381	-0.769013	-0.496202	-0.456748	-0.606642	-1.410739	0.295172	-0.342751	-0.193940	-0.659787	-0.585001	-0.585408	-1.008156	0.078957	0.684391	1.297566	0.944407	0.722329	-0.328886	-1.158942	-0.585758	0.786760
-1.930673	0.045282	-1.167547	-1.231153	-1.763332	-0.973011	-0.096669	-0.984527	-0.435076	-0.936450	-0.411286	-1.399017	-1.509387	-0.020979	-0.456595	0.565174	0.704166	-0.241928	-0.064515	-1.167057	-1.540308	-1.472927	-0.737507	-0.218871	-1.121254	0.101266	-1.283625	-1.153250	-0.633091	-1.073393	-0.916062	-0.216474	-1.065804	-0.334850	-0.482797	-0.635231	-0.618607	0.053235	-0.796173	0.169074	-0.596836	0.319838	-0.664931	-0.134582	-0.152577	-0.561355	-0.578167	0.019912	0.955747	0.766181	0.693725	-0.196459	-1.033114	-0.348226	0.760881
-1.286541	-0.343179	-0.776540	-1.065757	-1.380464	-1.111707	0.075177	-0.739798	-0.487675	-0.580049	-0.422572	-1.109972	-1.526082	-0.000777	-0.555303	0.028492	0.307933	-0.656600	-0.522941	-1.111065	-1.139426	-1.125061	-0.751692	-0.799606	-0.926410	0.429221	-0.884155	-0.594094	0.275598	-0.520082	-0.445450	-0.715628	-0.844748	0.767744	-0.357859	-0.664225	-0.166462	0.473867	-0.304801	-0.075930	-0.467719	0.658386	-0.339169	-0.035130	-0.245066	-0.232998	-1.238985	-1.146985	1.005622	0.013340	0.407098	0.177634	-0.522234	-0.101443	0.227433
-0.401884	-0.661102	-0.301995	-0.829598	-0.766694	-0.886601	0.027024	-0.634056	-0.855236	-0.621378	-0.928550	-1.101978	-1.239005	-0.241056	-0.981512	-0.127710	-0.396519	-0.830940	-0.659488	-0.342758	-0.791622	-0.632565	-0.470824	-1.081101	-0.806073	0.596849	-0.044160	0.232220	1.217504	-0.238633	-0.078133	-0.740567	-0.556792	0.654710	-0.509132	-0.439788	0.796250	0.600744	-0.283340	-0.002689	0.234684	0.648210	0.123375	-0.195139	-0.607246	-0.063620	-1.156429	-1.321265	1.170624	-1.041798	-0.007035	0.493691	-0.031797	-0.118347	-0.398631
0.416434	0.012363	0.327293	0.007710	0.281379	0.272206	0.053372	-0.173396	-0.810123	-0.397074	-1.069631	-0.928489	-0.241649	-0.128404	-0.826294	0.317658	-0.526969	-0.162816	-0.080628	1.007130	-0.379505	-0.023960	0.074860	-0.610424	-0.723223	0.682233	0.775445	0.722256	1.568769	-0.194067	0.228453	-0.294529	0.082821	-0.164943	-0.689378	0.067347	1.545167	0.843430	-0.248025	0.507262	1.170612	0.596671	0.709647	-0.131737	-0.372398	0.352852	-0.466120	-0.160614	0.628533	-1.765739	-0.026575	0.569827	0.398783	0.038577	-0.794976
1.291845	1.377536	1.311950	1.430784	1.742478	1.909466	0.525979	0.759293	-0.042445	0.498428	-0.168677	-0.047448	1.374945	0.579930	0.462495	0.776308	0.210125	1.219837	0.858680	2.299806	0.537572	0.774212	0.650901	0.303099	-0.324660	1.097770	1.485787	0.954021	1.525125	0.031810	0.548593	0.177215	1.218664	-0.382271	-0.532152	0.810457	1.481804	1.187843	0.345546	1.165349	1.540825	0.729249	1.401423	0.306961	0.655883	1.044430	0.223723	1.213625	-0.589159	-1.594943	0.622192	0.511905	0.923687	0.926606	-0.893249
2.161106	2.054869	2.307189	2.427989	2.807933	2.604882	1.226247	1.488551	0.888616	1.526706	1.251415	1.327213	2.707200	1.407339	1.993303	0.464501	1.116812	2.360422	1.318966	2.623216	1.798312	1.624394	1.063167	0.977730	0.535356	1.758974	2.114904	1.300369	1.385421	0.590075	0.738621	0.431521	2.246483	0.168415	0.070782	1.615603	0.744903	0.985588	1.258039	1.501968	0.797046	0.768270	1.792413	0.721904	1.597109	1.385976	0.665164	1.635414	-1.417080	-0.515590	1.399533	0.515532	1.374198	2.151953	-0.735677
2.447291	1.248529	2.466931	1.944158	2.503047	1.587642	1.533560	1.295228	1.317745	1.899802	1.953454	2.285824	2.763807	1.642017	2.140273	-0.602723	1.328369	2.415109	0.927008	1.527910	2.411123	2.154858	1.237383	1.069554	1.503516	1.982969	2.363876	1.591959	0.952643	1.160183	0.664329	0.602713	2.202761	0.411461	0.875682	2.128539	0.046551	-0.090139	1.705646	1.188958	-0.718688	0.402586	1.426933	0.733367	1.640855	0.933966	1.030937	1.105829	-1.147781	0.772640	1.407854	0.626086	1.271922	2.528465	-0.480338
1.639627	-0.229069	1.366475	0.195490	0.900571	-0.201956	1.195640	0.403717	1.312894	1.597782	1.438745	2.169163	1.528335	1.055497	0.474211	-1.506916	0.830042	1.503400	0.230107	-0.352653	1.627472	2.054986	1.125767	0.797438	2.015100	1.308974	1.777552	1.166795	0.023952	1.352167	0.491743	0.818255	0.905074	-0.242173	1.505714	1.979596	-0.066886	-1.275956	1.309437	0.307636	-1.948032	-0.100055	0.526738	0.453004	1.071613	0.175990	1.341937	0.451559	-0.353816	1.330206	0.424617	0.685035	0.512410	1.516322	-0.354201
0.053739	-0.955439	-0.355020	-1.353783	-0.738714	-1.165734	0.504918	-0.235455	1.313364	1.173998	0.442776	1.225418	0.027144	0.075993	-1.507113	-1.435466	0.307557	0.393456	-0.047523	-1.671078	0.023699	1.302470	0.706936	0.560817	1.730502	0.036926	0.358511	-0.141736	-0.959737	1.073184	0.454805	0.944147	-0.649114	-1.032999	1.620617	1.105898	0.231867	-1.452308	0.472239	-0.614902	-2.005898	-0.225988	-0.149473	0.201926	0.655604	-0.056498	1.298943	0.220483	0.029831	0.855316	-0.806930	0.439833	-0.296778	-0.030523	-0.325876
-1.325008	-0.612084	-1.537272	-1.493076	-1.295938	-0.869418	-0.244170	-0.215595	1.167206	0.716050	-0.154342	0.192656	-0.785932	-0.685354	-1.998463	-0.556701	0.098802	-0.450696	0.033817	-1.585326	-0.995296	0.129080	0.089187	0.494446	0.675739	-1.153272	-1.258694	-1.490039	-1.315930	0.444361	0.396044	0.792940	-1.337614	-1.049234	0.989895	-0.126861	0.251488	-0.610618	-0.228605	-0.991176	-0.932066	-0.071154	-0.316373	0.019947	0.423103	0.222830	0.763637	0.261973	0.046241	0.052571	-1.405189	-0.257863	-0.550817	-0.948796	-0.028010
-1.802135	-0.180225	-1.610746	-0.525702	-0.970024	-0.288746	-1.029850	-0.236293	0.205091	-0.300535	-0.413060	-0.544658	-0.964962	-1.000594	-0.958489	0.276843	-0.220576	-1.130539	-0.161580	-0.522082	-0.790176	-1.128063	-0.539066	0.378279	-0.796600	-1.821566	-2.322756	-1.825191	-1.032855	-0.394163	-0.121951	0.366497	-1.146509	-0.556673	-0.266738	-1.206486	-0.421914	-0.051991	-0.732231	-0.759188	0.405724	-0.308924	-0.512768	-0.262345	-0.210958	0.158128	0.039399	0.180738	0.456612	-0.111045	-1.213652	-1.231128	-0.503287	-1.152286	0.694983
-1.522193	-0.497935	-0.992464	0.192145	-0.792759	-0.383823	-1.779236	-1.048741	-1.580951	-1.918955	-0.922982	-1.099909	-1.180956	-1.106757	0.015068	0.480291	-1.062353	-1.724496	-0.782627	0.388932	-0.111439	-2.137054	-1.090982	-0.147327	-2.037215	-1.909307	-2.489157	-1.033069	-0.768902	-1.225398	-1.152707	-0.245873	-0.957625	-0.495755	-1.475124	-1.877342	-1.352476	-0.826866	-1.348152	-0.483348	1.092163	-1.149610	-1.171147	-0.627499	-1.253599	-0.660847	-0.545731	-0.183570	1.361238	0.497204	-0.679822	-1.950073	-0.894130	-1.338441	1.344569
-0.966506	-1.216623	-0.421302	-0.117412	-1.156767	-0.980062	-2.185430	-2.166229	-2.998678	-3.060203	-1.608741	-1.486226	-1.607765	-1.262050	-0.138593	0.170757	-2.025423	-1.935192	-1.183089	0.493860	0.049763	-2.608012	-1.534222	-1.192076	-2.318609	-1.566010	-1.838208	0.014822	-0.929842	-1.671013	-2.053959	-1.017572	-1.206073	-0.984380	-1.783513	-2.174055	-1.637833	-2.275311	-2.012046	-0.677247	0.832973	-1.839707	-1.822451	-0.862750	-1.864770	-1.506051	-1.047145	-0.715379	1.862115	1.122128	-0.134899	-1.910982	-1.713281	-1.587327	1.258463
-0.235130	-1.441417	-0.117360	-0.778183	-1.322015	-1.191552	-2.026215	-2.210255	-2.740588	-2.524485	-1.562694	-1.291720	-1.599961	-1.339123	-0.609645	-0.194313	-2.197409	-1.494373	-0.817181	0.076262	-0.221137	-2.286432	-1.612046	-2.215082	-1.362558	-1.059724	-0.685810	0.489750	-1.212376	-1.409113	-2.012650	-1.785779	-1.276388	-1.063739	-0.964887	-2.065571	-0.970858	-2.596745	-2.019506	-1.108542	-0.005631	-1.577778	-1.679698	-0.876312	-1.497432	-1.460478	-1.563311	-1.151453	1.244925	1.186465	0.449742	-1.141361	-1.954893	-1.123237	0.507549
0.784947	-0.973559	0.238731	-0.601477	-0.569863	-0.619123	-1.427651	-0.659326	-0.874036	-0.497011	-0.264381	-0.234848	-0.609909	-1.027992	-0.054432	-0.339090	-1.176057	-0.599578	-0.001735	-0.217690	-0.066010	-1.063438	-0.920019	-2.170949	0.268491	-0.707891	0.423190	0.350067	-1.201493	-0.513775	-0.854502	-2.033640	-0.499561	-0.080773	0.259857	-1.322241	-0.140266	-0.977228	-0.798613	-1.066035	-0.802927	-0.611677	-0.748921	-0.746936	-0.694661	-0.656394	-1.724132	-1.168165	-0.092423	0.968052	1.050002	-0.212776	-0.990327	0.267258	-0.087224
1.683049	-0.444453	0.792928	0.499108	0.559025	0.146223	-0.714187	1.195000	1.046108	1.375550	1.407027	1.115078	0.835268	-0.409251	1.238574	-0.310927	0.374522	0.246796	0.493930	-0.139340	0.734339	0.688704	0.440203	-0.561843	1.470549	-0.663055	0.798486	0.045997	-0.966026	0.505443	0.684194	-1.292992	0.635100	1.212772	0.846319	0.011158	-0.186732	1.207961	1.084261	-0.343410	-1.087096	0.053230	0.109482	-0.507338	-0.343179	-0.067735	-1.047275	-0.590302	-1.130848	0.970127	1.344940	0.311972	0.294180	1.338899	0.040733
1.586866	-0.316258	1.161137	1.340990	0.776674	0.262292	-0.171257	1.510492	1.431213	1.559370	1.879937	1.621333	1.466580	0.001663	1.515514	-0.264807	1.204538	0.618019	0.348066	0.081117	1.326845	1.948483	1.490127	1.598795	1.463055	-0.747186	0.124696	-0.097278	-0.727226	1.053088	1.494631	0.100232	0.879637	1.415737	0.415033	1.181722	-1.113238	1.755718	2.091837	0.384357	-0.717768	-0.050864	0.211298	-0.130202	-0.498306	-0.196244	0.199110	0.310925	-1.206892	1.048519	1.103259	0.358109	0.452155	0.719382	0.516261
0.263097	-0.230931	0.994778	1.056604	-0.181315	-0.241851	0.071176	0.056650	0.201615	0.177278	0.694029	0.810296	0.706084	-0.048861	0.023500	-0.232057	0.591068	0.290286	-0.098524	0.236796	0.974015	1.681885	1.176308	2.479072	0.426196	-0.595321	-1.054080	-0.014584	-0.324057	0.884656	1.042225	1.040999	-0.110453	0.213754	-0.386414	1.258165	-1.799500	0.192340	1.259852	0.375993	0.115688	-0.316096	-0.195897	0.310500	-0.428887	-0.467982	1.034549	0.877614	-0.348546	0.655103	0.587460	0.264651	-0.561768	-1.085540	0.576641
-1.290200	0.380271	0.535978	0.210579	-1.009014	-0.418087	0.150911	-1.399290	-1.142782	-1.120978	-0.833143	-0.457345	-0.557585	-0.137106	-1.720269	-0.142522	-0.872621	-0.637103	-0.360715	0.386520	0.075890	0.019327	-0.312461	1.428376	-0.702846	-0.020655	-1.705028	0.180254	0.425097	0.267020	-0.100572	0.818488	-1.147407	-1.111766	-0.569296	0.273842	-1.280700	-1.561973	-0.540086	-0.220831	0.968095	0.043109	-0.353918	0.686764	0.282108	-0.107185	0.881033	0.668493	0.822402	-0.269844	0.244472	0.347783	-1.224484	-1.978764	0.026893
-1.802736	1.283431	0.188628	-0.168556	-0.516953	0.284592	0.400604	-1.111618	-1.054740	-0.861815	-1.072266	-0.882758	-0.958882	0.248934	-1.822489	-0.014887	-1.678777	-1.494188	-0.289391	0.483382	-0.467320	-1.458245	-1.443219	-0.190674	-1.035138	0.740292	-1.289438	0.159310	1.055051	-0.249116	-0.747384	0.038425	-0.943347	-1.114547	0.124967	-0.550664	0.237231	-1.408752	-1.338193	-0.534944	1.272985	0.899248	0.017192	0.961310	1.131156	0.738474	0.240307	0.011529	1.311868	-1.176626	0.049421	0.594335	-0.450404	-0.845182	-0.687285
-1.034113	1.529070	-0.132141	-0.054069	0.731195	1.047575	0.899342	0.669649	0.467265	0.741968	0.098770	-0.141321	-0.198826	0.964388	-0.429248	0.020799	-0.861784	-1.319190	-0.090584	0.173693	-0.426371	-1.156137	-0.922542	-0.624572	-0.367770	1.182155	-0.167251	-0.309549	0.915055	-0.219839	-0.232312	-0.087398	0.311639	0.178334	1.001424	-0.130355	1.735003	0.522625	-0.227052	-0.036074	0.672398	1.373566	0.455526	1.081340	1.333772	1.158993	-0.012593	-0.270041	0.505143	-1.614045	-0.428204	0.775377	1.045306	1.028140	-1.102613
0.230336	0.718981	-0.635140	-0.075729	1.246843	0.693359	1.225843	2.153151	1.956430	2.102153	1.367547	0.931420	0.828483	1.395973	0.716070	-0.072261	0.947278	0.115557	-0.021529	-0.596345	-0.160149	0.742012	0.788421	0.214164	0.768990	1.041113	0.957136	-0.752302	0.328206	0.422567	0.980397	0.676427	1.349914	1.404886	1.315333	1.109410	2.331804	2.232462	1.570819	0.823869	-0.515192	1.017131	0.531524	0.870723	0.821846	0.747967	0.300160	0.186512	-0.940464	-1.575785	-1.157872	0.793189	1.850160	1.709079	-1.008581
1.148076	-0.233211	-0.932737	-0.183542	0.700541	-0.478869	0.993801	2.079059	2.111833	1.999339	1.592487	1.386352	1.252231	1.178494	0.680683	-0.180044	2.168553	1.748632	-0.085883	-1.074859	0.194785	2.323054	1.912467	0.899098	1.488984	0.651721	1.612605	-0.277360	0.419080	1.276395	1.804894	1.265026	1.422165	1.486880	1.034931	1.643287	1.721007	2.235096	2.083267	1.106452	-1.249670	0.421489	0.513109	0.315635	0.324781	0.243145	0.616678	0.771057	-1.531295	-1.146880	-1.328719	0.738611	1.577594	1.026210	-0.336218
1.337304	-0.107880	-0.477085	0.206660	0.187566	-0.808761	0.475737	0.787271	1.040090	0.725570	0.766821	0.957910	0.965721	0.414519	0.198201	-0.280294	1.944641	2.204159	-0.065796	-0.474809	0.639026	1.942377	1.285612	0.424435	1.100277	0.594052	1.541625	1.055679	1.422137	1.572555	1.498844	0.730241	0.833548	0.649407	0.437527	0.665167	0.187641	0.853620	0.776470	0.412841	-0.614517	0.414496	0.891735	-0.180808	0.435184	0.545414	0.439011	0.569058	-0.697879	-0.330471	-0.366547	0.544169	0.810955	0.288263	0.646359
0.772927	1.011504	0.384732	0.866741	0.481387	0.484029	0.269487	-0.541319	-0.193439	-0.524842	-0.425692	-0.045901	0.221606	-0.536655	0.191218	-0.523685	0.863275	1.294388	0.092095	0.805873	0.694278	-0.102277	-0.452866	-0.722755	-0.334186	0.914291	0.670687	1.794625	1.991105	0.661888	0.150020	-0.533829	0.166118	-0.194628	-0.569614	-0.915443	-1.377633	-0.645154	-0.996251	-0.629926	1.087206	0.936052	1.469536	-0.175596	0.852889	1.388659	-0.174041	-0.506596	0.404294	0.609479	1.042496	-0.106338	-0.036163	0.171311	1.146152
-0.193030	1.762077	0.646182	0.772328	1.064204	2.070518	0.474337	-1.026274	-0.775392	-0.948099	-1.303360	-1.081304	-0.757220	-1.119537	0.528375	-0.847222	0.047039	0.164704	0.110924	1.436232	-0.188767	-2.009325	-1.613837	-1.389311	-1.842274	0.981418	-0.510348	0.804412	0.921233	-1.234702	-1.461645	-1.320060	-0.252201	-0.518634	-2.039751	-1.481681	-1.832500	-1.309414	-1.555961	-0.882724	2.366287	1.162743	1.487145	0.263195	0.814878	1.602087	-0.787501	-1.468233	0.364106	1.090287	1.601093	-1.198008	-0.862368	0.143892	0.521013
-0.820312	1.228858	0.054871	-0.266973	1.159577	2.158456	0.659274	-0.492304	-0.613537	-0.586609	-1.395433	-1.551973	-1.530283	-0.764524	0.611520	-0.707612	-0.066300	-0.084762	-0.163930	0.785016	-1.575195	-2.310627	-1.147388	-1.020865	-2.234667	0.316842	-0.950085	-1.009583	-1.001042	-2.839879	-2.320657	-1.002817	-0.177431	-0.345550	-3.102589	-0.461758	-0.724716	-0.805869	-0.515831	0.206663	1.998014	0.652149	0.696740	0.668341	0.124241	0.694289	-0.945306	-1.224690	-0.653769	0.826364	1.018233	-1.966862	-1.192636	-0.114811	-0.762210
-0.598051	0.010062	-0.492017	-1.035132	0.818741	0.705652	0.519389	0.577481	-0.055002	0.038214	-0.645754	-1.194073	-1.474005	0.440312	0.415065	0.381644	0.070425	0.385797	-0.350898	-0.308072	-2.209973	-1.120851	0.428833	-0.005543	-1.223482	-0.730962	-0.030278	-1.634822	-1.813429	-2.820111	-1.845064	-0.038641	0.464614	0.164589	-2.419676	1.103954	1.116245	0.644897	1.051413	1.866758	0.332330	-0.196559	-0.273128	0.695438	-0.680196	-0.518320	-0.471575	0.232151	-1.193765	0.265946	0.311376	-1.628312	-0.387717	-0.039888	-1.427105
0.085406	-0.758970	-0.260233	-0.522445	0.482940	-0.783835	0.061998	1.260072	0.364490	0.306781	0.329847	-0.461202	-0.534711	1.430404	0.363055	2.015289	-0.218449	0.458105	0.009349	-0.692971	-1.480820	0.223533	1.551271	0.761812	0.259735	-1.445605	1.505877	-0.483147	-0.863673	-1.151502	-0.470744	0.683836	1.174051	0.751512	0.092495	1.620823	2.290384	2.178741	1.665835	2.480762	-1.129632	-0.914091	-0.850849	0.246801	-1.179335	-1.118487	0.251824	1.655036	-0.439955	0.110017	0.340279	-0.519729	1.285212	0.669871	-0.857321
0.381401	-0.861915	0.289325	0.631567	0.150510	-1.241392	-0.719579	0.856664	0.139157	-0.182923	0.679494	-0.113246	0.455452	1.116427	0.564826	2.990410	-1.125981	-0.547452	0.642478	-0.335598	-0.139245	0.556626	1.058073	0.572726	1.063693	-1.609500	2.148492	0.973817	0.465702	0.780466	0.610907	0.647210	1.198923	0.940472	2.623844	0.481454	2.186512	2.702610	0.698775	1.143528	-1.401273	-1.568576	-1.264249	-0.698840	-1.560190	-1.252606	0.448334	1.676037	0.837494	0.506874	0.657697	0.110187	2.512137	1.221748	0.224909
0.114904	-0.923065	0.256925	0.991845	-0.403664	-0.984740	-1.756888	-0.358549	-0.757154	-1.209450	0.290369	-0.257452	0.670137	-0.308159	0.687395	2.453436	-2.139135	-1.988039	0.664790	-0.125867	0.718873	-0.082830	-0.672746	-0.452598	0.998113	-1.517510	1.258000	1.264133	0.659444	1.627679	0.647388	-0.007442	0.496281	0.452486	3.195858	-1.370411	1.386737	1.906054	-1.087204	-1.200610	-0.908569	-2.259856	-1.918593	-1.947010	-2.046703	-1.591569	-0.218273	0.223353	1.446395	0.963726	0.216102	-0.305690	2.217759	0.700165	0.852045
-0.072755	-1.252676	-0.392738	0.165911	-1.002678	-0.857713	-2.509976	-1.334593	-1.701831	-1.965647	-0.065897	-0.226176	0.230823	-1.503754	0.417599	0.747228	-2.448616	-2.571940	-0.334051	-0.572371	0.890272	-0.748805	-2.055788	-1.387877	0.758997	-1.315190	-0.277513	0.661270	-0.160260	1.383282	0.115918	-0.705541	-0.153065	-0.338062	1.782695	-2.406659	0.717013	0.568747	-2.253981	-2.545125	-0.681691	-2.540633	-2.471108	-2.865383	-2.339162	-2.131141	-1.084470	-1.336523	1.294157	0.972775	-1.165206	-0.841262	0.651454	-0.680718	1.098916
0.158178	-1.487862	-0.898957	-0.942059	-1.270141	-1.180317	-2.250615	-1.366400	-1.975842	-1.825071	0.168315	0.358292	-0.144608	-1.532086	-0.301392	-1.029421	-1.699445	-1.808308	-1.663485	-1.257365	0.854721	-0.775264	-1.941001	-1.485380	0.830586	-0.797962	-1.139532	0.308867	-0.790519	1.018487	-0.006041	-0.957911	-0.247450	-0.795524	0.132805	-2.048131	0.270673	-0.428319	-2.117470	-1.937808	-1.059431	-1.899647	-2.150700	-2.744670	-1.959822	-2.180341	-1.208172	-1.662821	1.185626	0.452781	-2.522538	-0.320648	-0.983183	-1.828553	1.671656
0.221584	-1.323867	-0.859854	-1.492435	-1.238324	-1.639093	-0.906033	-0.741900	-1.388719	-0.947276	0.520792	0.867100	-0.171387	-0.794547	-1.313139	-2.049953	-0.311999	-0.452768	-2.187306	-1.553100	0.724664	-0.384289	-0.795204	-1.028303	0.929145	0.127099	-0.928559	0.345851	-0.598424	1.102348	0.463063	-0.759162	-0.253539	-0.821366	-0.394743	-1.069070	-0.375670	-1.006363	-1.321021	-0.450913	-1.480983	-0.558899	-0.848242	-1.518065	-0.829799	-1.348845	-0.555835	-0.859339	1.367709	-0.426611	-2.845680	1.035246	-1.652243	-1.936303	2.417792
-0.465810	-0.915619	-0.661374	-1.524904	-1.203359	-1.673797	0.741838	-0.140326	-0.223055	0.090454	0.211912	0.494206	-0.141446	-0.220314	-2.165684	-2.143401	1.004400	0.520338	-1.417262	-1.321235	0.121134	-0.053042	0.015072	-0.768648	0.643602	1.167027	-0.189896	-0.110498	0.063532	1.252945	0.870051	-0.424409	-0.767964	-0.835970	-0.141760	-0.430057	-1.240728	-1.476845	-0.825755	0.257424	-1.293528	0.743607	0.699025	0.083710	0.762841	0.001724	0.077830	-0.111761	1.073980	-1.524078	-2.092847	1.865805	-1.107326	-1.029198	2.081948
-1.381336	-0.370753	-0.658636	-1.297652	-1.062070	-0.812519	1.822953	0.224388	1.146625	1.009296	-0.608305	-0.460431	-0.118928	-0.028137	-2.140564	-1.476453	1.883251	0.937053	0.184905	-0.677087	-0.849630	0.304990	-0.052607	-0.654519	0.163441	1.943628	0.484612	-1.285942	0.739091	0.941949	0.904880	-0.064124	-1.423554	-0.992099	-0.191026	-0.082275	-1.717082	-1.715998	-0.674148	-0.052975	-0.364387	1.650110	1.830194	1.194896	2.423965	1.242594	0.336107	-0.095185	-0.232457	-2.615770	-1.065223	1.500317	0.181476	0.281537	-0.066477
-1.385024	0.543025	-0.515926	-0.590940	-0.362558	0.941036	2.104542	0.538471	2.285267	1.833460	-0.951748	-0.772998	0.369761	0.217685	-0.856911	-0.345710	2.310747	1.170401	1.766593	0.457861	-1.202179	1.096679	-0.181522	0.180062	-0.037360	2.308856	0.869806	-2.072722	1.353673	0.326035	1.101056	0.540553	-1.298189	-0.918248	-0.801188	0.700903	-1.354830	-1.383867	-0.195535	-0.211660	0.999992	2.341866	2.522791	1.527581	3.577186	1.974105	0.793240	-0.285141	-1.817239	-3.228269	-0.526760	0.836504	1.307843	1.142617	-2.877759
-0.252754	1.784832	0.184276	0.729508	0.828061	2.781308	1.909922	0.772916	2.645529	2.376477	-0.338640	0.131279	1.515642	0.662663	1.030047	0.724362	2.262254	1.313401	2.661408	2.014588	-0.225004	2.119603	0.547618	1.930428	-0.021510	2.247581	0.796110	-1.443885	1.751079	-0.058629	1.807688	1.438944	-0.317615	-0.408823	-1.300344	2.022709	-0.468629	-0.745803	0.770757	0.554958	2.286835	2.806136	2.875720	1.414274	3.521232	2.044824	1.852529	0.061808	-2.483626	-2.950161	-0.592429	1.051112	1.394236	0.845133	-4.227929
0.896416	2.613429	0.968250	1.853758	1.598356	3.471497	1.603050	0.673544	2.023199	2.233697	0.503366	1.323472	2.510655	0.992810	2.145876	1.147245	1.690678	1.144965	2.524116	3.142525	1.250859	2.404709	1.841628	3.298256	-0.357472	1.737077	0.102067	0.089670	1.489148	-0.159485	2.235983	2.143782	0.467089	0.111831	-1.141683	2.955633	0.275887	-0.526550	1.493235	1.613109	2.856757	2.561028	2.613531	1.338719	2.141726	1.546928	2.765729	0.784030	-2.120418	-1.925587	-0.840967	1.915828	0.329871	-0.498021	-3.207893
0.960683	2.356561	0.783359	1.598437	1.175128	2.453503	1.341384	0.372342	1.045830	1.389695	0.587906	1.472791	2.243855	1.189340	1.787993	0.818922	0.848981	0.783280	1.337913	2.624064	1.478905	1.290293	2.520916	2.833667	-1.167371	0.951847	-0.844250	1.057473	0.543186	-0.481515	1.294590	2.065480	0.292116	0.212981	-0.457844	2.608050	0.562920	-0.795511	1.352251	1.967213	2.250912	1.445921	1.595323	1.528325	0.448886	0.956605	2.462436	1.088310	-1.735367	-0.757123	-0.807009	2.050565	-0.871915	-1.641069	-0.946269
0.192615	1.367342	-0.565977	-0.003780	0.010802	0.537730	1.170269	0.461294	0.667449	0.427320	-0.049532	0.477721	0.697934	1.679085	0.815405	0.303940	0.267707	0.772856	-0.437107	0.285037	-0.111756	-0.558551	1.977334	0.867487	-1.681940	0.403603	-1.096840	0.785714	-0.295233	-1.259886	-0.721641	1.275206	-0.201630	0.252545	0.313842	1.239851	0.438462	-0.641789	0.731012	1.650140	0.745593	0.228696	0.448156	1.805215	-0.240311	0.856746	1.132117	0.712454	-1.936349	0.130004	-0.344244	0.775864	-0.907624	-1.214223	0.740882
-0.282652	0.608282	-1.881204	-1.389747	-0.635662	-0.842866	1.061389	1.152833	0.977385	-0.132815	-0.492328	-0.534250	-0.888091	2.397847	0.687378	0.222854	0.202370	1.283445	-1.887694	-2.378159	-2.037349	-1.620268	0.854660	-0.673854	-1.124629	0.453929	-0.146713	-0.053164	-0.363391	-1.974846	-2.096840	0.531376	0.133417	0.989769	0.820443	-0.018713	0.003349	0.586795	0.500107	1.435083	-0.631318	-0.156633	0.005468	1.662574	0.165078	1.196053	0.162028	0.303432	-2.092270	0.752651	0.315709	-0.978388	0.361865	0.626301	1.051183
-0.023140	0.359591	-1.900449	-1.198918	-0.209712	-1.077560	0.805969	1.758819	0.978531	-0.433568	-0.230336	-0.728999	-1.441472	2.363395	1.622748	0.549730	0.265492	1.606762	-2.161135	-3.442064	-2.403696	-1.115579	0.164582	-0.556852	0.204231	0.669303	1.212246	-0.566515	-0.165796	-1.932779	-1.702352	0.391932	1.221624	2.373732	0.820884	-0.446259	-0.460059	2.126598	0.856506	1.438785	-1.000319	0.156662	0.158932	0.712704	0.366681	1.135337	0.316193	0.493131	-1.346355	1.159791	0.769357	-1.876926	1.603527	2.052868	0.467838
0.302502	-0.020290	-0.772469	0.131735	0.559589	-0.761374	0.124693	1.471390	-0.083201	-0.891049	0.249245	-0.455119	-1.165085	0.852567	2.246769	0.761919	-0.132257	0.893139	-1.130495	-2.363001	-1.040955	0.154911	0.084044	0.320364	1.190246	0.119813	1.592893	-0.604174	-0.655546	-1.087510	-0.437978	0.492947	1.727401	3.235084	0.332489	-0.396244	-0.400516	2.516104	1.155936	0.806769	-0.507390	0.093994	-0.070462	-0.668426	-0.594938	0.059615	0.676327	0.929996	0.072987	1.165960	0.827651	-1.706266	1.477548	1.595815	-0.118536
0.109683	-0.900946	0.338323	1.039862	0.749234	-0.615983	-0.911121	0.465821	-1.527065	-1.378083	0.314245	-0.404943	-0.880898	-1.304840	1.324190	0.616212	-0.984735	-0.660787	0.461765	-0.291403	0.535564	0.785029	-0.025951	0.241878	1.219887	-1.397949	0.640313	-0.354128	-1.535932	-0.025270	-0.061164	-0.010050	0.888606	2.514279	-0.171069	-0.620957	0.329949	1.403306	0.882675	-0.939447	-0.039805	-0.856477	-1.116359	-1.376666	-1.920809	-1.422053	-0.087928	0.619296	1.108771	0.753726	0.781585	-1.191987	0.162792	0.001146	-0.158151
-0.148741	-1.566615	0.842207	0.796925	0.399418	-0.514918	-1.707526	-0.290233	-1.922673	-1.259262	0.131339	-0.469948	-0.721265	-2.379439	-0.580049	0.434695	-1.579632	-1.767354	1.579573	1.250398	1.058030	0.341757	-0.546659	-1.029902	0.783674	-2.764612	-0.526273	0.333310	-1.296726	0.693007	-0.913889	-1.277984	-0.341060	0.548523	-0.172633	-1.219920	0.881796	0.031295	0.307409	-2.781366	-0.101425	-1.782400	-2.075330	-0.709849	-1.984558	-1.982521	-1.779311	-0.736582	1.205533	0.420500	1.123929	-0.726817	-0.993344	-0.639548	0.394933
0.293362	-1.107214	1.201790	0.144793	0.187397	0.058194	-1.685103	-0.312671	-0.894537	-0.348310	0.294988	-0.028367	-0.153955	-1.762873	-1.659044	0.529813	-1.323154	-1.418096	1.677730	1.624596	0.730539	-0.361492	-1.014889	-1.986901	0.630835	-2.655277	-0.709768	1.521733	0.563428	0.889565	-1.597713	-2.360258	-0.525407	-1.212431	0.152815	-1.540474	0.194109	-0.283695	-0.022837	-3.058336	-0.312351	-1.446509	-1.783040	0.590300	-0.530086	-1.159222	-2.696075	-2.082294	0.839044	0.706598	1.857981	-0.049131	-1.189182	0.403138	1.165848
1.201734	0.146035	1.815799	0.039924	0.292530	0.908913	-1.011953	-0.174252	0.300849	0.542852	0.743256	0.829755	0.798650	-0.679004	-0.982072	0.687579	-0.538947	-0.106256	1.007857	1.112887	0.456417	-0.447602	-0.819519	-1.385400	0.745405	-1.202554	-0.080751	2.394179	2.198519	0.619829	-0.966147	-2.201012	0.288481	-1.690768	0.078701	-1.086139	-1.536341	0.299974	-0.083252	-1.444984	-0.152039	-0.038236	-0.425279	0.918480	0.776168	-0.029521	-1.713177	-2.059070	0.732638	1.468896	2.270249	0.857684	-0.952985	1.456027	1.576551
1.438153	0.720307	2.221875	0.468283	0.179394	1.119773	-0.528043	-0.605662	0.222800	0.373866	0.675501	1.095678	1.184999	-0.556050	0.437924	0.512625	-0.204713	0.643065	0.250169	0.297058	0.514453	0.013756	-0.177878	0.140648	0.541207	-0.010192	0.181300	1.795860	1.335819	0.074028	0.329057	-0.986457	0.608874	-1.099918	-0.608697	-0.249831	-2.786618	0.526324	-0.299441	0.440226	0.173425	0.778577	0.472992	-0.393487	0.299218	-0.020818	0.162739	-0.667674	0.996469	1.977113	1.693629	1.310315	-1.081457	0.582036	1.305444
0.469892	-0.252189	1.865261	0.822453	-0.461643	0.271516	-0.767108	-1.426154	-1.072689	-0.857149	-0.262417	0.155827	0.381556	-1.234644	0.919977	0.099520	-0.810185	-0.017297	-0.087310	-0.256880	0.503702	0.320656	0.023278	0.880234	-0.135362	-0.269092	-0.505476	-0.153074	-1.660260	-0.339980	0.767273	-0.092510	-0.436592	-0.416051	-1.183297	0.069153	-2.391643	-0.245189	-0.829312	0.741668	0.051844	-0.183029	-0.196289	-2.222068	-1.515575	-1.225868	0.815034	0.564192	1.194713	1.738384	0.426516	0.760049	-1.393537	-1.796664	0.633046
-0.754361	-1.782570	1.128182	0.943022	-1.078509	-0.805237	-1.244269	-1.773788	-2.152969	-1.950322	-1.226666	-1.174726	-0.817419	-1.407872	0.131394	-0.021332	-1.653617	-1.331132	0.052957	-0.075630	0.283445	0.111554	-0.611420	0.142818	-0.702069	-1.290308	-1.412386	-1.656949	-3.727374	-0.226572	-0.034402	-0.484822	-1.802176	-0.234927	-0.970129	-0.467146	-0.863785	-1.214348	-1.291425	-0.553997	-0.443462	-2.034144	-1.741056	-2.885992	-2.620443	-2.261851	-0.478219	0.340900	0.978440	0.943282	-0.474075	-0.301644	-1.107695	-3.264438	0.146592
-0.856020	-1.982361	0.882595	1.179587	-0.919037	-0.931959	-1.016591	-1.280518	-1.888935	-1.794549	-1.122897	-1.508954	-1.068531	-0.562290	-0.664695	0.363678	-1.548292	-1.908631	0.401933	0.865160	0.267143	-0.335446	-1.387162	-1.010085	-0.661423	-1.389137	-1.519976	-1.065634	-2.548233	0.260028	-0.963150	-1.509711	-1.817405	-0.301520	-0.325334	-1.198068	0.347926	-1.192683	-1.273032	-1.695261	-0.369579	-2.682665	-2.403504	-1.970997	-1.816217	-1.867168	-2.132538	-0.838265	0.432976	0.081063	-0.386992	-0.765505	-0.225537	-2.359244	0.060441
0.246306	-0.268763	1.153662	1.524604	-0.114621	-0.073378	0.080762	-0.596447	-0.640018	-0.630756	-0.116786	-0.661733	-0.307431	0.347647	-0.396110	0.765815	-0.251718	-1.332971	0.600090	1.800928	0.604041	-0.655500	-1.355268	-1.207319	-0.342103	-0.029317	-0.827021	1.121869	0.667555	0.394147	-1.003973	-1.718180	-0.413231	-0.050377	-0.073678	-1.251875	0.615720	-0.135354	-0.849949	-1.334233	0.831267	-1.271626	-1.392217	-0.526895	-0.096757	-0.309553	-2.197536	-1.381567	-0.111327	-0.563540	0.224107	-0.244418	0.199898	-0.281530	0.029159
1.160565	1.804866	0.957482	1.318861	0.355052	0.577101	1.118149	-0.573929	0.325144	0.281045	0.419101	0.063991	0.053890	0.336390	0.365985	0.541362	1.130369	-0.397686	0.404867	1.678618	0.637350	-0.821419	-0.507915	-0.427084	-0.470078	1.509216	-0.258940	2.639347	2.597153	-0.281008	-0.465938	-0.713256	0.703033	0.578495	-0.221357	-0.599959	0.601528	0.790477	-0.430367	-0.096562	2.260803	0.773407	0.248916	0.395843	0.765604	1.074318	-0.763408	-0.677863	-0.446254	-0.911166	0.505008	0.345960	-0.543353	0.766757	-0.298375
0.704379	2.219469	-0.287873	0.145398	-0.098494	0.142105	1.159919	-1.191742	0.263536	0.184336	-0.369825	-0.402369	-0.945952	-0.245698	0.226419	-0.311019	1.377014	0.116160	-0.108845	0.359548	-0.248517	-0.896813	0.263735	0.224633	-1.150530	1.711883	-0.400585	1.927735	1.676344	-1.241152	-0.275032	0.449422	0.233216	0.980492	0.040414	-0.021315	0.997284	0.625233	-0.224452	0.400009	2.373198	1.395298	0.988790	0.817099	0.432990	1.500339	0.311936	0.261875	-0.587177	-0.887408	0.207867	-0.192981	-1.678797	0.259504	-0.747914
-0.663763	0.782179	-1.759176	-1.340520	-0.822509	-0.745167	0.378640	-1.632858	-0.464673	-0.418430	-1.696410	-1.456829	-2.337484	-0.364080	-1.074874	-1.071718	0.522463	0.315431	-0.514733	-0.906458	-1.482373	-0.736186	0.365592	0.142384	-1.719917	0.553762	-0.762599	-0.184051	-0.359422	-1.494422	-0.585347	0.812300	-1.032239	0.558011	0.948479	-0.028068	1.464350	-0.327256	-0.089525	-0.258841	0.900013	0.227946	0.621057	1.272746	0.081538	1.382175	0.009357	0.404194	-0.525469	-0.492604	-0.301629	-1.803456	-1.775074	-0.468036	-0.812228
-1.505299	-0.692355	-2.165234	-1.999665	-0.684179	-0.707023	-0.215389	-1.381038	-1.061715	-0.649113	-2.176225	-1.682136	-2.374492	0.107856	-2.261302	-1.019943	-0.328314	0.682830	-0.355979	-0.703740	-1.781979	-0.235321	0.219752	-0.039701	-1.683013	-0.699950	-0.497046	-1.546906	-0.946231	-0.806559	-0.740629	0.780081	-1.290398	-0.543336	1.515595	-0.192849	1.276127	-1.043536	0.147425	-0.788087	-0.642590	-1.175067	0.243603	1.758725	0.481836	1.362276	-0.498725	0.161786	-0.059737	0.020301	-0.745461	-2.982223	-0.591679	-0.399067	-0.294694
-1.228161	-0.545906	-1.401035	-1.585640	0.432047	0.589650	0.020702	-0.811619	-1.122648	-0.387408	-1.585700	-0.822726	-0.874836	0.267415	-2.182722	-0.182088	-0.344309	1.220935	0.395666	0.818600	-0.892902	0.329170	0.579786	0.455469	-1.317477	-1.040442	0.467851	-1.150300	0.215337	0.008794	-0.415435	1.306405	-0.104895	-1.476777	0.797837	0.227409	0.583511	-1.000095	0.463125	-0.020803	-0.767702	-1.259045	0.627328	1.755625	0.971265	1.358566	0.338167	0.604958	0.886999	0.266839	-1.134719	-2.370471	0.569253	-0.069792	0.401575
-0.624505	0.829326	-0.614007	-1.007171	1.358304	1.901513	0.781240	-0.486839	-0.746428	-0.109703	-0.876513	-0.058778	0.509467	-0.334315	-1.198072	0.623430	0.317309	1.522613	1.226942	1.938658	-0.042052	0.561484	1.416383	1.270655	-1.039569	-0.539686	1.396259	-0.024283	1.246972	0.202074	-0.048056	2.259124	1.119332	-1.465528	-0.602663	1.220976	0.291554	-0.492889	0.771022	1.446002	0.098402	-0.074973	1.293333	1.092870	0.678958	0.975279	2.052529	1.651843	1.831310	0.101750	-1.297805	-0.352379	0.581355	-0.275284	0.667127
-0.582145	1.600757	-0.645622	-1.058808	1.039438	1.784952	1.353650	-0.265010	-0.190984	0.041869	-0.593835	-0.239634	0.495416	-0.903176	-0.492131	0.485519	1.041093	1.384040	1.470995	1.316078	-0.224860	0.453577	1.837494	1.303451	-0.627584	0.206143	1.736034	0.253003	0.730973	0.071224	0.003626	2.412188	1.098637	-0.494329	-1.063473	1.909436	0.710795	-0.013602	1.020933	1.953472	0.201362	1.113273	1.385933	0.246585	-0.052926	0.370992	2.627562	1.979688	1.958758	-0.205253	-0.784827	1.304047	-0.024990	-0.539819	0.305789
-0.968317	0.713687	-1.102378	-1.407521	-0.189375	0.155703	1.316128	0.398959	0.296318	0.386243	-0.167384	-0.705497	-0.262312	-0.533465	-0.510359	-0.777463	1.406657	0.883241	0.818728	-0.499786	-0.784646	0.275795	1.096903	0.187694	0.322570	0.791014	1.663173	-0.667733	-0.777141	0.412300	0.064921	1.111326	0.283016	0.688408	0.010716	1.507975	1.089062	0.191862	1.041026	0.830912	-1.209179	1.307250	0.832908	-0.298635	-0.246391	0.038018	1.158023	0.830320	0.986017	-0.241868	0.407885	1.391468	0.130097	0.166468	-0.277535
-1.102580	-1.033781	-1.207377	-1.210920	-1.043975	-1.734352	0.612327	1.430090	0.465621	0.936455	0.950200	-0.337190	-0.319282	0.419319	-0.676720	-2.397270	1.158716	0.025013	-0.493507	-1.886596	-0.426383	0.028796	-0.548347	-1.192137	1.413822	0.962877	1.537994	-1.870798	-1.893476	1.251198	0.513859	-0.743989	0.037994	1.171239	1.385403	0.175783	0.757086	0.028618	0.548467	-0.852101	-2.894178	0.504939	0.155891	-0.608390	0.132069	-0.126527	-1.012542	-0.860318	-0.374070	0.109443	1.374779	0.438651	1.319079	1.614821	-0.485815
-0.732563	-2.131114	-0.901824	-0.327946	-0.754533	-2.603492	-0.609325	2.019199	0.240419	1.156933	2.221516	0.865475	0.574020	0.762691	-0.449270	-3.227463	0.135422	-1.160832	-1.866457	-2.044415	0.884100	-0.502438	-2.037919	-1.742407	1.711396	0.464871	1.311714	-2.368908	-2.055459	1.750396	1.075318	-1.720367	0.792923	0.599888	1.589048	-1.144024	0.110827	-0.444560	-0.411153	-1.598061	-3.216911	-0.689631	-0.463528	-1.015108	0.114967	-0.777726	-2.028379	-1.517700	-1.031612	0.583101	1.121303	-0.194323	2.342490	2.337823	-0.100245
-0.028098	-2.008739	-0.565582	0.636259	0.291064	-2.137983	-1.875496	1.683094	-0.036074	0.763211	2.726754	1.948229	1.457585	0.110863	0.025810	-2.618047	-1.287020	-2.159594	-2.663269	-1.487478	1.969075	-1.034309	-2.449082	-1.275345	1.113907	-0.556242	0.813290	-1.836805	-1.554031	1.453411	1.311259	-1.434127	1.706654	-0.484094	0.736177	-1.592169	-0.022948	-0.799680	-1.204924	-1.061180	-2.096339	-1.616047	-1.253916	-1.493602	-0.691296	-1.963971	-1.537539	-0.669549	-0.583685	0.871077	-0.156180	0.058297	2.184911	1.608088	0.547337
0.941660	-1.260222	-0.126828	1.272288	1.195137	-0.907553	-2.390339	0.938661	0.160633	0.287433	2.451678	2.371968	1.730598	-0.534596	0.430000	-0.902681	-2.050143	-2.158912	-2.539055	-0.913586	2.170183	-0.695586	-1.732689	-0.416054	0.726124	-1.255417	0.271408	-0.506787	-0.686343	1.005088	1.467627	-0.715047	1.936317	-1.024763	0.154239	-1.063042	0.408784	-0.473373	-1.161174	-0.125663	-0.845641	-1.743556	-2.068110	-1.617215	-1.347421	-2.664556	-0.538429	0.742095	0.375656	0.900023	-1.101620	0.630400	1.278328	0.456972	0.936968
2.043555	-0.652433	0.751895	1.686141	1.372157	0.262921	-1.682742	0.572434	0.836448	0.390854	2.100376	2.410142	1.756309	-0.058232	0.852093	0.833253	-1.362171	-0.981920	-1.689200	-0.396500	1.999208	0.873912	-0.648251	0.238471	1.409085	-0.817249	0.062259	1.013323	0.347351	1.213237	2.114972	-0.422758	1.478400	-0.406445	0.490035	-0.153037	0.667912	0.527035	-0.390989	0.246604	-0.414598	-0.873622	-2.209511	-1.147479	-0.855738	-1.979497	0.108357	1.501636	0.975850	0.706834	-0.721391	0.802009	0.685165	0.196180	0.862170
2.608774	-0.454655	1.697955	1.836424	0.723225	0.778300	-0.313024	0.581112	1.230593	0.855008	1.822484	2.254225	1.869838	1.305020	1.449952	1.526783	0.211259	0.458994	-0.791098	0.139923	1.910339	2.617541	-0.049892	0.555516	2.458235	0.464028	0.057375	1.866679	1.053800	1.780532	3.009368	-0.580596	0.674051	0.848856	0.916754	0.430899	0.253194	1.404384	0.241722	-0.068492	-0.466312	0.530145	-1.333598	-0.431537	0.369704	-0.441475	0.337276	1.191718	0.909876	0.269274	0.474397	0.501420	0.561795	0.610697	0.567112
1.900936	-0.601507	1.689248	1.263793	-0.500712	0.505269	0.465582	0.325266	0.626438	0.785835	1.021537	1.574735	1.682089	2.156521	1.869941	0.919711	1.125914	0.944247	-0.499261	0.360968	1.444835	2.845014	-0.196119	0.632607	2.380593	1.309329	-0.302072	1.497934	0.930840	1.590713	3.046617	-0.726543	-0.400440	1.471820	0.340978	0.422443	-0.558824	1.294147	0.064465	-0.479778	-0.209167	1.495997	-0.103827	-0.046578	0.963275	0.431095	0.358294	0.255758	0.484948	-0.300220	1.161511	0.172086	0.134422	0.440573	0.420975
0.184336	-0.922415	0.431714	-0.110936	-1.717888	-0.177474	0.017510	-0.399569	-0.605516	-0.143472	-0.399371	0.285186	0.789834	1.505036	1.514611	-0.260545	0.539302	0.127125	-0.827861	-0.036918	0.180490	1.056651	-0.679192	0.503514	0.825545	0.884588	-1.205641	0.278178	0.162077	0.228346	1.622745	-0.677713	-1.645167	0.671604	-1.114951	0.069367	-1.232389	0.118582	-0.707858	-0.455293	0.469411	1.393882	0.466231	-0.123013	0.375711	-0.110836	0.201226	-0.619154	0.033856	-0.576431	0.792606	0.205842	-0.935237	-0.659976	0.492546
-1.286972	-1.051344	-0.933887	-1.414378	-2.192477	-0.621875	-0.873975	-1.005093	-1.176821	-1.108768	-1.460039	-0.903012	-0.401722	-0.141526	0.348250	-0.931779	-0.715906	-1.154177	-1.066411	-0.655502	-1.219797	-1.325654	-0.923081	0.219818	-0.915410	-0.217752	-2.115925	-0.774816	-0.460948	-1.340122	-0.456842	-0.589583	-2.518850	-1.042852	-2.179774	-0.197091	-1.597882	-1.334684	-1.291116	-0.080576	1.025917	0.586218	0.174553	-0.186121	-0.428799	-1.160231	-0.089433	-1.039198	-0.437674	-0.239768	0.073212	0.583494	-1.885018	-1.619159	0.464725
-1.616015	-0.556672	-1.056325	-1.638849	-1.598721	-0.419727	-0.813885	-0.941354	-0.310696	-1.051264	-1.317969	-1.217329	-1.093777	-1.315589	-0.949763	-0.582693	-1.118289	-1.640566	-0.464066	-0.727186	-1.733067	-2.270538	-0.645897	0.055114	-1.457211	-0.730344	-2.383482	-1.039029	-0.368948	-1.822057	-1.800271	-0.432174	-2.475591	-2.303303	-1.835531	-0.095073	-1.740767	-2.042014	-1.112759	0.140694	1.074835	0.005829	-0.206432	0.292401	-0.205365	-1.187352	-0.226859	-0.993769	-0.968241	0.334982	-0.113638	0.932073	-1.821088	-1.520379	0.001924
-1.151727	0.512698	0.011211	-0.850032	-0.422282	0.237079	0.579480	-0.416122	1.278174	0.069457	-0.489483	-0.778070	-1.042940	-1.071644	-1.700429	0.344268	-0.211565	-0.724699	0.925500	-0.093504	-1.370123	-1.110638	0.098665	0.351932	-0.838202	-0.235741	-1.962257	-0.750027	0.338037	-1.007965	-1.886829	0.121954	-1.688562	-2.158476	-0.403438	0.384299	-1.571268	-1.488763	-0.191992	-0.027255	0.776330	0.137513	0.110454	1.261099	1.051628	0.281217	0.073083	-0.661214	-1.280218	0.333507	0.199269	0.896869	-0.892732	-0.784191	-0.787292
-0.774582	1.413844	0.965338	-0.072036	0.413663	0.733272	2.094263	-0.026218	2.138441	1.225937	-0.193730	-0.346199	-0.671211	0.114045	-1.814047	0.943618	0.969744	1.018465	2.163411	0.564709	-1.042810	0.889625	1.061692	1.032773	-0.195396	0.450980	-1.312835	-0.372981	1.206065	0.097344	-1.376771	1.120111	-0.921523	-0.956555	0.777994	0.967003	-0.878961	-0.105052	0.961577	-0.251704	0.498118	0.628545	1.067766	2.028796	2.130651	2.203531	0.715366	-0.265113	-0.979243	-0.484668	0.272990	0.454990	-0.091821	-0.341288	-1.353883
-0.737056	1.355620	0.873088	-0.023863	0.389010	0.611536	2.141991	-0.012717	1.647194	1.424765	-0.794107	-0.338157	-0.429016	0.857109	-1.571326	0.739850	1.172432	2.273043	2.313681	0.581722	-1.185064	1.867941	1.823382	1.404257	-0.305748	0.403257	-0.796319	0.018231	1.805467	0.353456	-1.152966	1.933457	-0.690501	0.060471	0.632517	1.180744	0.229334	0.953484	1.622253	-0.133298	0.410731	0.860060	1.877714	1.827511	1.962274	3.103006	1.226815	-0.066160	-0.084159	-1.356647	-0.306230	-0.148672	-0.073598	-0.333030	-1.301443
-0.597545	0.371850	0.125338	-0.396342	-0.170170	0.035697	0.508703	-0.179180	0.507353	0.634318	-1.529138	-0.519821	-0.421192	0.300324	-1.086831	0.160879	0.293889	2.143322	1.430085	0.109934	-1.255239	1.159644	1.898907	0.746180	-0.880737	-0.300299	-0.416884	0.480377	1.798592	-0.459822	-1.393387	1.765146	-0.814321	0.090486	-0.679231	0.686130	1.207884	0.785711	1.291122	0.195032	0.468898	0.659191	1.829905	0.541030	0.683324	2.435293	1.133441	-0.295452	0.845970	-1.366380	-1.124593	-0.647391	-0.540808	-0.266455	-0.913252
-0.011537	-0.598650	-0.243175	-0.419702	-0.429253	-0.300049	-1.282714	-0.304871	-0.202761	-0.328231	-1.631950	-0.534151	-0.524243	-0.944868	-0.250170	0.095023	-0.614754	1.020782	0.550416	-0.109531	-0.687538	-0.227298	1.159617	-0.765964	-1.177325	-0.784869	-0.063992	0.738863	1.051581	-1.504300	-1.573655	0.568066	-0.765205	-0.439744	-1.928743	-0.287119	1.428735	-0.315524	0.208849	0.267117	0.586503	0.380577	0.986184	-1.019876	-0.595366	0.958935	0.391036	-0.919731	1.178269	-0.527355	-1.438979	-0.839398	-0.765215	0.003181	-0.864443
0.820311	-0.573300	0.213252	0.179848	0.171899	0.168688	-1.496643	-0.311443	-0.108579	-0.635571	-1.111117	-0.318701	-0.539953	-1.430417	0.851570	0.861630	-0.511051	0.174526	0.600522	0.342265	0.267960	-0.837671	0.163064	-1.932509	-0.893796	-0.491460	0.252714	0.444459	-0.141356	-1.703613	-1.168011	-0.729194	-0.242790	-0.590301	-1.957115	-0.958708	0.620441	-1.141913	-0.677806	0.020291	0.709234	0.417958	0.158690	-1.691814	-0.884277	-0.074634	-0.454983	-1.469135	0.721806	0.272177	-0.989490	-0.638713	-0.429797	0.165535	-1.344573
1.380600	0.534734	0.940988	0.912137	1.325551	1.198469	-0.008832	-0.131192	0.363803	-0.164128	-0.430681	-0.024548	-0.302682	-0.514920	1.701686	1.671769	0.625013	0.383108	1.348937	1.054327	0.896868	-0.346898	-0.217957	-1.630638	-0.357080	0.238326	0.451492	-0.248695	-1.155749	-0.839820	-0.281911	-1.042751	0.588180	-0.180080	-0.745624	-0.692504	-0.855283	-0.905254	-0.577005	-0.009706	0.792669	0.739087	0.141279	-1.005370	-0.158593	-0.048101	-0.638890	-1.277233	-0.222889	0.327968	-0.259479	-0.246198	0.150656	0.163784	-1.691229
1.254473	1.847434	1.043166	1.074691	2.025306	1.846406	1.622481	0.279334	0.639047	0.500152	0.043720	0.167112	0.117553	0.838733	1.735741	1.371678	1.873693	1.144024	1.642012	1.243057	0.846749	0.226160	0.357022	-0.040447	-0.061640	0.719417	0.525340	-0.730837	-1.488385	0.156863	0.396221	-0.175059	1.248804	0.113890	0.640343	0.326494	-2.025687	-0.010719	0.334752	0.648142	0.817923	0.938384	0.899731	0.382334	0.784369	0.639623	0.077557	-0.089591	-1.202306	-0.154009	0.047541	-0.059541	0.491452	0.351137	-1.115346
0.455663	2.403039	0.251206	0.504208	1.526872	1.454732	1.936987	0.749043	0.523990	0.697146	0.142351	0.121394	0.380699	1.128217	0.986470	-0.170084	2.304241	1.376183	0.765686	0.671670	0.358208	-0.118935	1.349070	1.506506	-0.203640	0.773532	0.577943	-0.556884	-1.053532	0.201064	0.324926	1.034158	1.320165	-0.092962	1.166746	1.287465	-1.905727	0.640096	1.192844	1.769724	0.834428	0.743588	1.606601	1.408163	1.189565	1.177258	1.065048	1.556448	-1.902754	-0.450622	-0.237003	-0.134565	0.437132	0.830913	0.291394
-0.438671	2.071548	-0.755243	-0.216470	0.206016	0.427888	1.060361	0.910157	0.186201	0.308382	-0.142295	-0.150976	0.245470	0.062496	0.224191	-1.665951	1.709133	0.680075	-0.640014	-0.022732	-0.127374	-1.094825	1.921949	1.951105	-0.602752	0.759434	0.724968	0.189750	-0.118255	-0.688222	-0.246522	1.592883	0.806605	-0.209462	0.753531	1.612487	-0.451160	0.762571	1.453551	2.640832	0.922348	0.350042	1.515228	1.598449	0.944357	1.134797	1.450871	2.696705	-2.173924	-0.243009	-0.595127	0.037554	0.182177	1.112273	1.513793
-0.635883	1.506358	-1.024708	-0.346810	-0.741703	-0.237607	0.172149	0.534511	-0.195704	-0.278786	-0.533892	-0.453521	-0.090899	-1.061635	0.268914	-1.661446	0.498008	-0.380584	-1.290938	-0.054657	-0.363935	-1.546699	1.711371	1.444981	-0.919879	0.878618	0.942974	1.085196	0.842703	-1.396888	-0.550339	1.252604	0.176745	0.511695	0.091080	1.389816	1.195588	0.789961	1.261816	2.754002	1.066746	0.109032	0.676251	1.179740	0.342813	0.619006	1.027286	2.723257	-1.956318	0.051214	-0.471151	0.796661	-0.036546	0.692978	1.617427
0.091309	1.218518	-0.299586	0.221042	-0.549195	-0.150716	-0.095491	-0.178042	-0.628908	-0.722671	-0.563670	-0.605639	-0.225817	-0.868004	1.096027	-0.100665	-0.829844	-1.088935	-0.776552	0.524414	-0.372091	-0.988112	0.920007	0.729327	-0.891619	0.854495	1.030950	1.669386	1.281089	-1.028283	-0.246820	0.467213	-0.025084	1.773741	-0.147752	0.930734	1.760529	1.080973	0.826766	2.124632	1.082675	-0.020642	-0.259793	0.469504	-0.447568	-0.092887	0.284784	1.745476	-1.329997	-0.125118	0.065535	1.525883	-0.095031	-0.257750	0.618536
1.015155	0.970363	0.766515	0.858859	0.364406	0.085292	-0.123560	-0.714494	-1.126133	-1.036354	-0.057677	-0.661987	-0.097132	0.421849	1.745278	1.597393	-1.878164	-1.254868	0.011123	0.806415	-0.294856	-0.184677	-0.096300	0.051882	-0.447264	0.461759	0.808465	1.596056	0.913022	0.110224	0.169066	-0.281311	0.337445	2.351923	0.269905	0.263717	1.111326	1.434488	-0.005732	1.039333	0.737993	-0.410869	-0.775360	-0.396956	-1.385790	-0.777277	-0.352617	0.302538	-0.573230	-0.716440	0.471407	1.223671	0.107468	-1.061515	-0.681814
1.119901	0.311480	1.290546	0.911102	0.986814	-0.222272	-0.313545	-0.660658	-1.444338	-1.290726	0.587490	-0.759887	-0.053612	1.199761	1.268274	2.003385	-2.246286	-1.077832	0.036811	0.090926	-0.214099	-0.047919	-1.040493	-0.794936	0.265444	0.050388	0.375102	0.811649	0.098013	1.013049	0.094635	-0.816746	0.905069	1.509809	1.176975	-0.651725	0.209193	1.434422	-1.199617	-0.214417	0.025621	-1.062319	-0.852407	-1.157160	-2.133807	-1.182764	-0.890730	-1.016092	-0.000063	-1.091004	0.464558	-0.034859	0.650461	-1.226730	-1.475220
0.224365	-0.534415	0.934252	0.400513	0.839013	-0.904486	-0.405546	0.026681	-1.198134	-1.243072	0.887623	-0.740642	-0.279481	0.487622	-0.205347	0.983241	-1.721900	-0.772859	-0.697004	-1.227368	-0.042500	-0.444814	-1.609752	-1.622801	0.961144	0.163669	0.071372	-0.249898	-0.353130	1.201415	-0.278436	-1.068738	1.236014	0.023748	2.068621	-1.465779	-0.108451	1.023710	-1.973246	-1.315992	-0.718964	-1.286470	-0.716019	-1.318020	-2.066739	-1.061628	-1.322046	-1.720484	0.290097	-0.812987	0.365150	-0.873643	1.404422	-0.716886	-1.409866
-0.766266	-0.846349	0.062134	-0.051896	0.289452	-1.210145	-0.101647	1.089872	-0.304262	-0.544559	0.961406	-0.170642	-0.373386	-0.674253	-1.436960	-0.455849	-0.700980	-0.550946	-1.415481	-2.060604	0.367752	-0.530071	-1.613060	-1.751558	1.425331	0.705526	0.107142	-0.869945	0.001601	1.089831	-0.151232	-0.968497	1.251587	-0.500972	2.244984	-1.638379	0.088266	0.596217	-1.449339	-1.876920	-1.095916	-0.463830	-0.514166	-0.658698	-0.962063	-0.473682	-1.328642	-1.588611	0.413209	-0.156379	0.607692	-0.276235	1.981681	0.303746	-0.579906
-0.873424	-0.515512	-0.683882	0.030568	-0.110622	-0.876592	0.197817	2.108223	0.778386	0.656456	1.360309	1.036914	0.191889	-0.452284	-1.258909	-1.281504	-0.028713	-0.644507	-1.685308	-1.842783	0.911873	0.018781	-1.244058	-0.934044	1.647347	0.885161	0.290961	-0.696345	0.713322	1.177994	0.793758	-0.650470	1.164104	0.578894	1.322587	-1.110156	0.274915	0.553676	0.117115	-1.684490	-1.058162	0.942485	-0.377633	0.320020	0.485430	0.065007	-0.746675	-0.866578	0.498469	0.272655	1.086033	1.012175	2.000285	1.506842	0.558328
-0.171687	-0.367766	-0.921100	0.423215	-0.255565	-0.453870	-0.130088	2.512159	1.347099	1.554895	2.103574	2.135844	1.203397	1.234513	0.143376	-1.195183	-0.141370	-1.012655	-1.724046	-1.062796	1.112827	0.620181	-0.975394	0.116373	1.660208	0.179810	0.242102	-0.134643	0.947736	1.285491	1.818252	-0.455571	1.013227	2.044718	-0.275597	-0.439217	0.292833	0.820961	1.280024	-0.968726	-0.913214	1.583840	-0.538566	0.728905	1.146374	-0.040316	-0.028988	-0.107994	0.599867	0.260003	1.222040	1.362486	1.383368	2.165387	1.341778
0.356337	-0.971601	-0.755036	0.475118	-0.326561	-0.414840	-0.887835	1.823174	1.058630	1.388961	2.331733	2.067281	1.675161	2.276672	1.290152	-0.536087	-0.553468	-1.161135	-1.639229	-0.524390	0.551384	0.642218	-1.015461	0.472199	1.334604	-0.871114	-0.107209	0.104955	0.448829	0.869338	1.860393	-0.532610	0.565899	2.060090	-1.551801	-0.147851	0.430132	0.895737	0.893229	-0.273585	-0.855178	0.717399	-1.033413	0.177530	0.569021	-0.833939	0.165516	0.322485	0.725432	0.133684	0.713263	0.349524	0.421169	1.541136	1.360237
0.089493	-1.606975	-0.573527	-0.079267	-0.269985	-0.387139	-1.067706	0.265452	0.294059	0.320675	1.345118	0.657703	0.943364	1.029467	0.977339	0.193516	-0.439004	-0.589080	-1.001981	-0.384076	-0.545901	0.213754	-1.008849	0.063887	0.562610	-1.160197	-0.351688	-0.189286	-0.211903	-0.082507	0.744009	-0.579285	-0.168708	0.337994	-1.774985	-0.150181	0.833609	0.483195	-0.536568	0.017600	-0.685519	-0.773269	-1.349301	-0.743848	-0.508769	-1.613369	-0.195191	0.500307	0.807583	0.257962	-0.025505	-0.731161	-0.387239	-0.096359	0.841470
-0.481589	-1.154325	-0.639998	-0.764441	0.179511	0.244623	-0.124894	-1.078662	-0.155941	-0.625558	-0.280510	-0.973503	-0.432811	-1.346695	-0.336859	0.671578	0.366215	0.547265	0.407167	-0.194735	-1.385621	-0.035953	-0.488044	-0.340556	-0.368877	-0.361965	-0.102323	-0.594737	-0.381587	-0.886017	-0.584023	-0.190621	-0.650403	-1.418411	-1.067708	-0.020138	1.174696	-0.078794	-1.371706	-0.025404	-0.183462	-1.329471	-0.847353	-1.031990	-0.924455	-1.527688	-0.439989	0.658999	0.719730	0.571555	-0.378081	-0.654896	-0.642870	-1.357782	0.342986
-0.520360	0.148953	-0.871712	-0.949006	0.899681	1.186450	1.083097	-1.247806	0.064495	-0.666712	-1.199663	-1.515678	-1.226852	-2.242021	-1.090089	0.865255	1.135761	1.436738	1.802429	0.284247	-1.398436	0.157759	0.398546	-0.216718	-0.886563	0.488853	0.447798	-0.686658	-0.123888	-0.985334	-1.101754	0.530983	-0.417897	-1.531052	-0.209839	0.280751	1.030073	-0.317259	-0.768522	-0.108302	0.386267	-0.642251	0.257256	-0.378165	-0.356734	-0.491152	-0.083028	0.774486	0.454200	0.675641	-0.337059	-0.011516	-0.379414	-1.202529	0.060007
0.004709	0.739699	-0.936758	-0.594132	1.195617	1.390468	1.081856	-0.498011	0.427079	-0.091246	-0.883897	-0.818139	-0.892959	-0.914272	-0.499190	0.949480	1.030444	1.407435	2.006870	0.744205	-0.769069	0.401051	0.891755	0.047999	-0.723527	0.109078	0.703733	-0.479209	-0.059630	-0.607172	-0.768926	0.906877	0.202768	-0.297986	0.077652	0.257416	0.403030	-0.370089	0.346283	-0.118882	0.449338	-0.010934	0.817933	0.490125	0.375858	0.603758	0.491923	0.564004	0.200131	0.314231	-0.434803	-0.441028	-0.057042	-0.158508	-0.253155
0.434375	-0.210360	-0.512950	-0.143127	0.555726	0.513414	-0.435723	0.058833	0.182849	0.265311	-0.119314	0.176590	0.025003	0.814946	0.651800	1.077266	0.010129	0.618962	0.923114	0.851649	-0.057955	0.253731	0.538984	-0.156689	-0.180645	-1.397099	0.435783	-0.151717	-0.484986	-0.337134	-0.300596	0.403274	0.462938	0.644216	-0.247379	-0.387854	-0.337555	-0.711026	0.557268	-0.153373	-0.154015	-0.544540	0.116518	0.713673	0.357013	0.778399	0.535626	-0.061568	0.110525	-0.269195	-0.839476	-2.184323	-0.067746	0.483463	-0.625316
0.469879	-1.563171	0.421931	0.180234	-0.585399	-0.470567	-2.042459	-0.117874	-0.594157	0.149192	0.187026	0.676174	0.757309	1.182251	1.203785	1.160390	-1.066905	-0.178305	-0.187712	0.735765	0.475711	-0.134269	-0.132243	-0.626424	0.300548	-2.502829	0.083119	0.284693	-1.007283	-0.269565	-0.093618	-0.640843	0.190477	0.513974	-0.537635	-1.139830	-0.901093	-1.193850	-0.166494	-0.217626	-0.902623	-1.669304	-1.068033	0.271839	-0.346138	0.030926	-0.037719	-0.665503	0.060685	-0.492104	-0.989151	-3.348595	-0.295115	0.336407	-0.551640
0.473038	-1.651216	1.389767	0.533599	-1.223684	-0.555991	-2.153886	-0.479265	-1.038076	0.048066	0.091361	0.749105	1.080206	0.464175	0.972179	0.898285	-1.250283	-0.487027	-0.217147	0.716053	0.935458	-0.245710	-0.214383	-0.569291	0.583083	-2.098598	0.177868	0.806622	-1.174876	0.044383	0.142591	-1.259874	-0.056753	0.081934	-0.152854	-1.152864	-1.190665	-1.081053	-0.544505	-0.144126	-1.201367	-2.018418	-1.384159	-0.229554	-0.883648	-0.717401	-0.543948	-0.629629	-0.194201	-0.005127	-0.445737	-2.265851	-0.327005	0.088234	0.353535
0.702950	-0.410335	1.627230	0.919781	-0.905379	-0.037543	-0.891607	-0.384291	-0.641763	0.276663	0.168595	0.798422	1.113765	-0.113749	0.549325	0.111564	-0.398441	-0.426757	0.455161	0.795435	1.331926	0.050980	0.405093	0.161430	0.713221	-0.885073	0.701071	1.173553	-1.054558	0.820668	0.644702	-0.918411	0.129590	0.195295	0.728798	-0.313502	-1.104571	-0.230808	0.142918	0.124074	-1.022855	-1.325265	-0.681986	-0.454851	-0.715350	-0.734971	-0.464149	0.100142	-0.595522	0.927906	0.274786	0.110156	-0.048719	0.210770	1.643073
0.843234	0.691086	0.810263	0.960663	-0.165070	0.098472	0.184515	-0.062193	0.064166	0.442798	0.447924	0.821766	0.834819	-0.306521	0.261635	-0.916741	0.740130	-0.288089	0.663145	0.737427	1.394213	0.300105	0.892404	0.713434	0.603261	-0.391159	1.128115	1.182231	-0.897676	1.555622	1.001359	-0.103359	0.414688	0.494999	1.133042	0.526951	-0.649537	0.410704	1.019337	0.319064	-0.720094	-0.603496	-0.088766	-0.573978	-0.144643	-0.241061	-0.066469	0.805278	-0.691914	1.688426	0.295271	1.262805	0.160630	0.278590	2.389795
0.477874	0.611592	-0.441005	0.402910	0.154345	-0.285964	0.120613	-0.252032	0.239494	0.073181	0.329716	0.467200	0.144741	-0.794988	-0.135488	-1.543264	1.314418	-0.100803	0.182528	0.509188	0.877135	0.090010	0.570767	0.392414	0.090738	-0.914756	0.902722	0.883996	-0.653585	1.480708	0.630403	0.302503	0.150317	0.079513	0.353998	0.506639	-0.254717	-0.054920	0.802216	0.070502	-0.405526	-0.582020	-0.293852	-0.723216	0.221745	0.076258	0.063337	0.708798	-0.167733	1.862831	-0.370896	0.344712	-0.171897	-0.282201	2.183397
-0.353935	-0.171532	-1.107001	-0.473022	-0.272307	-0.411851	-0.384171	-1.170361	-0.205200	-0.614520	-0.534075	-0.385923	-0.779718	-1.725857	-0.874265	-1.352018	1.124377	0.174071	-0.014224	0.305881	-0.124840	-0.403188	-0.193012	-0.327721	-0.775916	-1.236559	-0.178730	0.349113	-0.245651	0.375321	-0.413130	0.079811	-0.866275	-1.057165	-1.061271	-0.261780	-0.441993	-1.259610	-0.463559	-0.605828	0.118553	-0.801094	-0.599073	-0.705683	0.202175	0.007630	-0.198833	-0.161523	0.628615	1.435333	-0.852204	-0.881331	-1.117301	-1.323111	1.407546
-1.247167	-0.581457	-0.879743	-1.168841	-1.117744	0.030183	-0.229513	-2.187105	-0.669140	-0.982224	-1.705200	-1.361936	-1.515695	-2.208188	-1.691164	-0.580739	0.562939	0.347502	0.718836	0.181855	-1.205494	-0.687208	-0.443843	-0.402704	-1.690938	-0.454080	-1.717457	-0.445453	0.045658	-1.167454	-1.431126	-0.124496	-2.145802	-1.915763	-1.733486	-0.814036	-0.988037	-1.956736	-1.413355	-1.114239	0.843035	-0.483754	-0.076821	-0.324524	0.082904	-0.043180	-0.411326	-0.967564	1.011875	0.581973	-0.743917	-0.577868	-2.206092	-2.135530	0.554619
-1.811614	-0.266686	-0.413366	-1.481423	-1.771904	0.341418	0.519305	-2.486758	-0.786183	-0.857073	-2.417392	-1.920044	-1.772137	-1.394843	-2.015795	0.206990	0.033343	0.236894	1.691990	-0.001858	-1.892187	-0.543468	0.197832	0.419292	-2.284309	0.741871	-2.728427	-1.250895	0.000988	-2.206789	-1.785307	0.360438	-2.850399	-1.753121	-1.000069	-0.386375	-0.954466	-1.471867	-1.008063	-0.782559	1.330073	0.340143	0.965138	0.289438	0.146926	0.229168	-0.101854	-0.944750	0.848812	-0.440422	-0.612047	0.843060	-2.702778	-2.191845	-0.302866
-1.876393	0.293209	-0.410454	-1.530161	-1.755858	-0.040083	0.966795	-1.839455	-0.785764	-0.701737	-2.336522	-1.864597	-1.605522	0.362601	-1.557537	0.768070	-0.336432	0.044891	1.795258	-0.243608	-1.922165	-0.131742	1.086795	1.287487	-2.287522	1.145846	-2.326572	-1.502327	-0.040079	-2.184529	-1.402999	1.380780	-2.423812	-0.881524	0.256897	0.755109	0.070030	-0.404610	0.284846	0.312198	1.176088	1.036470	1.378925	0.830190	0.369694	0.576154	0.707469	-0.206800	0.710698	-1.249689	-0.847088	1.617860	-2.137041	-1.517627	-1.235786
-1.546766	0.571903	-0.854294	-1.461463	-1.047412	-0.576784	0.844244	-0.700280	-0.868757	-0.844160	-1.725147	-1.471487	-1.259102	1.736517	-0.670018	1.206313	-0.505752	0.159374	0.929481	-0.337567	-1.442389	0.308495	1.290837	1.307595	-1.655941	0.781303	-0.712276	-1.053951	0.335352	-1.357656	-0.678153	2.094502	-1.109724	-0.049776	0.646797	1.583605	1.227445	0.131270	1.119890	1.208851	0.534543	1.320796	0.819498	1.135541	0.540395	0.602664	1.481340	0.438506	0.968927	-1.519458	-0.813285	1.049424	-0.756318	-0.549476	-2.034733
-1.116325	0.471480	-1.283954	-1.302722	-0.144545	-0.359938	0.788686	0.286213	-0.704215	-0.922669	-1.001906	-1.092721	-0.863955	1.763758	-0.070122	1.437503	-0.374867	0.592840	0.021552	-0.215880	-0.913355	0.627392	0.622954	0.582612	-0.665256	0.713218	0.806300	-0.596520	0.842665	-0.549387	-0.056135	1.911090	0.164212	0.457646	-0.039291	1.394084	1.408052	-0.253655	0.814092	1.017693	-0.004283	1.426357	0.230681	1.216050	0.541848	0.369255	1.696826	0.470332	1.187017	-1.296723	0.130237	0.080931	0.579381	0.192024	-2.323085
-0.748665	0.149780	-1.389132	-0.992568	0.369866	0.575145	1.183782	0.770350	0.072096	-0.384312	-0.356033	-0.732701	-0.358520	0.755427	-0.125836	1.097835	0.053964	0.898109	-0.183460	-0.065335	-0.640616	0.739130	-0.219154	-0.017200	0.226349	1.305175	1.117985	-0.801146	0.784333	-0.320007	0.289614	1.090023	0.625360	0.718721	-0.644570	0.491780	0.675671	-0.888543	-0.067428	-0.066791	-0.049330	1.385370	0.463203	1.038580	0.448437	0.284831	1.352217	0.222499	0.768224	-0.930398	1.271840	-0.281001	1.130860	0.450342	-1.930525
-0.279882	-0.225545	-1.050040	-0.434823	0.430334	1.243895	1.461431	0.763598	1.048349	0.599555	0.176699	-0.192486	0.257665	-0.241694	-0.491682	0.158241	0.516788	0.697035	0.107219	0.008905	-0.418363	0.610658	-0.544512	-0.026414	0.724010	1.611412	0.461606	-1.258229	0.051642	-0.383890	0.441613	0.282327	0.389696	0.581953	-0.242934	-0.298613	0.069488	-0.900450	-0.629079	-0.986849	0.220923	0.783227	1.022020	0.463123	0.361452	0.449890	0.783991	0.260132	-0.131670	-0.645217	1.197571	-0.193846	0.915287	0.389006	-1.017122
0.456546	-0.407838	-0.167123	0.384500	0.511001	0.988178	0.905680	0.425314	1.224509	1.082341	0.464668	0.411304	0.686647	-0.678172	-0.556363	-0.749112	0.631248	0.110111	0.207084	0.178070	0.154867	0.267672	-0.459005	0.027352	0.821627	0.827928	-0.041235	-0.883812	-0.609687	-0.055714	0.459058	-0.298180	0.204053	-0.165240	0.600801	-0.611249	0.141830	-0.197993	-0.714926	-1.026312	0.421143	-0.431692	0.798839	-0.469884	0.229640	0.457565	0.077655	0.439004	-0.779120	-0.380088	-0.213484	-0.329114	0.502376	0.299194	0.035401
1.201372	-0.059729	1.113589	1.254830	0.967283	0.297174	-0.240443	-0.042212	0.214793	0.434470	0.362338	0.628355	0.596930	-0.843131	-0.170473	-0.972977	0.233999	-0.405957	-0.133728	0.577159	1.012547	-0.193104	-0.533036	-0.524192	0.614816	-0.371951	0.173803	0.585390	-0.430123	0.763684	0.287262	-0.893255	0.503162	-1.092067	0.661269	-0.705295	0.365790	0.563417	-0.749095	-0.487783	0.525646	-1.359223	-0.224320	-1.261506	-0.035734	0.045475	-0.887186	0.112709	-0.782856	-0.065814	-1.364923	-0.612721	0.289880	0.194831	0.786621
1.472244	0.802103	2.155494	1.791893	1.506915	0.107121	-0.930160	-0.334199	-1.054062	-0.677159	0.045237	0.352517	0.176082	-1.004320	0.260674	-0.659068	-0.410186	-0.540663	-0.539091	0.978217	1.559915	-0.530306	-0.860945	-1.331791	0.245205	-0.631806	0.601915	2.049449	0.494372	1.406345	0.041665	-1.474271	0.954734	-1.250133	-0.141130	-0.765457	0.128015	0.841607	-0.813320	-0.111842	0.763935	-1.022522	-0.821160	-1.254294	-0.271410	-0.327416	-1.752976	-0.734565	-0.464135	0.142355	-0.926788	-0.348878	0.228354	-0.042021	0.947977
1.177737	1.467673	2.240813	1.711702	1.468670	0.511143	-0.556111	-0.147894	-1.270071	-0.855815	-0.026438	0.153393	0.078907	-0.747259	0.391231	-0.547778	-0.774588	-0.388058	-0.649162	0.984354	1.396644	-0.426717	-0.900755	-1.341877	0.032770	0.253248	0.600303	2.266709	1.251979	1.326818	0.098523	-1.525741	0.992447	-0.271428	-0.560686	-0.556226	-0.287945	0.726291	-0.477427	-0.137798	1.002823	0.270439	-0.236555	-0.383657	-0.125067	0.010549	-1.706354	-1.224773	-0.358136	0.010400	0.432177	0.501379	0.192527	-0.178232	0.555088
0.731511	1.163068	1.349559	1.091774	0.610494	0.622313	0.293856	0.472978	-0.313483	0.290566	0.344447	0.537600	0.583465	0.368026	0.366129	-0.951612	-0.572520	-0.260796	-0.621458	0.491135	0.847289	0.130652	-0.344152	-0.321541	0.282266	1.069566	0.293460	1.290645	1.069042	0.794441	0.605126	-0.818920	0.573108	1.071945	0.174217	0.031073	-0.181182	0.605265	0.374816	-0.197355	0.720143	1.132671	0.709217	0.574436	0.421309	0.884312	-0.607233	-0.780478	-0.597692	-0.432980	1.012152	1.009904	0.244076	0.224779	-0.038033
0.517485	0.108169	0.330899	0.390640	-0.483825	-0.142797	0.538173	1.021371	0.557641	1.435627	0.792175	1.122198	1.097710	1.722276	0.477899	-1.338591	-0.109410	-0.307483	-0.801183	-0.195304	0.544254	0.635406	0.256836	0.601939	0.815872	0.858233	0.213370	0.321212	0.191534	0.484715	1.117778	-0.035445	0.194080	1.683956	1.178350	0.506953	0.370357	0.639662	1.067112	-0.037754	-0.174165	0.825087	0.756964	0.761237	0.800887	1.234630	0.408087	-0.065003	-0.824299	-0.735388	0.448385	0.609628	0.395702	1.020379	-0.325716
0.507367	-0.580748	0.114155	0.138898	-0.883823	-1.097339	-0.082134	0.968777	0.268412	1.064219	0.857644	1.068078	0.879093	1.915633	0.628378	-1.123350	0.031269	-0.399979	-1.110959	-0.671704	0.646305	0.535731	0.065639	0.307090	1.033270	0.132262	0.383148	0.253777	-0.342082	0.643738	1.075288	-0.153141	0.223537	1.235025	1.107051	0.270233	0.418520	0.718710	0.829220	-0.001129	-0.895788	0.129300	-0.093524	0.132823	0.448227	0.404488	0.088605	-0.193599	-0.617811	-0.317271	0.175898	0.051124	0.420873	1.329147	0.029062
0.490062	-0.275131	0.771358	0.474287	-0.254567	-1.090891	-0.741657	0.329941	-0.771473	-0.574793	0.578191	0.272595	0.045051	0.420458	0.461497	-0.511524	-0.324002	-0.431041	-1.119096	-0.750032	0.773293	-0.106694	-0.961954	-0.875169	0.628475	-0.047126	0.273416	0.782812	0.062811	0.882213	0.473693	-1.233679	0.454499	0.237344	-0.010998	-0.564221	-0.573055	0.701678	-0.237151	-0.535591	-0.591734	0.124121	-0.750291	-0.637086	-0.458250	-0.940572	-1.332955	-1.231767	0.043547	0.907121	1.335504	0.405003	0.130365	0.580258	0.803069
0.424922	0.356994	1.483034	0.971031	0.730273	-0.082727	-0.662461	-0.349615	-1.295144	-1.739811	0.336031	-0.428291	-0.581633	-1.531854	-0.048899	-0.202804	-0.771139	-0.538027	-0.697874	-0.510588	0.640556	-0.697874	-1.896458	-1.578362	-0.012592	0.335156	-0.379616	0.999022	0.741954	0.672934	-0.235540	-2.183953	0.413786	-0.653906	-0.901090	-1.185835	-1.816926	0.503462	-1.206606	-1.396282	0.545841	0.658296	-0.632880	-1.032261	-1.160002	-1.592756	-2.281476	-2.041225	0.769243	2.252832	3.041970	1.480766	-0.332422	-0.621617	1.246833
0.367513	0.290295	1.413589	1.008667	1.032578	0.708271	-0.096781	-0.574893	-0.763076	-1.346610	0.254838	-0.372044	-0.562226	-2.185702	-0.505593	-0.464571	-0.860273	-0.798763	-0.258642	-0.225398	0.366885	-0.804664	-1.815356	-1.054985	-0.317593	0.358794	-1.150141	0.484767	0.539308	-0.076351	-0.731773	-1.900534	-0.051301	-1.128162	-0.779904	-0.984812	-1.991235	0.081356	-1.295963	-1.748533	1.344836	0.698557	-0.281984	-1.107429	-1.160936	-1.210468	-1.661634	-1.690688	1.113585	2.789976	3.386301	1.918478	-0.670693	-1.119477	0.837066
0.200870	-0.472544	0.482923	0.337663	0.317837	0.324710	0.146731	-0.330840	0.183359	-0.096983	0.105667	0.125945	-0.287460	-1.126486	-0.608807	-0.897558	-0.536521	-0.852503	-0.190762	-0.224124	0.102090	-0.507374	-0.775589	0.070520	-0.215050	-0.301809	-1.416161	-0.406923	-0.656249	-0.880627	-0.961613	-0.480594	-0.626677	-1.181144	-0.220178	-0.185450	-0.777522	-0.466338	-0.562673	-1.146999	0.897440	-0.042859	-0.272439	-1.010310	-0.594152	-0.457431	-0.092242	-0.561485	0.864990	2.158787	1.765853	0.878666	-0.780269	-0.527514	-0.046203
-0.254330	-0.965135	-0.685583	-0.677271	-0.720485	-0.773109	-0.144889	0.088226	0.684326	0.689816	-0.175967	0.371021	-0.229173	0.501048	-0.430217	-1.053623	-0.022372	-0.253096	-0.362434	-0.614384	-0.207611	-0.091378	0.343617	0.725458	-0.079679	-0.815415	-0.998378	-1.083807	-1.617340	-1.083285	-0.829499	0.919826	-0.866729	-0.877668	-0.159909	0.526006	0.766821	-0.834975	0.353181	-0.064962	-0.458387	-0.602407	-0.300727	-0.560780	0.146377	0.039732	0.943426	0.259501	0.138418	0.804304	-0.466040	-0.800035	-0.732004	0.455328	-0.521740
-0.818513	-0.572908	-1.358760	-1.311020	-1.113592	-1.340569	-0.386893	0.493377	0.561291	0.665421	-0.237362	0.288509	-0.211288	1.421394	-0.105947	-0.901768	0.438514	0.750319	-0.430325	-1.054086	-0.488016	0.325001	0.853852	0.667429	-0.105662	-0.394698	-0.215891	-1.198110	-1.231030	-0.505055	-0.192276	1.372837	-0.552817	-0.228503	-0.587451	0.821725	1.404206	-0.682447	0.967798	0.730676	-1.495326	-0.099899	0.155704	0.374471	0.737599	0.267719	0.871503	0.413320	-0.631537	-0.489547	-1.574544	-1.403936	-0.520487	0.958574	-0.260444
-0.913510	0.279947	-1.212058	-1.052824	-0.566091	-0.788741	-0.072920	0.910942	0.243293	0.469658	0.236909	0.374177	0.233132	1.401179	0.371129	-0.613729	0.616586	1.241964	-0.415041	-0.994510	-0.395849	0.731409	0.884599	0.581851	-0.030878	0.587640	0.484654	-0.707857	0.165469	0.296996	0.736705	1.062455	0.201209	0.719382	-0.619666	0.964301	1.022841	0.081271	1.303794	1.056201	-1.330896	0.992813	0.784103	1.391849	0.927485	0.407818	0.501590	0.605947	-0.945336	-1.197904	-1.108118	-0.249534	-0.061945	0.823088	0.211321
-0.169325	0.864977	-0.491410	-0.075614	0.397161	0.344649	0.587389	1.359632	0.210237	0.639564	1.023096	0.832072	1.034845	1.028332	0.898368	-0.210103	0.369016	0.700842	-0.576085	-0.283210	0.169609	0.979947	0.972422	1.044357	0.426319	1.120476	0.845264	0.178309	1.253312	0.554924	1.319090	0.797063	1.049657	1.699736	0.241458	1.243866	0.538698	1.124105	1.578494	1.282084	-0.215967	1.407804	0.767942	1.860765	0.637757	0.450074	0.772661	1.466742	-0.753804	-1.314636	0.029698	1.460352	0.555495	0.555028	0.278810
1.010615	1.022690	0.213845	0.880108	1.072624	1.153188	1.015411	1.656061	0.633413	1.034667	1.532531	1.239079	1.536722	0.761267	1.148014	0.387988	-0.090837	-0.272966	-0.770272	0.598287	0.727501	0.860600	1.266273	1.700848	1.065496	0.808933	0.872363	0.978911	1.228311	0.133026	1.104822	0.910430	1.602941	2.236487	1.347176	1.428997	0.581521	1.797601	1.729834	1.570737	0.822540	0.654266	0.030821	1.609714	0.163682	0.392521	1.511164	2.526167	-0.606604	-1.189060	0.654313	1.889150	1.008301	0.614338	-0.070934
1.712962	0.951392	0.453337	1.178018	1.174372	1.190128	0.919654	1.487207	1.282963	1.198124	1.408709	1.114776	1.251371	0.478469	0.953980	1.119270	-0.189842	-0.600784	-0.412108	1.005852	0.736927	0.454310	1.378976	1.649675	1.350582	0.116148	0.730882	1.116804	0.424737	-0.311591	0.380523	0.969248	1.605121	1.963409	1.629696	1.007122	0.690919	1.577059	1.416203	1.540470	0.962560	-0.497156	-0.590122	0.957503	-0.054164	0.373550	1.720242	2.689582	-0.939936	-1.106992	0.239053	0.575887	1.029503	0.856535	-0.450545
1.391892	0.561763	0.251990	0.800865	0.819063	0.563209	0.401112	0.689834	1.613608	0.865846	0.787785	0.480323	0.370727	-0.082945	0.575903	1.762952	0.397935	0.043521	0.684737	0.736321	0.247221	0.167490	0.971263	0.550759	1.007164	-0.468212	0.566103	0.438177	-0.335399	-0.139051	-0.153265	0.516871	1.020299	0.966764	0.902575	-0.058190	0.106291	0.590501	0.501043	0.846378	0.198529	-1.089357	-0.560880	0.175235	0.029830	0.363131	0.871786	1.556453	-1.259605	-0.973701	-0.831824	-1.127944	0.701020	0.718443	-0.605423
0.341781	-0.361490	-0.045952	0.152645	0.168394	-0.384044	-0.337685	-0.509388	1.129514	0.105376	0.027343	-0.284488	-0.527179	-0.705086	0.327988	2.075174	1.166258	0.899426	1.755977	0.084380	-0.290787	0.216304	0.205472	-0.875625	0.286368	-0.944680	0.380799	-0.488244	-0.579566	0.461333	-0.205372	-0.259024	0.028429	-0.236825	0.039487	-1.087012	-0.981192	-0.378788	-0.634496	-0.181489	-0.834431	-1.023484	-0.362789	-0.676162	0.014619	0.057039	-0.454567	-0.119973	-0.561262	-0.461746	-1.605255	-1.708724	0.348524	-0.029299	-0.505303
-0.732703	-1.475666	-0.230179	-0.480435	-0.684130	-1.239603	-1.060174	-1.541639	-0.081814	-0.753145	-0.631946	-0.893629	-1.045660	-0.804185	0.143449	1.852545	1.179431	1.000875	1.790370	-0.540143	-0.676819	0.233831	-0.480010	-1.571107	-0.384844	-1.384939	0.072320	-0.906088	-0.434697	0.699465	-0.144459	-0.763754	-1.016699	-1.093129	-0.220599	-1.368237	-1.527963	-0.669714	-1.405376	-0.800259	-1.460823	-0.816818	-0.594964	-1.389790	-0.352882	-0.619086	-1.244897	-1.290558	1.169563	0.454655	-1.352525	-1.188230	0.144620	-0.876178	-0.184354
-1.388551	-1.954953	-0.416540	-1.051589	-1.485186	-1.572185	-1.394167	-1.858228	-1.202922	-1.240950	-1.094709	-1.250836	-1.140411	-0.222036	-0.197035	1.024197	0.230990	0.227893	0.720366	-0.871939	-1.032492	-0.277589	-0.814567	-1.219939	-0.827031	-1.495884	-0.381460	-0.744263	-0.348638	0.166316	-0.387224	-0.671998	-1.684792	-1.384671	-0.187647	-0.904496	-0.954940	-0.482628	-1.544863	-0.670735	-1.414216	-0.732959	-0.925378	-1.540412	-0.779441	-1.133332	-1.088142	-1.561723	2.408028	1.216710	-0.352871	-0.769104	-0.042446	-1.111914	0.195758
-1.546804	-1.410188	-0.761147	-1.425508	-1.733793	-1.155824	-1.062274	-1.325364	-1.322266	-1.019597	-1.249417	-1.232751	-0.900685	0.416378	-0.542018	-0.113239	-0.727070	-0.601709	-0.436278	-0.772228	-1.279898	-1.111168	-0.751291	-0.434374	-1.065086	-1.006856	-0.761000	-0.615075	-0.569034	-0.664435	-0.779347	-0.171631	-1.661360	-1.243194	-0.536261	-0.269887	0.140486	-0.533924	-1.173601	-0.131375	-0.877665	-0.579785	-0.587036	-0.959927	-0.784057	-0.866732	-0.396554	-1.187285	1.696771	1.151389	0.255402	-1.029509	-0.307166	-0.648602	0.308120
-1.198542	-0.362473	-1.102960	-1.286190	-1.085457	-0.234278	-0.302167	-0.305184	-0.359027	-0.201587	-0.944219	-0.690540	-0.384445	0.423397	-0.454134	-0.880327	-0.659626	-0.660879	-0.693113	-0.249488	-1.013574	-1.393622	-0.314625	0.049271	-1.021947	-0.253812	-0.709251	-0.843223	-0.821549	-0.992308	-0.794632	0.324287	-0.948999	-0.868461	-1.076009	0.108168	0.733848	-0.982886	-0.506836	0.308166	-0.241118	-0.218678	0.345920	-0.032759	-0.284518	0.033827	0.208692	-0.513270	-0.413412	0.271551	-0.236468	-1.219567	-0.395036	-0.016827	0.019454
-0.396645	0.363203	-1.046351	-0.555796	0.123885	0.580646	0.239886	0.617056	0.770318	0.635947	-0.203453	0.221366	0.272604	-0.074488	0.133876	-0.761557	0.243811	-0.012682	-0.112986	0.384666	-0.125329	-0.672957	0.331115	0.120865	-0.540205	0.106451	-0.134113	-0.942571	-0.643968	-0.586339	-0.270667	0.529077	0.068867	-0.352357	-0.945266	0.257403	0.478160	-1.150929	0.252091	0.469327	0.165720	0.153189	0.900763	0.650959	0.332034	0.693162	0.476432	0.232043	-1.793527	-0.591508	-1.108734	-0.573802	-0.036669	0.365520	-0.324477
0.473957	0.442862	-0.439161	0.291929	0.959173	0.766611	0.201032	0.978692	1.063194	0.880153	0.569282	0.912700	0.719849	-0.354531	0.668178	-0.006354	0.799573	0.533551	0.413665	0.604771	0.744328	0.384546	0.786886	0.186085	0.220841	-0.055369	0.487360	-0.401177	-0.062354	0.014350	0.307198	0.432915	0.771737	0.176428	-0.015011	0.350823	-0.139679	-0.514277	0.797911	0.466921	0.225655	0.285348	0.489224	0.779038	0.600153	0.509129	0.523670	0.790982	-1.210765	-0.626924	-1.011761	0.426300	0.460344	0.518752	-0.295680
0.788729	0.133474	0.334787	0.603511	0.702993	0.259858	-0.115515	0.644427	0.437506	0.395287	0.782673	0.802785	0.582605	-0.088832	0.577483	0.578982	0.333841	0.372290	0.245292	0.187389	0.781631	0.723563	0.683273	0.464833	0.670962	-0.219611	0.443002	0.374529	0.336145	0.159726	0.353940	0.233325	0.676066	0.421010	0.695326	0.381406	-0.478035	0.434966	0.787706	0.412955	0.060913	0.162217	-0.331923	0.397309	0.315793	-0.171063	0.479372	0.891048	0.292224	0.041248	0.224273	0.728158	0.409441	0.497853	0.007060
0.292648	-0.158305	0.669723	0.240750	-0.350571	-0.506319	-0.210363	-0.112511	-0.319097	-0.366754	0.238913	-0.048993	-0.090817	0.302850	-0.029021	0.527236	-0.566315	-0.315549	-0.358409	-0.407697	-0.012123	0.103288	0.068941	0.613826	0.363046	-0.025817	-0.352632	0.491658	0.145324	-0.176315	-0.127642	0.090226	-0.092973	0.187646	0.356411	0.214837	-0.293185	0.745578	0.145197	0.309531	-0.066901	-0.080109	-0.640682	-0.230456	-0.347448	-0.556965	0.285911	0.478477	0.828112	0.455331	1.181933	0.181197	-0.255539	0.162482	0.075947
-0.493571	-0.177618	0.363498	-0.254796	-1.027500	-0.817141	-0.023467	-0.701561	-0.514611	-0.758717	-0.527828	-0.887002	-0.680920	0.306280	-0.477991	0.185737	-0.947656	-0.908561	-0.650087	-0.434239	-0.759997	-0.746647	-0.586578	0.195737	-0.373444	0.236176	-0.999282	-0.119489	-0.259767	-0.400966	-0.542257	-0.032514	-0.730190	-0.259824	-0.484537	-0.146857	0.244635	0.248862	-0.741873	0.167612	0.044467	-0.328200	-0.288287	-0.694101	-0.879637	-0.352770	-0.104933	-0.159114	-0.017285	-0.087225	0.567033	-0.401154	-0.605059	-0.441178	-0.295298
-0.733664	0.106878	-0.168908	-0.268795	-0.415545	-0.178232	0.143415	-0.622249	-0.207733	-0.478500	-0.728071	-0.956621	-0.533994	-0.062498	-0.309880	0.164927	-0.618747	-0.989977	-0.278958	0.272773	-0.722195	-1.011113	-0.796046	-0.585531	-0.689354	0.165772	-0.529622	-0.499802	-0.135852	-0.032274	-0.356455	-0.198291	-0.473077	-0.408231	-0.606661	-0.447699	0.756352	-0.237602	-1.218011	0.082906	0.361446	-0.469710	0.119314	-0.621353	-0.753657	0.081589	-0.454451	-0.554526	-0.896463	-1.173566	-1.120572	-0.440678	0.182604	-0.852697	-0.731699
-0.208969	0.465297	-0.375724	0.182033	1.018964	1.013947	0.152045	0.044710	0.124396	0.194780	-0.186228	-0.256243	0.258927	-0.385296	0.222686	0.479936	-0.064386	-0.560128	0.354282	0.988053	-0.085819	-0.534938	-0.459280	-0.973519	-0.211738	-0.091114	0.772536	-0.034698	0.609489	0.670047	0.305862	-0.292852	0.472905	-0.116527	0.239804	-0.398562	0.862248	-0.027160	-0.890320	0.105369	0.597583	-0.344285	0.161169	-0.053286	0.025078	0.329308	-0.421777	-0.445979	-0.622187	-1.678226	-2.104336	-0.137724	1.530622	-0.653884	-0.759304
0.413563	0.505568	-0.171014	0.475698	1.707406	1.491831	0.139455	0.659683	0.251506	0.660893	0.466650	0.487792	0.818701	-0.330442	0.473651	0.510961	0.345676	0.128415	0.573891	0.814040	0.397287	0.223508	0.079300	-0.585594	0.483689	-0.080326	1.453381	0.580855	1.127759	0.933712	0.757132	-0.184035	1.024903	0.211039	0.996678	-0.024170	0.451365	0.545170	-0.027245	0.105861	0.426280	0.107982	0.060730	0.478173	0.766003	0.322229	-0.077947	-0.067905	0.338952	-0.991642	-1.331338	0.163515	1.879192	0.023360	-0.326068
0.411770	0.067718	0.084017	0.164719	0.726515	0.450714	0.190502	0.684931	0.285454	0.556564	0.562338	0.620785	0.462216	0.065348	0.140307	-0.120204	0.597218	0.737439	0.169948	-0.288952	0.322885	0.714835	0.376970	0.115643	0.608880	0.276119	0.608765	0.343018	0.664857	0.379528	0.499729	0.025498	0.483970	0.173198	0.713082	0.331268	-0.170491	0.672585	0.679161	-0.068291	-0.156253	0.668807	0.176623	0.489563	0.787044	0.198221	0.108446	0.095896	0.712596	0.342581	0.479262	0.453958	0.567175	0.640433	0.226688
-0.081654	-0.455138	0.129233	-0.407604	-0.901482	-1.130996	0.223827	0.246034	0.296838	0.102717	0.155398	0.226573	-0.384570	0.428632	-0.398069	-0.889851	0.677929	0.959316	-0.370746	-1.305103	-0.035870	0.725982	0.315936	0.465451	0.154815	0.591020	-0.841520	-0.497677	-0.318769	-0.443397	-0.149478	0.124869	-0.531305	-0.109726	-0.205062	0.392261	-0.534002	0.232444	0.794197	-0.315905	-0.667772	0.941588	0.428857	0.113584	0.234910	0.083682	-0.046303	-0.069342	0.236915	1.218367	1.719485	0.698651	-1.161345	0.780983	0.528245
-0.317198	-0.443141	0.074077	-0.492638	-1.252269	-1.327930	0.184593	-0.113793	0.169875	-0.175144	-0.180899	-0.115919	-0.649244	0.356007	-0.522889	-0.896052	0.448136	0.669830	-0.393560	-1.132318	-0.198397	0.402785	0.124217	0.329926	-0.209831	0.524107	-1.155390	-0.704174	-0.609653	-0.633202	-0.404462	0.072701	-0.791194	-0.198906	-0.573766	0.200258	-0.423224	-0.134177	0.441156	-0.351101	-0.529188	0.680088	0.455853	-0.101156	-0.125153	0.060869	-0.176581	-0.193316	-0.172349	0.991171	1.422003	0.589048	-1.469040	0.411878	0.435222
-0.000815	0.196204	0.078531	0.087760	0.101630	0.289404	0.108983	-0.159668	-0.137531	-0.093203	-0.179157	-0.135613	-0.018367	-0.165539	-0.114856	-0.002227	-0.078418	0.023701	0.183406	0.228727	-0.050424	-0.032549	-0.006581	-0.030142	-0.148514	0.123586	0.047356	0.147885	0.141951	-0.021251	-0.023630	-0.036288	-0.008858	0.048372	-0.027958	-0.072668	0.015661	-0.065837	-0.066059	-0.099681	0.273295	0.007019	0.161742	0.061890	0.034993	0.136652	-0.017953	-0.042469	0.026961	-0.088362	-0.086076	0.031280	-0.092517	-0.243902	0.064193
